-2.430699270632157710e-02
-2.430549955725776548e-02
-2.428884116682957298e-02
-2.426203524847839535e-02
-2.424868850918743615e-02
-2.422498537479469971e-02
-2.421866860720640197e-02
-2.420872161050116253e-02
-2.419911582903217992e-02
-2.421695297063938823e-02
-2.422466309737906012e-02
-2.422545834237657333e-02
-2.423112899898839309e-02
-2.424692653420425920e-02
-2.424522127615988745e-02
-2.425526116142910291e-02
-2.426037623923687700e-02
-2.426680547876021096e-02
-2.428209448648101579e-02
-2.428699938519740184e-02
-2.427808259322310550e-02
-2.427784177852809061e-02
-2.428006919683931009e-02
-2.428149499569115868e-02
-2.429040753297053226e-02
-2.428512858917844172e-02
-2.428912010325129378e-02
-2.429487631296358210e-02
-2.429758690707455732e-02
-2.429959937535614706e-02
-2.430591604157790117e-02
-2.430261623003604141e-02
-2.429775209738243430e-02
-2.430366329000373596e-02
-2.429950672645682722e-02
-2.430209071237762405e-02
-2.430111673245677686e-02
-2.430560828811417079e-02
-2.431126616650724354e-02
-2.430734822677002582e-02
-2.430473552234084164e-02
-2.431227451662546293e-02
-2.431428889198185631e-02
-2.431563813174587169e-02
-2.431754128490346348e-02
-2.431420307763779848e-02
-2.432414988799688413e-02
-2.431867927115856712e-02
-2.431261966098649183e-02
-2.431841698748818739e-02
-2.432324448781617021e-02
-2.431899879295961950e-02
-2.432073983550694929e-02
-2.431776272173486950e-02
-2.432259197020186434e-02
-2.432208359552162982e-02
-2.431642504450987757e-02
-2.431965308064580264e-02
-2.432963570327814976e-02
-2.431976179063077836e-02
-2.432905521077976738e-02
-2.432164060400713104e-02
-2.431787295643953600e-02
-2.432532160309194835e-02
-2.432594556764873864e-02
-2.432766479643041005e-02
-2.432457155985098124e-02
-2.432788993986744613e-02
-2.431681461176372558e-02
-2.432062172109921566e-02
-2.432640763078003018e-02
-2.432403304909708935e-02
-2.432780755896503042e-02
-2.432512835394024658e-02
-2.432607705425524069e-02
-2.432727425399961937e-02
-2.432677640519046933e-02
-2.431529297348124577e-02
-2.432786432571060545e-02
-2.432323058821635881e-02
-2.432357546847582763e-02
-2.432886229658320215e-02
-2.432894622061794812e-02
-2.432723889584276905e-02
-2.433024787937175873e-02
-2.432987086388077244e-02
-2.432982967480054257e-02
-2.432984450200125631e-02
-2.432766534653995477e-02
-2.432838110614787136e-02
-2.433021421306365631e-02
-2.432841796196102621e-02
-2.433003925745385460e-02
-2.432630631904037638e-02
-2.432329979068209580e-02
-2.433387420480458835e-02
-2.433213398096458271e-02
-2.433022831576853173e-02
-2.432880301638467441e-02
-2.433487899558092402e-02
-2.433043610896079567e-02
-2.433226566955146164e-02
-2.433647398570320391e-02
-2.433307961172509123e-02
-2.433658198520450427e-02
-2.433695118736315874e-02
-2.434102004499989411e-02
-2.433545695226691299e-02
-2.432965553985901377e-02
-2.434183394264629111e-02
-2.433042962440616977e-02
-2.433537543565528205e-02
-2.433515263586926575e-02
-2.433586028574230911e-02
-2.433775665141755737e-02
-2.433936686444013175e-02
-2.433362273283845578e-02
-2.433249069355989183e-02
-2.433455477724937727e-02
-2.433818235041923170e-02
-2.434257336206759742e-02
-2.433897894704093942e-02
-2.433721847078291339e-02
-2.433689148995514182e-02
-2.433986694522155547e-02
-2.433687870146373361e-02
-2.433984123988717010e-02
-2.433685807190558506e-02
-2.434283957008190336e-02
-2.434293690525805506e-02
-2.433905205330404858e-02
-2.434030876363676293e-02
-2.434122411278311429e-02
-2.432938433829879080e-02
-2.434054772677596290e-02
-2.434308711748905951e-02
-2.434640340832872757e-02
-2.434461636299651080e-02
-2.433683948616870499e-02
-2.434408492312013089e-02
-2.434186053631068325e-02
-2.434421751693424327e-02
-2.434076156870165417e-02
-2.434642611888107600e-02
-2.433618329064365579e-02
-2.434712332286467426e-02
-2.434875546721095366e-02
-2.434555461066769885e-02
-2.434331340702069676e-02
-2.434686298419409117e-02
-2.434604873953285370e-02
-2.434398863374223274e-02
-2.434407378394338323e-02
-2.434713589091964253e-02
-2.434979227266048651e-02
-2.434555798287923317e-02
-2.434344735039744440e-02
-2.434280430243886476e-02
-2.434076773710516089e-02
-2.434473821940428759e-02
-2.435102416220458893e-02
-2.434950484909235643e-02
-2.434930242489228777e-02
-2.434689581489526619e-02
-2.434712808145728796e-02
-2.434777208864397080e-02
-2.434448870443767232e-02
-2.434973982579299520e-02
-2.434696554265250099e-02
-2.435066279637869771e-02
-2.434773532054166842e-02
-2.434645459627997680e-02
-2.435026653487279077e-02
-2.434901150751796542e-02
-2.435162062354596577e-02
-2.435469694550914874e-02
-2.435593122209046488e-02
-2.434959569891161427e-02
-2.434550605856722338e-02
-2.434469394443349380e-02
-2.435023171775919232e-02
-2.434917779759656828e-02
-2.435053171553271459e-02
-2.435050244287283866e-02
-2.435219427906897341e-02
-2.435664496182898126e-02
-2.435292197069218248e-02
-2.434639355512940861e-02
-2.434798381182102373e-02
-2.435196027282226020e-02
-2.435113839700827829e-02
-2.435393513317119646e-02
-2.435195393667163519e-02
-2.435021312875326402e-02
-2.435645364198856661e-02
-2.435124877880551209e-02
-2.435503287647467277e-02
-2.435147865719642854e-02
-2.435407822416907342e-02
-2.435559687941644610e-02
-2.435371804121974973e-02
-2.435422397862847463e-02
-2.434966094877544923e-02
-2.435484967699905190e-02
-2.434901278733730620e-02
-2.435090629074096111e-02
-2.434930655825153986e-02
-2.435246774093818845e-02
-2.434899209558520281e-02
-2.434845951096574132e-02
-2.435410440429543882e-02
-2.435714115853035433e-02
-2.435215760413913730e-02
-2.435256740509280163e-02
-2.434856237357035241e-02
-2.434782566130483383e-02
-2.435369623692155289e-02
-2.435060059744146091e-02
-2.435210677253573860e-02
-2.435409624494556599e-02
-2.435202405384769356e-02
-2.435017790159063958e-02
-2.435559158762479193e-02
-2.434823180442928850e-02
-2.435900754170665719e-02
-2.435741861991065974e-02
-2.435812205152754553e-02
-2.435202820257143311e-02
-2.435690628721262976e-02
-2.435017044647919821e-02
-2.435067763660296938e-02
-2.435740348200675712e-02
-2.435313471885808267e-02
-2.434949832536752873e-02
-2.435507095087882656e-02
-2.435308192568821223e-02
-2.435027935919611627e-02
-2.435176697281142208e-02
-2.435647000173118276e-02
-2.435711632365856680e-02
-2.434868249026998430e-02
-2.435309494349537779e-02
-2.435572227890783412e-02
-2.435623661727618489e-02
-2.435008277135503746e-02
-2.435322515209499203e-02
-2.435484801320574738e-02
-2.435683009480247088e-02
-2.435138690330516595e-02
-2.435619811792103309e-02
-2.435427003858608302e-02
-2.435661513496998123e-02
-2.435796832318718255e-02
-2.435607858384800095e-02
-2.435291935922894585e-02
-2.435151485733455523e-02
-2.435312833951744707e-02
-2.435402392398083871e-02
-2.435888600068928517e-02
-2.435345096166837905e-02
-2.436214341168304806e-02
-2.435597459333768006e-02
-2.435928455378480115e-02
-2.435803542295588570e-02
-2.435942434828665057e-02
-2.436111007892331412e-02
-2.436458010351209499e-02
-2.435092317890926936e-02
-2.436555263506804195e-02
-2.435615650119227205e-02
-2.435933760090904301e-02
-2.435569047213613156e-02
-2.435485873951538996e-02
-2.435951943164777617e-02
-2.435372872691158805e-02
-2.435556556729690653e-02
-2.436065045372337590e-02
-2.435642697361924472e-02
-2.435208292251348286e-02
-2.435316718636871408e-02
-2.435668898218573686e-02
-2.435855236055824505e-02
-2.435277493497483431e-02
-2.435609491785422839e-02
-2.435637805819678564e-02
-2.435742284166589680e-02
-2.435655292210771664e-02
-2.435703607278475250e-02
-2.435835506979675338e-02
-2.435418156854228175e-02
-2.435173146652305429e-02
-2.435340767631540351e-02
-2.436310544212729953e-02
-2.435801673174003631e-02
-2.435758163482124039e-02
-2.436413650634220232e-02
-2.435264520704874189e-02
-2.435612959839403638e-02
-2.435549367087283881e-02
-2.435599083795760705e-02
-2.435716272819776415e-02
-2.435337202608610016e-02
-2.435783784311753783e-02
-2.435840962644542085e-02
-2.435465913357350368e-02
-2.435950508378255733e-02
-2.435100219650191897e-02
-2.435678085226948217e-02
-2.435471891822289098e-02
-2.435787080824259460e-02
-2.436305323224073269e-02
-2.436502049929281308e-02
-2.435997229379535320e-02
-2.435859840994277631e-02
-2.435698301011952199e-02
-2.436310312032917771e-02
-2.435961998288417932e-02
-2.435968390835859324e-02
-2.435482012274331129e-02
-2.435970952743264292e-02
-2.435547321578159299e-02
-2.435694803876694778e-02
-2.435669271514115039e-02
-2.435331536086747864e-02
-2.436053758260017799e-02
-2.435788838145753338e-02
-2.435497843025554582e-02
-2.434976094936647933e-02
-2.435483927484228053e-02
-2.436039839741836049e-02
-2.435902356263382543e-02
-2.435594540663285623e-02
-2.436148328340599981e-02
-2.435920585751459241e-02
-2.436118580293835170e-02
-2.436537052668128964e-02
-2.435211604657638862e-02
-2.435968748401123873e-02
-2.435461846578285128e-02
-2.435854127640172187e-02
-2.436345946353124861e-02
-2.435961584483856829e-02
-2.435954023251857281e-02
-2.435553717663293746e-02
-2.436096964308563304e-02
-2.436009780483438039e-02
-2.436391197579088411e-02
-2.435882229232281398e-02
-2.435902007541976624e-02
-2.436148787082339021e-02
-2.436009022754768646e-02
-2.435909735947519583e-02
-2.435739908195016373e-02
-2.436154976524724722e-02
-2.436195995030207215e-02
-2.435327330922044259e-02
-2.435637036237927114e-02
-2.435948921492538805e-02
-2.435419410787311584e-02
-2.435954153579069151e-02
-2.435958759276975541e-02
-2.435885484662508524e-02
-2.435656537215767289e-02
-2.435632102101747271e-02
-2.435970720240535764e-02
-2.435433352464971835e-02
-2.435730979713928573e-02
-2.436084221244989162e-02
-2.436095194125692184e-02
-2.436132571496052446e-02
-2.435280112402756283e-02
-2.436069288234192151e-02
-2.434923684088117699e-02
-2.435361386108623322e-02
-2.435745154555494021e-02
-2.435780931253479081e-02
-2.435253065802353567e-02
-2.436044338933033779e-02
-2.435317071870584174e-02
-2.435776445622569661e-02
-2.435762600136486683e-02
-2.435857477613254107e-02
-2.435148903070329454e-02
-2.435318355723142467e-02
-2.435905900112928305e-02
-2.435531307321576674e-02
-2.435450213842541359e-02
-2.435327375872440789e-02
-2.435881429331128792e-02
-2.435966316054469921e-02
-2.435579896235181771e-02
-2.435220892073377413e-02
-2.435927924903066172e-02
-2.435770113218457475e-02
-2.435977154407930473e-02
-2.435572086970507269e-02
-2.435454058416145276e-02
-2.434560526109308745e-02
-2.435364253034353818e-02
-2.436154259771056499e-02
-2.435373794323005339e-02
-2.435722490437831206e-02
-2.435475504191476209e-02
-2.435904825262554321e-02
-2.435370044870283773e-02
-2.435942730992362096e-02
-2.436285230879749533e-02
-2.435760548112382226e-02
-2.436545240007072927e-02
-2.436213216663321926e-02
-2.436270026544697792e-02
-2.435721126009188567e-02
-2.435151308077420501e-02
-2.435722762804156186e-02
-2.435772347512366043e-02
-2.435200063336409246e-02
-2.435838871703755598e-02
-2.435863509361032089e-02
-2.435975218391759137e-02
-2.435917111637199775e-02
-2.436318230093262663e-02
-2.436412278736419662e-02
-2.435936941638259731e-02
-2.436506127702307498e-02
-2.435786487755505283e-02
-2.436029888013241385e-02
-2.436431712799117660e-02
-2.435759389871154992e-02
-2.435830198280081876e-02
-2.436070955756116513e-02
-2.435498974136712097e-02
-2.435872455205891768e-02
-2.435668290699240582e-02
-2.435438643929934213e-02
-2.435896935991440151e-02
-2.435920122236798907e-02
-2.435847015403160357e-02
-2.436143299808236212e-02
-2.436162589627663758e-02
-2.435962758266846731e-02
-2.435901639189457651e-02
-2.435566359721368784e-02
-2.435425819443013881e-02
-2.435429073752376147e-02
-2.435623135319313695e-02
-2.435900821872453645e-02
-2.436130421889181122e-02
-2.435429240545323656e-02
-2.435412632334171129e-02
-2.435874809983297820e-02
-2.435897886922900463e-02
-2.435710351970102674e-02
-2.436080616237785296e-02
-2.436409873485394922e-02
-2.436179697594078805e-02
-2.436151711434091788e-02
-2.436107712059043182e-02
-2.436960615161596136e-02
-2.436522219786694740e-02
-2.436323705599652972e-02
-2.436518992194540087e-02
-2.436358909249285859e-02
-2.435710416414460511e-02
-2.436416743409166100e-02
-2.436536182342871268e-02
-2.435806986234603441e-02
-2.436128078395011914e-02
-2.436535955554951921e-02
-2.435739987590258143e-02
-2.436296574467680318e-02
-2.435997224629859320e-02
-2.435546481680006189e-02
-2.436112029586225483e-02
-2.435671609186877348e-02
-2.435614839521759237e-02
-2.436390948729194941e-02
-2.436211847458656307e-02
-2.436305748694109555e-02
-2.436240262948290505e-02
-2.436107142915100096e-02
-2.436334782418695180e-02
-2.436300071373803319e-02
-2.437036061577357166e-02
-2.436483754819489950e-02
-2.436758277559093050e-02
-2.436236149078879060e-02
-2.436046334038002859e-02
-2.436259692986770392e-02
-2.436492397486407849e-02
-2.436415013860476764e-02
-2.435853642185249399e-02
-2.436467425048172847e-02
-2.436585874826038486e-02
-2.436770977265621460e-02
-2.436118421402915304e-02
-2.435445641275162804e-02
-2.436402659033507292e-02
-2.435761682800745981e-02
-2.436159938593622856e-02
-2.435854199001733986e-02
-2.436110734078299894e-02
-2.436437534127132085e-02
-2.436157334341522776e-02
-2.436206189935270078e-02
-2.436495544419375534e-02
-2.436304458581502533e-02
-2.435799270116684526e-02
-2.436081828437466901e-02
-2.436725521528863500e-02
-2.436876516886383667e-02
-2.435910094736827916e-02
-2.435950549997398587e-02
-2.435486504418744175e-02
-2.435988588333135030e-02
-2.435595279391700868e-02
-2.436696578829376097e-02
-2.436353605473762576e-02
-2.436026098537592138e-02
-2.436309052575843029e-02
-2.436226536860363473e-02
-2.436220301497198787e-02
-2.435776073702821884e-02
-2.436120612098461105e-02
-2.435964112712435750e-02
-2.436262042538708469e-02
-2.435880732579800631e-02
-2.435946253441247447e-02
-2.435948023317121777e-02
-2.435970610777792728e-02
-2.436075632632874258e-02
-2.436151038060441198e-02
-2.436159096161108137e-02
-2.436196038930642932e-02
-2.436192516687472540e-02
-2.436352415662506807e-02
-2.436226226994562746e-02
-2.436483936176591508e-02
-2.436025822808560518e-02
-2.435956221875045652e-02
-2.435518180265753077e-02
-2.435731393208071666e-02
-2.435881292140719065e-02
-2.435881399224121974e-02
-2.436230250717531104e-02
-2.435423692531293524e-02
-2.435629438204923655e-02
-2.436692893762722537e-02
-2.435703143788797709e-02
-2.436285703324132107e-02
-2.436184034897495229e-02
-2.436319952455685139e-02
-2.436481505453210947e-02
-2.436176620342006202e-02
-2.436534822622186264e-02
-2.436805589602233577e-02
-2.436334870739950698e-02
-2.435948988735681109e-02
-2.436202689902169580e-02
-2.435653466189156152e-02
-2.436475392814396040e-02
-2.436226078359078270e-02
-2.436673777645323793e-02
-2.435759934421860562e-02
-2.436022532159773379e-02
-2.436055028099465281e-02
-2.436215051462402650e-02
-2.435830312017828181e-02
-2.435996362967595211e-02
-2.436216134202450617e-02
-2.435930087694568660e-02
-2.435665152808549894e-02
-2.436233236021194057e-02
-2.436838293991836629e-02
-2.435650853060811194e-02
-2.435781025961690147e-02
-2.436300955637902763e-02
-2.435748562609738391e-02
-2.436505205045320227e-02
-2.435793818325967044e-02
-2.436312788603115301e-02
-2.436906659739953782e-02
-2.435971158925404750e-02
-2.435921242118115754e-02
-2.435744391752286617e-02
-2.436159357022367813e-02
-2.436400599348553450e-02
-2.435879107742571978e-02
-2.435856809918750601e-02
-2.435914338979047050e-02
-2.435947543305884769e-02
-2.435826716517188600e-02
-2.435902294954443020e-02
-2.435563624602742755e-02
-2.436741023034002737e-02
-2.435971465858868118e-02
-2.435752805859784167e-02
-2.436059968759626826e-02
-2.435637689162878372e-02
-2.435681991742763217e-02
-2.436272010217235134e-02
-2.436126384577094392e-02
-2.435947586923809666e-02
-2.435965193479186150e-02
-2.435818512371021663e-02
-2.436100892698515180e-02
-2.435820693692098901e-02
-2.436038536083161982e-02
-2.435993998898592847e-02
-2.436008495864228768e-02
-2.436227770466902962e-02
-2.436300731685362223e-02
-2.436847587080267011e-02
-2.436442127265769572e-02
-2.436604668396508827e-02
-2.436025659127795742e-02
-2.436406565039533900e-02
-2.436180795314272021e-02
-2.436706560244989925e-02
-2.435863093527899578e-02
-2.435909597174657631e-02
-2.436399067781345670e-02
-2.436913518429415990e-02
-2.435712444569178639e-02
-2.435974103988786804e-02
-2.436375529364342984e-02
-2.435913094898275663e-02
-2.436026793624642209e-02
-2.436116585339109797e-02
-2.435791453429006492e-02
-2.436442105661363808e-02
-2.436050580321759765e-02
-2.436446276899812552e-02
-2.436226111305228939e-02
-2.436181274747600822e-02
-2.436087852623632435e-02
-2.436219817348613328e-02
-2.436078967183102559e-02
-2.436084328711584507e-02
-2.435787255616720173e-02
-2.435667362289978960e-02
-2.436452590163103518e-02
-2.435988223439788242e-02
-2.436058777527158950e-02
-2.436012154704553581e-02
-2.435773835479463148e-02
-2.436170188876902315e-02
-2.436326950560416607e-02
-2.436102525719209197e-02
-2.435724278070611898e-02
-2.436187454110645342e-02
-2.436628704109036064e-02
-2.436261448973074326e-02
-2.435451827214607512e-02
-2.436495221810278458e-02
-2.436594229099237063e-02
-2.436230124779594636e-02
-2.436320371612496483e-02
-2.436589809543602755e-02
-2.436830203484159282e-02
-2.436864617863909385e-02
-2.435719486558907826e-02
-2.436476559996334640e-02
-2.436598796454227805e-02
-2.436217811623920051e-02
-2.436498231429575292e-02
-2.436284211730766272e-02
-2.436220000170957051e-02
-2.436298272815632174e-02
-2.435757356028428466e-02
-2.436906737252306568e-02
-2.436665604295840115e-02
-2.436198821282206314e-02
-2.436478044737080961e-02
-2.436187690402720832e-02
-2.435665854215342610e-02
-2.436189629112955196e-02
-2.436185210663748338e-02
-2.435958762488621074e-02
-2.435988685565424264e-02
-2.436493219697775589e-02
-2.436392785109908754e-02
-2.436282847620608108e-02
-2.436879171951244344e-02
-2.436589388442802345e-02
-2.436320975513664097e-02
-2.436455222182978483e-02
-2.436766373348278961e-02
-2.436233052278401895e-02
-2.435854715854911604e-02
-2.436189827563531654e-02
-2.436932892953242585e-02
-2.436675801562954852e-02
-2.436421414651398706e-02
-2.436982407908728360e-02
-2.436562202076171871e-02
-2.436505671499631862e-02
-2.436336920446490611e-02
-2.436880492633572079e-02
-2.436284989709180254e-02
-2.436352998724299751e-02
-2.436040639677778535e-02
-2.436551998175371520e-02
-2.436323188277905727e-02
-2.436298975906451073e-02
-2.436592733762301191e-02
-2.436362877663689891e-02
-2.436318185147555090e-02
-2.436067622420436465e-02
-2.436079634153887757e-02
-2.436321401038586340e-02
-2.436208590834707324e-02
-2.436213230832415949e-02
-2.435853468226437460e-02
-2.436102138399881198e-02
-2.435837072023483776e-02
-2.436242984710829812e-02
-2.436553541585876823e-02
-2.436967295140775661e-02
-2.436041087479520403e-02
-2.435855830010500225e-02
-2.436625111297043358e-02
-2.436206042529616769e-02
-2.436037168319659177e-02
-2.436892422508179362e-02
-2.436726288486474115e-02
-2.436658888434530684e-02
-2.436632135640515867e-02
-2.436206022751710373e-02
-2.437017901000902362e-02
-2.436262268525016261e-02
-2.436400403335443193e-02
-2.436767057223143337e-02
-2.437004973347305439e-02
-2.436718097127890323e-02
-2.436600928960134041e-02
-2.436570401527523785e-02
-2.436782153664819942e-02
-2.436969478888387913e-02
-2.436663384900641591e-02
-2.436850336526162272e-02
-2.436873254322266882e-02
-2.435783370047900354e-02
-2.436641812755072425e-02
-2.436528240649700125e-02
-2.436101460419918055e-02
-2.436370193387913177e-02
-2.436607859646447091e-02
-2.436770838838948211e-02
-2.436640398926949794e-02
-2.437313993794469266e-02
-2.436582528124469488e-02
-2.436462435946810598e-02
-2.436384482003908433e-02
-2.436202179306436524e-02
-2.436309978659887202e-02
-2.436624253539980758e-02
-2.436448113618551806e-02
-2.436359537176068651e-02
-2.436504965083061483e-02
-2.436361480722448736e-02
-2.436780922984712813e-02
-2.436524863418999126e-02
-2.436845362893001396e-02
-2.436843814515226095e-02
-2.436363893038445000e-02
-2.436780109299859984e-02
-2.436155969645395838e-02
-2.436372539948692198e-02
-2.435920076952005978e-02
-2.436481851851814498e-02
-2.436210407206820111e-02
-2.436536088803398920e-02
-2.436318259276024425e-02
-2.437248984324008605e-02
-2.436329635820870185e-02
-2.436317692930490414e-02
-2.436551458566888970e-02
-2.436405840405245909e-02
-2.437381722455824948e-02
-2.436783470993492129e-02
-2.436669975740147695e-02
-2.436062326334247768e-02
-2.437143296882580620e-02
-2.436579124252858525e-02
-2.436314961070376595e-02
-2.436259977683482084e-02
-2.436340967921981834e-02
-2.436182387446667041e-02
-2.436374887287648741e-02
-2.436414447426120747e-02
-2.437110191770974418e-02
-2.436731198655326183e-02
-2.436782026322453429e-02
-2.436784088619365143e-02
-2.436708279969216837e-02
-2.436371749514365526e-02
-2.436262614870657317e-02
-2.436083773428005667e-02
-2.436526825630953158e-02
-2.436654425378480954e-02
-2.437034117606126996e-02
-2.436082013400226592e-02
-2.436542581493349874e-02
-2.436294346290079904e-02
-2.436625864969897345e-02
-2.437180163977788541e-02
-2.436633188847828202e-02
-2.436689784959581231e-02
-2.436482455487262722e-02
-2.435934364626955381e-02
-2.436222874811646080e-02
-2.435807852790049938e-02
-2.436203132792452708e-02
-2.436311357117457513e-02
-2.436578338820470299e-02
-2.437043553635582019e-02
-2.436651047368680253e-02
-2.435998513875384588e-02
-2.436702590285901374e-02
-2.437047768168235443e-02
-2.436123679052627083e-02
-2.436242675542114530e-02
-2.436475402265378745e-02
-2.436548758877486384e-02
-2.436488847530598328e-02
-2.437124797753792774e-02
-2.436363696000518053e-02
-2.436028954232977856e-02
-2.436108954625918269e-02
-2.436551941944889790e-02
-2.436480948520361109e-02
-2.435985385550049412e-02
-2.436695490084131097e-02
-2.436771214783931341e-02
-2.436009975928618912e-02
-2.436801678197137583e-02
-2.436496070882895534e-02
-2.436389028123697731e-02
-2.436293250747330677e-02
-2.436302467162038826e-02
-2.436280081021926711e-02
-2.436755027590003023e-02
-2.436157747115649808e-02
-2.436268782613961945e-02
-2.436636800555123591e-02
-2.436947652586119589e-02
-2.436388563866522319e-02
-2.436217724889592692e-02
-2.436993047114522498e-02
-2.436584121440207515e-02
-2.436228580761746337e-02
-2.436577263157371429e-02
-2.436377193894391849e-02
-2.437448312111903728e-02
-2.436927618528624342e-02
-2.436990372846451966e-02
-2.436765125989401662e-02
-2.436000201312497546e-02
-2.436178744784436509e-02
-2.436696413572207384e-02
-2.437194765294069601e-02
-2.436518878358221937e-02
-2.435964091026335265e-02
-2.436086112622243977e-02
-2.437031985470775389e-02
-2.436371504992412840e-02
-2.436644873283746321e-02
-2.436229300236823422e-02
-2.436665957877227201e-02
-2.436441915004590800e-02
-2.436690086677604714e-02
-2.436608020473829406e-02
-2.436633347786164652e-02
-2.436795367711012267e-02
-2.436313290748130453e-02
-2.436756659898383845e-02
-2.437241881146652925e-02
-2.436518509052463741e-02
-2.436473786788153836e-02
-2.436796201335597947e-02
-2.436291242818705571e-02
-2.436212032236300534e-02
-2.436524286546010165e-02
-2.436411488141722662e-02
-2.436127251694421986e-02
-2.436563026420676334e-02
-2.436524607953102425e-02
-2.436406907508567934e-02
-2.436020585310174832e-02
-2.436510430788517076e-02
-2.436211441489823451e-02
-2.436728246594485961e-02
-2.437100308450893676e-02
-2.436837901121644348e-02
-2.435795776145949221e-02
-2.436388948778013194e-02
-2.436943487607458672e-02
-2.436641250608309953e-02
-2.436150872909630810e-02
-2.436583989405158301e-02
-2.436444016228048529e-02
-2.436204075879956979e-02
-2.437111498363290357e-02
-2.437257862860897281e-02
-2.436962974973099980e-02
-2.437304672299248423e-02
-2.436838776082838470e-02
-2.436777743477745034e-02
-2.436372730580946624e-02
-2.436620169163215485e-02
-2.436310472788058221e-02
-2.436883236273671913e-02
-2.436259015983624140e-02
-2.436252137075562568e-02
-2.436936851664679021e-02
-2.436295528480225681e-02
-2.436149366619058329e-02
-2.436159596241071340e-02
-2.436099164963260663e-02
-2.436852407937587991e-02
-2.436312742077090601e-02
-2.436605560510357940e-02
-2.436131105468261615e-02
-2.435675641251413767e-02
-2.436506769397501701e-02
-2.436535183308417493e-02
-2.435870084092019508e-02
-2.436352419182977527e-02
-2.436052290393620270e-02
-2.436024562408030045e-02
-2.436453089951004167e-02
-2.436240321171719361e-02
-2.435932956186469614e-02
-2.436123347240047241e-02
-2.437122436925060268e-02
-2.436235128963846683e-02
-2.436490509394140941e-02
-2.436462238166286348e-02
-2.435940261108874433e-02
-2.436848196035347816e-02
-2.437151217850436202e-02
-2.436111286742220078e-02
-2.436712546945529051e-02
-2.436812219535313892e-02
-2.436258799907043207e-02
-2.436359179099452030e-02
-2.436004960095885033e-02
-2.435787295658831814e-02
-2.436800048814666622e-02
-2.436088490664634412e-02
-2.436876232800245720e-02
-2.436444756012582508e-02
-2.436606155316689559e-02
-2.437280926714353521e-02
-2.436656903350265663e-02
-2.436139756883414637e-02
-2.437096991054463549e-02
-2.436402352503030250e-02
-2.437023501141915433e-02
-2.437150902982207837e-02
-2.436490622357704791e-02
-2.436554810983126984e-02
-2.436080891219349204e-02
-2.436730334106063794e-02
-2.437071587129672340e-02
-2.436273816338575121e-02
-2.436498183922974209e-02
-2.436433986897200768e-02
-2.437293597628182804e-02
-2.436822599011333537e-02
-2.436349152391888498e-02
-2.437059555641743827e-02
-2.437091563252245102e-02
-2.436522878194196523e-02
-2.436502273249011377e-02
-2.436356814837671927e-02
-2.436547482624788416e-02
-2.436613453027917583e-02
-2.436565944711020434e-02
-2.436862807841466694e-02
-2.436721513764072977e-02
-2.437036134687262448e-02
-2.436663947178084252e-02
-2.436171485836284914e-02
-2.437019689584513094e-02
-2.437205516806145375e-02
-2.436691062768301871e-02
-2.436686961368441859e-02
-2.436421880413685084e-02
-2.436863956364844833e-02
-2.436827269490890110e-02
-2.436437407098496558e-02
-2.436222805486980975e-02
-2.436783012595071171e-02
-2.436610589948689717e-02
-2.436254309219616082e-02
-2.437011159827798257e-02
-2.437065330753590553e-02
-2.436501003208347074e-02
-2.436826884414122762e-02
