-3.171169012784957886e-02
-3.164847940206527710e-02
-3.155373036861419678e-02
-3.148562833666801453e-02
-3.145035728812217712e-02
-3.146558254957199097e-02
-3.150170668959617615e-02
-3.151318430900573730e-02
-3.152712062001228333e-02
-3.156330808997154236e-02
-3.158256411552429199e-02
-3.159219771623611450e-02
-3.160332515835762024e-02
-3.161928057670593262e-02
-3.161823004484176636e-02
-3.163833171129226685e-02
-3.162590786814689636e-02
-3.164199739694595337e-02
-3.163466602563858032e-02
-3.165301680564880371e-02
-3.165020048618316650e-02
-3.166393935680389404e-02
-3.165557608008384705e-02
-3.166271746158599854e-02
-3.166813403367996216e-02
-3.167356550693511963e-02
-3.166877478361129761e-02
-3.167212009429931641e-02
-3.167031332850456238e-02
-3.167250007390975952e-02
-3.168231993913650513e-02
-3.168601915240287781e-02
-3.167989104986190796e-02
-3.168284893035888672e-02
-3.170400485396385193e-02
-3.169300779700279236e-02
-3.170241042971611023e-02
-3.170733153820037842e-02
-3.170835971832275391e-02
-3.169858083128929138e-02
-3.169933706521987915e-02
-3.170400112867355347e-02
-3.170084208250045776e-02
-3.170572221279144287e-02
-3.171840310096740723e-02
-3.170274198055267334e-02
-3.171382099390029907e-02
-3.171516209840774536e-02
-3.171306103467941284e-02
-3.172079846262931824e-02
-3.172383829951286316e-02
-3.172370418906211853e-02
-3.173479065299034119e-02
-3.172262385487556458e-02
-3.172346577048301697e-02
-3.173247724771499634e-02
-3.172368556261062622e-02
-3.173262625932693481e-02
-3.171808272600173950e-02
-3.171257302165031433e-02
-3.173007816076278687e-02
-3.172641620039939880e-02
-3.173307701945304871e-02
-3.173709660768508911e-02
-3.174152597784996033e-02
-3.173310309648513794e-02
-3.173416107892990112e-02
-3.174016997218132019e-02
-3.174888715147972107e-02
-3.173726424574851990e-02
-3.173633664846420288e-02
-3.173365443944931030e-02
-3.173615038394927979e-02
-3.174783661961555481e-02
-3.174638748168945312e-02
-3.175022080540657043e-02
-3.173434361815452576e-02
-3.174297139048576355e-02
-3.174409270286560059e-02
-3.174477443099021912e-02
-3.174354881048202515e-02
-3.174294531345367432e-02
-3.175246715545654297e-02
-3.174437209963798523e-02
-3.175241500139236450e-02
-3.175243362784385681e-02
-3.174709901213645935e-02
-3.174737095832824707e-02
-3.174014016985893250e-02
-3.174088150262832642e-02
-3.175348788499832153e-02
-3.176551684737205505e-02
-3.175718709826469421e-02
-3.174136579036712646e-02
-3.173745796084403992e-02
-3.174776956439018250e-02
-3.174580633640289307e-02
-3.175458312034606934e-02
-3.174962475895881653e-02
-3.174702078104019165e-02
-3.175591677427291870e-02
-3.174333274364471436e-02
-3.175253421068191528e-02
-3.175121173262596130e-02
-3.175263479351997375e-02
-3.174917772412300110e-02
-3.175225108861923218e-02
-3.176247701048851013e-02
-3.176441416144371033e-02
-3.176132962107658386e-02
-3.175460919737815857e-02
-3.176910430192947388e-02
-3.176562860608100891e-02
-3.176377713680267334e-02
-3.175332769751548767e-02
-3.175251930952072144e-02
-3.176050260663032532e-02
-3.175118938088417053e-02
-3.175745159387588501e-02
-3.175680711865425110e-02
-3.175937384366989136e-02
-3.175673633813858032e-02
-3.175407275557518005e-02
-3.177285939455032349e-02
-3.176088258624076843e-02
-3.177054598927497864e-02
-3.175761178135871887e-02
-3.177089616656303406e-02
-3.176699951291084290e-02
-3.176995366811752319e-02
-3.175961598753929138e-02
-3.177092969417572021e-02
-3.176064789295196533e-02
-3.176448866724967957e-02
-3.174852579832077026e-02
-3.176432475447654724e-02
-3.176084160804748535e-02
-3.176400065422058105e-02
-3.178159520030021667e-02
-3.176783025264739990e-02
-3.177303075790405273e-02
-3.175572678446769714e-02
-3.175962343811988831e-02
-3.177303820848464966e-02
-3.176534175872802734e-02
-3.176071494817733765e-02
-3.176379203796386719e-02
-3.176054358482360840e-02
-3.175979852676391602e-02
-3.176077455282211304e-02
-3.176087886095046997e-02
-3.176810219883918762e-02
-3.178165853023529053e-02
-3.177677467465400696e-02
-3.176661953330039978e-02
-3.176500275731086731e-02
-3.176419064402580261e-02
-3.176386654376983643e-02
-3.177496418356895447e-02
-3.176758810877799988e-02
-3.177106752991676331e-02
-3.177526220679283142e-02
-3.177822381258010864e-02
-3.177821636199951172e-02
-3.176962584257125854e-02
-3.177054598927497864e-02
-3.176816925406455994e-02
-3.177016973495483398e-02
-3.176670894026756287e-02
-3.177292644977569580e-02
-3.176204487681388855e-02
-3.176986798644065857e-02
-3.178055211901664734e-02
-3.176436945796012878e-02
-3.178200125694274902e-02
-3.178245946764945984e-02
-3.177565336227416992e-02
-3.177209198474884033e-02
-3.178047388792037964e-02
-3.176365047693252563e-02
-3.177829831838607788e-02
-3.178072348237037659e-02
-3.176890313625335693e-02
-3.177539259195327759e-02
-3.178959712386131287e-02
-3.177984803915023804e-02
-3.177650645375251770e-02
-3.177671134471893311e-02
-3.177694231271743774e-02
-3.177636489272117615e-02
-3.177214786410331726e-02
-3.177329525351524353e-02
-3.176906332373619080e-02
-3.177811950445175171e-02
-3.177918121218681335e-02
-3.178246319293975830e-02
-3.178015351295471191e-02
-3.176861628890037537e-02
-3.178026899695396423e-02
-3.178197145462036133e-02
-3.177656233310699463e-02
-3.177805244922637939e-02
-3.176513314247131348e-02
-3.177071362733840942e-02
-3.177781030535697937e-02
-3.177467361092567444e-02
-3.177148848772048950e-02
-3.177550435066223145e-02
-3.177955374121665955e-02
-3.179320320487022400e-02
-3.178374841809272766e-02
-3.177678212523460388e-02
-3.178464993834495544e-02
-3.179242461919784546e-02
-3.178770840167999268e-02
-3.178685158491134644e-02
-3.178145363926887512e-02
-3.177664801478385925e-02
-3.177513554692268372e-02
-3.178260475397109985e-02
-3.177333623170852661e-02
-3.177334740757942200e-02
-3.178043663501739502e-02
-3.178205713629722595e-02
-3.178402781486511230e-02
-3.178747743368148804e-02
-3.178369998931884766e-02
-3.179104253649711609e-02
-3.177512809634208679e-02
-3.179085254669189453e-02
-3.178878128528594971e-02
-3.179125115275382996e-02
-3.177579864859580994e-02
-3.177559375762939453e-02
-3.179871663451194763e-02
-3.178089857101440430e-02
-3.178752958774566650e-02
-3.179476782679557800e-02
-3.178715705871582031e-02
-3.178017213940620422e-02
-3.179002553224563599e-02
-3.178642317652702332e-02
-3.178469091653823853e-02
-3.179448470473289490e-02
-3.178660199046134949e-02
-3.179101273417472839e-02
-3.178686648607254028e-02
-3.178503364324569702e-02
-3.177483007311820984e-02
-3.179093450307846069e-02
-3.179330751299858093e-02
-3.179873526096343994e-02
-3.178588673472404480e-02
-3.178704530000686646e-02
-3.178525716066360474e-02
-3.179056942462921143e-02
-3.178917244076728821e-02
-3.179082274436950684e-02
-3.178203850984573364e-02
-3.177976980805397034e-02
-3.178925439715385437e-02
-3.178333491086959839e-02
-3.178853914141654968e-02
-3.178027272224426270e-02
-3.178538009524345398e-02
-3.178970888257026672e-02
-3.178411722183227539e-02
-3.179257363080978394e-02
-3.178470581769943237e-02
-3.179285302758216858e-02
-3.178627416491508484e-02
-3.179389983415603638e-02
-3.179170191287994385e-02
-3.178239613771438599e-02
-3.178529441356658936e-02
-3.177708759903907776e-02
-3.178888931870460510e-02
-3.179696202278137207e-02
-3.178875520825386047e-02
-3.178533166646957397e-02
-3.178409859538078308e-02
-3.179209306836128235e-02
-3.177682682871818542e-02
-3.178900480270385742e-02
-3.178405761718750000e-02
-3.179188445210456848e-02
-3.179328516125679016e-02
-3.178937733173370361e-02
-3.178866207599639893e-02
-3.178780153393745422e-02
-3.178615495562553406e-02
-3.178624063730239868e-02
-3.178319334983825684e-02
-3.178911283612251282e-02
-3.179425746202468872e-02
-3.178581222891807556e-02
-3.178846836090087891e-02
-3.178142756223678589e-02
-3.178726881742477417e-02
-3.178418427705764771e-02
-3.179086372256278992e-02
-3.177765756845474243e-02
-3.178796917200088501e-02
-3.179456293582916260e-02
-3.179439902305603027e-02
-3.178348392248153687e-02
-3.179430589079856873e-02
-3.179113194346427917e-02
-3.179224207997322083e-02
-3.178912028670310974e-02
-3.178356960415840149e-02
-3.179226443171501160e-02
-3.179431334137916565e-02
-3.178221732378005981e-02
-3.178045153617858887e-02
-3.179473802447319031e-02
-3.179677948355674744e-02
-3.179005905985832214e-02
-3.178445249795913696e-02
-3.179108351469039917e-02
-3.180155903100967407e-02
-3.179867193102836609e-02
-3.179029747843742371e-02
-3.179708123207092285e-02
-3.178333491086959839e-02
-3.179084137082099915e-02
-3.179581463336944580e-02
-3.178568556904792786e-02
-3.180406242609024048e-02
-3.178843110799789429e-02
-3.179363906383514404e-02
-3.179771825671195984e-02
-3.180083259940147400e-02
-3.179802373051643372e-02
-3.178837150335311890e-02
-3.179182112216949463e-02
-3.179194033145904541e-02
-3.179917111992835999e-02
-3.179057314991950989e-02
-3.179446607828140259e-02
-3.179390355944633484e-02
-3.179435431957244873e-02
-3.178787231445312500e-02
-3.180567920207977295e-02
-3.179056942462921143e-02
-3.179190307855606079e-02
-3.179593011736869812e-02
-3.179677948355674744e-02
-3.179379552602767944e-02
-3.178394958376884460e-02
-3.180006146430969238e-02
-3.179793432354927063e-02
-3.179497271776199341e-02
-3.179072588682174683e-02
-3.178523108363151550e-02
-3.178715333342552185e-02
-3.180078417062759399e-02
-3.178521990776062012e-02
-3.179865330457687378e-02
-3.179527074098587036e-02
-3.180104121565818787e-02
-3.179707378149032593e-02
-3.180732205510139465e-02
-3.178664296865463257e-02
-3.179649263620376587e-02
-3.179518505930900574e-02
-3.178828582167625427e-02
-3.178634494543075562e-02
-3.180078417062759399e-02
-3.179688006639480591e-02
-3.179404512047767639e-02
-3.180134296417236328e-02
-3.179850801825523376e-02
-3.179454430937767029e-02
-3.179535642266273499e-02
-3.179223835468292236e-02
-3.179699927568435669e-02
-3.179293125867843628e-02
-3.179848194122314453e-02
-3.179940208792686462e-02
-3.179711103439331055e-02
-3.179365023970603943e-02
-3.178519755601882935e-02
-3.179081156849861145e-02
-3.179199248552322388e-02
-3.179232031106948853e-02
-3.180151432752609253e-02
-3.179692104458808899e-02
-3.179671242833137512e-02
-3.180228918790817261e-02
-3.179496526718139648e-02
-3.178237378597259521e-02
-3.179700300097465515e-02
-3.179275989532470703e-02
-3.178847581148147583e-02
-3.179307654500007629e-02
-3.178998827934265137e-02
-3.178731352090835571e-02
-3.179028257727622986e-02
-3.179205209016799927e-02
-3.179018944501876831e-02
-3.179491311311721802e-02
-3.180003911256790161e-02
-3.179019317030906677e-02
-3.179620951414108276e-02
-3.180933371186256409e-02
-3.179972246289253235e-02
-3.180328756570816040e-02
-3.178552910685539246e-02
-3.179172798991203308e-02
-3.179107606410980225e-02
-3.178995102643966675e-02
-3.179419040679931641e-02
-3.178693354129791260e-02
-3.179835528135299683e-02
-3.180376440286636353e-02
-3.179310262203216553e-02
-3.179518133401870728e-02
-3.178632259368896484e-02
-3.178827464580535889e-02
-3.180354461073875427e-02
-3.180169314146041870e-02
-3.180508315563201904e-02
-3.179794549942016602e-02
-3.179758042097091675e-02
-3.178642317652702332e-02
-3.179011866450309753e-02
-3.179596737027168274e-02
-3.179009631276130676e-02
-3.179412335157394409e-02
-3.179187327623367310e-02
-3.179863467812538147e-02
-3.180053085088729858e-02
-3.179102763533592224e-02
-3.178875520825386047e-02
-3.178773075342178345e-02
-3.180317208170890808e-02
-3.180532157421112061e-02
-3.180019184947013855e-02
-3.180292621254920959e-02
-3.179386630654335022e-02
-3.179159387946128845e-02
-3.178865462541580200e-02
-3.178810700774192810e-02
-3.179511055350303650e-02
-3.179791942238807678e-02
-3.180365264415740967e-02
-3.180940821766853333e-02
-3.179769963026046753e-02
-3.179931268095970154e-02
-3.180120140314102173e-02
-3.180526569485664368e-02
-3.179693222045898438e-02
-3.180560469627380371e-02
-3.179544210433959961e-02
-3.179795295000076294e-02
-3.180472180247306824e-02
-3.180028125643730164e-02
-3.179636970162391663e-02
-3.179795295000076294e-02
-3.179857134819030762e-02
-3.180642053484916687e-02
-3.180408105254173279e-02
-3.180104866623878479e-02
-3.180237486958503723e-02
-3.180130198597908020e-02
-3.180260583758354187e-02
-3.180830553174018860e-02
-3.179623186588287354e-02
-3.179527446627616882e-02
-3.179200366139411926e-02
-3.179425746202468872e-02
-3.178663551807403564e-02
-3.179233893752098083e-02
-3.180121257901191711e-02
-3.179894015192985535e-02
-3.179796040058135986e-02
-3.179593756794929504e-02
-3.180183842778205872e-02
-3.180052340030670166e-02
-3.179479762911796570e-02
-3.179948776960372925e-02
-3.179850801825523376e-02
-3.179796785116195679e-02
-3.179783374071121216e-02
-3.179361298680305481e-02
-3.180572390556335449e-02
-3.180237114429473877e-02
-3.179629519581794739e-02
-3.180038928985595703e-02
-3.179329633712768555e-02
-3.179728984832763672e-02
-3.180282935500144958e-02
-3.179983422160148621e-02
-3.179370239377021790e-02
-3.179608657956123352e-02
-3.179370239377021790e-02
-3.179436922073364258e-02
-3.179318830370903015e-02
-3.179496154189109802e-02
-3.179448470473289490e-02
-3.178856149315834045e-02
-3.179212659597396851e-02
-3.179370984435081482e-02
-3.179173171520233154e-02
-3.179283440113067627e-02
-3.179278597235679626e-02
-3.179375082254409790e-02
-3.179425001144409180e-02
-3.179236501455307007e-02
-3.180175647139549255e-02
-3.179921209812164307e-02
-3.179021179676055908e-02
-3.179582953453063965e-02
-3.178941830992698669e-02
-3.179256618022918701e-02
-3.179126605391502380e-02
-3.179960697889328003e-02
-3.180193156003952026e-02
-3.180010244250297546e-02
-3.178884834051132202e-02
-3.179948404431343079e-02
-3.179927915334701538e-02
-3.179691359400749207e-02
-3.179699182510375977e-02
-3.179645910859107971e-02
-3.180429711937904358e-02
-3.180138394236564636e-02
-3.180409222841262817e-02
-3.180370852351188660e-02
-3.179443255066871643e-02
-3.180412948131561279e-02
-3.179944306612014771e-02
-3.179451078176498413e-02
-3.179427608847618103e-02
-3.179205581545829773e-02
-3.179553151130676270e-02
-3.179385140538215637e-02
-3.179163858294487000e-02
-3.179821372032165527e-02
-3.179480507969856262e-02
-3.179642558097839355e-02
-3.179883584380149841e-02
-3.181102871894836426e-02
-3.180335089564323425e-02
-3.179595991969108582e-02
-3.179559111595153809e-02
-3.179842233657836914e-02
-3.180184960365295410e-02
-3.178103268146514893e-02
-3.179068863391876221e-02
-3.179103881120681763e-02
-3.179484233260154724e-02
-3.179850801825523376e-02
-3.180034458637237549e-02
-3.179350495338439941e-02
-3.179242461919784546e-02
-3.179482743144035339e-02
-3.179823234677314758e-02
-3.179506957530975342e-02
-3.180756792426109314e-02
-3.179681301116943359e-02
-3.179421648383140564e-02
-3.179970383644104004e-02
-3.180301934480667114e-02
-3.180470690131187439e-02
-3.180469945073127747e-02
-3.180658444762229919e-02
-3.178730234503746033e-02
-3.179930150508880615e-02
-3.179042041301727295e-02
-3.179509565234184265e-02
-3.179621323943138123e-02
-3.180159628391265869e-02
-3.179072588682174683e-02
-3.179023787379264832e-02
-3.179877623915672302e-02
-3.179486095905303955e-02
-3.179058060050010681e-02
-3.178659081459045410e-02
-3.179074823856353760e-02
-3.179850801825523376e-02
-3.178991377353668213e-02
-3.179984539747238159e-02
-3.178390488028526306e-02
-3.179086744785308838e-02
-3.179013356566429138e-02
-3.179987519979476929e-02
-3.179427608847618103e-02
-3.178876638412475586e-02
-3.178118169307708740e-02
-3.179400786757469177e-02
-3.180098161101341248e-02
-3.179815039038658142e-02
-3.179336339235305786e-02
-3.179481253027915955e-02
-3.179572150111198425e-02
-3.180074691772460938e-02
-3.180151805281639099e-02
-3.178997337818145752e-02
-3.178858011960983276e-02
-3.179316222667694092e-02
-3.180220350623130798e-02
-3.180112689733505249e-02
-3.179403394460678101e-02
-3.179751709103584290e-02
-3.179810941219329834e-02
-3.179121389985084534e-02
-3.179565072059631348e-02
-3.178969025611877441e-02
-3.179492801427841187e-02
-3.179355338215827942e-02
-3.180546686053276062e-02
-3.180266171693801880e-02
-3.179272636771202087e-02
-3.180329501628875732e-02
-3.179201856255531311e-02
-3.180054202675819397e-02
-3.179693967103958130e-02
-3.179835155606269836e-02
-3.180228918790817261e-02
-3.180324658751487732e-02
-3.180708736181259155e-02
-3.179534152150154114e-02
-3.180144727230072021e-02
-3.178720548748970032e-02
-3.180230408906936646e-02
-3.179156780242919922e-02
-3.179937601089477539e-02
-3.179480135440826416e-02
-3.180037811398506165e-02
-3.180010616779327393e-02
-3.179651126265525818e-02
-3.179680183529853821e-02
-3.179802373051643372e-02
-3.179268538951873779e-02
-3.179644420742988586e-02
-3.179673105478286743e-02
-3.179842978715896606e-02
-3.179895877838134766e-02
-3.179435804486274719e-02
-3.178793936967849731e-02
-3.180172666907310486e-02
-3.179573640227317810e-02
-3.180142492055892944e-02
-3.180549293756484985e-02
-3.180155903100967407e-02
-3.179415687918663025e-02
-3.179573267698287964e-02
-3.180392831563949585e-02
-3.180059045553207397e-02
-3.180245682597160339e-02
-3.179987147450447083e-02
-3.179807960987091064e-02
-3.179699182510375977e-02
-3.179297596216201782e-02
-3.179636225104331970e-02
-3.179233893752098083e-02
-3.178761154413223267e-02
-3.180168196558952332e-02
-3.180266544222831726e-02
-3.180341050028800964e-02
-3.179099410772323608e-02
-3.179817274212837219e-02
-3.179706633090972900e-02
-3.179904446005821228e-02
-3.180326521396636963e-02
-3.180090337991714478e-02
-3.180165961384773254e-02
-3.179518878459930420e-02
-3.180162608623504639e-02
-3.180890902876853943e-02
-3.179905936121940613e-02
-3.179481625556945801e-02
-3.180226683616638184e-02
-3.179822117090225220e-02
-3.180065378546714783e-02
-3.181157633662223816e-02
-3.179325163364410400e-02
-3.180309012532234192e-02
-3.180186450481414795e-02
-3.179972618818283081e-02
-3.179852291941642761e-02
-3.179888799786567688e-02
-3.179682791233062744e-02
-3.179190307855606079e-02
-3.180734813213348389e-02
-3.180614113807678223e-02
-3.179530426859855652e-02
-3.180159628391265869e-02
-3.180336207151412964e-02
-3.179846331477165222e-02
-3.179579973220825195e-02
-3.179956227540969849e-02
-3.180151432752609253e-02
-3.180397674441337585e-02
-3.179904446005821228e-02
-3.179952502250671387e-02
-3.180419653654098511e-02
-3.180167078971862793e-02
-3.180393204092979431e-02
-3.180296719074249268e-02
-3.179844096302986145e-02
-3.179981559514999390e-02
-3.179352730512619019e-02
-3.179286792874336243e-02
-3.180482238531112671e-02
-3.179400786757469177e-02
-3.179810196161270142e-02
-3.179660439491271973e-02
-3.179956600069999695e-02
-3.179138526320457458e-02
-3.179165348410606384e-02
-3.180018812417984009e-02
-3.180960193276405334e-02
-3.180254995822906494e-02
-3.179693222045898438e-02
-3.180109336972236633e-02
-3.179804235696792603e-02
-3.179440274834632874e-02
-3.180352598428726196e-02
-3.179964795708656311e-02
-3.180419653654098511e-02
-3.180120512843132019e-02
-3.180776908993721008e-02
-3.180101513862609863e-02
-3.179543837904930115e-02
-3.179739043116569519e-02
-3.179810568690299988e-02
-3.180488198995590210e-02
-3.179349005222320557e-02
-3.179932013154029846e-02
-3.179538249969482422e-02
-3.180482983589172363e-02
-3.179298713803291321e-02
-3.179664909839630127e-02
-3.178964927792549133e-02
-3.178840130567550659e-02
-3.179582208395004272e-02
-3.179640695452690125e-02
-3.178515657782554626e-02
-3.179377317428588867e-02
-3.180482611060142517e-02
-3.179309144616127014e-02
-3.180561587214469910e-02
-3.179302066564559937e-02
-3.180110454559326172e-02
-3.179711103439331055e-02
-3.180182725191116333e-02
-3.179991990327835083e-02
-3.179898485541343689e-02
-3.180177882313728333e-02
-3.179567679762840271e-02
-3.179266303777694702e-02
-3.179594874382019043e-02
-3.180718049407005310e-02
-3.180115297436714172e-02
-3.178455308079719543e-02
-3.179521113634109497e-02
-3.180152550339698792e-02
-3.179958090186119080e-02
-3.179818391799926758e-02
-3.180367872118949890e-02
-3.180079907178878784e-02
-3.180238232016563416e-02
-3.181233629584312439e-02
-3.179803490638732910e-02
-3.179582580924034119e-02
-3.180200979113578796e-02
-3.180326148867607117e-02
-3.179911151528358459e-02
-3.180038183927536011e-02
-3.179538249969482422e-02
-3.179896995425224304e-02
-3.180199861526489258e-02
-3.180512413382530212e-02
-3.179573267698287964e-02
-3.179372847080230713e-02
-3.180318325757980347e-02
-3.180178627371788025e-02
-3.180766105651855469e-02
-3.180425986647605896e-02
-3.180471062660217285e-02
-3.179968520998954773e-02
-3.179937228560447693e-02
-3.180548176169395447e-02
-3.180341422557830811e-02
-3.179911524057388306e-02
-3.181043267250061035e-02
-3.180804476141929626e-02
-3.180785477161407471e-02
-3.180581331253051758e-02
-3.180389106273651123e-02
-3.179876133799552917e-02
-3.179372847080230713e-02
-3.180911391973495483e-02
-3.179981559514999390e-02
-3.179718181490898132e-02
-3.179252892732620239e-02
-3.180128335952758789e-02
-3.180215507745742798e-02
-3.181121498346328735e-02
-3.180282190442085266e-02
-3.180692717432975769e-02
-3.180622309446334839e-02
-3.181666135787963867e-02
-3.180574625730514526e-02
-3.179874271154403687e-02
-3.181181848049163818e-02
-3.180120512843132019e-02
-3.180825337767601013e-02
-3.179837390780448914e-02
-3.180050849914550781e-02
-3.179348632693290710e-02
-3.180582448840141296e-02
-3.180163353681564331e-02
-3.179941698908805847e-02
-3.180690109729766846e-02
-3.180297464132308960e-02
-3.179141134023666382e-02
-3.179815411567687988e-02
-3.179821744561195374e-02
-3.180215880274772644e-02
-3.179982677102088928e-02
-3.179888427257537842e-02
-3.180680051445960999e-02
-3.179393336176872253e-02
-3.180956840515136719e-02
-3.180261701345443726e-02
-3.179673105478286743e-02
-3.179753571748733521e-02
-3.180048987269401550e-02
-3.180168941617012024e-02
-3.179813921451568604e-02
-3.179910406470298767e-02
-3.180789202451705933e-02
-3.179867565631866455e-02
-3.180791810154914856e-02
-3.179894760251045227e-02
-3.180395066738128662e-02
-3.180439025163650513e-02
-3.180204331874847412e-02
-3.179554268717765808e-02
-3.179770708084106445e-02
-3.179465234279632568e-02
-3.180365264415740967e-02
-3.181063383817672729e-02
-3.180611133575439453e-02
-3.180642426013946533e-02
-3.180459141731262207e-02
-3.180186823010444641e-02
-3.180780261754989624e-02
-3.180917352437973022e-02
-3.180388361215591431e-02
-3.179915994405746460e-02
-3.179812431335449219e-02
-3.180744871497154236e-02
-3.179845213890075684e-02
-3.179934620857238770e-02
-3.180811926722526550e-02
-3.179375827312469482e-02
-3.179886937141418457e-02
-3.179211169481277466e-02
-3.179374337196350098e-02
-3.180788829922676086e-02
-3.180160373449325562e-02
-3.179482743144035339e-02
-3.180171549320220947e-02
-3.180111944675445557e-02
-3.180813416838645935e-02
-3.180817887187004089e-02
-3.180033713579177856e-02
-3.180621936917304993e-02
-3.180604800581932068e-02
-3.179596364498138428e-02
-3.179985284805297852e-02
-3.179869055747985840e-02
-3.180897980928421021e-02
-3.180279955267906189e-02
-3.180349618196487427e-02
-3.180316835641860962e-02
-3.180320560932159424e-02
-3.179558366537094116e-02
-3.180931881070137024e-02
-3.180545940995216370e-02
-3.180816397070884705e-02
-3.181242942810058594e-02
-3.181347995996475220e-02
-3.179893642663955688e-02
-3.180947154760360718e-02
-3.179953247308731079e-02
-3.179775178432464600e-02
-3.180906176567077637e-02
-3.181528300046920776e-02
-3.181984648108482361e-02
-3.180240094661712646e-02
-3.180059790611267090e-02
-3.180325776338577271e-02
-3.179801255464553833e-02
-3.180386871099472046e-02
-3.180798888206481934e-02
-3.180923312902450562e-02
-3.180935978889465332e-02
-3.180913254618644714e-02
-3.180507570505142212e-02
-3.180567547678947449e-02
-3.180234134197235107e-02
-3.179382160305976868e-02
-3.179797157645225525e-02
-3.179903700947761536e-02
-3.180559724569320679e-02
-3.180392459034919739e-02
-3.180387243628501892e-02
-3.179134428501129150e-02
-3.179823607206344604e-02
-3.180595487356185913e-02
-3.180557489395141602e-02
-3.180021792650222778e-02
-3.178954869508743286e-02
-3.180972114205360413e-02
-3.179903328418731689e-02
-3.179638460278511047e-02
-3.181009367108345032e-02
-3.179977461695671082e-02
-3.181011602282524109e-02
-3.180561214685440063e-02
-3.181324154138565063e-02
-3.180237486958503723e-02
-3.180320933461189270e-02
-3.181164711713790894e-02
-3.180862218141555786e-02
-3.179831430315971375e-02
-3.179508075118064880e-02
-3.179091215133666992e-02
-3.180248662829399109e-02
-3.180776163935661316e-02
-3.180884569883346558e-02
-3.180265426635742188e-02
-3.181140497326850891e-02
-3.181089460849761963e-02
-3.181217610836029053e-02
-3.181314095854759216e-02
-3.180428966879844666e-02
-3.180681541562080383e-02
-3.181370347738265991e-02
-3.180899471044540405e-02
-3.178950771689414978e-02
-3.180348128080368042e-02
-3.181113675236701965e-02
-3.180732578039169312e-02
-3.180432319641113281e-02
-3.180912509560585022e-02
-3.180750086903572083e-02
-3.180498629808425903e-02
-3.179496526718139648e-02
-3.180001676082611084e-02
-3.180541843175888062e-02
-3.180755674839019775e-02
-3.179921954870223999e-02
-3.179816529154777527e-02
-3.180445358157157898e-02
-3.180298954248428345e-02
-3.179333359003067017e-02
-3.179676458239555359e-02
-3.180954977869987488e-02
-3.179947286844253540e-02
-3.180040791630744934e-02
-3.179360553622245789e-02
-3.180154785513877869e-02
-3.181435540318489075e-02
-3.180767223238945007e-02
-3.181380778551101685e-02
-3.180940449237823486e-02
-3.180547803640365601e-02
-3.181073814630508423e-02
-3.180976212024688721e-02
-3.180541098117828369e-02
-3.180272877216339111e-02
-3.181055188179016113e-02
-3.180120140314102173e-02
-3.179787844419479370e-02
-3.180607035756111145e-02
-3.180346637964248657e-02
-3.180436789989471436e-02
-3.180057182908058167e-02
-3.180692344903945923e-02
-3.180115669965744019e-02
-3.179483860731124878e-02
-3.180640935897827148e-02
-3.180066496133804321e-02
-3.180817887187004089e-02
-3.180500119924545288e-02
-3.179804608225822449e-02
-3.180154040455818176e-02
-3.180139511823654175e-02
-3.181667253375053406e-02
-3.179388120770454407e-02
-3.180492669343948364e-02
-3.179755061864852905e-02
-3.180722147226333618e-02
-3.181346878409385681e-02
-3.180887922644615173e-02
-3.181233257055282593e-02
-3.181287646293640137e-02
-3.180796280503273010e-02
-3.180662542581558228e-02
-3.180203586816787720e-02
-3.180450946092605591e-02
-3.179984539747238159e-02
-3.181030973792076111e-02
-3.180885314941406250e-02
-3.180389478802680969e-02
-3.180894628167152405e-02
-3.180848807096481323e-02
-3.180898725986480713e-02
-3.179842978715896606e-02
-3.180658444762229919e-02
-3.179981559514999390e-02
-3.179868310689926147e-02
-3.180062770843505859e-02
-3.180988878011703491e-02
-3.180676698684692383e-02
-3.180216625332832336e-02
-3.180157765746116638e-02
-3.181390836834907532e-02
-3.181556984782218933e-02
-3.180600330233573914e-02
-3.181771561503410339e-02
-3.180459886789321899e-02
-3.180380165576934814e-02
-3.179911524057388306e-02
-3.180222958326339722e-02
-3.180076926946640015e-02
-3.180103003978729248e-02
-3.180369734764099121e-02
-3.180712088942527771e-02
-3.181147575378417969e-02
-3.181056305766105652e-02
-3.180034831166267395e-02
-3.180510178208351135e-02
-3.180490434169769287e-02
-3.180136159062385559e-02
-3.180716186761856079e-02
-3.181104362010955811e-02
-3.180462121963500977e-02
-3.181697055697441101e-02
-3.180384263396263123e-02
-3.180970996618270874e-02
-3.180736303329467773e-02
-3.179278597235679626e-02
-3.180214390158653259e-02
-3.182002902030944824e-02
-3.180402144789695740e-02
-3.179892525076866150e-02
-3.180805593729019165e-02
-3.180105984210968018e-02
-3.180367127060890198e-02
-3.181461989879608154e-02
-3.181013464927673340e-02
-3.180380910634994507e-02
-3.180687874555587769e-02
-3.181527554988861084e-02
-3.179925307631492615e-02
-3.180632367730140686e-02
-3.180480003356933594e-02
-3.179603815078735352e-02
-3.179671615362167358e-02
-3.180076554417610168e-02
-3.180001303553581238e-02
-3.180429711937904358e-02
-3.180840983986854553e-02
-3.180531039834022522e-02
-3.180338814854621887e-02
-3.180149197578430176e-02
-3.181324526667594910e-02
-3.180983662605285645e-02
-3.180131316184997559e-02
-3.180095180869102478e-02
-3.180412948131561279e-02
-3.180557489395141602e-02
-3.180374950170516968e-02
-3.179946169257164001e-02
-3.180188685655593872e-02
-3.180989623069763184e-02
-3.181922063231468201e-02
-3.180305287241935730e-02
-3.180434927344322205e-02
-3.180837631225585938e-02
-3.181332349777221680e-02
-3.179996460676193237e-02
-3.180478885769844055e-02
-3.181063383817672729e-02
-3.180319815874099731e-02
-3.180228918790817261e-02
-3.180474787950515747e-02
-3.180185705423355103e-02
-3.180640935897827148e-02
-3.179737925529479980e-02
-3.179981932044029236e-02
-3.180558606982231140e-02
-3.180202841758728027e-02
-3.181198984384536743e-02
-3.180150315165519714e-02
-3.179806098341941833e-02
-3.179625421762466431e-02
-3.180718421936035156e-02
-3.180695697665214539e-02
-3.180342540144920349e-02
-3.180138021707534790e-02
-3.180074691772460938e-02
-3.180279955267906189e-02
-3.181051835417747498e-02
-3.180622681975364685e-02
-3.180695325136184692e-02
-3.181844204664230347e-02
-3.180255740880966187e-02
-3.180259093642234802e-02
-3.181193768978118896e-02
-3.180824592709541321e-02
-3.180354461073875427e-02
-3.180874511599540710e-02
-3.181153163313865662e-02
-3.180716559290885925e-02
-3.180091828107833862e-02
-3.181410580873489380e-02
-3.181092441082000732e-02
-3.180914744734764099e-02
-3.180713579058647156e-02
-3.180069848895072937e-02
-3.180062770843505859e-02
-3.181363642215728760e-02
-3.180541843175888062e-02
-3.181006386876106262e-02
-3.181590139865875244e-02
-3.180801868438720703e-02
-3.180786967277526855e-02
-3.181308135390281677e-02
-3.181132674217224121e-02
-3.181913867592811584e-02
-3.180369362235069275e-02
-3.181104362010955811e-02
-3.180059790611267090e-02
-3.180304914712905884e-02
-3.180740028619766235e-02
-3.180957213044166565e-02
-3.179799765348434448e-02
-3.179962560534477234e-02
-3.180830180644989014e-02
-3.180383890867233276e-02
-3.180012479424476624e-02
-3.180931881070137024e-02
-3.180591762065887451e-02
-3.180355951189994812e-02
-3.180200606584548950e-02
-3.180748969316482544e-02
-3.180859237909317017e-02
-3.180120885372161865e-02
-3.181101381778717041e-02
-3.180854022502899170e-02
-3.180013597011566162e-02
-3.180973231792449951e-02
-3.180704265832901001e-02
-3.180091828107833862e-02
-3.180535137653350830e-02
-3.180078789591789246e-02
-3.180125355720520020e-02
-3.180233016610145569e-02
-3.180548548698425293e-02
-3.180579096078872681e-02
-3.180802986025810242e-02
-3.181479498744010925e-02
-3.181514516472816467e-02
-3.181132674217224121e-02
-3.180453181266784668e-02
-3.181327506899833679e-02
-3.181408345699310303e-02
-3.182049840688705444e-02
-3.180919960141181946e-02
-3.180859610438346863e-02
-3.181288391351699829e-02
-3.180470690131187439e-02
-3.180632740259170532e-02
-3.180961683392524719e-02
-3.181021288037300110e-02
-3.180180117487907410e-02
-3.180614113807678223e-02
-3.180813416838645935e-02
-3.180937841534614563e-02
-3.180314600467681885e-02
-3.181560337543487549e-02
-3.180557489395141602e-02
-3.180672228336334229e-02
-3.180873394012451172e-02
-3.180676326155662537e-02
-3.181134164333343506e-02
-3.181029856204986572e-02
-3.180335089564323425e-02
-3.180330246686935425e-02
-3.180376440286636353e-02
-3.181025385856628418e-02
-3.180762752890586853e-02
-3.180861100554466248e-02
-3.181207180023193359e-02
-3.179668635129928589e-02
-3.180178254842758179e-02
-3.181526437401771545e-02
-3.180303424596786499e-02
-3.181484714150428772e-02
-3.180691972374916077e-02
-3.180777654051780701e-02
-3.180178999900817871e-02
-3.180235251784324646e-02
-3.180659934878349304e-02
-3.180358931422233582e-02
-3.180500864982604980e-02
-3.180149570107460022e-02
-3.180141746997833252e-02
-3.180581331253051758e-02
-3.180707991123199463e-02
-3.180515393614768982e-02
-3.180141374468803406e-02
-3.180374577641487122e-02
-3.181010112166404724e-02
-3.180065378546714783e-02
-3.180069848895072937e-02
-3.179841488599777222e-02
-3.180458396673202515e-02
-3.180339932441711426e-02
-3.180520981550216675e-02
-3.181164711713790894e-02
-3.180981427431106567e-02
-3.180684521794319153e-02
-3.180705010890960693e-02
-3.181152418255805969e-02
-3.179438039660453796e-02
-3.180243819952011108e-02
-3.179399296641349792e-02
-3.180577978491783142e-02
-3.179662302136421204e-02
-3.179903328418731689e-02
-3.180818259716033936e-02
-3.181027621030807495e-02
-3.179998695850372314e-02
-3.179946541786193848e-02
-3.180228173732757568e-02
-3.180111199617385864e-02
-3.180145099759101868e-02
-3.181416913866996765e-02
-3.180199488997459412e-02
-3.180253505706787109e-02
-3.181634843349456787e-02
-3.180324286222457886e-02
-3.180710971355438232e-02
-3.179998323321342468e-02
-3.180018439888954163e-02
-3.180370852351188660e-02
-3.181079030036926270e-02
-3.180899843573570251e-02
-3.180254995822906494e-02
-3.180173784494400024e-02
-3.180975466966629028e-02
-3.179143741726875305e-02
-3.180888295173645020e-02
-3.181324899196624756e-02
-3.181428462266921997e-02
-3.180580586194992065e-02
-3.180499374866485596e-02
-3.180243074893951416e-02
-3.180078789591789246e-02
-3.180294856429100037e-02
-3.180187568068504333e-02
-3.180710598826408386e-02
-3.180643171072006226e-02
-3.181167691946029663e-02
-3.180777281522750854e-02
-3.181207925081253052e-02
-3.181289881467819214e-02
-3.180753439664840698e-02
-3.181535378098487854e-02
-3.180671855807304382e-02
-3.181303665041923523e-02
-3.181440383195877075e-02
-3.179674968123435974e-02
-3.181284666061401367e-02
-3.180203586816787720e-02
-3.180403634905815125e-02
-3.180272504687309265e-02
-3.179584816098213196e-02
-3.180225938558578491e-02
-3.180145472288131714e-02
-3.181251138448715210e-02
-3.180980682373046875e-02
-3.179885819554328918e-02
-3.180037438869476318e-02
-3.180111572146415710e-02
-3.180438280105590820e-02
-3.179405257105827332e-02
-3.180716559290885925e-02
-3.180877491831779480e-02
-3.180955722928047180e-02
-3.180677816271781921e-02
-3.180107474327087402e-02
-3.180256113409996033e-02
-3.181152790784835815e-02
-3.181057795882225037e-02
-3.179737925529479980e-02
-3.180797770619392395e-02
-3.181996941566467285e-02
-3.180630132555961609e-02
-3.179630264639854431e-02
-3.180655464529991150e-02
-3.180890157818794250e-02
-3.180959075689315796e-02
-3.181224688887596130e-02
-3.179632872343063354e-02
-3.180965781211853027e-02
-3.180513903498649597e-02
-3.182132169604301453e-02
-3.180589154362678528e-02
-3.180614113807678223e-02
-3.181963786482810974e-02
-3.180249780416488647e-02
-3.179463744163513184e-02
-3.180212900042533875e-02
-3.181010112166404724e-02
-3.179644793272018433e-02
-3.179858624935150146e-02
-3.180672973394393921e-02
-3.180701285600662231e-02
-3.181330487132072449e-02
-3.180930763483047485e-02
-3.181033954024314880e-02
-3.180816024541854858e-02
-3.181228786706924438e-02
-3.179702162742614746e-02
-3.180662542581558228e-02
-3.180830180644989014e-02
-3.181049600243568420e-02
-3.181393817067146301e-02
-3.180602192878723145e-02
-3.181280195713043213e-02
-3.181453794240951538e-02
-3.180921822786331177e-02
-3.180410712957382202e-02
-3.180021792650222778e-02
-3.180002793669700623e-02
-3.180754184722900391e-02
-3.180787712335586548e-02
-3.180011361837387085e-02
-3.180639445781707764e-02
-3.181127458810806274e-02
-3.180387616157531738e-02
-3.180517256259918213e-02
-3.180978074669837952e-02
-3.179577738046646118e-02
-3.179990500211715698e-02
-3.180416673421859741e-02
-3.180377185344696045e-02
-3.180023282766342163e-02
-3.181334584951400757e-02
-3.180613741278648376e-02
-3.180685639381408691e-02
-3.180523216724395752e-02
-3.180315718054771423e-02
-3.180488198995590210e-02
-3.181020915508270264e-02
-3.180396556854248047e-02
-3.180752694606781006e-02
-3.180972486734390259e-02
-3.181161731481552124e-02
-3.181248158216476440e-02
-3.180786967277526855e-02
-3.180512413382530212e-02
-3.180303797125816345e-02
-3.180089220404624939e-02
-3.180543705821037292e-02
-3.181038796901702881e-02
-3.181558474898338318e-02
-3.181826323270797729e-02
-3.180935978889465332e-02
-3.180645033717155457e-02
-3.180296346545219421e-02
-3.180680423974990845e-02
-3.180387616157531738e-02
-3.180856257677078247e-02
-3.180440887808799744e-02
-3.179978951811790466e-02
-3.180667757987976074e-02
-3.181282430887222290e-02
-3.180856630206108093e-02
-3.180411458015441895e-02
-3.181207180023193359e-02
-3.181516379117965698e-02
-3.180041536688804626e-02
-3.181218355894088745e-02
-3.181670978665351868e-02
-3.181308507919311523e-02
-3.180964291095733643e-02
-3.180161863565444946e-02
-3.180749714374542236e-02
-3.181571885943412781e-02
-3.181343525648117065e-02
-3.181024640798568726e-02
-3.180787712335586548e-02
-3.179609030485153198e-02
-3.180438280105590820e-02
-3.180658072233200073e-02
-3.180884197354316711e-02
-3.180519491434097290e-02
-3.181492909789085388e-02
-3.181151673197746277e-02
-3.181045874953269958e-02
-3.180883452296257019e-02
-3.180760890245437622e-02
-3.181061148643493652e-02
-3.180608898401260376e-02
-3.180284053087234497e-02
-3.181343153119087219e-02
-3.180782496929168701e-02
-3.180433064699172974e-02
-3.181849047541618347e-02
-3.180721402168273926e-02
-3.180579841136932373e-02
-3.180867433547973633e-02
-3.180553019046783447e-02
-3.180573135614395142e-02
-3.180053457617759705e-02
-3.180837631225585938e-02
-3.179933875799179077e-02
-3.180171176791191101e-02
-3.180518373847007751e-02
-3.180971741676330566e-02
-3.181353211402893066e-02
-3.180588781833648682e-02
-3.180462121963500977e-02
-3.180281445384025574e-02
-3.179825469851493835e-02
-3.181068226695060730e-02
-3.181212395429611206e-02
-3.180928900837898254e-02
-3.179854154586791992e-02
-3.181036561727523804e-02
-3.180909901857376099e-02
-3.180214390158653259e-02
-3.180301189422607422e-02
-3.180353716015815735e-02
-3.179779276251792908e-02
-3.180410340428352356e-02
-3.180363401770591736e-02
-3.180775791406631470e-02
-3.180811554193496704e-02
-3.180860728025436401e-02
-3.179758042097091675e-02
-3.180109709501266479e-02
-3.181111067533493042e-02
-3.180351108312606812e-02
-3.180839866399765015e-02
-3.180025517940521240e-02
-3.179844096302986145e-02
-3.180200606584548950e-02
-3.181228786706924438e-02
-3.181040287017822266e-02
-3.180182725191116333e-02
-3.180666640400886536e-02
-3.180485218763351440e-02
-3.181190788745880127e-02
-3.180754929780960083e-02
-3.180472180247306824e-02
-3.180599212646484375e-02
-3.180817887187004089e-02
-3.181014955043792725e-02
-3.180692344903945923e-02
-3.179948776960372925e-02
-3.180646896362304688e-02
-3.180511295795440674e-02
-3.180394321680068970e-02
-3.180082514882087708e-02
-3.181352093815803528e-02
-3.180618584156036377e-02
-3.180854767560958862e-02
-3.180212900042533875e-02
-3.181416913866996765e-02
-3.180919587612152100e-02
-3.180989250540733337e-02
-3.181543573737144470e-02
-3.181161731481552124e-02
-3.180715069174766541e-02
-3.180415928363800049e-02
-3.180261701345443726e-02
-3.180418536067008972e-02
-3.181050717830657959e-02
-3.181537240743637085e-02
-3.180870413780212402e-02
-3.181177750229835510e-02
-3.181491419672966003e-02
-3.180979192256927490e-02
-3.181011974811553955e-02
-3.180532902479171753e-02
-3.180756047368049622e-02
-3.180511668324470520e-02
-3.181029483675956726e-02
-3.180399164557456970e-02
-3.179293125867843628e-02
-3.180374205112457275e-02
-3.180236369371414185e-02
-3.179954737424850464e-02
-3.180070221424102783e-02
-3.180333599448204041e-02
-3.180757164955139160e-02
-3.180838003754615784e-02
-3.179728612303733826e-02
-3.180439770221710205e-02
-3.180433437228202820e-02
-3.179693222045898438e-02
-3.180107101798057556e-02
-3.181410953402519226e-02
-3.181704878807067871e-02
-3.180652111768722534e-02
-3.181378915905952454e-02
-3.180852532386779785e-02
-3.180243819952011108e-02
-3.181148692965507507e-02
-3.180167824029922485e-02
-3.180460259318351746e-02
-3.182055056095123291e-02
-3.180974721908569336e-02
-3.181670606136322021e-02
-3.181258961558341980e-02
-3.180273622274398804e-02
-3.180517256259918213e-02
-3.180611133575439453e-02
-3.180533275008201599e-02
-3.181079030036926270e-02
-3.180082142353057861e-02
-3.181491419672966003e-02
-3.181399777531623840e-02
-3.180451691150665283e-02
-3.180536255240440369e-02
-3.182014450430870056e-02
-3.180376812815666199e-02
-3.181028366088867188e-02
-3.181178495287895203e-02
-3.180206567049026489e-02
-3.181205689907073975e-02
-3.180865943431854248e-02
-3.180381655693054199e-02
-3.180466964840888977e-02
-3.180771321058273315e-02
-3.181007131934165955e-02
-3.181568905711174011e-02
-3.180860355496406555e-02
-3.180597350001335144e-02
-3.179740905761718750e-02
-3.180218487977981567e-02
-3.180569037795066833e-02
-3.180849179625511169e-02
-3.179906308650970459e-02
-3.181153163313865662e-02
-3.180804848670959473e-02
-3.180151805281639099e-02
-3.180795162916183472e-02
-3.180735930800437927e-02
-3.180038928985595703e-02
-3.180510923266410828e-02
-3.180661797523498535e-02
-3.179899230599403381e-02
-3.180564567446708679e-02
-3.181502968072891235e-02
-3.180673345923423767e-02
-3.181113302707672119e-02
-3.180495649576187134e-02
-3.181314095854759216e-02
-3.180299326777458191e-02
-3.180377930402755737e-02
-3.180013969540596008e-02
-3.181087225675582886e-02
-3.180777281522750854e-02
-3.180025145411491394e-02
-3.181014209985733032e-02
-3.180835023522377014e-02
-3.180678188800811768e-02
-3.181223571300506592e-02
-3.180284425616264343e-02
-3.180941939353942871e-02
-3.180286288261413574e-02
-3.180570527911186218e-02
-3.181091323494911194e-02
-3.180712461471557617e-02
-3.180084377527236938e-02
-3.180487826466560364e-02
-3.180054575204849243e-02
-3.180870041251182556e-02
-3.181482478976249695e-02
-3.180486336350440979e-02
-3.180868923664093018e-02
-3.180090337991714478e-02
-3.180479630827903748e-02
-3.180462121963500977e-02
-3.178887814283370972e-02
-3.180345147848129272e-02
-3.180316090583801270e-02
-3.179785236716270447e-02
-3.180139884352684021e-02
-3.180451691150665283e-02
-3.180247545242309570e-02
-3.180893883109092712e-02
-3.180650994181632996e-02
-3.180531412363052368e-02
-3.180201351642608643e-02
-3.180908039212226868e-02
-3.180602937936782837e-02
-3.180251643061637878e-02
-3.180812299251556396e-02
-3.180888295173645020e-02
-3.180834650993347168e-02
-3.180525451898574829e-02
-3.181033954024314880e-02
-3.181807324290275574e-02
-3.180451691150665283e-02
-3.180874511599540710e-02
-3.180728852748870850e-02
-3.180557116866111755e-02
-3.180598467588424683e-02
-3.180067241191864014e-02
-3.180561587214469910e-02
-3.181155771017074585e-02
-3.181861713528633118e-02
-3.180761635303497314e-02
-3.180619329214096069e-02
-3.181269764900207520e-02
-3.180889412760734558e-02
-3.182129189372062683e-02
-3.181375190615653992e-02
-3.180774673819541931e-02
-3.181116282939910889e-02
-3.181102499365806580e-02
-3.180659189820289612e-02
-3.181413188576698303e-02
-3.180619329214096069e-02
-3.181331604719161987e-02
-3.180513903498649597e-02
-3.180554509162902832e-02
-3.180887922644615173e-02
-3.181076794862747192e-02
-3.180583193898200989e-02
-3.180706873536109924e-02
-3.180718049407005310e-02
-3.179566189646720886e-02
-3.179887682199478149e-02
-3.180907666683197021e-02
-3.180952370166778564e-02
-3.180303424596786499e-02
-3.180890902876853943e-02
-3.180452808737754822e-02
-3.180388733744621277e-02
-3.180984780192375183e-02
-3.180867433547973633e-02
-3.180648013949394226e-02
-3.180326521396636963e-02
-3.180964291095733643e-02
-3.180585056543350220e-02
-3.180173039436340332e-02
-3.181020542979240417e-02
-3.180620819330215454e-02
-3.181330859661102295e-02
-3.179974853992462158e-02
-3.180934116244316101e-02
-3.181024640798568726e-02
-3.182093799114227295e-02
-3.180918097496032715e-02
-3.180570900440216064e-02
-3.180555626749992371e-02
-3.180209547281265259e-02
-3.181499242782592773e-02
-3.180865198373794556e-02
-3.180522471666336060e-02
-3.181092068552970886e-02
-3.181152418255805969e-02
-3.180507570505142212e-02
-3.181450814008712769e-02
-3.180873021483421326e-02
-3.180822730064392090e-02
-3.181281685829162598e-02
-3.181191533803939819e-02
-3.180229291319847107e-02
-3.180646151304244995e-02
-3.180557861924171448e-02
-3.180569037795066833e-02
-3.181103616952896118e-02
-3.179941698908805847e-02
-3.180375695228576660e-02
-3.180633485317230225e-02
-3.180994093418121338e-02
-3.181108087301254272e-02
-3.181094676256179810e-02
-3.180679306387901306e-02
-3.180706128478050232e-02
-3.181688487529754639e-02
-3.180591762065887451e-02
-3.180237114429473877e-02
-3.181153163313865662e-02
-3.180634975433349609e-02
-3.180592134594917297e-02
-3.181472048163414001e-02
-3.181355074048042297e-02
-3.181464225053787231e-02
-3.181033954024314880e-02
-3.180706501007080078e-02
-3.180358558893203735e-02
-3.180181980133056641e-02
-3.180966526269912720e-02
-3.181200474500656128e-02
-3.180544078350067139e-02
-3.180686384439468384e-02
-3.180367499589920044e-02
-3.180187568068504333e-02
-3.181118518114089966e-02
-3.181074559688568115e-02
-3.180496022105216980e-02
-3.181838244199752808e-02
-3.180899471044540405e-02
-3.181040287017822266e-02
-3.181331977248191833e-02
-3.181963413953781128e-02
-3.180867433547973633e-02
-3.181067109107971191e-02
-3.181272000074386597e-02
-3.180363774299621582e-02
-3.180749714374542236e-02
-3.180845081806182861e-02
-3.179881721735000610e-02
-3.181061893701553345e-02
-3.181205317378044128e-02
-3.181457147002220154e-02
-3.180854767560958862e-02
-3.180584311485290527e-02
-3.180613368749618530e-02
-3.181190043687820435e-02
-3.181115537881851196e-02
-3.181302547454833984e-02
-3.180671855807304382e-02
-3.180305287241935730e-02
-3.181105479598045349e-02
-3.180700540542602539e-02
-3.182257711887359619e-02
-3.180588781833648682e-02
-3.180813789367675781e-02
-3.180806338787078857e-02
-3.180569037795066833e-02
-3.180946037173271179e-02
-3.180646896362304688e-02
-3.181433305144309998e-02
-3.181825205683708191e-02
-3.181079775094985962e-02
-3.180776536464691162e-02
-3.181385248899459839e-02
-3.180970996618270874e-02
-3.180004283785820007e-02
-3.180650621652603149e-02
-3.181246668100357056e-02
-3.181209042668342590e-02
-3.180837631225585938e-02
-3.180450201034545898e-02
-3.180609270930290222e-02
-3.180935233831405640e-02
-3.181008622050285339e-02
-3.180672973394393921e-02
-3.181565552949905396e-02
-3.181748837232589722e-02
-3.179758414626121521e-02
-3.180024027824401855e-02
-3.180974349379539490e-02
-3.180965036153793335e-02
-3.181122243404388428e-02
-3.180773183703422546e-02
-3.180425241589546204e-02
-3.180816769599914551e-02
-3.180614113807678223e-02
-3.181263059377670288e-02
-3.180824965238571167e-02
-3.181235492229461670e-02
-3.180878981947898865e-02
-3.180208429694175720e-02
-3.180601447820663452e-02
-3.180689737200737000e-02
-3.181893378496170044e-02
-3.181482106447219849e-02
-3.181558847427368164e-02
-3.181914612650871277e-02
-3.181188181042671204e-02
-3.180528432130813599e-02
-3.181131184101104736e-02
-3.181907534599304199e-02
-3.180336952209472656e-02
-3.181007131934165955e-02
-3.181206062436103821e-02
-3.180938586592674255e-02
-3.180953860282897949e-02
-3.180307149887084961e-02
-3.180985525250434875e-02
-3.180691599845886230e-02
-3.180808946490287781e-02
-3.181058168411254883e-02
-3.180719166994094849e-02
-3.180859237909317017e-02
-3.181071206927299500e-02
-3.181048855185508728e-02
-3.180292993783950806e-02
-3.181552141904830933e-02
-3.180905804038047791e-02
-3.180388733744621277e-02
-3.180341050028800964e-02
-3.181205689907073975e-02
-3.180648013949394226e-02
-3.180834650993347168e-02
-3.180023655295372009e-02
-3.180476650595664978e-02
-3.181115165352821350e-02
-3.180623054504394531e-02
-3.182243928313255310e-02
-3.181507810950279236e-02
-3.180739283561706543e-02
-3.180931881070137024e-02
-3.181105107069015503e-02
-3.181415423750877380e-02
-3.180278837680816650e-02
-3.180476278066635132e-02
-3.181309998035430908e-02
-3.180590271949768066e-02
-3.180603682994842529e-02
-3.180823475122451782e-02
-3.180868923664093018e-02
-3.180440515279769897e-02
-3.179822117090225220e-02
-3.180194646120071411e-02
-3.181038424372673035e-02
-3.180664777755737305e-02
-3.180193901062011719e-02
-3.180402517318725586e-02
-3.181247040629386902e-02
-3.180907666683197021e-02
-3.180951625108718872e-02
-3.180295228958129883e-02
-3.180252760648727417e-02
-3.179705888032913208e-02
-3.180563449859619141e-02
-3.180902078747749329e-02
-3.180669993162155151e-02
-3.180911019444465637e-02
-3.180725499987602234e-02
-3.180867061018943787e-02
-3.181431442499160767e-02
-3.180219978094100952e-02
-3.180044889450073242e-02
-3.181436285376548767e-02
-3.180560469627380371e-02
-3.179413080215454102e-02
-3.180833533406257629e-02
-3.180655092000961304e-02
-3.181358799338340759e-02
-3.180054947733879089e-02
-3.181497007608413696e-02
-3.181328624486923218e-02
-3.180880472064018250e-02
-3.180509805679321289e-02
-3.181453794240951538e-02
-3.180678188800811768e-02
-3.180716931819915771e-02
-3.179603070020675659e-02
-3.180666267871856689e-02
-3.181180357933044434e-02
-3.181404620409011841e-02
-3.182090073823928833e-02
-3.181216493248939514e-02
-3.181537240743637085e-02
-3.180928900837898254e-02
-3.181141614913940430e-02
-3.180932998657226562e-02
-3.181140497326850891e-02
-3.180911019444465637e-02
-3.181164711713790894e-02
-3.180466592311859131e-02
-3.180988878011703491e-02
-3.180266544222831726e-02
-3.180347010493278503e-02
-3.180476650595664978e-02
-3.180101513862609863e-02
-3.179930523037910461e-02
-3.179898858070373535e-02
-3.180333971977233887e-02
-3.179984539747238159e-02
-3.180985152721405029e-02
-3.180594742298126221e-02
-3.181670606136322021e-02
-3.181420639157295227e-02
-3.182357922196388245e-02
-3.181136026978492737e-02
-3.180536255240440369e-02
-3.181599825620651245e-02
-3.180336207151412964e-02
-3.181114792823791504e-02
-3.179883956909179688e-02
-3.180875629186630249e-02
-3.181456774473190308e-02
-3.180869668722152710e-02
-3.180758282542228699e-02
-3.181229531764984131e-02
-3.181150928139686584e-02
-3.180291131138801575e-02
-3.181155398488044739e-02
-3.181188926100730896e-02
-3.181806206703186035e-02
-3.180283680558204651e-02
-3.180216625332832336e-02
-3.180522844195365906e-02
-3.180319070816040039e-02
-3.180794417858123779e-02
-3.180824220180511475e-02
-3.180411085486412048e-02
-3.180535137653350830e-02
-3.181167319416999817e-02
-3.180526942014694214e-02
-3.180618211627006531e-02
-3.180622681975364685e-02
-3.181307390332221985e-02
-3.181231394410133362e-02
-3.181186690926551819e-02
-3.181176260113716125e-02
-3.181719407439231873e-02
-3.181742876768112183e-02
-3.180952370166778564e-02
-3.180875256657600403e-02
-3.181644529104232788e-02
-3.181298822164535522e-02
-3.180947899818420410e-02
-3.180494531989097595e-02
-3.180695325136184692e-02
-3.180008381605148315e-02
-3.180497512221336365e-02
-3.181726858019828796e-02
-3.180316835641860962e-02
-3.180887922644615173e-02
-3.181394189596176147e-02
-3.181518614292144775e-02
-3.181625157594680786e-02
-3.181397169828414917e-02
-3.181042894721031189e-02
-3.181564807891845703e-02
-3.180602937936782837e-02
-3.180625289678573608e-02
-3.179750591516494751e-02
-3.180714696645736694e-02
-3.180763870477676392e-02
-3.180431202054023743e-02
-3.181146085262298584e-02
-3.182041645050048828e-02
-3.181139007210731506e-02
-3.179965168237686157e-02
-3.181429952383041382e-02
-3.180672973394393921e-02
-3.180862590670585632e-02
-3.179971128702163696e-02
-3.179914876818656921e-02
-3.180803358554840088e-02
-3.181146085262298584e-02
-3.181289136409759521e-02
-3.181599080562591553e-02
-3.181206434965133667e-02
-3.180151432752609253e-02
-3.180571272969245911e-02
-3.180918097496032715e-02
-3.181457892060279846e-02
-3.180785849690437317e-02
-3.180903196334838867e-02
-3.181311488151550293e-02
-3.181469440460205078e-02
-3.181686624884605408e-02
-3.181743249297142029e-02
-3.181086108088493347e-02
-3.180979192256927490e-02
-3.181935474276542664e-02
-3.181666880846023560e-02
-3.181235864758491516e-02
-3.180263936519622803e-02
-3.181798383593559265e-02
-3.180489689111709595e-02
-3.180299326777458191e-02
-3.180429711937904358e-02
-3.181392699480056763e-02
-3.180994838476181030e-02
-3.180511668324470520e-02
-3.181975707411766052e-02
-3.180397674441337585e-02
-3.180883079767227173e-02
-3.180884942412376404e-02
-3.181279078125953674e-02
-3.180226683616638184e-02
-3.180329874157905579e-02
-3.180826827883720398e-02
-3.180376440286636353e-02
