-1.973006738873361171e-02
-1.972746222870694691e-02
-1.972964693639994715e-02
-1.973261840337657211e-02
-1.972565586345396277e-02
-1.972228267939319865e-02
-1.972258355322004802e-02
-1.972336807561122021e-02
-1.971597099108010967e-02
-1.971165037501680303e-02
-1.971214196618284106e-02
-1.971067518384993916e-02
-1.970600466886384544e-02
-1.970773115593657879e-02
-1.969466497164841859e-02
-1.969682989128006961e-02
-1.969279954212606668e-02
-1.969544634818977749e-02
-1.970000575819618252e-02
-1.969872991335920934e-02
-1.969324355006419475e-02
-1.970514364604194699e-02
-1.970190255615742944e-02
-1.970427687565545066e-02
-1.970441664072307072e-02
-1.970317253823359455e-02
-1.971303157587128707e-02
-1.971515658088254450e-02
-1.971069921686753254e-02
-1.971157229570861050e-02
-1.971299546576817455e-02
-1.971428611893369723e-02
-1.971087308755661502e-02
-1.971421090619410524e-02
-1.972122410970785986e-02
-1.971567166769532670e-02
-1.971995001956682730e-02
-1.972115089321036310e-02
-1.972683005434813439e-02
-1.972955740140300979e-02
-1.973275831180302045e-02
-1.973002525032535592e-02
-1.973517277141494802e-02
-1.973412127705244726e-02
-1.973635182096255408e-02
-1.973903509470126966e-02
-1.974467111861019988e-02
-1.974991066706544701e-02
-1.974844097631122883e-02
-1.974304390718800706e-02
-1.974666202946271168e-02
-1.975381002116196466e-02
-1.975511166804483007e-02
-1.975850903014475524e-02
-1.975860136565962474e-02
-1.976098882273785717e-02
-1.975972138986087367e-02
-1.976680978842948466e-02
-1.976945411364610869e-02
-1.976849560215124257e-02
-1.977057744883514712e-02
-1.977235914248023918e-02
-1.977448529043413644e-02
-1.977997356736413762e-02
-1.977961112121653584e-02
-1.977520410145382906e-02
-1.977899603238291934e-02
-1.978040532020433964e-02
-1.978063603784000965e-02
-1.978489103171765517e-02
-1.978506199833924423e-02
-1.978696596180177028e-02
-1.978225071623890621e-02
-1.978760487322822961e-02
-1.978641286452170744e-02
-1.978757975211282299e-02
-1.978604286257367589e-02
-1.978790883615014554e-02
-1.978825846398529070e-02
-1.979104981588076378e-02
-1.979432788846864980e-02
-1.979458410843218039e-02
-1.979145399642512348e-02
-1.979332158272855552e-02
-1.979248305251461032e-02
-1.979616441609800478e-02
-1.979478513424161659e-02
-1.979385644264085656e-02
-1.979548328026946649e-02
-1.979465679499179884e-02
-1.979467631544946232e-02
-1.979800464133329996e-02
-1.979775465323246886e-02
-1.979872207691496869e-02
-1.980043251824463793e-02
-1.979926728258470450e-02
-1.980282788042267775e-02
-1.979870521056357677e-02
-1.980049503583997117e-02
-1.979785002401843533e-02
-1.979987154366688595e-02
-1.980169917887223893e-02
-1.980242597891507597e-02
-1.980085541236191113e-02
-1.980224442056235587e-02
-1.980061806904270805e-02
-1.980458437374088207e-02
-1.980053880033967942e-02
-1.980509487993575499e-02
-1.980202515420193682e-02
-1.980266570951859026e-02
-1.980388126930148970e-02
-1.980463603435864139e-02
-1.980555814711045318e-02
-1.980605454432615015e-02
-1.980440493460704568e-02
-1.980620523216227932e-02
-1.980524387367890715e-02
-1.980325453397961330e-02
-1.980520122443338651e-02
-1.980246495465724441e-02
-1.980787668163879953e-02
-1.980517778473786863e-02
-1.980593634019220742e-02
-1.980746752148998535e-02
-1.980677632257736923e-02
-1.980562874461749834e-02
-1.980557219111195658e-02
-1.980775459362143359e-02
-1.980989719628718435e-02
-1.980910958270478556e-02
-1.980901018894725557e-02
-1.980909583179961062e-02
-1.980878011443804043e-02
-1.980783492612231064e-02
-1.981068367003351732e-02
-1.980854569843055676e-02
-1.981222996938249506e-02
-1.981237267252772272e-02
-1.981281655859772409e-02
-1.981170428539425973e-02
-1.981307287201302184e-02
-1.981134892561734265e-02
-1.981254307575681592e-02
-1.981071275088947675e-02
-1.981138200858116247e-02
-1.981349217937781668e-02
-1.981359894627389776e-02
-1.981296144224563641e-02
-1.981273124467525931e-02
-1.981432572139148543e-02
-1.981340961162869965e-02
-1.981065674829424889e-02
-1.981453995296383191e-02
-1.981382410513668133e-02
-1.981438971891777770e-02
-1.981372798753308281e-02
-1.981464648225047046e-02
-1.981413731046354626e-02
-1.981602981673586533e-02
-1.981492124779062752e-02
-1.981566204701954922e-02
-1.981558247705917167e-02
-1.981445272620025941e-02
-1.981419770768128724e-02
-1.981474512695370963e-02
-1.981515349602163550e-02
-1.981598746193618046e-02
-1.981658545907563976e-02
-1.981516671796273651e-02
-1.981538128242532268e-02
-1.981485691025788864e-02
-1.981588967143553884e-02
-1.981693326350398784e-02
-1.981865203883947935e-02
-1.981664259389246882e-02
-1.981606830803411129e-02
-1.981733886785546489e-02
-1.981942473332803933e-02
-1.981771192017112854e-02
-1.981726371247089641e-02
-1.981786211492488417e-02
-1.981757679963100718e-02
-1.981860910538238776e-02
-1.981707600380049755e-02
-1.981813677035464821e-02
-1.981682111222032167e-02
-1.981768169802797588e-02
-1.981888856622512560e-02
-1.981781729672582593e-02
-1.981767077075263089e-02
-1.981824341513990437e-02
-1.981715609231047073e-02
-1.981859372929582058e-02
-1.981762409611046924e-02
-1.981786668416832611e-02
-1.981758873478344646e-02
-1.981753441055953205e-02
-1.981971161920642252e-02
-1.981910022789426518e-02
-1.981933320775531096e-02
-1.981849702563618851e-02
-1.981955317243485823e-02
-1.981808416857949381e-02
-1.981755572826273543e-02
-1.981738719089776862e-02
-1.981748554628347952e-02
-1.981799690834128852e-02
-1.981913949664467281e-02
-1.981917144940639405e-02
-1.981807777562858211e-02
-1.981813832315726040e-02
-1.981915709836807801e-02
-1.981898218253247412e-02
-1.981885729214059519e-02
-1.981902922148185212e-02
-1.981940906978617647e-02
-1.981883629663849788e-02
-1.982037575114842937e-02
-1.982009639293774717e-02
-1.981945618092030917e-02
-1.981928047718206631e-02
-1.981922541633069842e-02
-1.981842645579668175e-02
-1.981860800576486920e-02
-1.981906816730096346e-02
-1.981773890561951829e-02
-1.981897933288159427e-02
-1.982070199132284632e-02
-1.982043218754159924e-02
-1.981967126663116210e-02
-1.981909603358969138e-02
-1.981844455435593719e-02
-1.981927631711424484e-02
-1.982057058148349246e-02
-1.981962793321652774e-02
-1.981849329224952272e-02
-1.981882684305454750e-02
-1.982016616486446253e-02
-1.981943915267259798e-02
-1.982130156422336545e-02
-1.982040911766325478e-02
-1.981982595640595021e-02
-1.982030040157506390e-02
-1.982022907151935118e-02
-1.982007052691217228e-02
-1.981899842239295481e-02
-1.981924935789624448e-02
-1.981988051375299306e-02
-1.982010126036380313e-02
-1.982069253387937907e-02
-1.981945632583994796e-02
-1.981954852337843714e-02
-1.982160245508624019e-02
-1.982081133730589917e-02
-1.982071032107747197e-02
-1.981921028726374087e-02
-1.981892919696556440e-02
-1.982175279357884651e-02
-1.982088898982528255e-02
-1.982065019254943342e-02
-1.982130901804876263e-02
-1.982048509896103261e-02
-1.982127045746422817e-02
-1.982033818215482232e-02
-1.982186896920803618e-02
-1.982007459159842652e-02
-1.981995700952937645e-02
-1.981935790626993682e-02
-1.982059121488919523e-02
-1.982119442785647626e-02
-1.982119526798267403e-02
-1.982052279865701566e-02
-1.982105158214270829e-02
-1.981969656169538588e-02
-1.982021383318044450e-02
-1.982087986447913022e-02
-1.982063948340772458e-02
-1.981994940204048067e-02
-1.982100500481360356e-02
-1.982070777659759517e-02
-1.982047019718087902e-02
-1.982159255441337184e-02
-1.982197554193091196e-02
-1.981876063377050953e-02
-1.982065114627168043e-02
-1.982154469267477515e-02
-1.982036362871242643e-02
-1.982093096646362143e-02
-1.982023517577923694e-02
-1.982178469438957216e-02
-1.982057195804012156e-02
-1.982074387909208910e-02
-1.982084380118390513e-02
-1.982162845215848859e-02
-1.982149248772444028e-02
-1.982036424208671876e-02
-1.982156827762352955e-02
-1.982042848607565994e-02
-1.982156429649983148e-02
-1.982157172268212558e-02
-1.982019557881583086e-02
-1.982164104462406581e-02
-1.982008494400646151e-02
-1.982205317825374777e-02
-1.982074280820544238e-02
-1.982233880453122127e-02
-1.982108646353180487e-02
-1.982178497744154291e-02
-1.982014586101471521e-02
-1.982065407635895046e-02
-1.982281666911797288e-02
-1.982130419181996062e-02
-1.982037431970972569e-02
-1.982258978363497445e-02
-1.982143716578135123e-02
-1.982128718027376113e-02
-1.982057207979554675e-02
-1.982175971804988127e-02
-1.982104763762629340e-02
-1.982242564122538644e-02
-1.982169738028230141e-02
-1.982136443003368331e-02
-1.982114025580488520e-02
-1.982164804960291973e-02
-1.982307794813780583e-02
-1.982194755404447645e-02
-1.982163245573769633e-02
-1.982164263938498636e-02
-1.982034781607157695e-02
-1.982143180162357701e-02
-1.982189583196753216e-02
-1.982109309901267449e-02
-1.982110150667515044e-02
-1.982168262166986508e-02
-1.982169256440091676e-02
-1.982176570315670808e-02
-1.982298502930752646e-02
-1.982117923566498185e-02
-1.982167038316434010e-02
-1.982085679225884314e-02
-1.982103363440188351e-02
-1.982021165775314439e-02
-1.982161426492314721e-02
-1.982065595553359622e-02
-1.982145990078945305e-02
-1.982102537177547058e-02
-1.982149866789304632e-02
-1.982197737529496281e-02
-1.982113382661820911e-02
-1.982127049142566252e-02
-1.982190852839281828e-02
-1.981970234458145172e-02
-1.982165072198001018e-02
-1.982071329969403023e-02
-1.982239460135366144e-02
-1.982218981547198902e-02
-1.982196714651035530e-02
-1.982229546717776889e-02
-1.982230765834597924e-02
-1.982247917624021041e-02
-1.982123903020262604e-02
-1.982194627330204420e-02
-1.982208623648867157e-02
-1.982255386105807177e-02
-1.982230268495889861e-02
-1.982167805884372386e-02
-1.982108270981279910e-02
-1.982213037836974209e-02
-1.982196897465671875e-02
-1.982150376061011035e-02
-1.982116290684895685e-02
-1.982000183256485068e-02
-1.982052011927425833e-02
-1.982117899462088745e-02
-1.982164299377774802e-02
-1.982216980576216245e-02
-1.982150219187140544e-02
-1.982243611280372700e-02
-1.982334323307285984e-02
-1.982074247334009512e-02
-1.982183327821683896e-02
-1.982210973047116714e-02
-1.982321672256910985e-02
-1.982260919538723215e-02
-1.982167556336222880e-02
-1.982163653082561275e-02
-1.982275584356005607e-02
-1.982172138298934558e-02
-1.982087805700624705e-02
-1.982081624060347269e-02
-1.982145840615384333e-02
-1.982149717834782651e-02
-1.982284564118502040e-02
-1.982115408560891287e-02
-1.982040464421258932e-02
-1.982170277455569396e-02
-1.982333556683183243e-02
-1.982131462526417684e-02
-1.982075832020796513e-02
-1.982140494114108947e-02
-1.982047234982813738e-02
-1.982132833347282491e-02
-1.982220968776688547e-02
-1.982148075884281394e-02
-1.982133129101432828e-02
-1.982212086564364914e-02
-1.982107735069416760e-02
-1.982150808344635556e-02
-1.982054854423967102e-02
-1.982288537632675637e-02
-1.982160896021626165e-02
-1.982143809266034146e-02
-1.982210540756909958e-02
-1.982188353301373926e-02
-1.982301547887011656e-02
-1.982203152513533143e-02
-1.982171984815908269e-02
-1.982171697098003907e-02
-1.982272057577284113e-02
-1.982245577300389278e-02
-1.982124623421110260e-02
-1.982154097552510028e-02
-1.982153657949868239e-02
-1.982187797201475157e-02
-1.982185963353075633e-02
-1.982235177902728560e-02
-1.982327667214074315e-02
-1.982302710875494256e-02
-1.982173387730635367e-02
-1.982245598372215159e-02
-1.982278383141714354e-02
-1.982180644439577102e-02
-1.982220467199615963e-02
-1.982171666597825482e-02
-1.982200805246076697e-02
-1.982252865690354096e-02
-1.982201716463750235e-02
-1.982131881326431450e-02
-1.982286552747392766e-02
-1.982215944617247635e-02
-1.982134711656313719e-02
-1.982067589406343727e-02
-1.982192829543843668e-02
-1.982345222450693917e-02
-1.982190317665653498e-02
-1.982139279659868650e-02
-1.982212261212154200e-02
-1.982211941520373166e-02
-1.982360205408948903e-02
-1.982464568920101061e-02
-1.982171069669117283e-02
-1.982230826113610608e-02
-1.982141970532299083e-02
-1.982235663365930836e-02
-1.982259000118569842e-02
-1.982151415771347611e-02
-1.982307641462854181e-02
-1.982209338995549741e-02
-1.982332018736191956e-02
-1.982145435211479095e-02
-1.982270998351102695e-02
-1.982227849678276990e-02
-1.982219426966680409e-02
-1.982261077269321242e-02
-1.982157568360870190e-02
-1.982211750007010359e-02
-1.982198876058098233e-02
-1.982238546679680052e-02
-1.982163156011526942e-02
-1.982245760977446522e-02
-1.982251454800548762e-02
-1.982293196868431182e-02
-1.982255335164442508e-02
-1.982281553092257731e-02
-1.982277103218133343e-02
-1.982275481504679540e-02
-1.982276330106686607e-02
-1.982188755521547413e-02
-1.982282569961988858e-02
-1.982297930139815395e-02
-1.982313444783229822e-02
-1.982299991772388387e-02
-1.982180192458035672e-02
-1.982332236766558980e-02
-1.982201115860756854e-02
-1.982194839827626162e-02
-1.982165062974034289e-02
-1.982204860175331915e-02
-1.982365054681976130e-02
-1.982217386442589394e-02
-1.982193421786696344e-02
-1.982302194877969340e-02
-1.982281343940919816e-02
-1.982172141512356794e-02
-1.982280125996009265e-02
-1.982318459118674256e-02
-1.982230881515644610e-02
-1.982257666626474971e-02
-1.982251680495458399e-02
-1.982241829695704366e-02
-1.982164939476538379e-02
-1.982282434439785676e-02
-1.982221277903216047e-02
-1.982319669874412979e-02
-1.982265735052809313e-02
-1.982150857965048196e-02
-1.982334102898274455e-02
-1.982223039732453757e-02
-1.982176173494511889e-02
-1.982328460266673947e-02
-1.982299211949970982e-02
-1.982281295121028977e-02
-1.982194680856211658e-02
-1.982389844057755660e-02
-1.982313056745430013e-02
-1.982326365602907203e-02
-1.982372758195717968e-02
-1.982221814935273413e-02
-1.982190166519002400e-02
-1.982272889752803233e-02
-1.982167120970964799e-02
-1.982231248599261586e-02
-1.982402639100001168e-02
-1.982199437924298674e-02
-1.982215186115948019e-02
-1.982310336322279723e-02
-1.982269641324812051e-02
-1.982258067605034355e-02
-1.982211756326580226e-02
-1.982205775427552455e-02
-1.982255403185919154e-02
-1.982264373769232133e-02
-1.982304995232907555e-02
-1.982389087446761317e-02
-1.982253588200625152e-02
-1.982251651359404412e-02
-1.982400600513622990e-02
-1.982278733271487098e-02
-1.982157686906727001e-02
-1.982306277347043247e-02
-1.982181087878012726e-02
-1.982251307822680345e-02
-1.982363662673725102e-02
-1.982276994805356671e-02
-1.982226845244456845e-02
-1.982194655492621957e-02
-1.982326286339434682e-02
-1.982195891403720420e-02
-1.982259426761134868e-02
-1.982186712709897367e-02
-1.982266597978882272e-02
-1.982278871304710838e-02
-1.982272543055776590e-02
-1.982305596481558768e-02
-1.982330400206628110e-02
-1.982280403196020127e-02
-1.982246696010151951e-02
-1.982267022352793284e-02
-1.982146841309516058e-02
-1.982184857267272129e-02
-1.982207719195911572e-02
-1.982217996589479697e-02
-1.982251576908814969e-02
-1.982203170594705813e-02
-1.982200307437429268e-02
-1.982278412192526804e-02
-1.982327109208290375e-02
-1.982376007754221500e-02
-1.982241660483208961e-02
-1.982183754829699995e-02
-1.982148598017284200e-02
-1.982175999674906999e-02
-1.982349789676967830e-02
-1.982344861120658233e-02
-1.982251439749225033e-02
-1.982291806495384973e-02
-1.982271122071127545e-02
-1.982335651990643419e-02
-1.982323934926635486e-02
-1.982307230827545091e-02
-1.982254052868244812e-02
-1.982310544810867575e-02
-1.982341812552466595e-02
-1.982219379431287426e-02
-1.982285777613955122e-02
-1.982184903490769728e-02
-1.982126106210194486e-02
-1.982189660587075491e-02
-1.982283270034238334e-02
-1.982268595180327816e-02
-1.982274610734383394e-02
-1.982297956540419667e-02
-1.982274980283475416e-02
-1.982328143374264065e-02
-1.982222866103910963e-02
-1.982368067667141312e-02
-1.982201562781889595e-02
-1.982302284555668634e-02
-1.982378135924354676e-02
-1.982305825530280771e-02
-1.982286761165181696e-02
-1.982282452199566475e-02
-1.982296835236536589e-02
-1.982344338846169646e-02
-1.982220728635247439e-02
-1.982273529541554377e-02
-1.982301563879116865e-02
-1.982255805733378756e-02
-1.982314576116707763e-02
-1.982261804448686923e-02
-1.982311177041617967e-02
-1.982258629578556239e-02
-1.982238573568586779e-02
-1.982320518267138842e-02
-1.982303086835898384e-02
-1.982259001426442749e-02
-1.982339945143778495e-02
-1.982221010040696035e-02
-1.982164594350918282e-02
-1.982300339875906273e-02
-1.982249640298294757e-02
-1.982246187791009487e-02
-1.982328633557726635e-02
-1.982323297132364964e-02
-1.982384400409459291e-02
-1.982310155894562859e-02
-1.982291248299649852e-02
-1.982266112757064339e-02
-1.982378241543003572e-02
-1.982336562064997837e-02
-1.982238257605137624e-02
-1.982283773116611664e-02
-1.982256908629723147e-02
-1.982278320172028638e-02
-1.982266865418653295e-02
-1.982206052922672393e-02
-1.982276958957333510e-02
-1.982214091527187763e-02
-1.982359673379279624e-02
-1.982241863396200926e-02
-1.982423055382697558e-02
-1.982335870637454839e-02
-1.982411834463099209e-02
-1.982208991893227509e-02
-1.982334980354228532e-02
-1.982280376063754596e-02
-1.982217288375231340e-02
-1.982214599597947879e-02
-1.982337478675668188e-02
-1.982274357212130897e-02
-1.982341722579553447e-02
-1.982276774128282834e-02
-1.982352886316443227e-02
-1.982340732300558878e-02
-1.982309231734661822e-02
-1.982168837704808076e-02
-1.982248274447606651e-02
-1.982520020487040999e-02
-1.982408426186518802e-02
-1.982263870332466246e-02
-1.982416810910302835e-02
-1.982254067697657857e-02
-1.982228202143321988e-02
-1.982251095425128715e-02
-1.982362727987372134e-02
-1.982320445476391454e-02
-1.982276568473930259e-02
-1.982340632961472962e-02
-1.982225585981012284e-02
-1.982322912529697542e-02
-1.982423246809878956e-02
-1.982288710721069255e-02
-1.982395197190390396e-02
-1.982311217932796951e-02
-1.982226151217612517e-02
-1.982190352614920936e-02
-1.982255651702235014e-02
-1.982354921151464194e-02
-1.982284184097021090e-02
-1.982334328338889937e-02
-1.982383280977635318e-02
-1.982226620827209213e-02
-1.982430652313734928e-02
-1.982368559085818591e-02
-1.982361068241917518e-02
-1.982371603545292696e-02
-1.982292355789314411e-02
-1.982253011434987472e-02
-1.982192088694297721e-02
-1.982399420477897606e-02
-1.982210758319400204e-02
-1.982360500029486938e-02
-1.982430679319957881e-02
-1.982227476863719987e-02
-1.982372186395449723e-02
-1.982480799345463437e-02
-1.982343463356819532e-02
-1.982254850131408980e-02
-1.982379091864725287e-02
-1.982276579667327163e-02
-1.982297903775367617e-02
-1.982288688287680428e-02
-1.982407112995150308e-02
-1.982371633538472858e-02
-1.982355498701246152e-02
-1.982349489948684665e-02
-1.982353119678971834e-02
-1.982350583901934180e-02
-1.982312803999078041e-02
-1.982392014085019791e-02
-1.982401385632591093e-02
-1.982240693908710050e-02
-1.982205780242400975e-02
-1.982320984395210747e-02
-1.982238696451796636e-02
-1.982374520334505980e-02
-1.982300361200742961e-02
-1.982276684311931950e-02
-1.982317280037071069e-02
-1.982338942267255003e-02
-1.982377851092125692e-02
-1.982297467383163994e-02
-1.982352012676780878e-02
-1.982208782538808986e-02
-1.982361075060920172e-02
-1.982345176838313378e-02
-1.982254625586910707e-02
-1.982377102955378348e-02
-1.982364556639620856e-02
-1.982393006850268966e-02
-1.982192719467531020e-02
-1.982335472033185803e-02
-1.982318251795309183e-02
-1.982400089207569938e-02
-1.982399984666483733e-02
-1.982263919152827542e-02
-1.982285925369178803e-02
-1.982345698978552409e-02
-1.982254243016105463e-02
-1.982322224190202764e-02
-1.982287721017317317e-02
-1.982210405539908821e-02
-1.982364128290289851e-02
-1.982316990737513843e-02
-1.982420151742525158e-02
-1.982366260252984777e-02
-1.982264322467791606e-02
-1.982310762134733076e-02
-1.982289451310051756e-02
-1.982209947861570190e-02
-1.982280233502467862e-02
-1.982386441939024482e-02
-1.982235552817230434e-02
-1.982440171198201345e-02
-1.982278048670818929e-02
-1.982357628589709320e-02
-1.982416478809937918e-02
-1.982335146996836578e-02
-1.982216087563269322e-02
-1.982390832164740782e-02
-1.982340153854897716e-02
-1.982418106451394949e-02
-1.982302407839670044e-02
-1.982319811397762963e-02
-1.982211264671277645e-02
-1.982386785505310667e-02
-1.982279808107620736e-02
-1.982354130676324683e-02
-1.982237482732399081e-02
-1.982182334303620591e-02
-1.982403074155127468e-02
-1.982511389399424159e-02
-1.982360463078679594e-02
-1.982301114037433171e-02
-1.982280585331088613e-02
-1.982306427046027358e-02
-1.982344420200716356e-02
-1.982231435524337351e-02
-1.982382904883424682e-02
-1.982264893924682789e-02
-1.982367571360383468e-02
-1.982287515946231163e-02
-1.982376781618451142e-02
-1.982322947216861794e-02
-1.982435314993003309e-02
-1.982406962568144387e-02
-1.982237811566586044e-02
-1.982349064783994405e-02
-1.982480998524405874e-02
-1.982341221056320088e-02
-1.982302209005029278e-02
-1.982393758561066394e-02
-1.982314759607374174e-02
-1.982403169469332260e-02
-1.982371429574214527e-02
-1.982309027674042726e-02
-1.982512459353171289e-02
-1.982457986325298835e-02
-1.982364326286056855e-02
-1.982407493891558126e-02
-1.982283048088177499e-02
-1.982301938562796087e-02
-1.982416440957150347e-02
-1.982278522685224434e-02
-1.982263242602830614e-02
-1.982427261605825344e-02
-1.982380550271438738e-02
-1.982410317001449124e-02
-1.982347211911277690e-02
-1.982275849522231390e-02
-1.982349308977410240e-02
-1.982381739214680860e-02
-1.982415803131842499e-02
-1.982258258649561775e-02
-1.982291787627889559e-02
-1.982254201886318040e-02
-1.982201125959808657e-02
-1.982384264834377921e-02
-1.982441356198612684e-02
-1.982310276908002752e-02
-1.982299253433211783e-02
-1.982366778396330714e-02
-1.982338941754909975e-02
-1.982489324919204862e-02
-1.982402717924406504e-02
-1.982354042512398870e-02
-1.982297892233964715e-02
-1.982426371377788571e-02
-1.982452533906871664e-02
-1.982303749448782737e-02
-1.982329231526900118e-02
-1.982312045347686333e-02
-1.982375844409063961e-02
-1.982447481049852064e-02
-1.982427789230890164e-02
-1.982313696903353212e-02
-1.982331931202897107e-02
-1.982318830854447669e-02
-1.982291751050394013e-02
-1.982320188675272196e-02
-1.982258210539821972e-02
-1.982278970183793537e-02
-1.982361374997809733e-02
-1.982361849871746781e-02
-1.982309875816242253e-02
-1.982429022323910911e-02
-1.982416159879275483e-02
-1.982333276172524097e-02
-1.982407878648608304e-02
-1.982330556634110882e-02
-1.982343402881803218e-02
-1.982490191143168948e-02
-1.982339840462903763e-02
-1.982235680990798374e-02
-1.982214614564831168e-02
-1.982280921525049130e-02
-1.982431046210518868e-02
-1.982349983216711783e-02
-1.982427337077131632e-02
-1.982349191642236025e-02
-1.982376480792847825e-02
-1.982321732938328168e-02
-1.982411428868038894e-02
-1.982363924855821621e-02
-1.982401715654811755e-02
-1.982361492869863170e-02
-1.982451333907278221e-02
-1.982318673538214365e-02
-1.982418334233364970e-02
-1.982341973539379978e-02
-1.982396577854869668e-02
-1.982414814115182958e-02
-1.982318298776682489e-02
-1.982431923567614176e-02
-1.982477729573877551e-02
-1.982339971768115952e-02
-1.982333176658160334e-02
-1.982319132334487907e-02
-1.982339614783716272e-02
-1.982383991411615712e-02
-1.982393727600455929e-02
-1.982425892672824014e-02
-1.982451130759519883e-02
-1.982344186161979702e-02
-1.982390846728563846e-02
-1.982230781503484945e-02
-1.982296368370433867e-02
-1.982344893449113771e-02
-1.982339935075480911e-02
-1.982347799646247410e-02
-1.982514847471678054e-02
-1.982404637858870694e-02
-1.982256551184859508e-02
-1.982348718965353668e-02
-1.982346684227556319e-02
-1.982465203245739258e-02
-1.982418107051578740e-02
-1.982341154110150994e-02
-1.982458694860668794e-02
-1.982350876440299933e-02
-1.982386741945006345e-02
-1.982411116446545010e-02
-1.982471941690897715e-02
-1.982377723120873694e-02
-1.982295013013073495e-02
-1.982397629752714191e-02
-1.982326548592721824e-02
-1.982332340118830166e-02
-1.982341380205601342e-02
-1.982392024477100737e-02
-1.982301981483495026e-02
-1.982356481025450076e-02
-1.982354941516039845e-02
-1.982376010088315876e-02
-1.982392952817790127e-02
-1.982484991486578238e-02
-1.982370895846704770e-02
-1.982412460508606658e-02
-1.982515110050222726e-02
-1.982420150180711979e-02
-1.982482253007349787e-02
-1.982294903824291868e-02
-1.982355288700990079e-02
-1.982235618127426574e-02
-1.982203622549615421e-02
-1.982215203835501621e-02
-1.982350401919581034e-02
-1.982266233336025044e-02
-1.982290500508161052e-02
-1.982450182717263379e-02
-1.982394467742702379e-02
-1.982215173033610375e-02
-1.982334166509707590e-02
-1.982291554292121144e-02
-1.982412772468817447e-02
-1.982327294353436811e-02
-1.982518897632052496e-02
-1.982356236805915550e-02
-1.982381192263480904e-02
-1.982399227377935544e-02
-1.982306327142799654e-02
-1.982374096936736357e-02
-1.982435076254838655e-02
-1.982368150188544217e-02
-1.982223349965615486e-02
-1.982414951754205359e-02
-1.982341244285035220e-02
-1.982502407918506487e-02
-1.982432962069545154e-02
-1.982355007144777706e-02
-1.982328851079615331e-02
-1.982361473411518166e-02
-1.982344831992473647e-02
-1.982351456412639878e-02
-1.982471638703372716e-02
-1.982467500345793873e-02
-1.982358156009718028e-02
-1.982446244966207943e-02
-1.982335725416341579e-02
-1.982517514350554122e-02
-1.982362154709827601e-02
-1.982364007962863009e-02
-1.982325852954523390e-02
-1.982384785616914114e-02
-1.982307882603602869e-02
-1.982232144809809027e-02
-1.982342989902783140e-02
-1.982352380660851177e-02
-1.982341154425763113e-02
-1.982431029746685794e-02
-1.982270940783438865e-02
-1.982374613844560887e-02
-1.982467027203621210e-02
-1.982218787622127068e-02
-1.982341894331879004e-02
-1.982468737458950234e-02
-1.982325852320069789e-02
-1.982240066778117454e-02
-1.982376587593968550e-02
-1.982289394382520317e-02
-1.982452159470357925e-02
-1.982296563670456549e-02
-1.982344262858364708e-02
-1.982418409903130563e-02
-1.982337341480401235e-02
-1.982364967552632459e-02
-1.982264511612145605e-02
-1.982382854710179262e-02
-1.982322648533830015e-02
-1.982366765529717731e-02
-1.982306722153046388e-02
-1.982417038661288960e-02
-1.982426508033315396e-02
-1.982390509009803944e-02
-1.982516293202164423e-02
-1.982476846375655702e-02
-1.982415787721225273e-02
-1.982443324841484319e-02
-1.982376824710088345e-02
