-4.592372477054595947e-02
-4.593008011579513550e-02
-4.592486470937728882e-02
-4.590566083788871765e-02
-4.594976827502250671e-02
-4.589986056089401245e-02
-4.590786620974540710e-02
-4.594752565026283264e-02
-4.592842236161231995e-02
-4.594091325998306274e-02
-4.594555869698524475e-02
-4.594568908214569092e-02
-4.594930633902549744e-02
-4.592608660459518433e-02
-4.594035819172859192e-02
-4.594564810395240784e-02
-4.597366228699684143e-02
-4.595463350415229797e-02
-4.597106203436851501e-02
-4.595645144581794739e-02
-4.597478732466697693e-02
-4.596908763051033020e-02
-4.596085101366043091e-02
-4.598275572061538696e-02
-4.598774388432502747e-02
-4.599787294864654541e-02
-4.597285762429237366e-02
-4.599291458725929260e-02
-4.600137844681739807e-02
-4.598394781351089478e-02
-4.599859192967414856e-02
-4.601361975073814392e-02
-4.600371792912483215e-02
-4.599901288747787476e-02
-4.601395502686500549e-02
-4.600360244512557983e-02
-4.602272808551788330e-02
-4.601622745394706726e-02
-4.600484296679496765e-02
-4.600913077592849731e-02
-4.601985588669776917e-02
-4.600940644741058350e-02
-4.599374905228614807e-02
-4.603342711925506592e-02
-4.599754139780998230e-02
-4.602373018860816956e-02
-4.602827504277229309e-02
-4.602824151515960693e-02
-4.602102935314178467e-02
-4.602592438459396362e-02
-4.603315889835357666e-02
-4.600058495998382568e-02
-4.599610343575477600e-02
-4.603039845824241638e-02
-4.601959511637687683e-02
-4.602510109543800354e-02
-4.603079333901405334e-02
-4.604186117649078369e-02
-4.604554921388626099e-02
-4.603920131921768188e-02
-4.603146389126777649e-02
-4.602500051259994507e-02
-4.603806883096694946e-02
-4.603013023734092712e-02
-4.601898416876792908e-02
-4.600018635392189026e-02
-4.602293670177459717e-02
-4.601677879691123962e-02
-4.601927846670150757e-02
-4.601628705859184265e-02
-4.602198302745819092e-02
-4.602127522230148315e-02
-4.603667929768562317e-02
-4.604144021868705750e-02
-4.603580385446548462e-02
-4.603644087910652161e-02
-4.604367911815643311e-02
-4.604284837841987610e-02
-4.604113474488258362e-02
-4.603798314929008484e-02
-4.604773968458175659e-02
-4.603258520364761353e-02
-4.603180661797523499e-02
-4.606251418590545654e-02
-4.603902995586395264e-02
-4.603008180856704712e-02
-4.604768380522727966e-02
-4.604517668485641479e-02
-4.604797065258026123e-02
-4.604307562112808228e-02
-4.604402929544448853e-02
-4.602960869669914246e-02
-4.604164510965347290e-02
-4.604206234216690063e-02
-4.603275284171104431e-02
-4.604816809296607971e-02
-4.605995863676071167e-02
-4.603854939341545105e-02
-4.604728892445564270e-02
-4.604858905076980591e-02
-4.603358730673789978e-02
-4.604830220341682434e-02
-4.605554789304733276e-02
-4.605875909328460693e-02
-4.603702202439308167e-02
-4.604707658290863037e-02
-4.604814946651458740e-02
-4.605652391910552979e-02
-4.606509953737258911e-02
-4.604096338152885437e-02
-4.604621604084968567e-02
-4.605137556791305542e-02
-4.605878144502639771e-02
-4.605653509497642517e-02
-4.605856910347938538e-02
-4.605510458350181580e-02
-4.603573307394981384e-02
-4.605482146143913269e-02
-4.605668410658836365e-02
-4.605665057897567749e-02
-4.604817554354667664e-02
-4.606058821082115173e-02
-4.606206342577934265e-02
-4.604865238070487976e-02
-4.606758058071136475e-02
-4.606858640909194946e-02
-4.606571048498153687e-02
-4.605269059538841248e-02
-4.606611654162406921e-02
-4.606588929891586304e-02
-4.605741426348686218e-02
-4.606462642550468445e-02
-4.606283828616142273e-02
-4.605893418192863464e-02
-4.606515541672706604e-02
-4.608142003417015076e-02
-4.606699198484420776e-02
-4.604874551296234131e-02
-4.606994241476058960e-02
-4.607423767447471619e-02
-4.605431482195854187e-02
-4.607446864247322083e-02
-4.607897251844406128e-02
-4.606080427765846252e-02
-4.607388004660606384e-02
-4.608074575662612915e-02
-4.606281965970993042e-02
-4.608313739299774170e-02
-4.607124254107475281e-02
-4.608806595206260681e-02
-4.606423527002334595e-02
-4.605018720030784607e-02
-4.608481377363204956e-02
-4.607842117547988892e-02
-4.607952013611793518e-02
-4.606749862432479858e-02
-4.608781263232231140e-02
-4.606661945581436157e-02
-4.609079286456108093e-02
-4.606201872229576111e-02
-4.609292000532150269e-02
-4.607845097780227661e-02
-4.606350138783454895e-02
-4.608091339468955994e-02
-4.607313498854637146e-02
-4.609819129109382629e-02
-4.607960209250450134e-02
-4.606949537992477417e-02
-4.606796428561210632e-02
-4.608122259378433228e-02
-4.608181491494178772e-02
-4.609587416052818298e-02
-4.606981948018074036e-02
-4.609398543834686279e-02
-4.607610404491424561e-02
-4.608067497611045837e-02
-4.608922451734542847e-02
-4.608052223920822144e-02
-4.609377309679985046e-02
-4.608073458075523376e-02
-4.610278829932212830e-02
-4.608831554651260376e-02
-4.608298838138580322e-02
-4.609362781047821045e-02
-4.607504978775978088e-02
-4.609190672636032104e-02
-4.607862606644630432e-02
-4.607285186648368835e-02
-4.611118882894515991e-02
-4.609325155615806580e-02
-4.607823863625526428e-02
-4.609925672411918640e-02
-4.606745392084121704e-02
-4.610117897391319275e-02
-4.608949646353721619e-02
-4.609191045165061951e-02
-4.608919471502304077e-02
-4.609275981783866882e-02
-4.609699174761772156e-02
-4.609928280115127563e-02
-4.610319435596466064e-02
-4.611186310648918152e-02
-4.610842093825340271e-02
-4.611959680914878845e-02
-4.609680920839309692e-02
-4.610206559300422668e-02
-4.611109942197799683e-02
-4.610588401556015015e-02
-4.610327631235122681e-02
-4.611150175333023071e-02
-4.610387235879898071e-02
-4.611060768365859985e-02
-4.610176756978034973e-02
-4.610990732908248901e-02
-4.610823094844818115e-02
-4.611636325716972351e-02
-4.612185433506965637e-02
-4.610810056328773499e-02
-4.610672965645790100e-02
-4.611945897340774536e-02
-4.611115157604217529e-02
-4.611620679497718811e-02
-4.609011486172676086e-02
-4.610544070601463318e-02
-4.612600058317184448e-02
-4.610942676663398743e-02
-4.611403867602348328e-02
-4.612613096833229065e-02
-4.610856249928474426e-02
-4.612009972333908081e-02
-4.612643271684646606e-02
-4.612058028578758240e-02
-4.611667618155479431e-02
-4.612264409661293030e-02
-4.610779136419296265e-02
-4.611801356077194214e-02
-4.610811173915863037e-02
-4.611428827047348022e-02
-4.611632972955703735e-02
-4.613249003887176514e-02
-4.612702876329421997e-02
-4.613782465457916260e-02
-4.612611234188079834e-02
-4.612172022461891174e-02
-4.612021520733833313e-02
-4.612538963556289673e-02
-4.612395912408828735e-02
-4.612237587571144104e-02
-4.612099379301071167e-02
-4.612665995955467224e-02
-4.614778235554695129e-02
-4.612461477518081665e-02
-4.612988606095314026e-02
-4.610381275415420532e-02
-4.612816497683525085e-02
-4.611326009035110474e-02
-4.612819105386734009e-02
-4.613907635211944580e-02
-4.611333832144737244e-02
-4.612225666642189026e-02
-4.613192006945610046e-02
-4.613325744867324829e-02
-4.614299163222312927e-02
-4.611872509121894836e-02
-4.611666873097419739e-02
-4.611478373408317566e-02
-4.612172022461891174e-02
-4.613507166504859924e-02
-4.614750295877456665e-02
-4.611757025122642517e-02
-4.613066837191581726e-02
-4.612579569220542908e-02
-4.613605514168739319e-02
-4.613887518644332886e-02
-4.612848907709121704e-02
-4.613939672708511353e-02
-4.612971469759941101e-02
-4.613347724080085754e-02
-4.613432660698890686e-02
-4.614121466875076294e-02
-4.613452404737472534e-02
-4.613085091114044189e-02
-4.614181444048881531e-02
-4.611898586153984070e-02
-4.612362012267112732e-02
-4.615037888288497925e-02
-4.613121598958969116e-02
-4.612836986780166626e-02
-4.615396633744239807e-02
-4.614431038498878479e-02
-4.614266008138656616e-02
-4.614387452602386475e-02
-4.613821581006050110e-02
-4.612105339765548706e-02
-4.614308848977088928e-02
-4.612672701478004456e-02
-4.614150896668434143e-02
-4.613153636455535889e-02
-4.615480452775955200e-02
-4.614321514964103699e-02
-4.613795503973960876e-02
-4.613523185253143311e-02
-4.613186791539192200e-02
-4.614286497235298157e-02
-4.614606127142906189e-02
-4.613484069705009460e-02
-4.613580182194709778e-02
-4.615872353315353394e-02
-4.614549130201339722e-02
-4.616985842585563660e-02
-4.615641757845878601e-02
-4.614764079451560974e-02
-4.614458233118057251e-02
-4.614792764186859131e-02
-4.614721611142158508e-02
-4.614250361919403076e-02
-4.615930467844009399e-02
-4.615290090441703796e-02
-4.616056382656097412e-02
-4.616625979542732239e-02
-4.615660011768341064e-02
-4.614504799246788025e-02
-4.614474251866340637e-02
-4.615457355976104736e-02
-4.615603759884834290e-02
-4.615665972232818604e-02
-4.616013541817665100e-02
-4.615927115082740784e-02
-4.616884142160415649e-02
-4.614149779081344604e-02
-4.614449664950370789e-02
-4.613958299160003662e-02
-4.614789038896560669e-02
-4.615857079625129700e-02
-4.615325853228569031e-02
-4.614694043993949890e-02
-4.615966230630874634e-02
-4.616743698716163635e-02
-4.615448042750358582e-02
-4.614943638443946838e-02
-4.615537822246551514e-02
-4.616492614150047302e-02
-4.615266248583793640e-02
-4.615172371268272400e-02
-4.615682736039161682e-02
-4.616345837712287903e-02
-4.615787416696548462e-02
-4.615192860364913940e-02
-4.615577682852745056e-02
-4.614676907658576965e-02
-4.615874588489532471e-02
-4.616053774952888489e-02
-4.614550992846488953e-02
-4.616376385092735291e-02
-4.615830630064010620e-02
-4.615057632327079773e-02
-4.617155715823173523e-02
-4.616369679570198059e-02
-4.613542929291725159e-02
-4.616089537739753723e-02
-4.617970809340476990e-02
-4.615517705678939819e-02
-4.615600779652595520e-02
-4.616602882742881775e-02
-4.618252441287040710e-02
-4.617343097925186157e-02
-4.617314785718917847e-02
-4.617509990930557251e-02
-4.615559428930282593e-02
-4.616811126470565796e-02
-4.615636914968490601e-02
-4.615088924765586853e-02
-4.614786803722381592e-02
-4.616345465183258057e-02
-4.617103561758995056e-02
-4.616423696279525757e-02
-4.616636410355567932e-02
-4.616943374276161194e-02
-4.616585001349449158e-02
-4.616798087954521179e-02
-4.616311937570571899e-02
-4.617409408092498779e-02
-4.616897553205490112e-02
-4.617960005998611450e-02
-4.616918787360191345e-02
-4.617369547486305237e-02
-4.617743194103240967e-02
-4.617971926927566528e-02
-4.618563130497932434e-02
-4.615536704659461975e-02
-4.616836458444595337e-02
-4.617341235280036926e-02
-4.617861658334732056e-02
-4.618329927325248718e-02
-4.616625607013702393e-02
-4.615370929241180420e-02
-4.616146907210350037e-02
-4.617495462298393250e-02
-4.617037251591682434e-02
-4.615994915366172791e-02
-4.614620283246040344e-02
-4.617212712764739990e-02
-4.618025943636894226e-02
-4.616915807127952576e-02
-4.617264494299888611e-02
-4.618553072214126587e-02
-4.617320746183395386e-02
-4.617811739444732666e-02
-4.616365954279899597e-02
-4.617331549525260925e-02
-4.617758467793464661e-02
-4.616593942046165466e-02
-4.618293792009353638e-02
-4.618472605943679810e-02
-4.617254436016082764e-02
-4.617962986230850220e-02
-4.618109390139579773e-02
-4.615645110607147217e-02
-4.616454988718032837e-02
-4.618098214268684387e-02
-4.617189615964889526e-02
-4.617031291127204895e-02
-4.616846516728401184e-02
-4.615942761301994324e-02
-4.615823552012443542e-02
-4.616483300924301147e-02
-4.615582898259162903e-02
-4.616872221231460571e-02
-4.617035016417503357e-02
-4.618814215064048767e-02
-4.618294164538383484e-02
-4.617496207356452942e-02
-4.617210105061531067e-02
-4.617305472493171692e-02
-4.618253931403160095e-02
-4.617465659976005554e-02
-4.618130996823310852e-02
-4.617188498377799988e-02
-4.617103561758995056e-02
-4.616345092654228210e-02
-4.617596045136451721e-02
-4.617458954453468323e-02
-4.617889225482940674e-02
-4.617439210414886475e-02
-4.617663100361824036e-02
-4.617251083254814148e-02
-4.617116227746009827e-02
-4.619611054658889771e-02
-4.616018012166023254e-02
-4.617223516106605530e-02
-4.617632180452346802e-02
-4.618076980113983154e-02
-4.616366326808929443e-02
-4.617422074079513550e-02
-4.617567732930183411e-02
-4.617981612682342529e-02
-4.616327956318855286e-02
-4.616851732134819031e-02
-4.618173092603683472e-02
-4.617921262979507446e-02
-4.617455229163169861e-02
-4.616633802652359009e-02
-4.618810117244720459e-02
-4.616505280137062073e-02
-4.616700857877731323e-02
-4.617909714579582214e-02
-4.619376361370086670e-02
-4.617737233638763428e-02
-4.617340862751007080e-02
-4.617954418063163757e-02
-4.617751017212867737e-02
-4.619000852108001709e-02
-4.617291316390037537e-02
-4.617647081613540649e-02
-4.616935178637504578e-02
-4.617743194103240967e-02
-4.618371650576591492e-02
-4.618884623050689697e-02
-4.617996141314506531e-02
-4.618986323475837708e-02
-4.616168513894081116e-02
-4.616708680987358093e-02
-4.616642370820045471e-02
-4.617258533835411072e-02
-4.617952182888984680e-02
-4.617952927947044373e-02
-4.617316648364067078e-02
-4.616399854421615601e-02
-4.617700725793838501e-02
-4.617502912878990173e-02
-4.616838321089744568e-02
-4.617931321263313293e-02
-4.618043079972267151e-02
-4.617706686258316040e-02
-4.617197811603546143e-02
-4.616718739271163940e-02
-4.617888852953910828e-02
-4.617518931627273560e-02
-4.619527235627174377e-02
-4.616627469658851624e-02
-4.617793112993240356e-02
-4.618146270513534546e-02
-4.618598893284797668e-02
-4.619441926479339600e-02
-4.615824669599533081e-02
-4.618779197335243225e-02
-4.617125913500785828e-02
-4.617982357740402222e-02
-4.616407305002212524e-02
-4.618031904101371765e-02
-4.616951197385787964e-02
-4.617198929190635681e-02
-4.616940394043922424e-02
-4.618387669324874878e-02
-4.618515074253082275e-02
-4.616487398743629456e-02
-4.617110639810562134e-02
-4.617304727435112000e-02
-4.618164524435997009e-02
-4.617494717240333557e-02
-4.617860540747642517e-02
-4.618947207927703857e-02
-4.618468135595321655e-02
-4.618917033076286316e-02
-4.617441073060035706e-02
-4.617152363061904907e-02
-4.617397487163543701e-02
-4.619102925062179565e-02
-4.617429897189140320e-02
-4.617416486144065857e-02
-4.616992920637130737e-02
-4.618496820330619812e-02
-4.617103561758995056e-02
-4.618600755929946899e-02
-4.617597535252571106e-02
-4.618772119283676147e-02
-4.617846757173538208e-02
-4.618689045310020447e-02
-4.617768898606300354e-02
-4.617884382605552673e-02
-4.617322981357574463e-02
-4.618228599429130554e-02
-4.617605358362197876e-02
-4.616848379373550415e-02
-4.618953913450241089e-02
-4.617477580904960632e-02
-4.618824645876884460e-02
-4.616741463541984558e-02
-4.618341103196144104e-02
-4.617541283369064331e-02
-4.618390277028083801e-02
-4.618498310446739197e-02
-4.616460949182510376e-02
-4.616662487387657166e-02
-4.618463292717933655e-02
-4.617888107895851135e-02
-4.616974294185638428e-02
-4.619106277823448181e-02
-4.617822542786598206e-02
-4.618553817272186279e-02
-4.619758203625679016e-02
-4.615949839353561401e-02
-4.618212208151817322e-02
-4.617212712764739990e-02
-4.617941752076148987e-02
-4.618445783853530884e-02
-4.619208723306655884e-02
-4.617415741086006165e-02
-4.618345201015472412e-02
-4.617983475327491760e-02
-4.618946835398674011e-02
-4.619366303086280823e-02
-4.619779810309410095e-02
-4.617124050855636597e-02
-4.618096724152565002e-02
-4.618271812796592712e-02
-4.617712646722793579e-02
-4.617935791611671448e-02
-4.617234319448471069e-02
-4.617784917354583740e-02
-4.620331898331642151e-02
-4.617886245250701904e-02
-4.617114737629890442e-02
-4.616025835275650024e-02
-4.616951569914817810e-02
-4.619141295552253723e-02
-4.617139324545860291e-02
-4.618213325738906860e-02
-4.617661610245704651e-02
-4.619262367486953735e-02
-4.618131369352340698e-02
-4.617472365498542786e-02
-4.618726670742034912e-02
-4.618267342448234558e-02
-4.617869108915328979e-02
-4.619939252734184265e-02
-4.618729650974273682e-02
-4.619758576154708862e-02
-4.618637263774871826e-02
-4.616506770253181458e-02
-4.618312418460845947e-02
-4.619276896119117737e-02
-4.616693034768104553e-02
-4.618057236075401306e-02
-4.617125913500785828e-02
-4.617604240775108337e-02
-4.618132486939430237e-02
-4.618737474083900452e-02
-4.617759212851524353e-02
-4.619020968675613403e-02
-4.618055373430252075e-02
-4.616590216755867004e-02
-4.619819298386573792e-02
-4.619051888585090637e-02
-4.615765064954757690e-02
-4.617668315768241882e-02
-4.618543013930320740e-02
-4.618434607982635498e-02
-4.618753865361213684e-02
-4.618174955248832703e-02
-4.616304114460945129e-02
-4.617726057767868042e-02
-4.619563370943069458e-02
-4.617997258901596069e-02
-4.617850109934806824e-02
-4.619087278842926025e-02
-4.618310183286666870e-02
-4.617418348789215088e-02
-4.617710411548614502e-02
-4.617721214890480042e-02
-4.618046805262565613e-02
-4.619003459811210632e-02
-4.619256407022476196e-02
-4.618379846215248108e-02
-4.617870226502418518e-02
-4.617549851536750793e-02
-4.618449136614799500e-02
-4.617026075720787048e-02
-4.617676883935928345e-02
-4.618041962385177612e-02
-4.617736488580703735e-02
-4.619384929537773132e-02
-4.619332775473594666e-02
-4.618109390139579773e-02
-4.618258774280548096e-02
-4.617927223443984985e-02
-4.617730900645256042e-02
-4.618478938937187195e-02
-4.618157818913459778e-02
-4.617553204298019409e-02
-4.618794843554496765e-02
-4.618339240550994873e-02
-4.618113487958908081e-02
-4.618041962385177612e-02
-4.618108645081520081e-02
-4.618372023105621338e-02
-4.618196189403533936e-02
-4.619080200791358948e-02
-4.617963731288909912e-02
-4.617294296622276306e-02
-4.620443284511566162e-02
-4.620094969868659973e-02
-4.617746546864509583e-02
-4.619386419653892517e-02
-4.618591442704200745e-02
-4.616690054535865784e-02
-4.619167372584342957e-02
-4.617709293961524963e-02
-4.618230834603309631e-02
-4.617977514863014221e-02
-4.619213566184043884e-02
-4.617862403392791748e-02
-4.618073627352714539e-02
-4.617580026388168335e-02
-4.618836566805839539e-02
-4.620027169585227966e-02
-4.617829993367195129e-02
-4.619543999433517456e-02
-4.618308320641517639e-02
-4.616897553205490112e-02
-4.617690294981002808e-02
-4.618432372808456421e-02
-4.618771001696586609e-02
-4.618950560688972473e-02
-4.617352411150932312e-02
-4.618645831942558289e-02
-4.618617519736289978e-02
-4.619069397449493408e-02
-4.618193209171295166e-02
-4.618412628769874573e-02
-4.618218913674354553e-02
-4.618656262755393982e-02
-4.619900509715080261e-02
-4.616849496960639954e-02
-4.618983343243598938e-02
-4.617817327380180359e-02
-4.618491232395172119e-02
-4.618324339389801025e-02
-4.617187008261680603e-02
-4.618965089321136475e-02
-4.617474600672721863e-02
-4.620371013879776001e-02
-4.620219394564628601e-02
-4.617538675665855408e-02
-4.618283361196517944e-02
-4.617043212056159973e-02
-4.617649689316749573e-02
-4.620029404759407043e-02
-4.618866741657257080e-02
-4.618266597390174866e-02
-4.619262740015983582e-02
-4.619104787707328796e-02
-4.618230089545249939e-02
-4.618683084845542908e-02
-4.619180411100387573e-02
-4.618193209171295166e-02
-4.618040844798088074e-02
-4.619277641177177429e-02
-4.618343338370323181e-02
-4.618113487958908081e-02
-4.617967829108238220e-02
-4.619194939732551575e-02
-4.619214683771133423e-02
-4.617618769407272339e-02
-4.618231579661369324e-02
-4.617867618799209595e-02
-4.617832228541374207e-02
-4.619113728404045105e-02
-4.620637744665145874e-02
-4.618321731686592102e-02
-4.618339985609054565e-02
-4.616167768836021423e-02
-4.617798700928688049e-02
-4.619525372982025146e-02
-4.617935046553611755e-02
-4.616897180676460266e-02
-4.617338255047798157e-02
-4.618359357118606567e-02
-4.616877064108848572e-02
-4.618730768561363220e-02
-4.618664830923080444e-02
-4.618212208151817322e-02
-4.619175568222999573e-02
-4.618781059980392456e-02
-4.619366303086280823e-02
-4.617951437830924988e-02
-4.618055745959281921e-02
-4.617492482066154480e-02
-4.618427529931068420e-02
-4.618515074253082275e-02
-4.618643969297409058e-02
-4.618751630187034607e-02
-4.619073122739791870e-02
-4.620020091533660889e-02
-4.619468376040458679e-02
-4.619599133729934692e-02
-4.616995900869369507e-02
-4.618914052844047546e-02
-4.619595035910606384e-02
-4.618944600224494934e-02
-4.618671163916587830e-02
-4.617284238338470459e-02
-4.620435461401939392e-02
-4.618378356099128723e-02
-4.619132727384567261e-02
-4.618261009454727173e-02
-4.618562757968902588e-02
-4.619293659925460815e-02
-4.617941007018089294e-02
-4.618375375866889954e-02
-4.620463028550148010e-02
-4.617979004979133606e-02
-4.618821293115615845e-02
-4.618185013532638550e-02
-4.618914425373077393e-02
-4.617715999484062195e-02
-4.619119316339492798e-02
-4.619297012686729431e-02
-4.618820175528526306e-02
-4.618597403168678284e-02
-4.617242887616157532e-02
-4.618520662188529968e-02
-4.618427529931068420e-02
-4.619358107447624207e-02
-4.618880897760391235e-02
-4.619167745113372803e-02
-4.616706073284149170e-02
-4.619061201810836792e-02
-4.619037359952926636e-02
-4.619773104786872864e-02
-4.618764296174049377e-02
-4.620404168963432312e-02
-4.618749767541885376e-02
-4.619387909770011902e-02
-4.618899524211883545e-02
-4.618070647120475769e-02
-4.618444666266441345e-02
-4.618014395236968994e-02
-4.618545621633529663e-02
-4.618824273347854614e-02
-4.619271680712699890e-02
-4.620494320988655090e-02
-4.618284851312637329e-02
-4.618809744715690613e-02
-4.618204012513160706e-02
-4.619004949927330017e-02
-4.619082063436508179e-02
-4.616598039865493774e-02
-4.619267210364341736e-02
-4.618158563971519470e-02
-4.617711529135704041e-02
-4.617862030863761902e-02
-4.619424045085906982e-02
-4.620116204023361206e-02
-4.617080837488174438e-02
-4.619793221354484558e-02
-4.619477316737174988e-02
-4.617971554398536682e-02
-4.617460072040557861e-02
-4.618633911013603210e-02
-4.617401584982872009e-02
-4.620354622602462769e-02
-4.619694501161575317e-02
-4.620351642370223999e-02
-4.618101194500923157e-02
-4.618664085865020752e-02
-4.619403555989265442e-02
-4.618895426392555237e-02
-4.619365558028221130e-02
-4.618534073233604431e-02
-4.618452116847038269e-02
-4.618545994162559509e-02
-4.619794338941574097e-02
-4.618007689714431763e-02
-4.620400816202163696e-02
-4.617399349808692932e-02
-4.616878181695938110e-02
-4.617837816476821899e-02
-4.620223119854927063e-02
-4.617619886994361877e-02
-4.618767276406288147e-02
-4.618931934237480164e-02
-4.618835821747779846e-02
-4.617527872323989868e-02
-4.619838669896125793e-02
-4.618786275386810303e-02
-4.617480933666229248e-02
-4.619984701275825500e-02
-4.618358239531517029e-02
-4.618104547262191772e-02
-4.618429392576217651e-02
-4.618714004755020142e-02
-4.618626087903976440e-02
-4.616641253232955933e-02
-4.619578272104263306e-02
-4.619197174906730652e-02
-4.618465155363082886e-02
-4.619009420275688171e-02
-4.620518535375595093e-02
-4.617969691753387451e-02
-4.618319496512413025e-02
-4.617765173316001892e-02
-4.619576036930084229e-02
-4.618768393993377686e-02
-4.619463905692100525e-02
-4.618410393595695496e-02
-4.618522152304649353e-02
-4.617770016193389893e-02
-4.619300737977027893e-02
-4.619773849844932556e-02
-4.619144275784492493e-02
-4.618572071194648743e-02
-4.619361832737922668e-02
-4.617710039019584656e-02
-4.620036110281944275e-02
-4.618214070796966553e-02
-4.619580134749412537e-02
-4.618392512202262878e-02
-4.618887603282928467e-02
-4.618238657712936401e-02
-4.618204757571220398e-02
-4.619171097874641418e-02
-4.616622626781463623e-02
-4.618773981928825378e-02
-4.618751630187034607e-02
-4.618240520358085632e-02
-4.619052261114120483e-02
-4.619421437382698059e-02
-4.618728533387184143e-02
-4.616747051477432251e-02
-4.618524387478828430e-02
-4.619088396430015564e-02
-4.619823396205902100e-02
-4.619164392352104187e-02
-4.619168117642402649e-02
-4.618456214666366577e-02
-4.618233069777488708e-02
-4.620169848203659058e-02
-4.621700569987297058e-02
-4.618721082806587219e-02
-4.618868976831436157e-02
-4.617720097303390503e-02
-4.618771001696586609e-02
-4.618994891643524170e-02
-4.619411006569862366e-02
-4.618697613477706909e-02
-4.618251696228981018e-02
-4.619849845767021179e-02
-4.618110135197639465e-02
-4.617855697870254517e-02
-4.618861526250839233e-02
-4.619730263948440552e-02
-4.617223516106605530e-02
-4.618830606341362000e-02
-4.620083048939704895e-02
-4.619014635682106018e-02
-4.620170965790748596e-02
-4.619161039590835571e-02
-4.618416354060173035e-02
-4.619019106030464172e-02
-4.619365185499191284e-02
-4.618429392576217651e-02
-4.619047790765762329e-02
-4.619761556386947632e-02
-4.619391635060310364e-02
-4.619135707616806030e-02
-4.619781300425529480e-02
-4.619360715150833130e-02
-4.619523137807846069e-02
-4.617961123585700989e-02
-4.617599025368690491e-02
-4.619575664401054382e-02
-4.617475718259811401e-02
-4.618258401751518250e-02
-4.619143158197402954e-02
-4.617118090391159058e-02
-4.619030654430389404e-02
-4.618741199374198914e-02
-4.618585482239723206e-02
-4.617867991328239441e-02
-4.619546607136726379e-02
-4.618571698665618896e-02
-4.617131128907203674e-02
-4.619035869836807251e-02
-4.619984328746795654e-02
-4.619071632623672485e-02
-4.618884995579719543e-02
-4.617919772863388062e-02
-4.619286209344863892e-02
-4.618813842535018921e-02
-4.618550464510917664e-02
-4.618778452277183533e-02
-4.618533328175544739e-02
-4.619104415178298950e-02
-4.618082940578460693e-02
-4.619814455509185791e-02
-4.618031904101371765e-02
-4.618909582495689392e-02
-4.618919268250465393e-02
-4.618274047970771790e-02
-4.618110880255699158e-02
-4.619797691702842712e-02
-4.619867727160453796e-02
-4.618640616536140442e-02
-4.618920385837554932e-02
-4.619927331805229187e-02
-4.619949683547019958e-02
-4.617254436016082764e-02
-4.618881270289421082e-02
-4.618980363011360168e-02
-4.619117453694343567e-02
-4.619371518492698669e-02
-4.620086401700973511e-02
-4.618323221802711487e-02
-4.617151245474815369e-02
-4.618790373206138611e-02
-4.618467763066291809e-02
-4.619769752025604248e-02
-4.617886245250701904e-02
-4.618830606341362000e-02
-4.618452861905097961e-02
-4.619600996375083923e-02
-4.617868363857269287e-02
-4.620277509093284607e-02
-4.618680104613304138e-02
-4.618321731686592102e-02
-4.618724808096885681e-02
-4.619081690907478333e-02
-4.618315026164054871e-02
-4.617847502231597900e-02
-4.619157686829566956e-02
-4.619046673178672791e-02
-4.620391875505447388e-02
-4.619097337126731873e-02
-4.617768153548240662e-02
-4.618684947490692139e-02
-4.618726298213005066e-02
-4.620075598359107971e-02
-4.617448896169662476e-02
-4.619274288415908813e-02
