-8.264490962028503418e-02
-8.283901214599609375e-02
-8.282968401908874512e-02
-8.288613706827163696e-02
-8.289821445941925049e-02
-8.299885690212249756e-02
-8.295100182294845581e-02
-8.304009586572647095e-02
-8.297534286975860596e-02
-8.299191296100616455e-02
-8.294650912284851074e-02
-8.295477926731109619e-02
-8.289077877998352051e-02
-8.282835781574249268e-02
-8.290655910968780518e-02
-8.286980539560317993e-02
-8.284100145101547241e-02
-8.286482095718383789e-02
-8.296725153923034668e-02
-8.294210582971572876e-02
-8.301240205764770508e-02
-8.301967382431030273e-02
-8.303034305572509766e-02
-8.305022120475769043e-02
-8.312948793172836304e-02
-8.309503644704818726e-02
-8.308029174804687500e-02
-8.313723653554916382e-02
-8.310538530349731445e-02
-8.309821039438247681e-02
-8.320134133100509644e-02
-8.317133784294128418e-02
-8.324388414621353149e-02
-8.320371806621551514e-02
-8.325564116239547729e-02
-8.317487686872482300e-02
-8.329322189092636108e-02
-8.324719965457916260e-02
-8.325879275798797607e-02
-8.329080045223236084e-02
-8.337041735649108887e-02
-8.328942209482192993e-02
-8.334451168775558472e-02
-8.334852010011672974e-02
-8.337015658617019653e-02
-8.336506783962249756e-02
-8.338524401187896729e-02
-8.340580761432647705e-02
-8.340138942003250122e-02
-8.337947726249694824e-02
-8.346883207559585571e-02
-8.344599604606628418e-02
-8.342823386192321777e-02
-8.351018279790878296e-02
-8.348434418439865112e-02
-8.351368457078933716e-02
-8.353661745786666870e-02
-8.351293951272964478e-02
-8.348367363214492798e-02
-8.353746682405471802e-02
-8.354727923870086670e-02
-8.361249417066574097e-02
-8.360470831394195557e-02
-8.363357931375503540e-02
-8.356140553951263428e-02
-8.354998379945755005e-02
-8.354648947715759277e-02
-8.358831703662872314e-02
-8.361414819955825806e-02
-8.362305909395217896e-02
-8.356665074825286865e-02
-8.367107808589935303e-02
-8.363357931375503540e-02
-8.365769684314727783e-02
-8.364323526620864868e-02
-8.370550721883773804e-02
-8.372867852449417114e-02
-8.377991616725921631e-02
-8.369638770818710327e-02
-8.381898701190948486e-02
-8.375468105077743530e-02
-8.368805795907974243e-02
-8.378770202398300171e-02
-8.374012261629104614e-02
-8.375428617000579834e-02
-8.373247087001800537e-02
-8.383992314338684082e-02
-8.383350819349288940e-02
-8.388099074363708496e-02
-8.386833220720291138e-02
-8.387664705514907837e-02
-8.385132253170013428e-02
-8.393117785453796387e-02
-8.399377018213272095e-02
-8.401013165712356567e-02
-8.401228487491607666e-02
-8.406012505292892456e-02
-8.408472687005996704e-02
-8.403880894184112549e-02
-8.413918316364288330e-02
-8.410951495170593262e-02
-8.411779254674911499e-02
-8.417223393917083740e-02
-8.422965556383132935e-02
-8.419566601514816284e-02
-8.424066007137298584e-02
-8.429218828678131104e-02
-8.472760021686553955e-02
-8.460713177919387817e-02
-8.433589339256286621e-02
-8.433835953474044800e-02
-8.461864292621612549e-02
-8.472990244626998901e-02
-8.426387608051300049e-02
-8.424350619316101074e-02
-8.448682725429534912e-02
-8.429236710071563721e-02
-8.425270766019821167e-02
-8.456490933895111084e-02
-8.419590443372726440e-02
-8.437398076057434082e-02
-8.435743302106857300e-02
-8.556339144706726074e-02
-8.454272896051406860e-02
-8.459890633821487427e-02
-8.472283184528350830e-02
-8.408854156732559204e-02
-8.442681282758712769e-02
-8.413162082433700562e-02
-8.412007242441177368e-02
-8.414820581674575806e-02
-8.426962047815322876e-02
-8.451290428638458252e-02
-8.412048965692520142e-02
-8.431504666805267334e-02
-8.430443704128265381e-02
-8.400760591030120850e-02
-8.413437008857727051e-02
-8.374801278114318848e-02
-8.406743407249450684e-02
-8.427707105875015259e-02
-8.371030539274215698e-02
-8.409667760133743286e-02
-8.374188840389251709e-02
-8.371321111917495728e-02
-8.450961858034133911e-02
-8.431111276149749756e-02
-8.354144543409347534e-02
-8.378920704126358032e-02
-8.404214680194854736e-02
-8.464623987674713135e-02
-8.412621915340423584e-02
-8.369340002536773682e-02
-8.392652124166488647e-02
-8.407136797904968262e-02
-8.390477299690246582e-02
-8.367653191089630127e-02
-8.445052057504653931e-02
-8.410633355379104614e-02
-8.353395760059356689e-02
-8.359213918447494507e-02
-8.321259170770645142e-02
-8.341075479984283447e-02
-8.387002348899841309e-02
-8.426605910062789917e-02
-8.347210288047790527e-02
-8.376629650592803955e-02
-8.377490192651748657e-02
-8.380952477455139160e-02
-8.395431935787200928e-02
-8.400069922208786011e-02
-8.298985660076141357e-02
-8.337592333555221558e-02
-8.348966389894485474e-02
-8.336672186851501465e-02
-8.325829356908798218e-02
-8.388957381248474121e-02
-8.430819213390350342e-02
-8.429109305143356323e-02
-8.342514932155609131e-02
-8.318382501602172852e-02
-8.377989381551742554e-02
-8.427029103040695190e-02
-8.353933691978454590e-02
-8.331566303968429565e-02
-8.355847746133804321e-02
-8.261011540889739990e-02
-8.224443346261978149e-02
-8.250248432159423828e-02
-8.313499391078948975e-02
-8.298531919717788696e-02
-8.317255973815917969e-02
-8.389145880937576294e-02
-8.358526974916458130e-02
-8.353002369403839111e-02
-8.323993533849716187e-02
-8.346287161111831665e-02
-8.359750360250473022e-02
-8.389558643102645874e-02
-8.374552428722381592e-02
-8.374913036823272705e-02
-8.391062915325164795e-02
-8.399071544408798218e-02
-8.452402055263519287e-02
-8.412826806306838989e-02
-8.433672785758972168e-02
-8.404212445020675659e-02
-8.432772010564804077e-02
-8.516044169664382935e-02
-8.436712622642517090e-02
-8.395048230886459351e-02
-8.453115820884704590e-02
-8.415874838829040527e-02
-8.485231548547744751e-02
-8.401857316493988037e-02
-8.391024917364120483e-02
-8.388671278953552246e-02
-8.403512090444564819e-02
-8.417657762765884399e-02
-8.432329446077346802e-02
-8.353482186794281006e-02
-8.338613063097000122e-02
-8.347905427217483521e-02
-8.357913047075271606e-02
-8.367256820201873779e-02
-8.368945866823196411e-02
-8.386735618114471436e-02
-8.386444300413131714e-02
-8.385723084211349487e-02
-8.396562933921813965e-02
-8.404684811830520630e-02
-8.397840708494186401e-02
-8.409786969423294067e-02
-8.401837199926376343e-02
-8.405750244855880737e-02
-8.421719819307327271e-02
-8.397291600704193115e-02
-8.449298888444900513e-02
-8.454331010580062866e-02
-8.381135761737823486e-02
-8.369389921426773071e-02
-8.430147916078567505e-02
-8.444877713918685913e-02
-8.385793864727020264e-02
-8.378373831510543823e-02
-8.435874432325363159e-02
-8.409624546766281128e-02
-8.418310433626174927e-02
-8.504156768321990967e-02
-8.453480154275894165e-02
-8.412523567676544189e-02
-8.425409346818923950e-02
-8.458581566810607910e-02
-8.525897562503814697e-02
-8.526679128408432007e-02
-8.462405949831008911e-02
-8.419255167245864868e-02
-8.399167656898498535e-02
-8.396528661251068115e-02
-8.406669646501541138e-02
-8.419051766395568848e-02
-8.451399207115173340e-02
-8.416180312633514404e-02
-8.419027179479598999e-02
-8.401613682508468628e-02
-8.427269011735916138e-02
-8.449707180261611938e-02
-8.404532074928283691e-02
-8.411293476819992065e-02
-8.456803113222122192e-02
-8.403266966342926025e-02
-8.328568190336227417e-02
-8.356247097253799438e-02
-8.361956477165222168e-02
-8.329968899488449097e-02
-8.347021043300628662e-02
-8.389104902744293213e-02
-8.353303372859954834e-02
-8.345113694667816162e-02
-8.411405235528945923e-02
-8.465091139078140259e-02
-8.436468243598937988e-02
-8.348450064659118652e-02
-8.352579921483993530e-02
-8.357504755258560181e-02
-8.367259055376052856e-02
-8.381042629480361938e-02
-8.387325704097747803e-02
-8.441250771284103394e-02
-8.349982649087905884e-02
-8.339807391166687012e-02
-8.334591984748840332e-02
-8.342007547616958618e-02
-8.357092738151550293e-02
-8.373788744211196899e-02
-8.365960419178009033e-02
-8.370935171842575073e-02
-8.376371115446090698e-02
-8.438739180564880371e-02
-8.379275351762771606e-02
-8.405581116676330566e-02
-8.412030339241027832e-02
-8.385004848241806030e-02
-8.389364182949066162e-02
-8.414451777935028076e-02
-8.421570807695388794e-02
-8.461121469736099243e-02
-8.436511456966400146e-02
-8.440641313791275024e-02
-8.483107388019561768e-02
-8.434762805700302124e-02
-8.439549058675765991e-02
-8.460868895053863525e-02
-8.441091328859329224e-02
-8.473333716392517090e-02
-8.526482433080673218e-02
-8.456494659185409546e-02
-8.449354022741317749e-02
-8.454357087612152100e-02
-8.452232182025909424e-02
-8.458335697650909424e-02
-8.434499055147171021e-02
-8.425600826740264893e-02
-8.429749310016632080e-02
-8.455777913331985474e-02
-8.430968225002288818e-02
-8.476739376783370972e-02
-8.477811515331268311e-02
-8.447108417749404907e-02
-8.427830785512924194e-02
-8.422916382551193237e-02
-8.420481532812118530e-02
-8.425495028495788574e-02
-8.422452956438064575e-02
-8.423472940921783447e-02
-8.433125913143157959e-02
-8.442279696464538574e-02
-8.487380295991897583e-02
-8.496458083391189575e-02
-8.461365103721618652e-02
-8.470369130373001099e-02
-8.435907214879989624e-02
-8.440895378589630127e-02
-8.436843007802963257e-02
-8.471284061670303345e-02
-8.437012135982513428e-02
-8.499743044376373291e-02
-8.439348638057708740e-02
-8.454871922731399536e-02
-8.436573296785354614e-02
-8.437128365039825439e-02
-8.435115963220596313e-02
-8.463249355554580688e-02
-8.494623005390167236e-02
-8.474961668252944946e-02
-8.449437469244003296e-02
-8.439268916845321655e-02
-8.436925709247589111e-02
-8.459652960300445557e-02
-8.453308045864105225e-02
-8.414026349782943726e-02
-8.387169241905212402e-02
-8.391273766756057739e-02
-8.367344737052917480e-02
-8.380503952503204346e-02
-8.387956768274307251e-02
-8.379867672920227051e-02
-8.381281793117523193e-02
-8.375737816095352173e-02
-8.378024399280548096e-02
-8.389876037836074829e-02
-8.473963290452957153e-02
-8.464321494102478027e-02
-8.438304811716079712e-02
-8.463625609874725342e-02
-8.425280451774597168e-02
-8.415345102548599243e-02
-8.405570685863494873e-02
-8.408144116401672363e-02
-8.405889570713043213e-02
-8.401618152856826782e-02
-8.412621915340423584e-02
-8.422792702913284302e-02
-8.421970158815383911e-02
-8.418367803096771240e-02
-8.442983031272888184e-02
-8.441359549760818481e-02
-8.434941619634628296e-02
-8.482404053211212158e-02
-8.448769897222518921e-02
-8.431664854288101196e-02
-8.460010588169097900e-02
-8.460767567157745361e-02
-8.437319099903106689e-02
-8.446637541055679321e-02
-8.433987200260162354e-02
-8.447123318910598755e-02
-8.444876968860626221e-02
-8.442001044750213623e-02
-8.463947474956512451e-02
-8.447109907865524292e-02
-8.441025763750076294e-02
-8.452914655208587646e-02
-8.450376242399215698e-02
-8.428650349378585815e-02
-8.441994339227676392e-02
-8.526044338941574097e-02
-8.391170948743820190e-02
-8.345244824886322021e-02
-8.365318179130554199e-02
-8.377251029014587402e-02
-8.378212153911590576e-02
-8.387046307325363159e-02
-8.396973460912704468e-02
-8.407095074653625488e-02
-8.411364257335662842e-02
-8.412993699312210083e-02
-8.404752612113952637e-02
-8.416277915239334106e-02
-8.416119217872619629e-02
-8.422036468982696533e-02
-8.433534204959869385e-02
-8.456836640834808350e-02
-8.411125838756561279e-02
-8.397241681814193726e-02
-8.394142985343933105e-02
-8.405001461505889893e-02
-8.395287394523620605e-02
-8.409274369478225708e-02
-8.411385864019393921e-02
-8.407190442085266113e-02
-8.405245095491409302e-02
-8.433812111616134644e-02
-8.472679555416107178e-02
-8.436451852321624756e-02
-8.429263532161712646e-02
-8.437805622816085815e-02
-8.440402150154113770e-02
-8.477000147104263306e-02
-8.403633534908294678e-02
-8.395697921514511108e-02
-8.396847546100616455e-02
-8.399738371372222900e-02
-8.400701731443405151e-02
-8.405899256467819214e-02
-8.399543166160583496e-02
-8.410035073757171631e-02
-8.412245661020278931e-02
-8.407793939113616943e-02
-8.412291109561920166e-02
-8.418444544076919556e-02
-8.432172983884811401e-02
-8.425071835517883301e-02
-8.427591621875762939e-02
-8.416496217250823975e-02
-8.422838151454925537e-02
-8.421171456575393677e-02
-8.435387909412384033e-02
-8.457095175981521606e-02
-8.452478796243667603e-02
-8.449756354093551636e-02
-8.459924161434173584e-02
-8.434928208589553833e-02
-8.412749320268630981e-02
-8.402107656002044678e-02
-8.418163657188415527e-02
-8.410957455635070801e-02
-8.406504243612289429e-02
-8.444620668888092041e-02
-8.416222035884857178e-02
-8.397896587848663330e-02
-8.392794430255889893e-02
-8.393698185682296753e-02
-8.380307257175445557e-02
-8.392193913459777832e-02
-8.398609608411788940e-02
-8.410356938838958740e-02
-8.386997878551483154e-02
-8.384989202022552490e-02
-8.385769277811050415e-02
-8.383855968713760376e-02
-8.405486494302749634e-02
-8.395037055015563965e-02
-8.396823704242706299e-02
-8.409037441015243530e-02
-8.391569554805755615e-02
-8.394287526607513428e-02
-8.396615833044052124e-02
-8.392923325300216675e-02
-8.383397012948989868e-02
-8.432172238826751709e-02
-8.373461663722991943e-02
-8.371874690055847168e-02
-8.330756425857543945e-02
-8.320409059524536133e-02
-8.329129219055175781e-02
-8.278112858533859253e-02
-8.327879756689071655e-02
-8.338609337806701660e-02
-8.342767506837844849e-02
-8.387348055839538574e-02
-8.387808501720428467e-02
-8.413396030664443970e-02
-8.401968330144882202e-02
-8.419718593358993530e-02
-8.396077901124954224e-02
-8.394405990839004517e-02
-8.409389853477478027e-02
-8.406428247690200806e-02
-8.408418297767639160e-02
-8.405414223670959473e-02
-8.395366370677947998e-02
-8.396570384502410889e-02
-8.427935093641281128e-02
-8.390434086322784424e-02
-8.406179398298263550e-02
-8.417282998561859131e-02
-8.407650887966156006e-02
-8.419787138700485229e-02
-8.416219055652618408e-02
-8.414827287197113037e-02
-8.409053832292556763e-02
-8.395929634571075439e-02
-8.394895493984222412e-02
-8.390660583972930908e-02
-8.401780575513839722e-02
-8.390890806913375854e-02
-8.399424701929092407e-02
-8.403997868299484253e-02
-8.407584577798843384e-02
-8.410306274890899658e-02
-8.396092802286148071e-02
-8.387084305286407471e-02
-8.390539139509201050e-02
-8.385341614484786987e-02
-8.399865776300430298e-02
-8.399716764688491821e-02
-8.433043211698532104e-02
-8.406773954629898071e-02
-8.420041948556900024e-02
-8.404376357793807983e-02
-8.399286121129989624e-02
-8.412621915340423584e-02
-8.401959389448165894e-02
-8.433345705270767212e-02
-8.430023491382598877e-02
-8.415779471397399902e-02
-8.425343781709671021e-02
-8.414694666862487793e-02
-8.416518568992614746e-02
-8.410403877496719360e-02
-8.424578607082366943e-02
-8.423207700252532959e-02
-8.432514965534210205e-02
-8.430290967226028442e-02
-8.529158681631088257e-02
-8.452311903238296509e-02
-8.438356220722198486e-02
-8.417432755231857300e-02
-8.419993519783020020e-02
-8.422841876745223999e-02
-8.427587896585464478e-02
-8.433427661657333374e-02
-8.428476750850677490e-02
-8.433274179697036743e-02
-8.431717753410339355e-02
-8.426686376333236694e-02
-8.424714952707290649e-02
-8.424072712659835815e-02
-8.430013060569763184e-02
-8.447840064764022827e-02
-8.445343375205993652e-02
-8.438887447118759155e-02
-8.445413410663604736e-02
-8.441551029682159424e-02
-8.440952748060226440e-02
-8.450423926115036011e-02
-8.428660035133361816e-02
-8.432700484991073608e-02
-8.451201766729354858e-02
-8.439136296510696411e-02
-8.444385975599288940e-02
-8.452264219522476196e-02
-8.487327396869659424e-02
-8.441617339849472046e-02
-8.429389446973800659e-02
-8.429227024316787720e-02
-8.445814996957778931e-02
-8.433143794536590576e-02
-8.437471836805343628e-02
-8.522427827119827271e-02
-8.502940833568572998e-02
-8.450179547071456909e-02
-8.419554680585861206e-02
-8.457002043724060059e-02
-8.424391597509384155e-02
-8.410271257162094116e-02
-8.415882289409637451e-02
-8.420529961585998535e-02
-8.424142748117446899e-02
-8.429556339979171753e-02
-8.423081785440444946e-02
-8.423216640949249268e-02
-8.425184339284896851e-02
-8.441027998924255371e-02
-8.434375375509262085e-02
-8.427263051271438599e-02
-8.426404744386672974e-02
-8.429653942584991455e-02
-8.437981456518173218e-02
-8.429721742868423462e-02
-8.439506590366363525e-02
-8.443862944841384888e-02
-8.431354910135269165e-02
-8.442230522632598877e-02
-8.435619622468948364e-02
-8.479402214288711548e-02
-8.442015200853347778e-02
-8.438613265752792358e-02
-8.438228070735931396e-02
-8.439651131629943848e-02
-8.438463509082794189e-02
-8.440437912940979004e-02
-8.440908789634704590e-02
-8.449568599462509155e-02
-8.462334424257278442e-02
-8.456072211265563965e-02
-8.451633155345916748e-02
-8.462378382682800293e-02
-8.452854305505752563e-02
-8.446957916021347046e-02
-8.441521972417831421e-02
-8.450942486524581909e-02
-8.450170606374740601e-02
-8.520491421222686768e-02
-8.498270064592361450e-02
-8.473023772239685059e-02
-8.460775762796401978e-02
-8.445943146944046021e-02
-8.434093743562698364e-02
-8.439669758081436157e-02
-8.466766029596328735e-02
-8.451564610004425049e-02
-8.442870527505874634e-02
-8.450891822576522827e-02
-8.438555151224136353e-02
-8.440377563238143921e-02
-8.443231880664825439e-02
-8.440806716680526733e-02
-8.442031592130661011e-02
-8.449445664882659912e-02
-8.448175340890884399e-02
-8.444145321846008301e-02
-8.442855626344680786e-02
-8.438199013471603394e-02
-8.441353589296340942e-02
-8.445506542921066284e-02
-8.450870960950851440e-02
-8.467546850442886353e-02
-8.448582142591476440e-02
-8.445873111486434937e-02
-8.451981842517852783e-02
-8.447577804327011108e-02
-8.448638767004013062e-02
-8.455986529588699341e-02
-8.452972769737243652e-02
-8.461975306272506714e-02
-8.490976691246032715e-02
-8.548466116189956665e-02
-8.519057184457778931e-02
-8.472521603107452393e-02
-8.471547067165374756e-02
-8.455738425254821777e-02
-8.452279120683670044e-02
-8.444584161043167114e-02
-8.445198833942413330e-02
-8.450682461261749268e-02
-8.462921530008316040e-02
-8.506885915994644165e-02
-8.490464836359024048e-02
-8.449650555849075317e-02
-8.450894057750701904e-02
-8.464597165584564209e-02
-8.444009721279144287e-02
-8.447399735450744629e-02
-8.446303755044937134e-02
-8.448041230440139771e-02
-8.451923727989196777e-02
-8.451896160840988159e-02
-8.474116772413253784e-02
-8.512891083955764771e-02
-8.449961245059967041e-02
-8.449803292751312256e-02
-8.467821031808853149e-02
-8.503585308790206909e-02
-8.499909192323684692e-02
-8.484800159931182861e-02
-8.455210179090499878e-02
-8.451232314109802246e-02
-8.459603041410446167e-02
-8.451817184686660767e-02
-8.446522057056427002e-02
-8.449707925319671631e-02
-8.451304584741592407e-02
-8.450239151716232300e-02
-8.457526564598083496e-02
-8.428756147623062134e-02
-8.356062322854995728e-02
-8.358278125524520874e-02
-8.353423327207565308e-02
-8.372183144092559814e-02
-8.390498906373977661e-02
-8.398909866809844971e-02
-8.407534658908843994e-02
-8.403214067220687866e-02
-8.405514806509017944e-02
-8.405467122793197632e-02
-8.426202833652496338e-02
-8.424551784992218018e-02
-8.426629006862640381e-02
-8.425484597682952881e-02
-8.422889560461044312e-02
-8.424426615238189697e-02
-8.427894860506057739e-02
-8.428256958723068237e-02
-8.459040522575378418e-02
-8.514524251222610474e-02
-8.449772745370864868e-02
-8.435313403606414795e-02
-8.417987078428268433e-02
-8.408053964376449585e-02
-8.414032310247421265e-02
-8.422297984361648560e-02
-8.416952937841415405e-02
-8.424199372529983521e-02
-8.423972874879837036e-02
-8.431847393512725830e-02
-8.430953323841094971e-02
-8.421184867620468140e-02
-8.424969762563705444e-02
-8.415982127189636230e-02
-8.416572958230972290e-02
-8.434497565031051636e-02
-8.440832048654556274e-02
-8.451615273952484131e-02
-8.430351316928863525e-02
-8.441991358995437622e-02
-8.438868820667266846e-02
-8.440547436475753784e-02
-8.424265682697296143e-02
-8.429631590843200684e-02
-8.432470262050628662e-02
-8.439752459526062012e-02
-8.426777273416519165e-02
-8.435884863138198853e-02
-8.438365161418914795e-02
-8.434797078371047974e-02
-8.438424021005630493e-02
-8.437688648700714111e-02
-8.443910628557205200e-02
-8.437959104776382446e-02
-8.436819165945053101e-02
-8.431281894445419312e-02
-8.446918427944183350e-02
-8.443062752485275269e-02
-8.474209159612655640e-02
-8.471249043941497803e-02
-8.485238999128341675e-02
-8.444115519523620605e-02
-8.477067202329635620e-02
-8.473306149244308472e-02
-8.493056148290634155e-02
-8.456767350435256958e-02
-8.440991491079330444e-02
-8.432766795158386230e-02
-8.431862294673919678e-02
-8.429876714944839478e-02
-8.432056754827499390e-02
-8.460523188114166260e-02
-8.437510579824447632e-02
-8.441451936960220337e-02
-8.445344865322113037e-02
-8.443046361207962036e-02
-8.446504920721054077e-02
-8.445527404546737671e-02
-8.451016247272491455e-02
-8.448252826929092407e-02
-8.464220911264419556e-02
-8.441946655511856079e-02
-8.457480370998382568e-02
-8.453945070505142212e-02
-8.468800038099288940e-02
-8.482858538627624512e-02
-8.463536202907562256e-02
-8.454808592796325684e-02
-8.462521433830261230e-02
-8.455566316843032837e-02
-8.457116782665252686e-02
-8.451167494058609009e-02
-8.454075455665588379e-02
-8.454529196023941040e-02
-8.455249667167663574e-02
-8.456896245479583740e-02
-8.458200842142105103e-02
-8.449364453554153442e-02
-8.463858067989349365e-02
-8.453538268804550171e-02
-8.454181253910064697e-02
-8.464600890874862671e-02
-8.450887352228164673e-02
-8.445890247821807861e-02
-8.451707661151885986e-02
-8.448397368192672729e-02
-8.458585292100906372e-02
-8.455388993024826050e-02
-8.458263427019119263e-02
-8.460739254951477051e-02
-8.480627089738845825e-02
-8.468157798051834106e-02
-8.458169549703598022e-02
-8.460687100887298584e-02
-8.449478447437286377e-02
-8.490612357854843140e-02
-8.475337922573089600e-02
-8.458063751459121704e-02
-8.453705161809921265e-02
-8.449848741292953491e-02
-8.448667079210281372e-02
-8.456096798181533813e-02
-8.444669842720031738e-02
-8.441384136676788330e-02
-8.434428274631500244e-02
-8.449915051460266113e-02
-8.441755175590515137e-02
-8.456169068813323975e-02
-8.450804650783538818e-02
-8.467169106006622314e-02
-8.465848863124847412e-02
-8.446947485208511353e-02
-8.456494659185409546e-02
-8.464010059833526611e-02
-8.445218205451965332e-02
-8.453468233346939087e-02
-8.438822627067565918e-02
-8.451022952795028687e-02
-8.452784270048141479e-02
-8.458217233419418335e-02
-8.450184762477874756e-02
-8.456716686487197876e-02
-8.465427905321121216e-02
-8.450245112180709839e-02
-8.456698060035705566e-02
-8.458616584539413452e-02
-8.436555415391921997e-02
-8.472170680761337280e-02
-8.454544842243194580e-02
-8.450842648744583130e-02
-8.447591215372085571e-02
-8.448045700788497925e-02
-8.447936922311782837e-02
-8.446817845106124878e-02
-8.447431027889251709e-02
-8.441357314586639404e-02
-8.448385447263717651e-02
-8.441312611103057861e-02
-8.432792127132415771e-02
-8.433815836906433105e-02
-8.438815176486968994e-02
-8.449033647775650024e-02
-8.446622639894485474e-02
-8.446773886680603027e-02
-8.439735323190689087e-02
-8.441274613142013550e-02
-8.443383127450942993e-02
-8.445877581834793091e-02
-8.459936082363128662e-02
-8.447293192148208618e-02
-8.444687724113464355e-02
-8.442114293575286865e-02
-8.448942750692367554e-02
-8.457703888416290283e-02
-8.450642228126525879e-02
-8.448456972837448120e-02
-8.453335613012313843e-02
-8.450601249933242798e-02
-8.450688421726226807e-02
-8.448701351881027222e-02
-8.451104909181594849e-02
-8.445561677217483521e-02
-8.445832133293151855e-02
-8.444961905479431152e-02
-8.447012305259704590e-02
-8.446475863456726074e-02
-8.444073051214218140e-02
-8.457740396261215210e-02
-8.462496101856231689e-02
-8.450551331043243408e-02
-8.443962782621383667e-02
-8.450702577829360962e-02
-8.446189016103744507e-02
-8.455882966518402100e-02
-8.451888710260391235e-02
-8.449865877628326416e-02
-8.472662419080734253e-02
-8.461839705705642700e-02
-8.458183705806732178e-02
-8.455570042133331299e-02
-8.454013615846633911e-02
-8.450765907764434814e-02
-8.456979691982269287e-02
-8.454114943742752075e-02
-8.453006297349929810e-02
-8.448522537946701050e-02
-8.445853739976882935e-02
-8.451525866985321045e-02
-8.450711518526077271e-02
-8.452010899782180786e-02
-8.450410515069961548e-02
-8.451600372791290283e-02
-8.461538702249526978e-02
-8.452182263135910034e-02
-8.453531563282012939e-02
-8.461195975542068481e-02
-8.464183658361434937e-02
-8.462725579738616943e-02
-8.465909212827682495e-02
-8.460513502359390259e-02
-8.450575172901153564e-02
-8.452448993921279907e-02
-8.458967506885528564e-02
-8.450604975223541260e-02
-8.454880118370056152e-02
-8.462110161781311035e-02
-8.450384438037872314e-02
-8.464726805686950684e-02
-8.452029526233673096e-02
-8.453350514173507690e-02
-8.450812846422195435e-02
-8.448074758052825928e-02
-8.467634767293930054e-02
-8.458066731691360474e-02
-8.457478135824203491e-02
-8.456869423389434814e-02
-8.447960764169692993e-02
-8.449508249759674072e-02
-8.431573212146759033e-02
-8.430507779121398926e-02
-8.429516106843948364e-02
-8.427412807941436768e-02
-8.430088311433792114e-02
-8.430352807044982910e-02
-8.437017351388931274e-02
-8.444698154926300049e-02
-8.453578501939773560e-02
-8.440838754177093506e-02
-8.433361351490020752e-02
-8.441606909036636353e-02
-8.439667522907257080e-02
-8.440906554460525513e-02
-8.458337932825088501e-02
-8.444681018590927124e-02
-8.440294861793518066e-02
-8.463667333126068115e-02
-8.460792899131774902e-02
-8.450295776128768921e-02
-8.451351523399353027e-02
-8.452992141246795654e-02
-8.455472439527511597e-02
-8.451620489358901978e-02
-8.449772745370864868e-02
-8.453344553709030151e-02
-8.449452370405197144e-02
-8.452829718589782715e-02
-8.448787778615951538e-02
-8.454590290784835815e-02
-8.455727994441986084e-02
-8.454691618680953979e-02
-8.456949889659881592e-02
-8.454378694295883179e-02
-8.455017954111099243e-02
-8.453623205423355103e-02
-8.454795181751251221e-02
-8.458387106657028198e-02
-8.454958349466323853e-02
-8.453045785427093506e-02
-8.460678905248641968e-02
-8.466535061597824097e-02
-8.455959707498550415e-02
-8.459253609180450439e-02
-8.457531034946441650e-02
-8.461294323205947876e-02
-8.464297652244567871e-02
-8.454581350088119507e-02
-8.460251241922378540e-02
-8.458948880434036255e-02
-8.468230068683624268e-02
-8.473282307386398315e-02
-8.465243875980377197e-02
-8.466594666242599487e-02
-8.479018509387969971e-02
-8.461456745862960815e-02
-8.467712253332138062e-02
-8.459855616092681885e-02
-8.460233360528945923e-02
-8.458490669727325439e-02
-8.468361943960189819e-02
-8.499459177255630493e-02
-8.486714214086532593e-02
-8.476875722408294678e-02
-8.458585292100906372e-02
-8.463928103446960449e-02
-8.470802754163742065e-02
-8.479014039039611816e-02
-8.473022282123565674e-02
-8.473966270685195923e-02
-8.467584103345870972e-02
-8.465544879436492920e-02
-8.464030176401138306e-02
-8.468602597713470459e-02
-8.457521349191665649e-02
-8.455578237771987915e-02
-8.452958613634109497e-02
-8.460549265146255493e-02
-8.456053584814071655e-02
-8.451148867607116699e-02
-8.456712216138839722e-02
-8.460101485252380371e-02
-8.458472043275833130e-02
-8.461069315671920776e-02
-8.456701785326004028e-02
-8.460850268602371216e-02
-8.457800745964050293e-02
-8.464353531599044800e-02
-8.456756919622421265e-02
-8.457492291927337646e-02
-8.460213989019393921e-02
-8.464994281530380249e-02
-8.455833047628402710e-02
-8.463602513074874878e-02
-8.459262549877166748e-02
-8.462098985910415649e-02
-8.464597165584564209e-02
-8.464254438877105713e-02
-8.458587527275085449e-02
-8.451881259679794312e-02
-8.466748148202896118e-02
-8.463615924119949341e-02
-8.462876826524734497e-02
-8.476494252681732178e-02
-8.462841063737869263e-02
-8.457914739847183228e-02
-8.456346392631530762e-02
-8.456746488809585571e-02
-8.461778610944747925e-02
-8.456232398748397827e-02
-8.456551283597946167e-02
-8.454571664333343506e-02
-8.458002656698226929e-02
-8.462128043174743652e-02
-8.459392935037612915e-02
-8.457311242818832397e-02
-8.457264304161071777e-02
-8.461496233940124512e-02
-8.456458896398544312e-02
-8.458093553781509399e-02
-8.464273065328598022e-02
-8.460073918104171753e-02
-8.462377637624740601e-02
-8.463929593563079834e-02
-8.459101617336273193e-02
-8.457335829734802246e-02
-8.459515869617462158e-02
-8.462713658809661865e-02
-8.458650857210159302e-02
-8.459697663784027100e-02
-8.459778875112533569e-02
-8.471148461103439331e-02
-8.456239104270935059e-02
-8.474793285131454468e-02
-8.470431715250015259e-02
-8.459316194057464600e-02
-8.458688110113143921e-02
-8.490370213985443115e-02
-8.470244705677032471e-02
-8.468259871006011963e-02
-8.454485237598419189e-02
-8.461728692054748535e-02
-8.459295332431793213e-02
-8.457085490226745605e-02
-8.457981795072555542e-02
-8.461949229240417480e-02
-8.463136106729507446e-02
-8.460953086614608765e-02
-8.462283015251159668e-02
-8.458085358142852783e-02
-8.458336442708969116e-02
-8.467681705951690674e-02
-8.478499203920364380e-02
-8.490372449159622192e-02
-8.471634984016418457e-02
-8.466915041208267212e-02
-8.465643227100372314e-02
-8.457858860492706299e-02
-8.469679951667785645e-02
-8.470918983221054077e-02
-8.466223627328872681e-02
-8.461936563253402710e-02
-8.457995206117630005e-02
-8.464518934488296509e-02
-8.470628410577774048e-02
-8.458245545625686646e-02
-8.460161089897155762e-02
-8.460743725299835205e-02
-8.460722118616104126e-02
-8.456879109144210815e-02
-8.458881080150604248e-02
-8.460639417171478271e-02
-8.453817665576934814e-02
-8.460114151239395142e-02
-8.457542210817337036e-02
-8.458312600851058960e-02
-8.462102711200714111e-02
-8.471129834651947021e-02
-8.459948003292083740e-02
-8.460111171007156372e-02
-8.459822088479995728e-02
-8.462158590555191040e-02
-8.467063307762145996e-02
-8.466734737157821655e-02
-8.449408411979675293e-02
-8.456228673458099365e-02
-8.453008532524108887e-02
-8.454672992229461670e-02
-8.454725891351699829e-02
-8.452521264553070068e-02
-8.450817316770553589e-02
-8.451290428638458252e-02
-8.454666286706924438e-02
-8.452644944190979004e-02
-8.457752317190170288e-02
-8.454105257987976074e-02
-8.459596335887908936e-02
-8.464812487363815308e-02
-8.458998799324035645e-02
-8.457257598638534546e-02
-8.460525423288345337e-02
-8.457975834608078003e-02
-8.462765067815780640e-02
-8.458796888589859009e-02
-8.458960801362991333e-02
-8.460942655801773071e-02
-8.459147065877914429e-02
-8.457621186971664429e-02
-8.462348580360412598e-02
-8.456002175807952881e-02
-8.456828445196151733e-02
-8.457723259925842285e-02
-8.455011248588562012e-02
-8.455518633127212524e-02
-8.460236340761184692e-02
-8.455774933099746704e-02
-8.460020273923873901e-02
-8.457788079977035522e-02
-8.459757268428802490e-02
-8.468426018953323364e-02
-8.462845534086227417e-02
-8.464203774929046631e-02
-8.465270698070526123e-02
-8.467438071966171265e-02
-8.464120328426361084e-02
-8.460163325071334839e-02
-8.463683724403381348e-02
-8.462043851613998413e-02
-8.458952605724334717e-02
-8.467865735292434692e-02
-8.459345251321792603e-02
-8.459501713514328003e-02
-8.460035175085067749e-02
-8.464110642671585083e-02
-8.457939326763153076e-02
-8.458944410085678101e-02
-8.459199965000152588e-02
-8.459175378084182739e-02
-8.460319787263870239e-02
-8.458039164543151855e-02
-8.460234105587005615e-02
-8.461485803127288818e-02
-8.468880504369735718e-02
-8.546983450651168823e-02
-8.494509756565093994e-02
-8.481182903051376343e-02
-8.461965620517730713e-02
-8.476023375988006592e-02
-8.493418991565704346e-02
-8.482919633388519287e-02
-8.496090769767761230e-02
-8.490620553493499756e-02
-8.468223363161087036e-02
-8.452633023262023926e-02
-8.452758938074111938e-02
-8.453415334224700928e-02
-8.452029526233673096e-02
-8.456972986459732056e-02
-8.456191420555114746e-02
-8.457528054714202881e-02
-8.460057526826858521e-02
-8.460297435522079468e-02
-8.459292352199554443e-02
-8.456266671419143677e-02
-8.461132645606994629e-02
-8.460532128810882568e-02
-8.457680046558380127e-02
-8.455460518598556519e-02
-8.460316061973571777e-02
-8.455874770879745483e-02
-8.458105474710464478e-02
-8.458057045936584473e-02
-8.460168540477752686e-02
-8.457904309034347534e-02
-8.462361246347427368e-02
-8.461000025272369385e-02
-8.459492772817611694e-02
-8.457377552986145020e-02
-8.460269123315811157e-02
-8.460648357868194580e-02
-8.461867272853851318e-02
-8.458135277032852173e-02
-8.459507673978805542e-02
-8.463116735219955444e-02
-8.461137115955352783e-02
-8.457001298666000366e-02
-8.470125496387481689e-02
-8.462209999561309814e-02
-8.464935421943664551e-02
-8.464071154594421387e-02
-8.459125459194183350e-02
-8.462604880332946777e-02
-8.464424312114715576e-02
-8.457773178815841675e-02
-8.457782119512557983e-02
-8.460786193609237671e-02
-8.463039994239807129e-02
-8.458255231380462646e-02
-8.463140577077865601e-02
-8.462808281183242798e-02
-8.462676405906677246e-02
-8.464730530977249146e-02
-8.471044152975082397e-02
-8.461525291204452515e-02
-8.456783741712570190e-02
-8.461860567331314087e-02
-8.467931300401687622e-02
-8.461067080497741699e-02
-8.454379439353942871e-02
-8.464644849300384521e-02
-8.459823578596115112e-02
-8.454806357622146606e-02
-8.458925783634185791e-02
-8.463130891323089600e-02
-8.465966582298278809e-02
-8.474018424749374390e-02
-8.463328331708908081e-02
-8.457802236080169678e-02
-8.454129844903945923e-02
-8.459481596946716309e-02
-8.461552113294601440e-02
-8.460386097431182861e-02
-8.464352786540985107e-02
-8.463011682033538818e-02
-8.455329388380050659e-02
-8.458804339170455933e-02
-8.459673821926116943e-02
-8.459481596946716309e-02
-8.462531864643096924e-02
-8.459003269672393799e-02
-8.461032062768936157e-02
-8.461107313632965088e-02
-8.460431545972824097e-02
-8.460227400064468384e-02
-8.460740745067596436e-02
-8.458153158426284790e-02
-8.456865698099136353e-02
-8.459488302469253540e-02
-8.463898301124572754e-02
-8.462119847536087036e-02
-8.460653573274612427e-02
-8.459581434726715088e-02
-8.470938354730606079e-02
-8.462567627429962158e-02
-8.481437712907791138e-02
-8.468808978796005249e-02
-8.460514992475509644e-02
-8.457916229963302612e-02
-8.456908166408538818e-02
-8.457628637552261353e-02
-8.461001515388488770e-02
-8.463136851787567139e-02
-8.461313694715499878e-02
-8.458127826452255249e-02
-8.463465422391891479e-02
-8.463116735219955444e-02
-8.461673557758331299e-02
-8.463153243064880371e-02
-8.466006070375442505e-02
-8.468594402074813843e-02
-8.470182865858078003e-02
-8.477644622325897217e-02
-8.479145914316177368e-02
-8.476313203573226929e-02
-8.466725796461105347e-02
-8.461460471153259277e-02
-8.466554433107376099e-02
-8.463831245899200439e-02
-8.472119271755218506e-02
-8.475298434495925903e-02
-8.462962508201599121e-02
-8.474022895097732544e-02
-8.467786014080047607e-02
-8.459711819887161255e-02
-8.459861576557159424e-02
-8.465451747179031372e-02
-8.458158373832702637e-02
-8.457063138484954834e-02
-8.462509512901306152e-02
-8.468488603830337524e-02
-8.464265614748001099e-02
-8.459401875734329224e-02
-8.457318693399429321e-02
-8.468951284885406494e-02
-8.458612859249114990e-02
-8.457342535257339478e-02
-8.460081368684768677e-02
-8.459485322237014771e-02
-8.458150178194046021e-02
-8.460715413093566895e-02
-8.460663259029388428e-02
-8.458235114812850952e-02
-8.459082990884780884e-02
-8.461241424083709717e-02
-8.463909476995468140e-02
-8.464084565639495850e-02
-8.465065807104110718e-02
-8.458033949136734009e-02
-8.465497940778732300e-02
-8.464770764112472534e-02
-8.460327237844467163e-02
-8.469544351100921631e-02
-8.460982143878936768e-02
-8.469776809215545654e-02
-8.462283015251159668e-02
-8.464208990335464478e-02
-8.468718826770782471e-02
-8.466753363609313965e-02
-8.477738499641418457e-02
-8.474066108465194702e-02
-8.471199125051498413e-02
-8.474162966012954712e-02
-8.475791662931442261e-02
-8.468986302614212036e-02
-8.462114632129669189e-02
-8.475955575704574585e-02
-8.472021669149398804e-02
-8.473078161478042603e-02
-8.462803065776824951e-02
-8.461193740367889404e-02
-8.462987840175628662e-02
-8.461121469736099243e-02
-8.459416031837463379e-02
-8.468624949455261230e-02
-8.461690694093704224e-02
-8.462692052125930786e-02
-8.459249883890151978e-02
-8.462015539407730103e-02
-8.459624648094177246e-02
-8.458893001079559326e-02
-8.465460687875747681e-02
-8.464255183935165405e-02
-8.456554263830184937e-02
-8.458200097084045410e-02
-8.453538268804550171e-02
-8.470757305622100830e-02
-8.462493866682052612e-02
-8.453529328107833862e-02
-8.462126553058624268e-02
-8.471104502677917480e-02
-8.462759852409362793e-02
-8.471442013978958130e-02
-8.471148461103439331e-02
-8.470198512077331543e-02
-8.471935242414474487e-02
-8.476345986127853394e-02
-8.461876213550567627e-02
-8.456717431545257568e-02
-8.455900102853775024e-02
-8.459014445543289185e-02
-8.455095440149307251e-02
-8.456925302743911743e-02
-8.458407968282699585e-02
-8.465211838483810425e-02
-8.455429971218109131e-02
-8.458754420280456543e-02
-8.454658836126327515e-02
-8.458020538091659546e-02
-8.462134748697280884e-02
-8.459261804819107056e-02
-8.454418927431106567e-02
-8.459322154521942139e-02
-8.459968119859695435e-02
-8.458996564149856567e-02
-8.462618291378021240e-02
-8.456440269947052002e-02
-8.458228409290313721e-02
-8.459914475679397583e-02
-8.468361198902130127e-02
-8.465693891048431396e-02
-8.462820947170257568e-02
-8.465155959129333496e-02
-8.462829142808914185e-02
-8.476012200117111206e-02
-8.480388671159744263e-02
-8.478013426065444946e-02
-8.473877608776092529e-02
-8.472850173711776733e-02
-8.478508889675140381e-02
-8.474162966012954712e-02
-8.471116423606872559e-02
-8.462134003639221191e-02
-8.470200002193450928e-02
-8.468432724475860596e-02
-8.467509597539901733e-02
-8.461126685142517090e-02
-8.459948003292083740e-02
-8.465210348367691040e-02
-8.464687317609786987e-02
-8.448427170515060425e-02
-8.445450663566589355e-02
-8.443631976842880249e-02
-8.446894586086273193e-02
-8.443064987659454346e-02
-8.447324484586715698e-02
-8.447136729955673218e-02
-8.449909090995788574e-02
-8.452049642801284790e-02
-8.445017784833908081e-02
-8.450178056955337524e-02
-8.449195325374603271e-02
-8.444806188344955444e-02
-8.449319750070571899e-02
-8.453264087438583374e-02
-8.453618735074996948e-02
-8.453358709812164307e-02
-8.453033119440078735e-02
-8.447989821434020996e-02
-8.451668173074722290e-02
-8.457067608833312988e-02
-8.459097892045974731e-02
-8.458243310451507568e-02
-8.459966629743576050e-02
-8.455269038677215576e-02
-8.451908081769943237e-02
-8.460804075002670288e-02
-8.459684252738952637e-02
-8.457915484905242920e-02
-8.454583585262298584e-02
-8.457150310277938843e-02
-8.454391360282897949e-02
-8.459267020225524902e-02
-8.457297831773757935e-02
-8.462717384099960327e-02
-8.460518717765808105e-02
-8.466659486293792725e-02
-8.461453020572662354e-02
-8.463512361049652100e-02
-8.460951596498489380e-02
-8.460743725299835205e-02
-8.461055904626846313e-02
-8.464813977479934692e-02
-8.464001119136810303e-02
-8.458930999040603638e-02
-8.464345335960388184e-02
-8.461745083332061768e-02
-8.463171124458312988e-02
-8.463461697101593018e-02
-8.469928056001663208e-02
-8.464090526103973389e-02
-8.465222269296646118e-02
-8.464699238538742065e-02
-8.462313562631607056e-02
-8.466370403766632080e-02
-8.460958302021026611e-02
-8.466864377260208130e-02
-8.469006419181823730e-02
-8.463839441537857056e-02
-8.464429527521133423e-02
-8.464597165584564209e-02
-8.466068655252456665e-02
-8.458526432514190674e-02
-8.478385955095291138e-02
-8.470936864614486694e-02
-8.467046171426773071e-02
-8.465436846017837524e-02
-8.462148159742355347e-02
-8.461900800466537476e-02
-8.461496233940124512e-02
-8.464345335960388184e-02
-8.468372374773025513e-02
-8.457379788160324097e-02
-8.465179800987243652e-02
-8.470985293388366699e-02
-8.464782685041427612e-02
-8.458744734525680542e-02
-8.459951728582382202e-02
-8.460591733455657959e-02
-8.457965403795242310e-02
-8.461092412471771240e-02
-8.461056649684906006e-02
-8.461073786020278931e-02
-8.461441099643707275e-02
-8.460608869791030884e-02
-8.458488434553146362e-02
-8.461794257164001465e-02
-8.459009975194931030e-02
-8.461372554302215576e-02
-8.460695296525955200e-02
-8.457805961370468140e-02
-8.461002260446548462e-02
-8.464138954877853394e-02
-8.466719835996627808e-02
-8.464484661817550659e-02
-8.462582528591156006e-02
-8.461627364158630371e-02
-8.467525988817214966e-02
-8.462902903556823730e-02
-8.467422425746917725e-02
-8.469346910715103149e-02
-8.466874063014984131e-02
-8.462871611118316650e-02
-8.472233265638351440e-02
-8.465538918972015381e-02
-8.460200577974319458e-02
-8.465579897165298462e-02
-8.463250100612640381e-02
-8.466913551092147827e-02
-8.461575955152511597e-02
-8.463846147060394287e-02
-8.460731804370880127e-02
-8.461681753396987915e-02
-8.463580161333084106e-02
-8.460298180580139160e-02
-8.466282486915588379e-02
-8.464387804269790649e-02
-8.460461348295211792e-02
-8.462702482938766479e-02
-8.464675396680831909e-02
-8.463621884584426880e-02
-8.471142500638961792e-02
-8.469466120004653931e-02
-8.463688939809799194e-02
-8.463068306446075439e-02
-8.465249836444854736e-02
-8.467770367860794067e-02
-8.464556187391281128e-02
-8.462276309728622437e-02
-8.465839177370071411e-02
-8.465453982353210449e-02
-8.463747799396514893e-02
-8.468388020992279053e-02
-8.465085923671722412e-02
-8.468960225582122803e-02
-8.466983586549758911e-02
-8.467714488506317139e-02
-8.468146622180938721e-02
-8.467341214418411255e-02
-8.464403450489044189e-02
-8.463390171527862549e-02
-8.466745167970657349e-02
-8.464153110980987549e-02
-8.464624732732772827e-02
-8.466780930757522583e-02
-8.465755730867385864e-02
-8.467987924814224243e-02
-8.465137332677841187e-02
-8.465699106454849243e-02
-8.465778082609176636e-02
-8.467679470777511597e-02
-8.464322984218597412e-02
-8.464135974645614624e-02
-8.465330302715301514e-02
-8.463572710752487183e-02
-8.465667814016342163e-02
-8.462250977754592896e-02
-8.465734869241714478e-02
-8.462835103273391724e-02
-8.465375751256942749e-02
-8.465085923671722412e-02
-8.464518934488296509e-02
-8.482698351144790649e-02
-8.470113575458526611e-02
-8.471124619245529175e-02
-8.472375571727752686e-02
-8.479682356119155884e-02
-8.472446352243423462e-02
-8.467038720846176147e-02
-8.464913815259933472e-02
-8.462153375148773193e-02
-8.458939939737319946e-02
-8.461295068264007568e-02
-8.461084216833114624e-02
-8.459191769361495972e-02
-8.458390086889266968e-02
-8.463706821203231812e-02
-8.466495573520660400e-02
-8.459540456533432007e-02
-8.461230248212814331e-02
-8.463231474161148071e-02
-8.460787683725357056e-02
-8.464880287647247314e-02
-8.464290201663970947e-02
-8.470562845468521118e-02
-8.460691571235656738e-02
-8.467574417591094971e-02
-8.467400819063186646e-02
-8.465265482664108276e-02
-8.466022461652755737e-02
-8.465446531772613525e-02
-8.463767915964126587e-02
-8.459813892841339111e-02
-8.462429791688919067e-02
-8.462931960821151733e-02
-8.460745215415954590e-02
-8.463396877050399780e-02
-8.466210961341857910e-02
-8.462410420179367065e-02
-8.467727154493331909e-02
-8.467284590005874634e-02
-8.464942127466201782e-02
-8.461310714483261108e-02
-8.462966233491897583e-02
-8.465109765529632568e-02
-8.462811261415481567e-02
-8.462134748697280884e-02
-8.459503203630447388e-02
-8.465774357318878174e-02
-8.461578190326690674e-02
-8.465138822793960571e-02
-8.464275300502777100e-02
-8.459829539060592651e-02
-8.466389030218124390e-02
-8.460613340139389038e-02
-8.470610529184341431e-02
-8.469859510660171509e-02
-8.469478785991668701e-02
-8.466432243585586548e-02
-8.465877175331115723e-02
-8.465265482664108276e-02
-8.465227484703063965e-02
-8.465632796287536621e-02
-8.467528223991394043e-02
-8.471836894750595093e-02
-8.466301858425140381e-02
-8.466808497905731201e-02
-8.467654883861541748e-02
-8.465024828910827637e-02
-8.463390171527862549e-02
-8.449094742536544800e-02
-8.465346693992614746e-02
-8.466897904872894287e-02
-8.463975787162780762e-02
-8.464540541172027588e-02
-8.466432988643646240e-02
-8.469203859567642212e-02
-8.466340601444244385e-02
-8.462179452180862427e-02
-8.465477824211120605e-02
-8.464852720499038696e-02
-8.463529497385025024e-02
-8.460937440395355225e-02
-8.463563024997711182e-02
-8.470278233289718628e-02
-8.466280996799468994e-02
-8.471646159887313843e-02
-8.468497544527053833e-02
-8.466731011867523193e-02
-8.466940373182296753e-02
-8.464603126049041748e-02
-8.460502326488494873e-02
-8.464541286230087280e-02
-8.476723730564117432e-02
-8.470243960618972778e-02
-8.466783165931701660e-02
-8.466730266809463501e-02
-8.460564911365509033e-02
-8.464253693819046021e-02
-8.463819324970245361e-02
-8.465467393398284912e-02
-8.466513454914093018e-02
-8.468011766672134399e-02
-8.460449427366256714e-02
-8.465845882892608643e-02
-8.466525375843048096e-02
-8.469217270612716675e-02
-8.468781411647796631e-02
-8.465328812599182129e-02
-8.466126769781112671e-02
-8.465261012315750122e-02
-8.467055112123489380e-02
-8.463133871555328369e-02
-8.465947955846786499e-02
-8.463483303785324097e-02
-8.462293446063995361e-02
-8.462605625391006470e-02
-8.467367291450500488e-02
-8.456668257713317871e-02
-8.466979116201400757e-02
-8.462799340486526489e-02
-8.468738943338394165e-02
-8.462885767221450806e-02
-8.468990772962570190e-02
-8.464731276035308838e-02
-8.467098325490951538e-02
-8.467520773410797119e-02
-8.466254174709320068e-02
-8.462729305028915405e-02
-8.467002958059310913e-02
-8.468042314052581787e-02
-8.467189967632293701e-02
-8.466050028800964355e-02
-8.463423699140548706e-02
-8.463647216558456421e-02
-8.467584103345870972e-02
-8.465072512626647949e-02
-8.471931517124176025e-02
-8.472109586000442505e-02
-8.465650677680969238e-02
-8.464254438877105713e-02
-8.463586866855621338e-02
-8.465394377708435059e-02
-8.466073870658874512e-02
-8.462456613779067993e-02
-8.466805517673492432e-02
-8.467070013284683228e-02
-8.466256409883499146e-02
-8.463049679994583130e-02
-8.461125195026397705e-02
-8.465038985013961792e-02
-8.466856926679611206e-02
-8.462615311145782471e-02
-8.467089384794235229e-02
-8.468858897686004639e-02
-8.465515822172164917e-02
-8.464040607213973999e-02
-8.461443334817886353e-02
-8.465211093425750732e-02
-8.462887257337570190e-02
-8.463051170110702515e-02
-8.464578539133071899e-02
-8.460629731416702271e-02
-8.460055291652679443e-02
-8.458249270915985107e-02
-8.462615311145782471e-02
-8.463345468044281006e-02
-8.461128175258636475e-02
-8.459768444299697876e-02
-8.463583886623382568e-02
-8.462473750114440918e-02
-8.466447144746780396e-02
-8.459000289440155029e-02
-8.461313694715499878e-02
-8.465091884136199951e-02
-8.464290201663970947e-02
-8.467039465904235840e-02
-8.465524017810821533e-02
-8.462979644536972046e-02
-8.458629250526428223e-02
-8.467244356870651245e-02
-8.465803414583206177e-02
-8.459631353616714478e-02
-8.464857190847396851e-02
-8.461230248212814331e-02
-8.462057262659072876e-02
-8.461911976337432861e-02
-8.467993140220642090e-02
-8.466620743274688721e-02
-8.462681621313095093e-02
-8.465395122766494751e-02
-8.463858067989349365e-02
-8.462663739919662476e-02
-8.462247997522354126e-02
-8.462608605623245239e-02
-8.464627712965011597e-02
-8.463554829359054565e-02
-8.465860784053802490e-02
-8.463416993618011475e-02
-8.470793068408966064e-02
-8.471587300300598145e-02
-8.473575860261917114e-02
-8.472696691751480103e-02
-8.472288399934768677e-02
-8.469017595052719116e-02
-8.466587215662002563e-02
-8.463624119758605957e-02
-8.465950936079025269e-02
-8.468040078878402710e-02
-8.463545143604278564e-02
-8.466193079948425293e-02
-8.463262766599655151e-02
-8.466038107872009277e-02
-8.467669785022735596e-02
-8.467223495244979858e-02
-8.467555791139602661e-02
-8.466605842113494873e-02
-8.466489613056182861e-02
-8.465067297220230103e-02
-8.466872572898864746e-02
-8.468721807003021240e-02
-8.465231209993362427e-02
-8.472783863544464111e-02
-8.466614037752151489e-02
-8.464967459440231323e-02
-8.469725400209426880e-02
-8.465919643640518188e-02
-8.464779704809188843e-02
-8.464959263801574707e-02
-8.465982228517532349e-02
-8.465704321861267090e-02
-8.468312770128250122e-02
-8.468761295080184937e-02
-8.468655496835708618e-02
-8.467320352792739868e-02
-8.465688675642013550e-02
-8.468238264322280884e-02
-8.466804772615432739e-02
-8.467384427785873413e-02
-8.472577482461929321e-02
-8.467575162649154663e-02
-8.462979644536972046e-02
-8.465778082609176636e-02
-8.469232171773910522e-02
-8.465988188982009888e-02
-8.471183478832244873e-02
-8.465512096881866455e-02
-8.466560393571853638e-02
-8.464106917381286621e-02
-8.468565344810485840e-02
-8.464635163545608521e-02
-8.469274640083312988e-02
-8.466518670320510864e-02
-8.466558903455734253e-02
-8.463725447654724121e-02
-8.469498902559280396e-02
-8.468733727931976318e-02
-8.466871082782745361e-02
-8.466182649135589600e-02
-8.469157665967941284e-02
-8.470924198627471924e-02
-8.467724919319152832e-02
-8.463485538959503174e-02
-8.464313298463821411e-02
-8.468177169561386108e-02
-8.466225117444992065e-02
-8.463720232248306274e-02
-8.465018123388290405e-02
-8.464751392602920532e-02
-8.464341610670089722e-02
-8.462150394916534424e-02
-8.468353003263473511e-02
-8.470156043767929077e-02
-8.466423302888870239e-02
-8.472273498773574829e-02
-8.474125713109970093e-02
-8.467136323451995850e-02
-8.465215563774108887e-02
-8.463423699140548706e-02
-8.466552942991256714e-02
-8.471267670392990112e-02
-8.470932394266128540e-02
-8.470962196588516235e-02
-8.469530940055847168e-02
-8.466587960720062256e-02
-8.465228974819183350e-02
-8.463043719530105591e-02
-8.466181159019470215e-02
-8.467146009206771851e-02
-8.466531336307525635e-02
-8.469334244728088379e-02
-8.468884974718093872e-02
-8.463187515735626221e-02
-8.463945239782333374e-02
-8.470104634761810303e-02
-8.463864028453826904e-02
-8.472492545843124390e-02
-8.469130843877792358e-02
-8.466108143329620361e-02
-8.464381098747253418e-02
-8.466451615095138550e-02
-8.470714837312698364e-02
-8.466481417417526245e-02
-8.466573059558868408e-02
-8.463279902935028076e-02
-8.462395519018173218e-02
-8.461051434278488159e-02
-8.463273942470550537e-02
-8.462100476026535034e-02
-8.465533703565597534e-02
-8.467279374599456787e-02
-8.462727814912796021e-02
-8.464352041482925415e-02
-8.465319126844406128e-02
-8.462855219841003418e-02
-8.465792983770370483e-02
-8.463190495967864990e-02
-8.466821163892745972e-02
-8.465902507305145264e-02
-8.464321494102478027e-02
-8.463117480278015137e-02
-8.464601635932922363e-02
-8.467497676610946655e-02
-8.466932177543640137e-02
-8.465828001499176025e-02
-8.464577794075012207e-02
-8.467512577772140503e-02
-8.460961282253265381e-02
-8.465738594532012939e-02
-8.463253825902938843e-02
-8.469028025865554810e-02
-8.467302471399307251e-02
-8.472011983394622803e-02
-8.466928452253341675e-02
-8.460374176502227783e-02
-8.469284325838088989e-02
-8.467180281877517700e-02
-8.465484529733657837e-02
-8.467147499322891235e-02
-8.465672284364700317e-02
-8.468941599130630493e-02
-8.465607464313507080e-02
-8.466599136590957642e-02
-8.465705811977386475e-02
-8.463309705257415771e-02
-8.467332273721694946e-02
-8.462143689393997192e-02
-8.463972061872482300e-02
-8.463415503501892090e-02
-8.468771725893020630e-02
-8.468453586101531982e-02
-8.468589186668395996e-02
-8.471592515707015991e-02
-8.469129353761672974e-02
-8.466667681932449341e-02
-8.464720845222473145e-02
-8.465457707643508911e-02
-8.463624864816665649e-02
-8.467935025691986084e-02
-8.472987264394760132e-02
-8.471104502677917480e-02
-8.467700332403182983e-02
-8.470273762941360474e-02
-8.466860651969909668e-02
-8.464405685663223267e-02
-8.466361463069915771e-02
-8.464480936527252197e-02
-8.470317721366882324e-02
-8.467318862676620483e-02
-8.463702350854873657e-02
-8.468671143054962158e-02
-8.465629070997238159e-02
-8.471328765153884888e-02
-8.465833961963653564e-02
-8.466354757547378540e-02
-8.468762785196304321e-02
-8.465925604104995728e-02
-8.464835584163665771e-02
-8.464934676885604858e-02
-8.470896631479263306e-02
-8.468757569789886475e-02
-8.464388549327850342e-02
-8.467333763837814331e-02
-8.464200794696807861e-02
-8.469375967979431152e-02
-8.465193957090377808e-02
-8.471288532018661499e-02
-8.473952859640121460e-02
-8.467689156532287598e-02
-8.472020924091339111e-02
-8.465029299259185791e-02
-8.464430272579193115e-02
-8.468869328498840332e-02
-8.466997742652893066e-02
-8.464858680963516235e-02
-8.467616885900497437e-02
-8.468481898307800293e-02
-8.466815203428268433e-02
-8.466254919767379761e-02
-8.467521518468856812e-02
-8.467908203601837158e-02
-8.468683063983917236e-02
-8.469862490892410278e-02
-8.466842025518417358e-02
-8.469174057245254517e-02
-8.466980606317520142e-02
