-1.965943440250223634e-02
-1.966095530323144422e-02
-1.965349659844042862e-02
-1.965303373726490915e-02
-1.965175539899796306e-02
-1.965225492262363122e-02
-1.965689336398909054e-02
-1.966151317420982217e-02
-1.965713640974774482e-02
-1.965758683983909877e-02
-1.966314149653145688e-02
-1.965916308359121761e-02
-1.965876021888899802e-02
-1.966007646126609679e-02
-1.965867380630082623e-02
-1.965820287835965893e-02
-1.965474413654980795e-02
-1.965599055001077122e-02
-1.965145905538176127e-02
-1.965734039634375874e-02
-1.965685023145210750e-02
-1.965967428471858056e-02
-1.965986270872163016e-02
-1.965728207848465442e-02
-1.966244488773073382e-02
-1.965905318151419182e-02
-1.965966130513755947e-02
-1.965658498814035551e-02
-1.965591063747686509e-02
-1.966178973764324059e-02
-1.965909108234605365e-02
-1.965795229932898458e-02
-1.965559684947627145e-02
-1.965613491463694476e-02
-1.965148018892803883e-02
-1.965363592261561501e-02
-1.965477307096495999e-02
-1.965578658515762175e-02
-1.965887937101493468e-02
-1.966176086363488618e-02
-1.965972142387518648e-02
-1.965802841758672662e-02
-1.965349695010378678e-02
-1.965879068941323027e-02
-1.965409541997636955e-02
-1.965138475246553870e-02
-1.965032930085494622e-02
-1.965763665854474915e-02
-1.965369953252618304e-02
-1.965398661083120335e-02
-1.966185862146782246e-02
-1.965321566717915386e-02
-1.965470391152128113e-02
-1.966087609687283688e-02
-1.966192278164516707e-02
-1.966218733911796052e-02
-1.966116810025575826e-02
-1.966290529473207344e-02
-1.966233970688321953e-02
-1.966332380430898391e-02
-1.965714513049660050e-02
-1.965727397666803059e-02
-1.966986143802556056e-02
-1.966050032414149926e-02
-1.965884055031791658e-02
-1.965557092203911241e-02
-1.966226471831327219e-02
-1.965734708024364716e-02
-1.966010360072212651e-02
-1.965474474703097357e-02
-1.965474642390161938e-02
-1.964751391755296603e-02
-1.965921159580830482e-02
-1.965269804184093319e-02
-1.965867436576122090e-02
-1.966173727413282266e-02
-1.965695082181101797e-02
-1.965500707197998659e-02
-1.965818674613427700e-02
-1.965887337524402367e-02
-1.966122412966577263e-02
-1.966173759223874620e-02
-1.965571133298559675e-02
-1.966237293084336160e-02
-1.965683783222091363e-02
-1.965706268380925867e-02
-1.966141573583816277e-02
-1.965903929163302297e-02
-1.966532884414718893e-02
-1.966268605028406724e-02
-1.966075009128661136e-02
-1.965917810768969681e-02
-1.965148399962758988e-02
-1.965615332146927394e-02
-1.965132068922083655e-02
-1.965689248738999861e-02
-1.965765034092177913e-02
-1.965778814566316798e-02
-1.965445047704648604e-02
-1.965396407908414148e-02
-1.965436505620870092e-02
-1.965120186444441891e-02
-1.965895603768190100e-02
-1.965582452795943888e-02
-1.965601460550546117e-02
-1.965561692680226763e-02
-1.965921885721576973e-02
-1.966303389064610885e-02
-1.965730447506159467e-02
-1.965817320713117433e-02
-1.965396026458676032e-02
-1.965825152353873478e-02
-1.965872470589038676e-02
-1.966267154646151455e-02
-1.966168216001730820e-02
-1.965694199268487943e-02
-1.966372468221047262e-02
-1.965302031589891488e-02
-1.965782984353705090e-02
-1.965868328611939872e-02
-1.965417203267098151e-02
-1.965139291475477210e-02
-1.965579389845725430e-02
-1.965986545755233836e-02
-1.966405782660570964e-02
-1.966230929249279669e-02
-1.966439059078449111e-02
-1.966653142411763436e-02
-1.965226752207891933e-02
-1.966019259473688469e-02
-1.965853191285816398e-02
-1.966538786572097353e-02
-1.965775752534195883e-02
-1.965543960232624468e-02
-1.965527308056537817e-02
-1.965667078606624790e-02
-1.965941465299523780e-02
-1.965582015020270190e-02
-1.965397646623083180e-02
-1.965885148370555280e-02
-1.965706158193945494e-02
-1.966179949591956994e-02
-1.965650300169342196e-02
-1.965779279683023753e-02
-1.965527211626683091e-02
-1.965770285464916653e-02
-1.965780738233779967e-02
-1.965776499668959315e-02
-1.965779393856354612e-02
-1.965331253396233185e-02
-1.965684861831230174e-02
-1.965827895341132336e-02
-1.965488666768710341e-02
-1.965219577895360031e-02
-1.965765300070461755e-02
-1.965782126562046206e-02
-1.965946105543576322e-02
-1.965380109651372956e-02
-1.965652808902831547e-02
-1.965614960681329876e-02
-1.965647430900808318e-02
-1.966025123375860981e-02
-1.966188949572740194e-02
-1.965714184407506629e-02
-1.965165430923153725e-02
-1.964984426776539977e-02
-1.966028091104013442e-02
-1.965957773006898196e-02
-1.965989221204429011e-02
-1.965568221042082384e-02
-1.966272954706390838e-02
-1.966043632784645473e-02
-1.965838612842778915e-02
-1.965498215251219524e-02
-1.965394360916675881e-02
-1.965229671539936440e-02
-1.965379835987219465e-02
-1.965122814379141256e-02
-1.965491819451929342e-02
-1.965847795374742885e-02
-1.965918240724117902e-02
-1.965736330490096967e-02
-1.965508160111945068e-02
-1.965468708280882978e-02
-1.965576074315251304e-02
-1.965947481953436368e-02
-1.965724027519736780e-02
-1.965591315702944555e-02
-1.965660471235807297e-02
-1.965809612521502575e-02
-1.966244072359273759e-02
-1.965821784166307470e-02
-1.965755809137997856e-02
-1.965656345755116899e-02
-1.965544054975812416e-02
-1.965672249418079845e-02
-1.965481890537318366e-02
-1.965396575985127806e-02
-1.965836628202738065e-02
-1.965389299741148940e-02
-1.966001960951122007e-02
-1.966139812929688577e-02
-1.965539696880097553e-02
-1.965996812901199542e-02
-1.965788679383370999e-02
-1.965334176184000206e-02
-1.965436815429513762e-02
-1.965048286172163539e-02
-1.965868166112186635e-02
-1.966028785693841804e-02
-1.965736060199956697e-02
-1.966016489380260565e-02
-1.965863095266258756e-02
-1.966368363954688545e-02
-1.965479148057165323e-02
-1.966126185809238466e-02
-1.965596450831724046e-02
-1.966307580363496621e-02
-1.966042302172438250e-02
-1.966348253426025705e-02
-1.965703693009910116e-02
-1.966621323082621761e-02
-1.966100496281278365e-02
-1.966215825818302260e-02
-1.966052775222252788e-02
-1.966100894557645459e-02
-1.965661771159974910e-02
-1.965773070199780537e-02
-1.965872585651057963e-02
-1.966152790409517875e-02
-1.965748389364005075e-02
-1.965977823358286761e-02
-1.965705618128479534e-02
-1.966297116167715214e-02
-1.965977422802264382e-02
-1.965735651491584343e-02
-1.966902814158394408e-02
-1.966461932856733430e-02
-1.966582015828233568e-02
-1.965496024619853635e-02
-1.965740264653434086e-02
-1.965383109357582078e-02
-1.966015118454520275e-02
-1.965632572389399563e-02
-1.965261218615789104e-02
-1.965744895791381869e-02
-1.965878246376678157e-02
-1.965415742064864982e-02
-1.965585206025773427e-02
-1.965897116631049393e-02
-1.965111640772264009e-02
-1.965534372478959860e-02
-1.966322982479477496e-02
-1.965527299202592462e-02
-1.966445769217945935e-02
-1.965530107253125533e-02
-1.966374153153712528e-02
-1.965918750402602042e-02
-1.965988654791580789e-02
-1.965529234575466577e-02
-1.965510522534410706e-02
-1.965201171139815961e-02
-1.965183278620328058e-02
-1.965389866173867725e-02
-1.965349840442062387e-02
-1.965571647354676446e-02
-1.965009604552860403e-02
-1.965650633819547230e-02
-1.965382304780444872e-02
-1.965550506168297143e-02
-1.966077746821006181e-02
-1.965862056725832877e-02
-1.965873875820519853e-02
-1.965203677710499613e-02
-1.965820755739076595e-02
-1.965844641983292493e-02
-1.965869768622758793e-02
-1.965779389543068773e-02
-1.965725536310293856e-02
-1.965222069225192741e-02
-1.966097472733487755e-02
-1.965536877061810697e-02
-1.965984319271586386e-02
-1.966182956866894399e-02
-1.965831386435799508e-02
-1.965724501128162521e-02
-1.965151766522395607e-02
-1.965471252628298721e-02
-1.966587679259532845e-02
-1.965708199040971937e-02
-1.965342520205035429e-02
-1.965810744574665939e-02
-1.965701429844767673e-02
-1.965658728078998815e-02
-1.966364997322487401e-02
-1.965867387794322657e-02
-1.966393229045907548e-02
-1.965571953526588575e-02
-1.965088858325072033e-02
-1.965890842900222882e-02
-1.965736504052292485e-02
-1.965308540413440719e-02
-1.966238048881822562e-02
-1.966698025456815185e-02
-1.966061296867110605e-02
-1.966116808838772392e-02
-1.965956679376153898e-02
-1.965283596273220690e-02
-1.965343240792033486e-02
-1.965562905635650018e-02
-1.965112441858896455e-02
-1.966273969328178814e-02
-1.965986525134695920e-02
-1.966017157551464695e-02
-1.966191236190508590e-02
-1.965895574461918455e-02
-1.966126758109885617e-02
-1.966018017813482913e-02
-1.966162028362313310e-02
-1.965868738726283746e-02
-1.965464623617926149e-02
-1.965583418705219021e-02
-1.965849538342323219e-02
-1.965525066282630337e-02
-1.965510296961818851e-02
-1.965616855576103258e-02
-1.965866107832211357e-02
-1.966256593029441085e-02
-1.965354027552424984e-02
-1.965846709567570239e-02
-1.965485460301186205e-02
-1.966030414524098588e-02
-1.965382486851531899e-02
-1.965659425267488741e-02
-1.965180837756206125e-02
-1.965436921260015762e-02
-1.965888428461486787e-02
-1.965913867919653196e-02
-1.965673739128317304e-02
-1.965547285227938271e-02
-1.964996102612604628e-02
-1.965898565350162816e-02
-1.965636925413990696e-02
-1.965045688224261594e-02
-1.965578171616970057e-02
-1.966299073839328920e-02
-1.964959179625135749e-02
-1.966236889040991545e-02
-1.965435038018383332e-02
-1.965600343524804769e-02
-1.965549962065292131e-02
-1.965811436715217062e-02
-1.965686762315921321e-02
-1.965713565557329970e-02
-1.966373610264007463e-02
-1.965588435008586501e-02
-1.965522495951207982e-02
-1.965879042965235080e-02
-1.965676070573648543e-02
-1.965563135942049316e-02
-1.966152899177459751e-02
-1.965925029863659426e-02
-1.966587938400251798e-02
-1.965471315797120630e-02
-1.965642625803177765e-02
-1.965429338836459025e-02
-1.965929379643079414e-02
-1.966484234398554673e-02
-1.966052672693257078e-02
-1.966001198823089102e-02
-1.966035588963942551e-02
-1.966102123471553248e-02
-1.965854217576280469e-02
-1.966397164003178336e-02
-1.966055742268642964e-02
-1.965880755198268562e-02
-1.966761976373089180e-02
-1.965976621771633667e-02
-1.965374235770647390e-02
-1.965243785028467430e-02
-1.965514955939796221e-02
-1.966607130309358867e-02
-1.966093694284237747e-02
-1.966034176865810029e-02
-1.965791766228469628e-02
-1.965923547743102587e-02
-1.966128480636862227e-02
-1.966005192205693558e-02
-1.965844374159082461e-02
-1.965755755140657229e-02
-1.965637356501851243e-02
-1.965773695824073880e-02
-1.965308801103629252e-02
-1.966009980313302569e-02
-1.966005809943060026e-02
-1.966041449184817089e-02
-1.965811547155585023e-02
-1.965780509069924367e-02
-1.965683961747173927e-02
-1.965926091651939642e-02
-1.965607514742918199e-02
-1.965881488835335977e-02
-1.965833127593657331e-02
-1.965557192440247139e-02
-1.965327335582542703e-02
-1.966315291413381003e-02
-1.965810162458897503e-02
-1.965335499739254144e-02
-1.965307860923217950e-02
-1.966124783911718868e-02
-1.965695567610546354e-02
-1.966345991585980932e-02
-1.965830220704917197e-02
-1.965471543155285564e-02
-1.966023294360533594e-02
-1.966028223289500304e-02
-1.965749924384456102e-02
-1.965615904701215402e-02
-1.965744799869024312e-02
-1.965388793728109137e-02
-1.965848875096259940e-02
-1.965761980693237973e-02
-1.965457140897364924e-02
-1.965795673006433958e-02
-1.966273845414490129e-02
-1.966157449552922640e-02
-1.965492018466818286e-02
-1.965089399154166735e-02
-1.965684010487983233e-02
-1.965109859856263227e-02
-1.965737612186596595e-02
-1.964664691307316247e-02
-1.965563320769384351e-02
-1.965969107526418722e-02
-1.966073536195173804e-02
-1.965617098482679362e-02
-1.965913893231893000e-02
-1.965615179687391079e-02
-1.965731076805763214e-02
-1.966160156288659575e-02
-1.965417871440591074e-02
-1.966296297806407328e-02
-1.965411991363327088e-02
-1.965758136119977184e-02
-1.966010764155361884e-02
-1.966089073025781633e-02
-1.966136296752691442e-02
-1.966047807184324522e-02
-1.965964984220539349e-02
-1.965237396379567944e-02
-1.965783114161672590e-02
-1.965683383440904389e-02
-1.965571079796896159e-02
-1.965652389185299637e-02
-1.965322140154091707e-02
-1.965851249166081921e-02
-1.965331732554690194e-02
-1.966068895938893196e-02
-1.965690391100494150e-02
-1.966465062482541937e-02
-1.965303989553706179e-02
-1.966258508713091338e-02
-1.965714776167836950e-02
-1.965948286934269748e-02
-1.966031629591451918e-02
-1.966244090583405685e-02
-1.966081139540410555e-02
-1.966011737169879106e-02
-1.966175061780861891e-02
-1.966434710533803559e-02
-1.966211106108042492e-02
-1.965523328741335812e-02
-1.965769483473044782e-02
-1.966326360982074278e-02
-1.965777254863112014e-02
-1.965261738693926258e-02
-1.965914046973311208e-02
-1.965925664646056559e-02
-1.966060167780713311e-02
-1.965793497847770702e-02
-1.966144337599027084e-02
-1.965619931505571336e-02
-1.966015146839340463e-02
-1.966092498674554268e-02
-1.965639556473977242e-02
-1.965687460661411437e-02
-1.965683151588092786e-02
-1.965874374285464521e-02
-1.966352232698354366e-02
-1.965443404873265867e-02
-1.965612071360894192e-02
-1.965892689650147393e-02
-1.966180272800082882e-02
-1.965588627959628104e-02
-1.966149610525588440e-02
-1.966096667243627180e-02
-1.965617824948204598e-02
-1.965894328954735301e-02
-1.965734675386825517e-02
-1.965584162317517841e-02
-1.965354743923600211e-02
-1.965889226826278424e-02
-1.966224499071892243e-02
-1.965990121042149319e-02
-1.966161070382587556e-02
-1.966736533267945952e-02
-1.966276628230673174e-02
-1.965804568460318910e-02
-1.965583250679250188e-02
-1.965615929801961537e-02
-1.965518348896725179e-02
-1.965567551745485766e-02
-1.965431952616538899e-02
-1.965896243594590989e-02
-1.965622101253585233e-02
-1.965724767831353997e-02
-1.965723299007309660e-02
-1.965826179876456470e-02
-1.965293046587676673e-02
-1.965922633587638066e-02
-1.965976699602185393e-02
-1.966339145805973132e-02
-1.965628744243583595e-02
-1.965920916824387063e-02
-1.966153067245225011e-02
-1.966175996100942222e-02
-1.966416029571108753e-02
-1.966712055342450388e-02
-1.966604935563064788e-02
-1.965882651637909304e-02
-1.965726121810356525e-02
-1.965774953389557225e-02
-1.966168237541552830e-02
-1.966209094096998608e-02
-1.965922236510111304e-02
-1.966108785780650361e-02
-1.966191364672357708e-02
-1.965321695417066722e-02
-1.965838874236898112e-02
-1.965839905394193080e-02
-1.965630931263794359e-02
-1.965464705207025514e-02
-1.965411229590676573e-02
-1.965424097683600782e-02
-1.965674556371877282e-02
-1.965776763323151544e-02
-1.965805053748748837e-02
-1.965911722492973482e-02
-1.965744685600482808e-02
-1.965777354122674389e-02
-1.965737458413451683e-02
-1.964925470409925948e-02
-1.965931451292846077e-02
-1.965775416603434203e-02
-1.965867077180899827e-02
-1.966102736767675468e-02
-1.966188110514408352e-02
-1.966670765176342650e-02
-1.965541821111203499e-02
-1.966318098232161873e-02
-1.966300921759259537e-02
-1.965892732669494852e-02
-1.965708103993930173e-02
-1.965675356958857672e-02
-1.965312168758170247e-02
-1.965448575088091926e-02
-1.965858906233369091e-02
-1.965807898854731242e-02
-1.966633016039556064e-02
-1.966708265891320417e-02
-1.965403417516590687e-02
-1.966033931198574516e-02
-1.965805176864653808e-02
-1.966455900243299290e-02
-1.966140213193146025e-02
-1.966034391437829904e-02
-1.966194198461846537e-02
-1.965991644603455255e-02
-1.965955497726157297e-02
-1.966001640706268455e-02
-1.965768581951517560e-02
-1.965783936603343260e-02
-1.965989302809929146e-02
-1.965770747773837313e-02
-1.965638526478171236e-02
-1.965528830854585546e-02
-1.965049570572810489e-02
-1.965560684595493365e-02
-1.965624022646591737e-02
-1.965146156101540281e-02
-1.965741103294879263e-02
-1.965859975865894352e-02
-1.965463048414762409e-02
-1.966069948424944633e-02
-1.966311297836495151e-02
-1.966003263406065557e-02
-1.965732889857843904e-02
-1.965954799725427166e-02
-1.965784904533540711e-02
-1.966197665917723478e-02
-1.965873837159362245e-02
-1.966836497965741490e-02
-1.965641115076835824e-02
-1.965851419350199067e-02
-1.966361902506979370e-02
-1.965297391000026678e-02
-1.965270717958554278e-02
-1.965966005660670438e-02
-1.965823029288752549e-02
-1.965539894867474047e-02
-1.965512980796889006e-02
-1.965988459032455907e-02
-1.965488550309743912e-02
-1.966182632425218096e-02
-1.965814999419987497e-02
-1.966239515838734062e-02
-1.966096298659654809e-02
-1.965515400411092448e-02
-1.965576031889323602e-02
-1.965468459673817489e-02
-1.964980995639646275e-02
-1.965484420239889743e-02
-1.965121614742209102e-02
-1.966567026707978852e-02
-1.966442789938289276e-02
-1.965905604236170209e-02
-1.965394211789567996e-02
-1.965150421598030328e-02
-1.965595699271231386e-02
-1.965502484990643700e-02
-1.966048788269355099e-02
-1.965383499570534306e-02
-1.965671898800533043e-02
-1.965842043918025056e-02
-1.965473257577458194e-02
-1.965981912447324967e-02
-1.966334049063363579e-02
-1.965622385520879659e-02
-1.966420686692276973e-02
-1.966256008542111022e-02
-1.965977360464945742e-02
-1.965511481073784275e-02
-1.965417622514177912e-02
-1.965847933881301191e-02
-1.965591110260588373e-02
-1.965985793103067550e-02
-1.965028762489278921e-02
-1.965647697930100399e-02
-1.965682196417009586e-02
-1.965352398438946838e-02
-1.965904390115510991e-02
-1.965517582519126644e-02
-1.965630230375798107e-02
-1.965903275053287186e-02
-1.965447579211717852e-02
-1.965605510696155633e-02
-1.965947038535716465e-02
-1.965341709281819352e-02
-1.965660729202600016e-02
-1.966210944565870491e-02
-1.965168711866200485e-02
-1.965722519697495410e-02
-1.965769333286230755e-02
-1.966140211120872769e-02
-1.966506814905402689e-02
-1.966448329922570668e-02
-1.965884408760811691e-02
-1.965955535798198997e-02
-1.965900754124458999e-02
-1.965687251336719482e-02
-1.965235043347523733e-02
-1.965889906199094414e-02
-1.965763566194462381e-02
-1.965914320365104787e-02
-1.966323893700955977e-02
-1.965924377616361934e-02
-1.965575590382459201e-02
-1.965541196359670700e-02
-1.966530427492335989e-02
-1.965790085530593270e-02
-1.965490719687420368e-02
-1.965685102016512600e-02
-1.966014703049677112e-02
-1.965408873187952238e-02
-1.965350031756398289e-02
-1.966639810800446808e-02
-1.966068359269967925e-02
-1.965754360436290996e-02
-1.965780648018834384e-02
-1.965819552323066002e-02
-1.965716420277303228e-02
-1.965676924584572327e-02
-1.965722112026961968e-02
-1.965777569707542402e-02
-1.965689957140910257e-02
-1.965958110448271998e-02
-1.966610257001660117e-02
-1.965883144269205823e-02
-1.965726856040896434e-02
-1.965808716260116287e-02
-1.966359840578667945e-02
-1.965167821813037369e-02
-1.965959199379213942e-02
-1.965784874231217214e-02
-1.965898844672587381e-02
-1.965726632790586875e-02
-1.965386993966779586e-02
-1.965527898780458638e-02
-1.965521820741079201e-02
-1.966355408922937018e-02
-1.965946652720901994e-02
-1.966380171358878687e-02
-1.965744201519961307e-02
-1.966000017566506622e-02
-1.965339194900613332e-02
-1.965542884392162959e-02
-1.965714282739734059e-02
-1.964956700054895991e-02
-1.965306461083516157e-02
-1.965500190693463684e-02
-1.965658150228044576e-02
-1.965785439214472533e-02
-1.965603830014608921e-02
-1.965307647917952788e-02
-1.965570118135420360e-02
-1.965641618177689856e-02
-1.966008198790920175e-02
-1.966284683957019233e-02
-1.965467390205128881e-02
-1.966204165125249106e-02
-1.966017151027766446e-02
-1.966286013063028165e-02
-1.965478383971952514e-02
-1.965967650605654482e-02
-1.965522329803811794e-02
-1.965997727357368663e-02
-1.965654685155487219e-02
-1.965942058055697439e-02
-1.965376896200031129e-02
-1.965590003221317356e-02
-1.965088003310056647e-02
-1.965551151706651165e-02
-1.965983233226285126e-02
-1.965344769806298339e-02
-1.965583104582499518e-02
-1.965434330541037528e-02
-1.965386171083752243e-02
-1.965921847142564766e-02
-1.966217243643205229e-02
-1.966479481619031605e-02
-1.966209590898598120e-02
-1.965695021788377989e-02
-1.965859421485745967e-02
-1.965844760513410505e-02
-1.965540704837837743e-02
-1.966351999073794737e-02
-1.965524176082112523e-02
-1.965670005343435681e-02
-1.965592184212040447e-02
-1.965432191184078928e-02
-1.966055340235903573e-02
-1.965537276421314150e-02
-1.965731655925779392e-02
-1.965675923800134367e-02
-1.965506335259858267e-02
-1.965772037869350369e-02
-1.966170793672779651e-02
-1.966014038175035311e-02
-1.965641771556986966e-02
-1.965993085532119489e-02
-1.965786529908595051e-02
-1.966369756760884963e-02
-1.966110350738465434e-02
-1.966245785083369640e-02
-1.965652156829725619e-02
-1.965688177036252829e-02
-1.966342337028989876e-02
-1.966031841750595296e-02
-1.965667663118450884e-02
-1.965569462097430109e-02
-1.966264568552700959e-02
-1.965824358563245805e-02
-1.965545518487060023e-02
-1.965649439097911025e-02
-1.965714455244044201e-02
-1.966373953048753537e-02
-1.966317702248989926e-02
-1.966105597674260713e-02
-1.965690394417338865e-02
-1.965904129173170686e-02
-1.966073932781770700e-02
-1.965968521697178742e-02
-1.965914034910699534e-02
-1.965189622546117953e-02
-1.965791463264000144e-02
-1.966079363644320996e-02
-1.966080090772489783e-02
-1.966022393506822868e-02
-1.965615546769786462e-02
-1.965753087549881178e-02
-1.965931162618679215e-02
-1.966169847596154971e-02
-1.965985260567662887e-02
-1.965859178801713722e-02
-1.965644364907264199e-02
-1.965201252229043655e-02
-1.966578883652230630e-02
-1.965784665430799980e-02
-1.965685009832919897e-02
-1.965763483015909446e-02
-1.966484190478981139e-02
-1.965437677361606822e-02
-1.965683745641021857e-02
-1.965765148127129880e-02
-1.965858579209369197e-02
-1.966041458769451564e-02
-1.965776934248942426e-02
-1.965617434403451116e-02
-1.966155612404673486e-02
-1.966088059573417937e-02
-1.965124357818894690e-02
-1.965591397695701931e-02
-1.965548828711380716e-02
-1.965809206934976405e-02
-1.966062207053019192e-02
-1.965883208526256892e-02
-1.966004309093010577e-02
-1.966034144891320307e-02
-1.965352524365737708e-02
-1.965816311856275964e-02
-1.965782783854999952e-02
-1.965340679430491871e-02
-1.965494809786808711e-02
-1.965659629368548753e-02
-1.965553901560466651e-02
-1.965810538744683714e-02
-1.965927512049356687e-02
-1.965899800103184866e-02
-1.965686456585363437e-02
-1.965558677917051550e-02
-1.965485880002123056e-02
-1.965344409008407817e-02
-1.965716012651000724e-02
-1.965805712467172395e-02
-1.965687485353438332e-02
-1.966014838665646608e-02
-1.966552758855843672e-02
-1.965731840336742975e-02
-1.965894484152577032e-02
-1.965666282575750934e-02
-1.966037506335550217e-02
-1.965864253895212646e-02
-1.965882235161056299e-02
-1.965697007077317829e-02
-1.966255751840665159e-02
-1.966191763409729301e-02
-1.966185490337493333e-02
-1.966140691568780269e-02
-1.965918544186156386e-02
-1.965770402570318764e-02
-1.965578763033579493e-02
-1.966494929433050889e-02
-1.966449255267807214e-02
-1.965939920122936752e-02
-1.965640435603779185e-02
-1.965357492635820200e-02
-1.965263352218677567e-02
-1.965022786423086670e-02
-1.965622853749381810e-02
-1.965667727784810651e-02
-1.965822803447407272e-02
-1.966247738650767421e-02
-1.965987073362781071e-02
-1.965720197040060277e-02
-1.965703026604960144e-02
-1.965746292806517387e-02
-1.965475021879589668e-02
-1.965188927133287855e-02
-1.965523929245557855e-02
-1.965755543652783141e-02
-1.965764948599232897e-02
-1.965961067510257204e-02
-1.965989991301383272e-02
-1.965526281427573685e-02
-1.966069697107534694e-02
-1.966249011383236836e-02
-1.965723686934685646e-02
-1.965950478390051520e-02
-1.965170928787930010e-02
-1.965720985649179950e-02
-1.965669989681678720e-02
-1.966140853260875745e-02
-1.966023272805709696e-02
-1.966002378620771568e-02
-1.966342516310008032e-02
-1.966240687731778819e-02
-1.965502232026636667e-02
-1.965621252765809013e-02
-1.965617892936557740e-02
-1.965369724698589823e-02
-1.965918136287669871e-02
-1.965749095073436245e-02
-1.965907478681723844e-02
-1.965182409129297841e-02
-1.965501641807465560e-02
-1.965958372585796532e-02
-1.966427772696094714e-02
-1.966104293777596115e-02
-1.966388812242234399e-02
-1.965935749919740447e-02
-1.965553412737760727e-02
-1.965606404209576177e-02
-1.965601636190691254e-02
-1.965578406774159959e-02
-1.965595764938037754e-02
-1.965714542353449654e-02
-1.965706818408393536e-02
-1.965673911407064475e-02
-1.965961895663989947e-02
-1.965801517236918580e-02
-1.966094216110331194e-02
-1.965998746523382051e-02
-1.965260106249460195e-02
-1.965422212788555875e-02
-1.965460505149558418e-02
-1.965775078969883224e-02
-1.965974156280618154e-02
-1.965448531809758578e-02
-1.965582991896098336e-02
-1.965949443339672781e-02
-1.966112999223317351e-02
-1.966066403291101897e-02
-1.965607626826329155e-02
-1.965620820356938497e-02
-1.966035558260575966e-02
-1.966130952024580658e-02
-1.966288325522059371e-02
-1.966700203675531694e-02
-1.965555413864218323e-02
-1.966117830297386265e-02
-1.965270808214547582e-02
-1.965800442886134897e-02
-1.965549374463357660e-02
-1.965786595305490589e-02
-1.965497113545680921e-02
-1.965656534827473628e-02
-1.966203330887817541e-02
-1.966210116298086272e-02
-1.966389334178627463e-02
-1.966471749696531782e-02
-1.966260084501377653e-02
-1.966244346164370757e-02
-1.966151482397018174e-02
-1.966146365504196220e-02
-1.965900771597049040e-02
-1.965763744376633482e-02
-1.965260985210267805e-02
-1.965603515929634226e-02
-1.965690203231460625e-02
-1.965492716832194925e-02
-1.965875907873817705e-02
-1.966250841795857962e-02
-1.965380586916279371e-02
-1.965859181282021001e-02
-1.965741628126605606e-02
-1.965982050899628408e-02
-1.966220979113203482e-02
-1.965612840680031059e-02
-1.965706111951195587e-02
-1.966296384982959417e-02
-1.965628961051178389e-02
-1.965926114276213624e-02
-1.966143675719429079e-02
-1.965766470474094446e-02
-1.965467266337990807e-02
-1.965984969529880819e-02
-1.966070272240493660e-02
-1.966074235263964853e-02
-1.965793266046298934e-02
-1.965876620293629043e-02
-1.965936887871607558e-02
-1.966082904549334640e-02
-1.965693513651222551e-02
-1.965544312972450011e-02
-1.965623916079457106e-02
-1.966507892914602304e-02
-1.965898100246642882e-02
-1.965731408068185568e-02
-1.966266302690644271e-02
-1.965965626773219163e-02
-1.965584915507138583e-02
-1.965938664973737593e-02
-1.966172234337688202e-02
-1.966161217542509304e-02
-1.965685262776118575e-02
-1.965880966933102741e-02
-1.966146967326085418e-02
-1.965328602595021318e-02
-1.965618660529816486e-02
-1.965127057416629283e-02
