-2.431143261492252350e-02
-2.431355789303779602e-02
-2.430870197713375092e-02
-2.430503256618976593e-02
-2.431135810911655426e-02
-2.431183680891990662e-02
-2.431360259652137756e-02
-2.430560439825057983e-02
-2.431782335042953491e-02
-2.431575767695903778e-02
-2.431835047900676727e-02
-2.431616000831127167e-02
-2.432193420827388763e-02
-2.431133203208446503e-02
-2.431874722242355347e-02
-2.432499639689922333e-02
-2.431458421051502228e-02
-2.431521192193031311e-02
-2.431555278599262238e-02
-2.431123144924640656e-02
-2.431806549429893494e-02
-2.431759424507617950e-02
-2.431632950901985168e-02
-2.431888505816459656e-02
-2.431332692503929138e-02
-2.432433329522609711e-02
-2.431462891399860382e-02
-2.431493811309337616e-02
-2.431326359510421753e-02
-2.432385832071304321e-02
-2.431507967412471771e-02
-2.432186715304851532e-02
-2.431851066648960114e-02
-2.430996112525463104e-02
-2.430747821927070618e-02
-2.431222423911094666e-02
-2.431673370301723480e-02
-2.432111091911792755e-02
-2.432366460561752319e-02
-2.431835420429706573e-02
-2.432077191770076752e-02
-2.432858012616634369e-02
-2.431445941329002380e-02
-2.431339956820011139e-02
-2.431901544332504272e-02
-2.431832998991012573e-02
-2.431208081543445587e-02
-2.431458793580532074e-02
-2.431204356253147125e-02
-2.432291954755783081e-02
-2.431584335863590240e-02
-2.431750483810901642e-02
-2.432039007544517517e-02
-2.432976104319095612e-02
-2.432625740766525269e-02
-2.432071976363658905e-02
-2.432861551642417908e-02
-2.432602830231189728e-02
-2.431594952940940857e-02
-2.431676909327507019e-02
-2.432155236601829529e-02
-2.432230673730373383e-02
-2.432780340313911438e-02
-2.433104254305362701e-02
-2.431578747928142548e-02
-2.431411482393741608e-02
-2.432085946202278137e-02
-2.432263270020484924e-02
-2.432288788259029388e-02
-2.431891113519668579e-02
-2.431676350533962250e-02
-2.431284822523593903e-02
-2.431844547390937805e-02
-2.432526089251041412e-02
-2.432518079876899719e-02
-2.431934885680675507e-02
-2.432068064808845520e-02
-2.432494610548019409e-02
-2.431984059512615204e-02
-2.432817593216896057e-02
-2.431703917682170868e-02
-2.432261779904365540e-02
-2.432456985116004944e-02
-2.431334368884563446e-02
-2.432261034846305847e-02
-2.432668581604957581e-02
-2.433193847537040710e-02
-2.432167902588844299e-02
-2.431760914623737335e-02
-2.431703917682170868e-02
-2.431885339319705963e-02
-2.432460151612758636e-02
-2.432057820260524750e-02
-2.431786432862281799e-02
-2.432232350111007690e-02
-2.432303503155708313e-02
-2.432266995310783386e-02
-2.432846277952194214e-02
-2.432096190750598907e-02
-2.432609908282756805e-02
-2.432911656796932220e-02
-2.432215400040149689e-02
-2.432595379650592804e-02
-2.432531304657459259e-02
-2.432160824537277222e-02
-2.432288601994514465e-02
-2.431786432862281799e-02
-2.432322129607200623e-02
-2.433212846517562866e-02
-2.431843988597393036e-02
-2.431098930537700653e-02
-2.431963942945003510e-02
-2.432373724877834320e-02
-2.432347275316715240e-02
-2.433001436293125153e-02
-2.431999891996383667e-02
-2.431702241301536560e-02
-2.431715093553066254e-02
-2.432619221508502960e-02
-2.432431653141975403e-02
-2.431637421250343323e-02
-2.432096190750598907e-02
-2.431603893637657166e-02
-2.433123998343944550e-02
-2.432089298963546753e-02
-2.432637661695480347e-02
-2.432302944362163544e-02
-2.432457916438579559e-02
-2.432661689817905426e-02
-2.432981505990028381e-02
-2.432288601994514465e-02
-2.432475052773952484e-02
-2.432564087212085724e-02
-2.431681379675865173e-02
-2.431083470582962036e-02
-2.431993000209331512e-02
-2.431470900774002075e-02
-2.432528324425220490e-02
-2.431825734674930573e-02
-2.432501502335071564e-02
-2.432175353169441223e-02
-2.432066388428211212e-02
-2.431993559002876282e-02
-2.432913333177566528e-02
-2.432835474610328674e-02
-2.432493120431900024e-02
-2.432345226407051086e-02
-2.432942017912864685e-02
-2.432220429182052612e-02
-2.432461455464363098e-02
-2.432024665176868439e-02
-2.432173304259777069e-02
-2.432119473814964294e-02
-2.432445622980594635e-02
-2.431970462203025818e-02
-2.431476674973964691e-02
-2.432049252092838287e-02
-2.432717941701412201e-02
-2.432060800492763519e-02
-2.432374283671379089e-02
-2.432537265121936798e-02
-2.431687898933887482e-02
-2.432983927428722382e-02
-2.432718314230442047e-02
-2.431557327508926392e-02
-2.432079799473285675e-02
-2.432697080075740814e-02
-2.432758919894695282e-02
-2.432492189109325409e-02
-2.432359196245670319e-02
-2.432667091488838196e-02
-2.432520128786563873e-02
-2.431438677012920380e-02
-2.431822381913661957e-02
-2.433265000581741333e-02
-2.432371117174625397e-02
-2.432284317910671234e-02
-2.431977540254592896e-02
-2.432590909302234650e-02
-2.432035654783248901e-02
-2.432278357446193695e-02
-2.432564832270145416e-02
-2.432049624621868134e-02
-2.431865781545639038e-02
-2.433427795767784119e-02
-2.432427741587162018e-02
-2.432278729975223541e-02
-2.431798726320266724e-02
-2.432194165885448456e-02
-2.432092651724815369e-02
-2.432111091911792755e-02
-2.431877702474594116e-02
-2.431625686585903168e-02
-2.431968972086906433e-02
-2.432238683104515076e-02
-2.431858703494071960e-02
-2.432127110660076141e-02
-2.432266622781753540e-02
-2.432078309357166290e-02
-2.432194910943508148e-02
-2.432293817400932312e-02
-2.432071790099143982e-02
-2.431615814566612244e-02
-2.431761473417282104e-02
-2.431841567158699036e-02
-2.431411854922771454e-02
-2.431581355631351471e-02
-2.432397939264774323e-02
-2.431607805192470551e-02
-2.432585321366786957e-02
-2.431805245578289032e-02
-2.432371489703655243e-02
-2.433086559176445007e-02
-2.432442642748355865e-02
-2.432827465236186981e-02
-2.432566322386264801e-02
-2.432405576109886169e-02
-2.431715838611125946e-02
-2.432159893214702606e-02
-2.432654425501823425e-02
-2.431829646229743958e-02
-2.432116493582725525e-02
-2.431933023035526276e-02
-2.431935258209705353e-02
-2.432414516806602478e-02
-2.432266063988208771e-02
-2.432883717119693756e-02
-2.432356588542461395e-02
-2.432579360902309418e-02
-2.432371489703655243e-02
-2.432950586080551147e-02
-2.432701550424098969e-02
-2.432245947420597076e-02
-2.432752214372158051e-02
-2.432298474013805389e-02
-2.431845478713512421e-02
-2.432878129184246063e-02
-2.431831322610378265e-02
-2.432492934167385101e-02
-2.433218434453010559e-02
-2.431586943566799164e-02
-2.432392910122871399e-02
-2.432729490101337433e-02
-2.432298287749290466e-02
-2.432408183813095093e-02
-2.432184293866157532e-02
-2.433072403073310852e-02
-2.431889995932579041e-02
-2.431864850223064423e-02
-2.431795187294483185e-02
-2.432691119611263275e-02
-2.432392910122871399e-02
-2.431723661720752716e-02
-2.432378567755222321e-02
-2.432557195425033569e-02
-2.432131581008434296e-02
-2.432245761156082153e-02
-2.432473376393318176e-02
-2.432317845523357391e-02
-2.432246133685112000e-02
-2.432892657816410065e-02
-2.432794310152530670e-02
-2.432421408593654633e-02
-2.432121708989143372e-02
-2.432374097406864166e-02
-2.432068251073360443e-02
-2.432969771325588226e-02
-2.432361431419849396e-02
-2.432511188089847565e-02
-2.432071790099143982e-02
-2.432095445692539215e-02
-2.432202734053134918e-02
-2.432541735470294952e-02
-2.431892231106758118e-02
-2.432307787239551544e-02
-2.432758547365665436e-02
-2.432392351329326630e-02
-2.432680316269397736e-02
-2.432197518646717072e-02
-2.433383837342262268e-02
-2.432508952915668488e-02
-2.433031983673572540e-02
-2.431664429605007172e-02
-2.432795800268650055e-02
-2.432218380272388458e-02
-2.432036958634853363e-02
-2.432120218873023987e-02
-2.431968972086906433e-02
-2.432860992848873138e-02
-2.432735636830329895e-02
-2.433160878717899323e-02
-2.432381734251976013e-02
-2.432623691856861115e-02
-2.432300522923469543e-02
-2.432421781122684479e-02
-2.432284690439701080e-02
-2.432129159569740295e-02
-2.432908862829208374e-02
-2.432518638670444489e-02
-2.432043664157390594e-02
-2.432199940085411072e-02
-2.431931346654891968e-02
-2.432620152831077576e-02
-2.433121390640735626e-02
-2.432971075177192688e-02
-2.432574704289436340e-02
-2.432676032185554504e-02
-2.432900853455066681e-02
-2.432669512927532196e-02
-2.432440966367721558e-02
-2.431996725499629974e-02
-2.432394213974475861e-02
-2.432755380868911743e-02
-2.432881668210029602e-02
-2.432269416749477386e-02
-2.432616800069808960e-02
-2.432915940880775452e-02
-2.433307282626628876e-02
-2.432929351925849915e-02
-2.432874962687492371e-02
-2.432720921933650970e-02
-2.432219870388507843e-02
-2.432099170982837677e-02
-2.432198263704776764e-02
-2.432299219071865082e-02
-2.432459965348243713e-02
-2.431922405958175659e-02
-2.431956306099891663e-02
-2.432890981435775757e-02
-2.432752586901187897e-02
-2.432525344192981720e-02
-2.432227507233619690e-02
-2.432362362742424011e-02
-2.432309649884700775e-02
-2.432736940681934357e-02
-2.432048507034778595e-02
-2.432301267981529236e-02
-2.432394213974475861e-02
-2.432889118790626526e-02
-2.432798780500888824e-02
-2.432945184409618378e-02
-2.432732656598091125e-02
-2.431879006326198578e-02
-2.432339824736118317e-02
-2.432383038103580475e-02
-2.433156035840511322e-02
-2.432723529636859894e-02
-2.432224713265895844e-02
-2.432381361722946167e-02
-2.432706207036972046e-02
-2.433034405112266541e-02
-2.433403022587299347e-02
-2.432795241475105286e-02
-2.433214150369167328e-02
-2.432277239859104156e-02
-2.432893589138984680e-02
-2.433218434453010559e-02
-2.433223091065883636e-02
-2.432852052152156830e-02
-2.432162128388881683e-02
-2.432612888514995575e-02
-2.432540617883205414e-02
-2.432828769087791443e-02
-2.432467415928840637e-02
-2.433154918253421783e-02
-2.432438358664512634e-02
-2.432596124708652496e-02
-2.432983368635177612e-02
-2.432261779904365540e-02
-2.432618476450443268e-02
-2.432506904006004333e-02
-2.432168275117874146e-02
-2.433058060705661774e-02
-2.432575449347496033e-02
-2.432491630315780640e-02
-2.432712167501449585e-02
-2.432091347873210907e-02
-2.433205954730510712e-02
-2.432418800890445709e-02
-2.432702854275703430e-02
-2.432304061949253082e-02
-2.432768233120441437e-02
-2.431189268827438354e-02
-2.432679012417793274e-02
-2.432023361325263977e-02
-2.432112023234367371e-02
-2.432594820857048035e-02
-2.433126233518123627e-02
-2.432604692876338959e-02
-2.432530000805854797e-02
-2.432079985737800598e-02
-2.431960031390190125e-02
-2.432181313633918762e-02
-2.432309836149215698e-02
-2.433096058666706085e-02
-2.432450838387012482e-02
-2.432050742208957672e-02
-2.432044222950935364e-02
-2.431936003267765045e-02
-2.432033047080039978e-02
-2.432715147733688354e-02
-2.433443814516067505e-02
-2.432492561638355255e-02
-2.432202920317649841e-02
-2.432410977780818939e-02
-2.432674542069435120e-02
-2.432224340736865997e-02
-2.432331070303916931e-02
-2.431945875287055969e-02
-2.432679943740367889e-02
-2.432624250650405884e-02
-2.432763203978538513e-02
-2.432045526802539825e-02
-2.433005720376968384e-02
-2.432601526379585266e-02
-2.433195151388645172e-02
-2.433096989989280701e-02
-2.432446740567684174e-02
-2.432651259005069733e-02
-2.432866953313350677e-02
-2.432458847761154175e-02
-2.433096058666706085e-02
-2.432998642325401306e-02
-2.432632818818092346e-02
-2.432289160788059235e-02
-2.432200871407985687e-02
-2.432359009981155396e-02
-2.432905510067939758e-02
-2.432501874864101410e-02
-2.432779781520366669e-02
-2.431713975965976715e-02
-2.432746998965740204e-02
-2.432513609528541565e-02
-2.432772703468799591e-02
-2.432630769908428192e-02
-2.431895211338996887e-02
-2.433242462575435638e-02
-2.432914450764656067e-02
-2.432635799050331116e-02
-2.433271519839763641e-02
-2.432699315249919891e-02
-2.432532235980033875e-02
-2.432739920914173126e-02
-2.432409301400184631e-02
-2.432643994688987732e-02
-2.433005720376968384e-02
-2.431947924196720123e-02
-2.432582899928092957e-02
-2.432995662093162537e-02
-2.432135120034217834e-02
-2.432242967188358307e-02
-2.432338334619998932e-02
-2.432272955775260925e-02
-2.432860806584358215e-02
-2.432271093130111694e-02
-2.432991936802864075e-02
-2.433228120207786560e-02
-2.432969957590103149e-02
-2.432880736887454987e-02
-2.432294562458992004e-02
-2.432022057473659515e-02
-2.431997284293174744e-02
-2.432521432638168335e-02
-2.432862482964992523e-02
-2.433382906019687653e-02
-2.432841248810291290e-02
-2.432641945779323578e-02
-2.432701550424098969e-02
-2.432774193584918976e-02
-2.432829327881336212e-02
-2.432548627257347107e-02
-2.432328090071678162e-02
-2.432974427938461304e-02
-2.433062158524990082e-02
-2.433121949434280396e-02
-2.432040497660636902e-02
-2.431584708392620087e-02
-2.432783506810665131e-02
-2.432766929268836975e-02
-2.432392351329326630e-02
-2.432640083134174347e-02
-2.432735078036785126e-02
-2.432650141417980194e-02
-2.432661503553390503e-02
-2.433762885630130768e-02
-2.433139830827713013e-02
-2.433213032782077789e-02
-2.433045767247676849e-02
-2.432453259825706482e-02
-2.433125488460063934e-02
-2.433451637625694275e-02
-2.432495541870594025e-02
-2.433675713837146759e-02
-2.433606423437595367e-02
-2.433050051331520081e-02
-2.433170564472675323e-02
-2.432568743824958801e-02
-2.433263137936592102e-02
-2.433188632130622864e-02
-2.432948909699916840e-02
-2.434113249182701111e-02
-2.432698570191860199e-02
-2.433129586279392242e-02
-2.432838454842567444e-02
-2.433842048048973083e-02
-2.432971447706222534e-02
-2.433334663510322571e-02
-2.433096989989280701e-02
-2.432784996926784515e-02
-2.432685159146785736e-02
-2.433190681040287018e-02
-2.433797344565391541e-02
-2.432448789477348328e-02
-2.433166839182376862e-02
-2.433490008115768433e-02
-2.433732338249683380e-02
-2.433061227202415466e-02
-2.433371916413307190e-02
-2.433275990188121796e-02
-2.432669326663017273e-02
-2.432676404714584351e-02
-2.432648651301860809e-02
-2.432688511908054352e-02
-2.433033101260662079e-02
-2.432480640709400177e-02
-2.432846650481224060e-02
-2.432915754616260529e-02
-2.432592026889324188e-02
-2.433973178267478943e-02
-2.433325909078121185e-02
-2.432934753596782684e-02
-2.432374097406864166e-02
-2.432846650481224060e-02
-2.433067746460437775e-02
-2.433317527174949646e-02
-2.432877384126186371e-02
-2.432322129607200623e-02
-2.432737126946449280e-02
-2.432767860591411591e-02
-2.433198876678943634e-02
-2.432902716100215912e-02
-2.433144673705101013e-02
-2.433258853852748871e-02
-2.433151192963123322e-02
-2.432749979197978973e-02
-2.433921769261360168e-02
-2.432619594037532806e-02
-2.433477900922298431e-02
-2.433111146092414856e-02
-2.433382906019687653e-02
-2.433048561215400696e-02
-2.432749606668949127e-02
-2.433137968182563782e-02
-2.433165721595287323e-02
-2.433350309729576111e-02
-2.433523721992969513e-02
-2.432773821055889130e-02
-2.432666160166263580e-02
-2.433331124484539032e-02
-2.433047071099281311e-02
-2.433007583022117615e-02
-2.432422712445259094e-02
-2.433602884411811829e-02
-2.433176711201667786e-02
-2.433567494153976440e-02
-2.433536760509014130e-02
-2.432692609727382660e-02
-2.433411590754985809e-02
-2.432703226804733276e-02
-2.432903833687305450e-02
-2.432588487863540649e-02
-2.433520741760730743e-02
-2.433305233716964722e-02
-2.433095686137676239e-02
-2.432844229042530060e-02
-2.432956174015998840e-02
-2.432718127965927124e-02
-2.433535084128379822e-02
-2.432479709386825562e-02
-2.432665415108203888e-02
-2.432722412049770355e-02
-2.433442696928977966e-02
-2.433562837541103363e-02
-2.433506213128566742e-02
-2.432492561638355255e-02
-2.432884648442268372e-02
-2.433430962264537811e-02
-2.433715574443340302e-02
-2.433066815137863159e-02
-2.432380989193916321e-02
-2.433354593813419342e-02
-2.432460151612758636e-02
-2.433350123465061188e-02
-2.433043345808982849e-02
-2.433099970221519470e-02
-2.433008141815662384e-02
-2.433409914374351501e-02
-2.433896996080875397e-02
-2.433880046010017395e-02
-2.433704398572444916e-02
-2.433913573622703552e-02
-2.433251403272151947e-02
-2.432800084352493286e-02
-2.433403953909873962e-02
-2.433610148727893829e-02
-2.433293126523494720e-02
-2.433277852833271027e-02
-2.433911897242069244e-02
-2.432749234139919281e-02
-2.434105053544044495e-02
-2.433599904179573059e-02
-2.433908917009830475e-02
-2.432694286108016968e-02
-2.433636412024497986e-02
-2.433433011174201965e-02
-2.432670816779136658e-02
-2.433536015450954437e-02
-2.432531304657459259e-02
-2.433239854872226715e-02
-2.433395013213157654e-02
-2.432746812701225281e-02
-2.434152923524379730e-02
-2.432724647223949432e-02
-2.433192171156406403e-02
-2.432661876082420349e-02
-2.432895265519618988e-02
-2.432977780699729919e-02
-2.433013543486595154e-02
-2.433505840599536896e-02
-2.433629706501960754e-02
-2.433405257761478424e-02
-2.433429099619388580e-02
-2.433669753372669220e-02
-2.433997020125389099e-02
-2.433720789849758148e-02
-2.433768473565578461e-02
-2.433971501886844635e-02
-2.433297224342823029e-02
-2.433724328875541687e-02
-2.433388680219650269e-02
-2.434048801660537720e-02
-2.432860806584358215e-02
-2.434040047228336334e-02
-2.432853914797306061e-02
-2.433256618678569794e-02
-2.433305233716964722e-02
-2.433340810239315033e-02
-2.433245629072189331e-02
-2.432713098824024200e-02
-2.433385699987411499e-02
-2.433154173195362091e-02
-2.433326654136180878e-02
-2.433243952691555023e-02
-2.432353235781192780e-02
-2.433441393077373505e-02
-2.433557622134685516e-02
-2.433666214346885681e-02
-2.433629520237445831e-02
-2.433679066598415375e-02
-2.433933876454830170e-02
-2.433283440768718719e-02
-2.433796785771846771e-02
-2.433892339468002319e-02
-2.433137036859989166e-02
-2.434033341705799103e-02
-2.433342486619949341e-02
-2.433558925986289978e-02
-2.433550171554088593e-02
-2.433315850794315338e-02
-2.432614937424659729e-02
-2.434120886027812958e-02
-2.433498576283454895e-02
-2.433051541447639465e-02
-2.433437295258045197e-02
-2.433307841420173645e-02
-2.432893961668014526e-02
-2.432802505791187286e-02
-2.434284612536430359e-02
-2.433310262858867645e-02
-2.433630079030990601e-02
-2.433545701205730438e-02
-2.434214390814304352e-02
-2.433815225958824158e-02
-2.433731220662593842e-02
-2.434309944510459900e-02
-2.433126606047153473e-02
-2.433311194181442261e-02
-2.434214763343334198e-02
-2.433470077812671661e-02
-2.433803863823413849e-02
-2.434011921286582947e-02
-2.433679811656475067e-02
-2.433655224740505219e-02
-2.433281019330024719e-02
-2.433793805539608002e-02
-2.433486096560955048e-02
-2.434019371867179871e-02
-2.433570660650730133e-02
-2.434054575860500336e-02
-2.433686889708042145e-02
-2.434247359633445740e-02
-2.433574758470058441e-02
-2.433506585657596588e-02
-2.433439344167709351e-02
-2.432774379849433899e-02
-2.433305233716964722e-02
-2.433514781296253204e-02
-2.433819510042667389e-02
-2.433331124484539032e-02
-2.433715201914310455e-02
-2.433708123862743378e-02
-2.433223091065883636e-02
-2.433114871382713318e-02
-2.434413507580757141e-02
-2.433708496391773224e-02
-2.433321438729763031e-02
-2.434188686311244965e-02
-2.433807961642742157e-02
-2.434314042329788208e-02
-2.433243021368980408e-02
-2.434062585234642029e-02
-2.433558367192745209e-02
-2.433093823492527008e-02
-2.434305660426616669e-02
-2.433549240231513977e-02
-2.433631569147109985e-02
-2.433777600526809692e-02
-2.433786727488040924e-02
-2.433139272034168243e-02
-2.434660866856575012e-02
-2.433763258159160614e-02
-2.433994971215724945e-02
-2.433281764388084412e-02
-2.433523908257484436e-02
-2.434311993420124054e-02
-2.434599585831165314e-02
-2.434488199651241302e-02
-2.434712275862693787e-02
-2.433885075151920319e-02
-2.433990128338336945e-02
-2.433673851191997528e-02
-2.434274367988109589e-02
-2.434167452156543732e-02
-2.433959580957889557e-02
-2.433811686933040619e-02
-2.433800883591175079e-02
-2.433229051530361176e-02
-2.433679811656475067e-02
-2.433590963482856750e-02
-2.433655969798564911e-02
-2.433518879115581512e-02
-2.433959394693374634e-02
-2.433414943516254425e-02
-2.433570474386215210e-02
-2.434014528989791870e-02
-2.433963678777217865e-02
-2.434091456234455109e-02
-2.433856949210166931e-02
-2.434230409562587738e-02
-2.434354647994041443e-02
-2.433684654533863068e-02
-2.433452196419239044e-02
-2.433552965521812439e-02
-2.434086985886096954e-02
-2.434130758047103882e-02
-2.433281205594539642e-02
-2.434042282402515411e-02
-2.433982677757740021e-02
-2.434370666742324829e-02
-2.434680983424186707e-02
-2.433803118765354156e-02
-2.434188872575759888e-02
-2.433538995683193207e-02
-2.433755248785018921e-02
-2.433483861386775970e-02
-2.434209175407886505e-02
-2.434416487812995911e-02
-2.434262447059154510e-02
-2.434238977730274200e-02
-2.434134297072887421e-02
-2.434298768639564514e-02
-2.433667518198490143e-02
-2.433864586055278778e-02
-2.434786595404148102e-02
-2.434333227574825287e-02
-2.434536255896091461e-02
-2.434471435844898224e-02
-2.434443309903144836e-02
-2.433968521654605865e-02
-2.434741891920566559e-02
-2.434366755187511444e-02
-2.435467205941677094e-02
-2.433927170932292938e-02
-2.433815039694309235e-02
-2.434460259974002838e-02
-2.434253878891468048e-02
-2.433992736041545868e-02
-2.434399910271167755e-02
-2.433987893164157867e-02
-2.433211915194988251e-02
-2.434277348220348358e-02
-2.434351295232772827e-02
-2.434073016047477722e-02
-2.433822862803936005e-02
-2.433542162179946899e-02
-2.434614859521389008e-02
-2.434189990162849426e-02
-2.434668503701686859e-02
-2.433995716273784637e-02
-2.434517815709114075e-02
-2.434928342700004578e-02
-2.434625849127769470e-02
-2.434147708117961884e-02
-2.434146218001842499e-02
-2.434066124260425568e-02
-2.434156648814678192e-02
-2.433422580361366272e-02
-2.434005215764045715e-02
-2.434207871556282043e-02
-2.433775179088115692e-02
-2.433960512280464172e-02
-2.434539422392845154e-02
-2.433537505567073822e-02
-2.434019558131694794e-02
-2.434923127293586731e-02
-2.435241825878620148e-02
-2.434814907610416412e-02
-2.433909103274345398e-02
-2.434377931058406830e-02
-2.434359863400459290e-02
-2.433523721992969513e-02
-2.434740774333477020e-02
-2.434355393052101135e-02
-2.434700913727283478e-02
-2.434677816927433014e-02
-2.434089966118335724e-02
-2.434580400586128235e-02
-2.433902211487293243e-02
-2.434800378978252411e-02
-2.434513904154300690e-02
-2.434209547936916351e-02
-2.434251829981803894e-02
-2.434065565466880798e-02
-2.434069104492664337e-02
-2.435062639415264130e-02
-2.434875816106796265e-02
-2.433894947171211243e-02
-2.433992736041545868e-02
-2.434406615793704987e-02
-2.433996647596359253e-02
-2.434549853205680847e-02
-2.434715814888477325e-02
-2.434432692825794220e-02
-2.433750219643115997e-02
-2.433717437088489532e-02
-2.434170618653297424e-02
-2.434766478836536407e-02
-2.434480004012584686e-02
-2.433720417320728302e-02
-2.434303797781467438e-02
-2.434511855244636536e-02
-2.434479817748069763e-02
-2.434452250599861145e-02
-2.434170432388782501e-02
-2.434643357992172241e-02
-2.434226125478744507e-02
-2.434525638818740845e-02
-2.434049919247627258e-02
-2.434640005230903625e-02
-2.434880472719669342e-02
-2.435041405260562897e-02
-2.434458397328853607e-02
-2.433854527771472931e-02
-2.434026822447776794e-02
-2.434598281979560852e-02
-2.434220537543296814e-02
-2.434354647994041443e-02
-2.434171177446842194e-02
-2.433972433209419250e-02
-2.434811182320117950e-02
-2.434582449495792389e-02
-2.434700913727283478e-02
-2.434399910271167755e-02
-2.433846332132816315e-02
-2.434566803276538849e-02
-2.434953488409519196e-02
-2.434350363910198212e-02
-2.434095181524753571e-02
-2.434173598885536194e-02
-2.434130199253559113e-02
-2.434550598263740540e-02
-2.434929460287094116e-02
-2.435037307441234589e-02
-2.435162290930747986e-02
-2.434795349836349487e-02
-2.434884198009967804e-02
-2.435054816305637360e-02
-2.434991672635078430e-02
-2.434088662266731262e-02
-2.434250898659229279e-02
-2.434416860342025757e-02
-2.434798702597618103e-02
-2.434579841792583466e-02
-2.435225807130336761e-02
-2.434698678553104401e-02
-2.434559538960456848e-02
-2.434938028454780579e-02
-2.434716187417507172e-02
-2.434937842190265656e-02
-2.434462681412696838e-02
-2.434393391013145447e-02
-2.434890344738960266e-02
-2.435203269124031067e-02
-2.434180304408073425e-02
-2.434708364307880402e-02
-2.434770576655864716e-02
-2.435223199427127838e-02
-2.434300072491168976e-02
-2.434438280761241913e-02
-2.434266544878482819e-02
-2.433962561190128326e-02
-2.434409968554973602e-02
-2.434642985463142395e-02
-2.435364760458469391e-02
-2.434403635561466217e-02
-2.435029856860637665e-02
-2.434600517153739929e-02
-2.434905245900154114e-02
-2.435327135026454926e-02
-2.434790879487991333e-02
-2.435357496142387390e-02
-2.434593997895717621e-02
-2.434466592967510223e-02
-2.434194274246692657e-02
-2.434732392430305481e-02
-2.434513159096240997e-02
-2.434174902737140656e-02
-2.434864267706871033e-02
-2.434640564024448395e-02
-2.433973737061023712e-02
-2.434683777391910553e-02
-2.434286288917064667e-02
-2.435921318829059601e-02
-2.434494160115718842e-02
-2.435031160712242126e-02
-2.434813603758811951e-02
-2.435038797557353973e-02
-2.435211464762687683e-02
-2.434941753745079041e-02
-2.435301803052425385e-02
-2.434764429926872253e-02
-2.434972114861011505e-02
-2.434862591326236725e-02
-2.434113249182701111e-02
-2.434797957539558411e-02
-2.434621565043926239e-02
-2.435332722961902618e-02
-2.435014210641384125e-02
-2.434741333127021790e-02
-2.434908971190452576e-02
-2.434663847088813782e-02
-2.435451000928878784e-02
-2.435111254453659058e-02
-2.435465902090072632e-02
-2.435150370001792908e-02
-2.434546314179897308e-02
-2.435186691582202911e-02
-2.435131743550300598e-02
-2.435107156634330750e-02
-2.435076981782913208e-02
-2.434887737035751343e-02
-2.435476146638393402e-02
-2.435198612511157990e-02
-2.434882894158363342e-02
-2.435458637773990631e-02
-2.435130439698696136e-02
-2.434447966516017914e-02
-2.434900961816310883e-02
-2.435284294188022614e-02
-2.435230836272239685e-02
-2.434760890901088715e-02
-2.435529790818691254e-02
-2.435160242021083832e-02
-2.434892207384109497e-02
-2.435610070824623108e-02
-2.436172775924205780e-02
-2.435438707470893860e-02
-2.435103245079517365e-02
-2.435106970369815826e-02
-2.435117028653621674e-02
-2.435245364904403687e-02
-2.435188926756381989e-02
-2.434912882745265961e-02
-2.435480430722236633e-02
-2.434837445616722107e-02
-2.435874193906784058e-02
-2.434835582971572876e-02
-2.435340732336044312e-02
-2.434905990958213806e-02
-2.435247972607612610e-02
