-3.896194323897361755e-02
-3.891219571232795715e-02
-3.897946327924728394e-02
-3.901193290948867798e-02
-3.902712091803550720e-02
-3.909693658351898193e-02
-3.914074599742889404e-02
-3.915589302778244019e-02
-3.920938447117805481e-02
-3.931861370801925659e-02
-3.931972011923789978e-02
-3.944000601768493652e-02
-3.946126624941825867e-02
-3.951789811253547668e-02
-3.960049897432327271e-02
-3.968007490038871765e-02
-3.976295143365859985e-02
-3.977463394403457642e-02
-3.986498340964317322e-02
-3.990149497985839844e-02
-3.998876735568046570e-02
-4.006095603108406067e-02
-4.013272002339363098e-02
-4.013710841536521912e-02
-4.024396091699600220e-02
-4.029684141278266907e-02
-4.037838429212570190e-02
-4.036162793636322021e-02
-4.044353961944580078e-02
-4.053206369280815125e-02
-4.056061059236526489e-02
-4.063349962234497070e-02
-4.068611934781074524e-02
-4.072344303131103516e-02
-4.076439142227172852e-02
-4.086442664265632629e-02
-4.087552428245544434e-02
-4.095117747783660889e-02
-4.102404788136482239e-02
-4.108899086713790894e-02
-4.113094881176948547e-02
-4.119313880801200867e-02
-4.127925634384155273e-02
-4.131735116243362427e-02
-4.133253917098045349e-02
-4.141708090901374817e-02
-4.146636277437210083e-02
-4.148929566144943237e-02
-4.151515290141105652e-02
-4.157882183790206909e-02
-4.165394976735115051e-02
-4.169696941971778870e-02
-4.175845533609390259e-02
-4.183710739016532898e-02
-4.190919548273086548e-02
-4.193478450179100037e-02
-4.198227077722549438e-02
-4.201024025678634644e-02
-4.207603260874748230e-02
-4.213477671146392822e-02
-4.214515909552574158e-02
-4.219224676489830017e-02
-4.227454960346221924e-02
-4.233162105083465576e-02
-4.241084307432174683e-02
-4.245473071932792664e-02
-4.250397905707359314e-02
-4.257934540510177612e-02
-4.261251166462898254e-02
-4.264285042881965637e-02
-4.270930960774421692e-02
-4.279080778360366821e-02
-4.278226196765899658e-02
-4.286820068955421448e-02
-4.294142872095108032e-02
-4.294556006789207458e-02
-4.298268258571624756e-02
-4.304169863462448120e-02
-4.312221705913543701e-02
-4.316156357526779175e-02
-4.317708685994148254e-02
-4.322974756360054016e-02
-4.333082586526870728e-02
-4.336880147457122803e-02
-4.341290146112442017e-02
-4.347572848200798035e-02
-4.348659887909889221e-02
-4.353391379117965698e-02
-4.355048388242721558e-02
-4.365683719515800476e-02
-4.367280378937721252e-02
-4.370967298746109009e-02
-4.372134432196617126e-02
-4.378872364759445190e-02
-4.379788413643836975e-02
-4.385229200124740601e-02
-4.393752664327621460e-02
-4.392613098025321960e-02
-4.398909956216812134e-02
-4.399652406573295593e-02
-4.401160404086112976e-02
-4.402815550565719604e-02
-4.406709223985671997e-02
-4.408185184001922607e-02
-4.409298673272132874e-02
-4.414400085806846619e-02
-4.417768493294715881e-02
-4.418233782052993774e-02
-4.422512277960777283e-02
-4.422010853886604309e-02
-4.424881190061569214e-02
-4.427563771605491638e-02
-4.433250054717063904e-02
-4.429175332188606262e-02
-4.431221634149551392e-02
-4.435439407825469971e-02
-4.436846449971199036e-02
-4.440994933247566223e-02
-4.437882080674171448e-02
-4.443512484431266785e-02
-4.442749172449111938e-02
-4.445159807801246643e-02
-4.447720199823379517e-02
-4.451442882418632507e-02
-4.454903677105903625e-02
-4.455762356519699097e-02
-4.454474896192550659e-02
-4.457785189151763916e-02
-4.457925260066986084e-02
-4.460282996296882629e-02
-4.465081170201301575e-02
-4.466192051768302917e-02
-4.460357502102851868e-02
-4.464758560061454773e-02
-4.467589035630226135e-02
-4.469933733344078064e-02
-4.471242800354957581e-02
-4.471595957875251770e-02
-4.471392929553985596e-02
-4.474828764796257019e-02
-4.476918652653694153e-02
-4.476852342486381531e-02
-4.476283490657806396e-02
-4.479510709643363953e-02
-4.477163031697273254e-02
-4.478280618786811829e-02
-4.481159523129463196e-02
-4.479614645242691040e-02
-4.482487589120864868e-02
-4.485233128070831299e-02
-4.483339935541152954e-02
-4.484270513057708740e-02
-4.485827311873435974e-02
-4.486535489559173584e-02
-4.489091783761978149e-02
-4.492547735571861267e-02
-4.490362852811813354e-02
-4.490702971816062927e-02
-4.492491111159324646e-02
-4.494698718190193176e-02
-4.494184628129005432e-02
-4.496393725275993347e-02
-4.496963322162628174e-02
-4.495452716946601868e-02
-4.495577514171600342e-02
-4.497309774160385132e-02
-4.500246420502662659e-02
-4.498545452952384949e-02
-4.501051083207130432e-02
-4.499293863773345947e-02
-4.497943073511123657e-02
-4.498701915144920349e-02
-4.499451071023941040e-02
-4.502500966191291809e-02
-4.503558576107025146e-02
-4.503024742007255554e-02
-4.503041878342628479e-02
-4.505271837115287781e-02
-4.505081474781036377e-02
-4.503976181149482727e-02
-4.504077136516571045e-02
-4.507205635309219360e-02
-4.507125914096832275e-02
-4.509242996573448181e-02
-4.508517682552337646e-02
-4.511917009949684143e-02
-4.509036988019943237e-02
-4.513332992792129517e-02
-4.512838274240493774e-02
-4.512823745608329773e-02
-4.511151835322380066e-02
-4.513441771268844604e-02
-4.515044391155242920e-02
-4.516099393367767334e-02
-4.513643682003021240e-02
-4.518062621355056763e-02
-4.517571628093719482e-02
-4.517713561654090881e-02
-4.519503563642501831e-02
-4.519374668598175049e-02
-4.520683735609054565e-02
-4.519930109381675720e-02
-4.519013687968254089e-02
-4.519247263669967651e-02
-4.520745202898979187e-02
-4.521475359797477722e-02
-4.520537704229354858e-02
-4.522173106670379639e-02
-4.523059353232383728e-02
-4.523734748363494873e-02
-4.521597176790237427e-02
-4.522474855184555054e-02
-4.525265842676162720e-02
-4.523609578609466553e-02
-4.522569850087165833e-02
-4.525306448340415955e-02
-4.525705054402351379e-02
-4.524703696370124817e-02
-4.526130855083465576e-02
-4.528688266873359680e-02
-4.526797309517860413e-02
-4.526237398386001587e-02
-4.529747739434242249e-02
-4.529677703976631165e-02
-4.529326781630516052e-02
-4.529511556029319763e-02
-4.529890045523643494e-02
-4.528542235493659973e-02
-4.529527574777603149e-02
-4.532033577561378479e-02
-4.530476033687591553e-02
-4.528278857469558716e-02
-4.531103000044822693e-02
-4.531599208712577820e-02
-4.530576616525650024e-02
-4.532658308744430542e-02
-4.531739279627799988e-02
-4.534822329878807068e-02
-4.532459005713462830e-02
-4.532391950488090515e-02
-4.534546285867691040e-02
-4.532631859183311462e-02
-4.534025490283966064e-02
-4.533610492944717407e-02
-4.536474123597145081e-02
-4.533831402659416199e-02
-4.537265747785568237e-02
-4.537210240960121155e-02
-4.536676779389381409e-02
-4.535518959164619446e-02
-4.536551982164382935e-02
-4.539377987384796143e-02
-4.537602141499519348e-02
-4.537955671548843384e-02
-4.537892714142799377e-02
-4.539190977811813354e-02
-4.539365693926811218e-02
-4.538980498909950256e-02
-4.539181292057037354e-02
-4.539192095398902893e-02
-4.538049176335334778e-02
-4.539512097835540771e-02
-4.542351886630058289e-02
-4.542256519198417664e-02
-4.539163038134574890e-02
-4.539395496249198914e-02
-4.538304731249809265e-02
-4.541136696934700012e-02
-4.538839310407638550e-02
-4.540126398205757141e-02
-4.541153088212013245e-02
-4.543559253215789795e-02
-4.543790966272354126e-02
-4.544113576412200928e-02
-4.543412849307060242e-02
-4.542861878871917725e-02
-4.544439166784286499e-02
-4.544711485505104065e-02
-4.545911401510238647e-02
-4.548206552863121033e-02
-4.547363892197608948e-02
-4.545346647500991821e-02
-4.546749964356422424e-02
-4.547488316893577576e-02
-4.545085132122039795e-02
-4.547936841845512390e-02
-4.546879976987838745e-02
-4.545940086245536804e-02
-4.546987265348434448e-02
-4.547551646828651428e-02
-4.548471048474311829e-02
-4.547607153654098511e-02
-4.546630755066871643e-02
-4.546749964356422424e-02
-4.547781869769096375e-02
-4.547781497240066528e-02
-4.548952355980873108e-02
-4.548767954111099243e-02
-4.549694433808326721e-02
-4.547952115535736084e-02
-4.548984020948410034e-02
-4.549143835902214050e-02
-4.550198465585708618e-02
-4.547397792339324951e-02
-4.552035778760910034e-02
-4.550873860716819763e-02
-4.550281912088394165e-02
-4.550411179661750793e-02
-4.552112892270088196e-02
-4.550157859921455383e-02
-4.552425071597099304e-02
-4.551342874765396118e-02
-4.550873488187789917e-02
-4.551217705011367798e-02
-4.551698639988899231e-02
-4.553315415978431702e-02
-4.552928358316421509e-02
-4.553617164492607117e-02
-4.555160179734230042e-02
-4.554237052798271179e-02
-4.553786665201187134e-02
-4.551626369357109070e-02
-4.553874209523200989e-02
-4.554139450192451477e-02
-4.554497078061103821e-02
-4.555084928870201111e-02
-4.553469642996788025e-02
-4.554539546370506287e-02
-4.554177448153495789e-02
-4.554670304059982300e-02
-4.554629698395729065e-02
-4.554948955774307251e-02
-4.555645212531089783e-02
-4.556043818593025208e-02
-4.556722939014434814e-02
-4.557662457227706909e-02
-4.558062925934791565e-02
-4.558015987277030945e-02
-4.556931555271148682e-02
-4.558867588639259338e-02
-4.557443782687187195e-02
-4.556660354137420654e-02
-4.556591436266899109e-02
-4.557741060853004456e-02
-4.555951058864593506e-02
-4.556782916188240051e-02
-4.558126628398895264e-02
-4.560199007391929626e-02
-4.558300226926803589e-02
-4.557013139128684998e-02
-4.558023065328598022e-02
-4.558140411972999573e-02
-4.558054730296134949e-02
-4.560733214020729065e-02
-4.560478404164314270e-02
-4.558811336755752563e-02
-4.559858143329620361e-02
-4.558916389942169189e-02
-4.560665786266326904e-02
-4.561249911785125732e-02
-4.561800137162208557e-02
-4.560162127017974854e-02
-4.559950530529022217e-02
-4.559924826025962830e-02
-4.559825360774993896e-02
-4.561567679047584534e-02
-4.561598971486091614e-02
-4.560246691107749939e-02
-4.562233015894889832e-02
-4.563857987523078918e-02
-4.562534764409065247e-02
-4.562221094965934753e-02
-4.562420025467872620e-02
-4.562427103519439697e-02
-4.562311619520187378e-02
-4.563177749514579773e-02
-4.563071206212043762e-02
-4.565345868468284607e-02
-4.561860486865043640e-02
-4.566625133156776428e-02
-4.563964530825614929e-02
-4.565284401178359985e-02
-4.563538730144500732e-02
-4.564336687326431274e-02
-4.567558690905570984e-02
-4.564531520009040833e-02
-4.564152657985687256e-02
-4.565447941422462463e-02
-4.564031586050987244e-02
-4.563989117741584778e-02
-4.564696922898292542e-02
-4.564853757619857788e-02
-4.564850032329559326e-02
-4.566196352243423462e-02
-4.565970599651336670e-02
-4.565410315990447998e-02
-4.566756635904312134e-02
-4.563887417316436768e-02
-4.565460979938507080e-02
-4.563726112246513367e-02
-4.563613235950469971e-02
-4.566931352019309998e-02
-4.565913602709770203e-02
-4.567500576376914978e-02
-4.566051438450813293e-02
-4.566890373826026917e-02
-4.564171284437179565e-02
-4.565584287047386169e-02
-4.566238820552825928e-02
-4.565932229161262512e-02
-4.569284245371818542e-02
-4.567461088299751282e-02
-4.567310586571693420e-02
-4.567625746130943298e-02
-4.566965252161026001e-02
-4.566347226500511169e-02
-4.568590968847274780e-02
-4.566601663827896118e-02
-4.569889977574348450e-02
-4.569000378251075745e-02
-4.570256546139717102e-02
-4.569174721837043762e-02
-4.567415267229080200e-02
-4.569248855113983154e-02
-4.568303748965263367e-02
-4.568185284733772278e-02
-4.567220434546470642e-02
-4.567244276404380798e-02
-4.568303748965263367e-02
-4.570693150162696838e-02
-4.568128287792205811e-02
-4.570988565683364868e-02
-4.569821059703826904e-02
-4.569474607706069946e-02
-4.570448771119117737e-02
-4.570800438523292542e-02
-4.571961611509323120e-02
-4.570956900715827942e-02
-4.572258144617080688e-02
-4.573794826865196228e-02
-4.569341987371444702e-02
-4.570945724844932556e-02
-4.571883380413055420e-02
-4.571000114083290100e-02
-4.571368172764778137e-02
-4.570819064974784851e-02
-4.568979889154434204e-02
-4.570067301392555237e-02
-4.569687321782112122e-02
-4.567798227071762085e-02
-4.565957561135292053e-02
-4.567689076066017151e-02
-4.567336291074752808e-02
-4.566919058561325073e-02
-4.568610340356826782e-02
-4.567638784646987915e-02
-4.569839686155319214e-02
-4.568221047520637512e-02
-4.568623378872871399e-02
-4.569875448942184448e-02
-4.569847136735916138e-02
-4.570697620511054993e-02
-4.570890963077545166e-02
-4.569276422262191772e-02
-4.569767042994499207e-02
-4.569344967603683472e-02
-4.569023102521896362e-02
-4.569938406348228455e-02
-4.571989923715591431e-02
-4.571689292788505554e-02
-4.571864753961563110e-02
-4.569954797625541687e-02
-4.569017142057418823e-02
-4.567594081163406372e-02
-4.566291719675064087e-02
-4.565147310495376587e-02
-4.564340040087699890e-02
-4.566043987870216370e-02
-4.565153270959854126e-02
-4.565029591321945190e-02
-4.564439132809638977e-02
-4.566337168216705322e-02
-4.563561826944351196e-02
-4.564524069428443909e-02
-4.562730342149734497e-02
-4.562234133481979370e-02
-4.564737528562545776e-02
-4.564649239182472229e-02
-4.564051702618598938e-02
-4.562694951891899109e-02
-4.567252099514007568e-02
-4.570688307285308838e-02
-4.568632319569587708e-02
-4.568768292665481567e-02
-4.568571224808692932e-02
-4.568593204021453857e-02
-4.569258913397789001e-02
-4.570568352937698364e-02
-4.569839313626289368e-02
-4.569840803742408752e-02
-4.571686685085296631e-02
-4.571964219212532043e-02
-4.572243988513946533e-02
-4.572811350226402283e-02
-4.572720453143119812e-02
-4.572337120771408081e-02
-4.573842510581016541e-02
-4.574500024318695068e-02
-4.573256894946098328e-02
-4.574929177761077881e-02
-4.573321714997291565e-02
-4.572410136461257935e-02
-4.575543850660324097e-02
-4.573931917548179626e-02
-4.574511200189590454e-02
-4.576485604047775269e-02
-4.573883861303329468e-02
-4.572833701968193054e-02
-4.573806747794151306e-02
-4.574034363031387329e-02
-4.574288427829742432e-02
-4.574794322252273560e-02
-4.576469212770462036e-02
-4.576839879155158997e-02
-4.576373845338821411e-02
-4.577002674341201782e-02
-4.578125849366188049e-02
-4.577676951885223389e-02
-4.577062278985977173e-02
-4.578364640474319458e-02
-4.576757177710533142e-02
-4.578042402863502502e-02
-4.579186812043190002e-02
-4.579456895589828491e-02
-4.579866304993629456e-02
-4.578759893774986267e-02
-4.579470679163932800e-02
-4.579460248351097107e-02
-4.579602926969528198e-02
-4.579554870724678040e-02
-4.580112174153327942e-02
-4.580830410122871399e-02
-4.579656571149826050e-02
-4.582579806447029114e-02
-4.580678045749664307e-02
-4.580682143568992615e-02
-4.580545797944068909e-02
-4.580475017428398132e-02
-4.582242295145988464e-02
-4.584258049726486206e-02
-4.582633450627326965e-02
-4.581323638558387756e-02
-4.580501466989517212e-02
-4.582629352807998657e-02
-4.582369700074195862e-02
-4.581835493445396423e-02
-4.583229497075080872e-02
-4.583244770765304565e-02
-4.582017287611961365e-02
-4.583109542727470398e-02
-4.584504291415214539e-02
-4.583267867565155029e-02
-4.584685713052749634e-02
-4.585132747888565063e-02
-4.585216939449310303e-02
-4.585856571793556213e-02
-4.586155340075492859e-02
-4.585944861173629761e-02
-4.586149379611015320e-02
-4.587185755372047424e-02
-4.587354511022567749e-02
-4.589296132326126099e-02
-4.586267098784446716e-02
-4.586277902126312256e-02
-4.586742073297500610e-02
-4.589101299643516541e-02
-4.586720094084739685e-02
-4.586521163582801819e-02
-4.586975276470184326e-02
-4.586847499012947083e-02
-4.586021602153778076e-02
-4.587567597627639771e-02
-4.587326571345329285e-02
-4.586403071880340576e-02
-4.584358632564544678e-02
-4.586756601929664612e-02
-4.586561396718025208e-02
-4.587177187204360962e-02
-4.584116861224174500e-02
-4.584908112883567810e-02
-4.584762081503868103e-02
-4.584322124719619751e-02
-4.584009572863578796e-02
-4.583873227238655090e-02
-4.581918939948081970e-02
-4.580008238554000854e-02
-4.580399766564369202e-02
-4.580556601285934448e-02
-4.580966383218765259e-02
-4.581994563341140747e-02
-4.581072181463241577e-02
-4.580832272768020630e-02
-4.581990465521812439e-02
-4.580945521593093872e-02
-4.582316800951957703e-02
-4.580284282565116882e-02
-4.580120742321014404e-02
-4.578991979360580444e-02
-4.581961780786514282e-02
-4.581282287836074829e-02
-4.580974951386451721e-02
-4.582386836409568787e-02
-4.582563787698745728e-02
-4.582370072603225708e-02
-4.581816866993904114e-02
-4.580439254641532898e-02
-4.582422599196434021e-02
-4.581342265009880066e-02
-4.579693451523780823e-02
-4.577732458710670471e-02
-4.574922844767570496e-02
-4.575686156749725342e-02
-4.573860391974449158e-02
-4.574133083224296570e-02
-4.574893042445182800e-02
-4.575059562921524048e-02
-4.576085507869720459e-02
-4.576035216450691223e-02
-4.573270305991172791e-02
-4.573901370167732239e-02
-4.576646536588668823e-02
-4.578052833676338196e-02
-4.577029123902320862e-02
-4.579042643308639526e-02
-4.578367248177528381e-02
-4.581045359373092651e-02
-4.578154534101486206e-02
-4.580804333090782166e-02
-4.580834880471229553e-02
-4.582177102565765381e-02
-4.583236202597618103e-02
-4.585711285471916199e-02
-4.586647078394889832e-02
-4.586397856473922729e-02
-4.588200524449348450e-02
-4.589280113577842712e-02
-4.589485749602317810e-02
-4.587062075734138489e-02
-4.588315635919570923e-02
-4.586709663271903992e-02
-4.585627838969230652e-02
-4.586124792695045471e-02
-4.585814848542213440e-02
-4.584497958421707153e-02
-4.583396390080451965e-02
-4.581664502620697021e-02
-4.578300565481185913e-02
-4.573743790388107300e-02
-4.554653540253639221e-02
-4.546372964978218079e-02
-4.538251832127571106e-02
-4.536060988903045654e-02
-4.538099095225334167e-02
-4.539276286959648132e-02
-4.548026993870735168e-02
-4.558450728654861450e-02
-4.560394585132598877e-02
-4.561109468340873718e-02
-4.567245393991470337e-02
-4.563130810856819153e-02
-4.568269476294517517e-02
-4.571534693241119385e-02
-4.568976536393165588e-02
-4.571598023176193237e-02
-4.555294662714004517e-02
-4.547129198908805847e-02
-4.556364566087722778e-02
-4.544404521584510803e-02
-4.552346840500831604e-02
-4.553131014108657837e-02
-4.529808461666107178e-02
-4.525274410843849182e-02
-4.524209722876548767e-02
-4.509602859616279602e-02
-4.512721672654151917e-02
-4.518584907054901123e-02
-4.501088336110115051e-02
-4.496315866708755493e-02
-4.484330862760543823e-02
-4.483694210648536682e-02
-4.481095448136329651e-02
-4.492349922657012939e-02
-4.457655176520347595e-02
-4.435831680893898010e-02
-4.408196359872817993e-02
-4.398451745510101318e-02
-4.386328160762786865e-02
-4.368918761610984802e-02
-4.376819357275962830e-02
-4.416097700595855713e-02
-4.464842006564140320e-02
-4.466311261057853699e-02
-4.447378590703010559e-02
-4.442048817873001099e-02
-4.455240443348884583e-02
-4.481776058673858643e-02
-4.494108632206916809e-02
-4.504053294658660889e-02
-4.522477835416793823e-02
-4.534088447690010071e-02
-4.537441954016685486e-02
-4.543025791645050049e-02
-4.544354602694511414e-02
-4.544337466359138489e-02
-4.545097053050994873e-02
-4.546358063817024231e-02
-4.544487968087196350e-02
-4.546651616692543030e-02
-4.546038433909416199e-02
-4.548354819416999817e-02
-4.550324752926826477e-02
-4.550187289714813232e-02
-4.555404558777809143e-02
-4.553728178143501282e-02
-4.554942995309829712e-02
-4.556049033999443054e-02
-4.556451737880706787e-02
-4.556814581155776978e-02
-4.557998850941658020e-02
-4.560249298810958862e-02
-4.560215771198272705e-02
-4.561943188309669495e-02
-4.565645381808280945e-02
-4.564891755580902100e-02
-4.562683030962944031e-02
-4.564655944705009460e-02
-4.567535594105720520e-02
-4.572443664073944092e-02
-4.569961130619049072e-02
-4.571267589926719666e-02
-4.572340473532676697e-02
-4.576434195041656494e-02
-4.576158896088600159e-02
-4.576906189322471619e-02
-4.575269669294357300e-02
-4.581892862915992737e-02
-4.579285159707069397e-02
-4.581588879227638245e-02
-4.575190320611000061e-02
-4.571861773729324341e-02
-4.567784816026687622e-02
-4.563058540225028992e-02
-4.554740712046623230e-02
-4.553942382335662842e-02
-4.548584669828414917e-02
-4.550719633698463440e-02
-4.547964036464691162e-02
-4.546257480978965759e-02
-4.543151333928108215e-02
-4.538715258240699768e-02
-4.543058201670646667e-02
-4.542363807559013367e-02
-4.539698734879493713e-02
-4.541311413049697876e-02
-4.541812092065811157e-02
-4.540342837572097778e-02
-4.539407417178153992e-02
-4.540633782744407654e-02
-4.539313539862632751e-02
-4.537500068545341492e-02
-4.535022005438804626e-02
-4.534946382045745850e-02
-4.536868259310722351e-02
-4.530670121312141418e-02
-4.529328644275665283e-02
-4.525915533304214478e-02
-4.524431750178337097e-02
-4.521831125020980835e-02
-4.523210972547531128e-02
-4.521040618419647217e-02
-4.521726816892623901e-02
-4.521758481860160828e-02
-4.521782323718070984e-02
-4.520507529377937317e-02
-4.517433419823646545e-02
-4.518372192978858948e-02
-4.518093541264533997e-02
-4.519990831613540649e-02
-4.518681019544601440e-02
-4.518880322575569153e-02
-4.517139866948127747e-02
-4.519747570157051086e-02
-4.517195373773574829e-02
-4.515417665243148804e-02
-4.509925097227096558e-02
-4.510305821895599365e-02
-4.510621726512908936e-02
-4.511629045009613037e-02
-4.511433467268943787e-02
-4.515265300869941711e-02
-4.515301436185836792e-02
-4.510572180151939392e-02
-4.509176686406135559e-02
-4.509318619966506958e-02
-4.514663666486740112e-02
-4.517402499914169312e-02
-4.516156762838363647e-02
-4.520915076136589050e-02
-4.518492519855499268e-02
-4.515096172690391541e-02
-4.509474709630012512e-02
-4.508426040410995483e-02
-4.504185169935226440e-02
-4.501754418015480042e-02
-4.499152675271034241e-02
-4.496129229664802551e-02
-4.490948840975761414e-02
-4.489610344171524048e-02
-4.487486556172370911e-02
-4.486625269055366516e-02
-4.489605873823165894e-02
-4.487818107008934021e-02
-4.475888237357139587e-02
-4.468727856874465942e-02
-4.467649385333061218e-02
-4.472272470593452454e-02
-4.467142000794410706e-02
-4.468300566077232361e-02
-4.466475173830986023e-02
-4.459501430392265320e-02
-4.455464705824851990e-02
-4.449191316962242126e-02
-4.448026791214942932e-02
-4.456152394413948059e-02
-4.462071135640144348e-02
-4.470234364271163940e-02
-4.466582834720611572e-02
-4.470135271549224854e-02
-4.469391331076622009e-02
-4.466547444462776184e-02
-4.463913664221763611e-02
-4.462739452719688416e-02
-4.468634352087974548e-02
-4.466941580176353455e-02
-4.469195753335952759e-02
-4.464588686823844910e-02
-4.467262700200080872e-02
-4.464426264166831970e-02
-4.464846104383468628e-02
-4.462836682796478271e-02
-4.460525885224342346e-02
-4.461529105901718140e-02
-4.466306790709495544e-02
-4.460462555289268494e-02
-4.460878297686576843e-02
-4.461855068802833557e-02
-4.466361925005912781e-02
-4.461728036403656006e-02
-4.458364471793174744e-02
-4.458363726735115051e-02
-4.453893005847930908e-02
-4.453996568918228149e-02
-4.453300684690475464e-02
-4.439552500844001770e-02
-4.440688341856002808e-02
-4.431220516562461853e-02
-4.428614303469657898e-02
-4.424002394080162048e-02
-4.422118887305259705e-02
-4.414363205432891846e-02
-4.412622004747390747e-02
-4.406177252531051636e-02
-4.393409937620162964e-02
-4.382719472050666809e-02
-4.373320192098617554e-02
-4.358588531613349915e-02
-4.353854805231094360e-02
-4.348282516002655029e-02
-4.343299567699432373e-02
-4.337827861309051514e-02
-4.332162439823150635e-02
-4.326323792338371277e-02
-4.323874041438102722e-02
-4.319822415709495544e-02
-4.309128224849700928e-02
-4.308552667498588562e-02
-4.305056110024452209e-02
-4.304923489689826965e-02
-4.303273931145668030e-02
-4.290232807397842407e-02
-4.295377805829048157e-02
-4.292937368154525757e-02
-4.299201816320419312e-02
-4.304097965359687805e-02
-4.305278137326240540e-02
-4.310278594493865967e-02
-4.304835945367813110e-02
-4.306782782077789307e-02
-4.296724498271942139e-02
-4.294985905289649963e-02
-4.292770475149154663e-02
-4.289611801505088806e-02
-4.284267872571945190e-02
-4.276851564645767212e-02
-4.272099584341049194e-02
-4.268879815936088562e-02
-4.268634691834449768e-02
-4.274557903409004211e-02
-4.270683228969573975e-02
-4.274376109242439270e-02
-4.273844137787818909e-02
-4.269668832421302795e-02
-4.273516312241554260e-02
-4.273928329348564148e-02
-4.274898022413253784e-02
-4.274113103747367859e-02
-4.277478158473968506e-02
-4.278731718659400940e-02
-4.277355596423149109e-02
-4.282718151807785034e-02
-4.281424731016159058e-02
-4.281648248434066772e-02
-4.285873100161552429e-02
-4.290599003434181213e-02
-4.292250052094459534e-02
-4.289069399237632751e-02
-4.294352978467941284e-02
-4.290730878710746765e-02
-4.289647564291954041e-02
-4.296227172017097473e-02
-4.293292015790939331e-02
-4.294789582490921021e-02
-4.293441027402877808e-02
-4.302344471216201782e-02
-4.308439791202545166e-02
-4.302168264985084534e-02
-4.309312999248504639e-02
-4.304175823926925659e-02
-4.306827858090400696e-02
-4.309911653399467468e-02
-4.319920763373374939e-02
-4.320533946156501770e-02
-4.328184574842453003e-02
-4.325586184859275818e-02
-4.326478764414787292e-02
-4.328819736838340759e-02
-4.325447976589202881e-02
-4.327019676566123962e-02
-4.330987855792045593e-02
-4.330879822373390198e-02
-4.334713891148567200e-02
-4.337967559695243835e-02
-4.339844733476638794e-02
-4.333229735493659973e-02
-4.331937804818153381e-02
-4.338536411523818970e-02
-4.331919178366661072e-02
-4.330775514245033264e-02
-4.331397265195846558e-02
-4.342220723628997803e-02
-4.341680929064750671e-02
-4.337451234459877014e-02
-4.339159652590751648e-02
-4.341256991028785706e-02
-4.343904182314872742e-02
-4.345866665244102478e-02
-4.342725500464439392e-02
-4.344223067164421082e-02
-4.343304783105850220e-02
-4.351932927966117859e-02
-4.351920261979103088e-02
-4.358229413628578186e-02
-4.355006664991378784e-02
-4.360321909189224243e-02
-4.354425147175788879e-02
-4.360087588429450989e-02
-4.360636696219444275e-02
-4.350025206804275513e-02
-4.355468973517417908e-02
-4.361423105001449585e-02
-4.363368451595306396e-02
-4.365324229001998901e-02
-4.362441226840019226e-02
-4.365243017673492432e-02
-4.369799792766571045e-02
-4.368214309215545654e-02
-4.373342916369438171e-02
-4.374855384230613708e-02
-4.368943348526954651e-02
-4.371975362300872803e-02
-4.364214465022087097e-02
-4.364550858736038208e-02
-4.363602027297019958e-02
-4.364918917417526245e-02
-4.370975866913795471e-02
-4.373299330472946167e-02
-4.375694692134857178e-02
-4.379496350884437561e-02
-4.379348084330558777e-02
-4.376860335469245911e-02
-4.379038512706756592e-02
-4.383101686835289001e-02
-4.380678385496139526e-02
-4.378012567758560181e-02
-4.380165785551071167e-02
-4.378810152411460876e-02
-4.381487518548965454e-02
-4.376696795225143433e-02
-4.378598183393478394e-02
-4.380462318658828735e-02
-4.383475705981254578e-02
-4.387410357594490051e-02
-4.386805742979049683e-02
-4.386010020971298218e-02
-4.390343651175498962e-02
-4.388968646526336670e-02
-4.392783343791961670e-02
-4.394084960222244263e-02
-4.399668797850608826e-02
-4.407231882214546204e-02
-4.399719461798667908e-02
-4.409769549965858459e-02
-4.411516711115837097e-02
-4.417585581541061401e-02
-4.420162737369537354e-02
-4.416840896010398865e-02
-4.420524463057518005e-02
-4.424005374312400818e-02
-4.424412548542022705e-02
-4.425583034753799438e-02
-4.425441473722457886e-02
-4.430796205997467041e-02
-4.434556886553764343e-02
-4.435864463448524475e-02
-4.437823221087455750e-02
-4.439777508378028870e-02
-4.443099722266197205e-02
-4.437883570790290833e-02
-4.435728117823600769e-02
-4.434455558657646179e-02
-4.435633867979049683e-02
-4.439537599682807922e-02
-4.444171860814094543e-02
-4.441307485103607178e-02
-4.440696910023689270e-02
-4.442466422915458679e-02
-4.442615807056427002e-02
-4.442464187741279602e-02
-4.442969337105751038e-02
-4.441720619797706604e-02
-4.439967125654220581e-02
-4.441918060183525085e-02
-4.441140219569206238e-02
-4.442352801561355591e-02
-4.448989778757095337e-02
-4.450517520308494568e-02
-4.451297223567962646e-02
-4.451514780521392822e-02
-4.452642425894737244e-02
-4.451078921556472778e-02
-4.450828582048416138e-02
-4.452159628272056580e-02
-4.454658925533294678e-02
-4.454560577869415283e-02
-4.455736652016639709e-02
-4.453496634960174561e-02
-4.458983242511749268e-02
-4.454334452748298645e-02
-4.454880207777023315e-02
-4.455421119928359985e-02
-4.456683248281478882e-02
-4.456811398267745972e-02
-4.460606724023818970e-02
-4.459188878536224365e-02
-4.463068023324012756e-02
-4.464568570256233215e-02
-4.465526714920997620e-02
-4.465691000223159790e-02
-4.465235397219657898e-02
-4.468208923935890198e-02
-4.468091949820518494e-02
-4.471246898174285889e-02
-4.469802230596542358e-02
-4.474220797419548035e-02
-4.474853724241256714e-02
-4.474996402859687805e-02
-4.476639255881309509e-02
-4.475046694278717041e-02
-4.477265104651451111e-02
-4.478318616747856140e-02
-4.479555040597915649e-02
-4.476266354322433472e-02
-4.476402327418327332e-02
-4.477062448859214783e-02
-4.477528855204582214e-02
-4.479827359318733215e-02
-4.479454457759857178e-02
-4.480624571442604065e-02
-4.478104785084724426e-02
-4.481935873627662659e-02
-4.481462016701698303e-02
-4.477215930819511414e-02
-4.480643942952156067e-02
-4.485091939568519592e-02
-4.485386982560157776e-02
-4.482497647404670715e-02
-4.481898993253707886e-02
-4.483367875218391418e-02
-4.482079297304153442e-02
-4.484911635518074036e-02
-4.486823454499244690e-02
-4.486024007201194763e-02
-4.484730213880538940e-02
-4.486338049173355103e-02
-4.485319927334785461e-02
-4.488177970051765442e-02
-4.488062486052513123e-02
-4.490438476204872131e-02
-4.487036913633346558e-02
-4.483985155820846558e-02
-4.490609839558601379e-02
-4.488045349717140198e-02
-4.490650072693824768e-02
-4.488768801093101501e-02
-4.487946256995201111e-02
-4.488327726721763611e-02
-4.488811269402503967e-02
-4.490705206990242004e-02
-4.490839317440986633e-02
-4.489264637231826782e-02
-4.492020234465599060e-02
-4.490688070654869080e-02
-4.490148276090621948e-02
-4.492158070206642151e-02
-4.493727162480354309e-02
-4.491921141743659973e-02
-4.493125900626182556e-02
-4.494005814194679260e-02
-4.491495341062545776e-02
-4.493458196520805359e-02
-4.494139924645423889e-02
-4.494933038949966431e-02
-4.493677988648414612e-02
-4.491348937153816223e-02
-4.495929926633834839e-02
-4.498137906193733215e-02
-4.501504823565483093e-02
-4.497415944933891296e-02
-4.498402774333953857e-02
-4.497131332755088806e-02
-4.497816786170005798e-02
-4.497550427913665771e-02
-4.498384147882461548e-02
-4.496444389224052429e-02
-4.501057043671607971e-02
-4.497755691409111023e-02
-4.499891027808189392e-02
-4.500390216708183289e-02
-4.502760618925094604e-02
-4.501937329769134521e-02
-4.502794891595840454e-02
-4.502926766872406006e-02
-4.500327631831169128e-02
-4.502265155315399170e-02
-4.503481090068817139e-02
-4.505273327231407166e-02
-4.503158479928970337e-02
-4.505175724625587463e-02
-4.506359249353408813e-02
-4.503403604030609131e-02
-4.503664001822471619e-02
-4.502946510910987854e-02
-4.503890499472618103e-02
-4.503137245774269104e-02
-4.504967108368873596e-02
-4.504822939634323120e-02
-4.503953829407691956e-02
-4.506824910640716553e-02
-4.507790505886077881e-02
-4.504374414682388306e-02
-4.502127692103385925e-02
-4.507577046751976013e-02
-4.506449028849601746e-02
-4.508059471845626831e-02
-4.508819058537483215e-02
-4.511093348264694214e-02
-4.510399326682090759e-02
-4.505970701575279236e-02
-4.506038874387741089e-02
-4.505894333124160767e-02
-4.506468027830123901e-02
-4.508491978049278259e-02
-4.509427770972251892e-02
-4.511217772960662842e-02
-4.510115087032318115e-02
-4.511900618672370911e-02
-4.510007426142692566e-02
-4.507557675242424011e-02
-4.509457200765609741e-02
-4.508955776691436768e-02
-4.506765305995941162e-02
-4.510049521923065186e-02
-4.509456083178520203e-02
-4.509758204221725464e-02
-4.505432397127151489e-02
-4.511164128780364990e-02
-4.510194808244705200e-02
-4.512454196810722351e-02
-4.510780796408653259e-02
-4.511334374547004700e-02
-4.511157423257827759e-02
-4.511315375566482544e-02
-4.512201249599456787e-02
-4.511157423257827759e-02
-4.512654989957809448e-02
-4.513098672032356262e-02
-4.512700065970420837e-02
-4.511126503348350525e-02
-4.511909559369087219e-02
-4.512720555067062378e-02
-4.516204446554183960e-02
-4.512782022356987000e-02
-4.504657164216041565e-02
-4.509975388646125793e-02
-4.512338340282440186e-02
-4.514110833406448364e-02
-4.511056095361709595e-02
-4.511676356196403503e-02
-4.515300691127777100e-02
-4.512536898255348206e-02
-4.509473592042922974e-02
-4.511279240250587463e-02
-4.511656239628791809e-02
-4.511810839176177979e-02
-4.512812569737434387e-02
-4.512117803096771240e-02
-4.513297975063323975e-02
-4.515210539102554321e-02
-4.511592537164688110e-02
-4.514791071414947510e-02
-4.514234513044357300e-02
-4.513766244053840637e-02
-4.511838406324386597e-02
-4.517402127385139465e-02
-4.513600096106529236e-02
-4.512715712189674377e-02
-4.516218602657318115e-02
-4.513930529356002808e-02
-4.517266899347305298e-02
-4.514981806278228760e-02
-4.515175521373748779e-02
-4.515849053859710693e-02
-4.515536502003669739e-02
-4.515843093395233154e-02
-4.514527693390846252e-02
-4.519384354352951050e-02
-4.511155933141708374e-02
-4.517601802945137024e-02
-4.513664171099662781e-02
-4.519245773553848267e-02
-4.517236724495887756e-02
-4.520358517765998840e-02
-4.517425969243049622e-02
-4.517989605665206909e-02
-4.519685730338096619e-02
-4.516715928912162781e-02
-4.518721252679824829e-02
-4.516615346074104309e-02
-4.516762867569923401e-02
-4.514999315142631531e-02
-4.515481367707252502e-02
-4.515368863940238953e-02
-4.516723379492759705e-02
-4.518411308526992798e-02
-4.514755681157112122e-02
-4.516269639134407043e-02
-4.520808905363082886e-02
-4.517383500933647156e-02
-4.516444355249404907e-02
-4.519704729318618774e-02
-4.518004506826400757e-02
-4.518790915608406067e-02
-4.517482966184616089e-02
-4.517407342791557312e-02
-4.520534723997116089e-02
-4.522360488772392273e-02
-4.518260434269905090e-02
-4.519435390830039978e-02
-4.517197981476783752e-02
-4.514302685856819153e-02
-4.515196010470390320e-02
-4.519804939627647400e-02
-4.520283639430999756e-02
-4.517726972699165344e-02
-4.516378417611122131e-02
-4.517675936222076416e-02
-4.515273869037628174e-02
-4.516719654202461243e-02
-4.517349228262901306e-02
-4.518596082925796509e-02
-4.516676813364028931e-02
-4.518118128180503845e-02
-4.519361630082130432e-02
-4.517554119229316711e-02
-4.516014084219932556e-02
-4.517304152250289917e-02
-4.519504681229591370e-02
-4.517102614045143127e-02
-4.521104320883750916e-02
-4.521127417683601379e-02
-4.519833996891975403e-02
-4.520072788000106812e-02
-4.519822821021080017e-02
-4.523547366261482239e-02
-4.521147906780242920e-02
-4.520385339856147766e-02
-4.517504200339317322e-02
-4.522556439042091370e-02
-4.522196575999259949e-02
-4.518558830022811890e-02
-4.517593607306480408e-02
-4.522812739014625549e-02
-4.519628360867500305e-02
-4.519907757639884949e-02
-4.518480226397514343e-02
-4.522405564785003662e-02
-4.519750550389289856e-02
-4.518688097596168518e-02
-4.519049823284149170e-02
-4.521199688315391541e-02
-4.518617317080497742e-02
-4.519576951861381531e-02
-4.522242769598960876e-02
-4.520846158266067505e-02
-4.522081464529037476e-02
-4.520322009921073914e-02
-4.518539085984230042e-02
-4.518080875277519226e-02
-4.520210251212120056e-02
-4.519881680607795715e-02
-4.518418386578559875e-02
-4.520490393042564392e-02
-4.519466683268547058e-02
-4.520370438694953918e-02
-4.519072547554969788e-02
-4.519407451152801514e-02
-4.519294947385787964e-02
-4.520196840167045593e-02
-4.520934447646141052e-02
-4.519226774573326111e-02
-4.519312083721160889e-02
-4.521628841757774353e-02
-4.519950225949287415e-02
-4.521315172314643860e-02
-4.519064351916313171e-02
-4.520778357982635498e-02
-4.521185904741287231e-02
-4.521333426237106323e-02
-4.518418014049530029e-02
-4.519633576273918152e-02
-4.520482197403907776e-02
-4.519016668200492859e-02
-4.516626521944999695e-02
-4.521741345524787903e-02
-4.521976411342620850e-02
-4.521588981151580811e-02
-4.518626630306243896e-02
-4.519314691424369812e-02
-4.517839848995208740e-02
-4.521501436829566956e-02
-4.519365355372428894e-02
-4.519318044185638428e-02
-4.518170654773712158e-02
-4.519654065370559692e-02
-4.518690332770347595e-02
-4.522095248103141785e-02
-4.519653692841529846e-02
-4.521469026803970337e-02
-4.520939290523529053e-02
-4.521165415644645691e-02
-4.522587358951568604e-02
-4.518794268369674683e-02
-4.522318020462989807e-02
-4.525362700223922729e-02
-4.521382227540016174e-02
-4.523042216897010803e-02
-4.522581771016120911e-02
-4.522571712732315063e-02
-4.524638503789901733e-02
-4.521700367331504822e-02
-4.527219012379646301e-02
-4.519987478852272034e-02
-4.521052911877632141e-02
-4.522643983364105225e-02
-4.519074410200119019e-02
-4.523743689060211182e-02
-4.525503143668174744e-02
-4.521359875798225403e-02
-4.525514319539070129e-02
-4.525250568985939026e-02
-4.523564875125885010e-02
-4.526784643530845642e-02
-4.525286331772804260e-02
-4.523446038365364075e-02
-4.523710161447525024e-02
-4.521409422159194946e-02
-4.525033757090568542e-02
-4.525058716535568237e-02
-4.524394497275352478e-02
-4.525726288557052612e-02
-4.525082558393478394e-02
-4.526226595044136047e-02
-4.527012258768081665e-02
-4.525191709399223328e-02
-4.528608545660972595e-02
-4.526112601161003113e-02
-4.522218182682991028e-02
-4.524119198322296143e-02
-4.526097699999809265e-02
-4.522434622049331665e-02
-4.525160044431686401e-02
-4.525109007954597473e-02
-4.522428289055824280e-02
-4.524275287985801697e-02
-4.521945863962173462e-02
-4.522318392992019653e-02
-4.521723836660385132e-02
-4.523624479770660400e-02
-4.522729292511940002e-02
-4.522817209362983704e-02
-4.521591216325759888e-02
-4.523532092571258545e-02
-4.525528848171234131e-02
-4.522433131933212280e-02
-4.523899406194686890e-02
-4.523868113756179810e-02
-4.526996985077857971e-02
-4.526519030332565308e-02
-4.525692015886306763e-02
-4.524840414524078369e-02
-4.526705667376518250e-02
-4.526239261031150818e-02
-4.524322971701622009e-02
-4.523989930748939514e-02
-4.524744674563407898e-02
-4.525059834122657776e-02
-4.523373395204544067e-02
-4.526465758681297302e-02
-4.523482173681259155e-02
-4.525559395551681519e-02
-4.522534832358360291e-02
-4.523282498121261597e-02
-4.521660506725311279e-02
-4.524221643805503845e-02
-4.521516337990760803e-02
-4.521971195936203003e-02
-4.523021355271339417e-02
-4.525002464652061462e-02
-4.523228481411933899e-02
-4.520664364099502563e-02
-4.521012678742408752e-02
-4.525753483176231384e-02
-4.525349289178848267e-02
-4.524974897503852844e-02
-4.527442157268524170e-02
-4.525102302432060242e-02
-4.523389786481857300e-02
-4.524607583880424500e-02
-4.523163288831710815e-02
-4.523528739809989929e-02
-4.522952809929847717e-02
-4.522937163710594177e-02
-4.519935324788093567e-02
-4.522480443120002747e-02
-4.524162039160728455e-02
-4.523982480168342590e-02
-4.524841159582138062e-02
-4.523984715342521667e-02
-4.522732645273208618e-02
-4.522247985005378723e-02
-4.525820910930633545e-02
-4.522509127855300903e-02
-4.523260891437530518e-02
-4.524638131260871887e-02
-4.524480924010276794e-02
-4.525532945990562439e-02
-4.521237313747406006e-02
-4.522238671779632568e-02
-4.522199556231498718e-02
-4.519626125693321228e-02
-4.522688314318656921e-02
-4.523159191012382507e-02
-4.522975161671638489e-02
-4.526628926396369934e-02
-4.522825032472610474e-02
-4.523438960313796997e-02
-4.526180401444435120e-02
-4.522265121340751648e-02
-4.527325555682182312e-02
-4.521984234452247620e-02
-4.523865133523941040e-02
-4.522360488772392273e-02
-4.522342607378959656e-02
-4.524234682321548462e-02
-4.524175077676773071e-02
-4.522879794239997864e-02
-4.524238035082817078e-02
-4.519749060273170471e-02
-4.523123428225517273e-02
-4.521209746599197388e-02
-4.524214193224906921e-02
-4.525163397192955017e-02
-4.523514211177825928e-02
-4.522467404603958130e-02
-4.526335746049880981e-02
-4.523440822958946228e-02
-4.523656889796257019e-02
-4.522367194294929504e-02
-4.522260650992393494e-02
-4.523759335279464722e-02
-4.522305354475975037e-02
-4.521794244647026062e-02
-4.521300271153450012e-02
-4.522584006190299988e-02
-4.523099958896636963e-02
-4.522921144962310791e-02
-4.522550851106643677e-02
-4.524875059723854065e-02
-4.524408280849456787e-02
-4.524887725710868835e-02
-4.522809758782386780e-02
-4.522034153342247009e-02
-4.523148015141487122e-02
-4.526658728718757629e-02
-4.528697207570075989e-02
-4.526082053780555725e-02
-4.523023217916488647e-02
-4.521555453538894653e-02
-4.526438936591148376e-02
-4.524407163262367249e-02
-4.525266960263252258e-02
-4.517195001244544983e-02
-4.522003978490829468e-02
-4.523756727576255798e-02
-4.522878304123878479e-02
-4.525913298130035400e-02
-4.521755129098892212e-02
-4.522376134991645813e-02
-4.521829262375831604e-02
-4.521775618195533752e-02
-4.525597393512725830e-02
-4.524825513362884521e-02
-4.526972025632858276e-02
-4.523872584104537964e-02
-4.528365656733512878e-02
-4.525344446301460266e-02
-4.525984823703765869e-02
-4.526545479893684387e-02
-4.524808377027511597e-02
-4.524586349725723267e-02
-4.526157304644584656e-02
-4.527559503912925720e-02
-4.523154720664024353e-02
-4.525307193398475647e-02
-4.523261636495590210e-02
-4.523151740431785583e-02
-4.524461925029754639e-02
-4.524912685155868530e-02
-4.528152197599411011e-02
-4.525420442223548889e-02
-4.527233913540840149e-02
-4.527507722377777100e-02
-4.525739327073097229e-02
-4.528048262000083923e-02
-4.528527706861495972e-02
-4.525759071111679077e-02
-4.526320844888687134e-02
-4.527865350246429443e-02
-4.526672139763832092e-02
-4.525711014866828918e-02
-4.523586854338645935e-02
-4.526476562023162842e-02
-4.523116722702980042e-02
-4.528911784291267395e-02
-4.523515328764915466e-02
-4.523055255413055420e-02
-4.524886235594749451e-02
-4.526542127132415771e-02
-4.527370631694793701e-02
-4.524665698409080505e-02
-4.526979476213455200e-02
-4.528380557894706726e-02
-4.527023807168006897e-02
-4.525654762983322144e-02
-4.528101161122322083e-02
-4.525892436504364014e-02
-4.524189606308937073e-02
-4.524380341172218323e-02
-4.524950683116912842e-02
-4.525630921125411987e-02
-4.523330181837081909e-02
-4.523808136582374573e-02
-4.526771977543830872e-02
-4.525989666581153870e-02
-4.524100944399833679e-02
-4.528877884149551392e-02
-4.528323933482170105e-02
-4.525268450379371643e-02
-4.525979980826377869e-02
-4.525554925203323364e-02
-4.525147378444671631e-02
-4.523133859038352966e-02
-4.524890333414077759e-02
-4.528364166617393494e-02
-4.526125639677047729e-02
-4.526503756642341614e-02
-4.525725543498992920e-02
-4.525764659047126770e-02
-4.524771124124526978e-02
-4.525592178106307983e-02
-4.524837434291839600e-02
-4.524487629532814026e-02
-4.527391865849494934e-02
-4.525639489293098450e-02
-4.524857550859451294e-02
-4.525505378842353821e-02
-4.526322335004806519e-02
-4.527054727077484131e-02
-4.527099058032035828e-02
-4.522796347737312317e-02
-4.527169093489646912e-02
-4.522795602679252625e-02
-4.525038227438926697e-02
-4.524581879377365112e-02
-4.523398727178573608e-02
-4.524542018771171570e-02
-4.524750262498855591e-02
-4.524653032422065735e-02
-4.525022953748703003e-02
-4.527298361063003540e-02
-4.525374621152877808e-02
-4.529608413577079773e-02
-4.525618255138397217e-02
-4.526274278759956360e-02
-4.524181038141250610e-02
-4.524665325880050659e-02
-4.525107517838478088e-02
-4.524714872241020203e-02
-4.526327550411224365e-02
-4.526309669017791748e-02
-4.526830837130546570e-02
-4.527506977319717407e-02
-4.527648165822029114e-02
-4.522403702139854431e-02
-4.526753723621368408e-02
-4.525827243924140930e-02
-4.524654895067214966e-02
-4.523383453488349915e-02
-4.522496834397315979e-02
-4.525298252701759338e-02
-4.524086043238639832e-02
-4.527868703007698059e-02
-4.528992250561714172e-02
-4.525418579578399658e-02
-4.529087245464324951e-02
-4.525946825742721558e-02
-4.527696222066879272e-02
-4.526754468679428101e-02
-4.525662586092948914e-02
-4.526956006884574890e-02
-4.525730758905410767e-02
-4.525820538401603699e-02
-4.525933414697647095e-02
-4.526925459504127502e-02
-4.527620598673820496e-02
-4.528922960162162781e-02
-4.524980485439300537e-02
-4.525315016508102417e-02
-4.523842036724090576e-02
-4.522092267870903015e-02
-4.527249187231063843e-02
-4.526832327246665955e-02
-4.525648802518844604e-02
-4.527867957949638367e-02
-4.528276622295379639e-02
-4.528115689754486084e-02
-4.525690525770187378e-02
-4.528747126460075378e-02
-4.527164623141288757e-02
-4.527949541807174683e-02
-4.526022449135780334e-02
-4.528660327196121216e-02
-4.529200121760368347e-02
-4.527085274457931519e-02
-4.529252275824546814e-02
-4.524431005120277405e-02
-4.530101269483566284e-02
-4.526112228631973267e-02
-4.530056565999984741e-02
-4.527715221047401428e-02
-4.529171437025070190e-02
-4.528401792049407959e-02
-4.530780762434005737e-02
-4.531551897525787354e-02
-4.527396336197853088e-02
-4.528274387121200562e-02
-4.526057466864585876e-02
-4.529616981744766235e-02
-4.527978599071502686e-02
-4.526825621724128723e-02
-4.525915160775184631e-02
-4.528158530592918396e-02
-4.527194797992706299e-02
-4.527857527136802673e-02
-4.527615010738372803e-02
-4.529502615332603455e-02
-4.526419937610626221e-02
-4.528888314962387085e-02
-4.527477174997329712e-02
-4.527994617819786072e-02
-4.529204592108726501e-02
-4.528750851750373840e-02
-4.530402645468711853e-02
-4.527882486581802368e-02
-4.527961462736129761e-02
-4.532556235790252686e-02
-4.529525712132453918e-02
-4.528571292757987976e-02
-4.528734833002090454e-02
-4.530995339155197144e-02
-4.527928307652473450e-02
-4.528858885169029236e-02
-4.528393223881721497e-02
-4.528276622295379639e-02
-4.528610408306121826e-02
-4.529652744531631470e-02
-4.526909813284873962e-02
-4.529697820544242859e-02
-4.529328644275665283e-02
-4.528342187404632568e-02
-4.530541598796844482e-02
-4.528727009892463684e-02
-4.529135674238204956e-02
-4.526863992214202881e-02
-4.527893289923667908e-02
-4.530275613069534302e-02
-4.529279842972755432e-02
-4.528161138296127319e-02
-4.528483375906944275e-02
-4.529873281717300415e-02
-4.528870061039924622e-02
-4.529576748609542847e-02
-4.530209675431251526e-02
-4.527195170521736145e-02
-4.526523500680923462e-02
-4.528786614537239075e-02
-4.529920592904090881e-02
-4.529399052262306213e-02
-4.527791589498519897e-02
-4.526767879724502563e-02
-4.526473581790924072e-02
-4.527450725436210632e-02
-4.524852707982063293e-02
-4.526392370462417603e-02
-4.526783898472785950e-02
-4.527211561799049377e-02
-4.528234899044036865e-02
-4.528221115469932556e-02
-4.530740901827812195e-02
-4.531507566571235657e-02
-4.531688243150711060e-02
-4.529484733939170837e-02
-4.531174525618553162e-02
-4.528803750872612000e-02
-4.527695104479789734e-02
-4.528775066137313843e-02
-4.529639333486557007e-02
-4.529518261551856995e-02
-4.528882354497909546e-02
-4.527980461716651917e-02
-4.528572782874107361e-02
-4.528473317623138428e-02
-4.527085274457931519e-02
-4.522426798939704895e-02
-4.525849968194961548e-02
-4.525151476263999939e-02
-4.526307061314582825e-02
-4.527600482106208801e-02
-4.527465626597404480e-02
-4.525391012430191040e-02
-4.526735469698905945e-02
-4.527386650443077087e-02
-4.530502483248710632e-02
-4.527152702212333679e-02
-4.525971785187721252e-02
-4.528450593352317810e-02
-4.526003077626228333e-02
-4.528487101197242737e-02
-4.524580761790275574e-02
-4.526393860578536987e-02
-4.527259245514869690e-02
-4.525885730981826782e-02
-4.526244476437568665e-02
-4.529422894120216370e-02
-4.528206959366798401e-02
-4.526785388588905334e-02
-4.524453356862068176e-02
-4.526339471340179443e-02
-4.528086632490158081e-02
-4.528578743338584900e-02
-4.527373984456062317e-02
-4.530926421284675598e-02
-4.524905607104301453e-02
-4.527178034186363220e-02
-4.526441544294357300e-02
-4.531837999820709229e-02
-4.527900367975234985e-02
-4.528324678540229797e-02
-4.527936875820159912e-02
-4.528542235493659973e-02
-4.529913887381553650e-02
-4.522279277443885803e-02
-4.527728259563446045e-02
-4.529076069593429565e-02
-4.524616524577140808e-02
-4.525579512119293213e-02
-4.524549096822738647e-02
-4.527770727872848511e-02
-4.526365175843238831e-02
-4.527928307652473450e-02
-4.526412859559059143e-02
-4.526070505380630493e-02
-4.525424912571907043e-02
-4.523351415991783142e-02
-4.525627568364143372e-02
-4.522512108087539673e-02
-4.526562988758087158e-02
-4.523868858814239502e-02
-4.527102410793304443e-02
-4.525030031800270081e-02
-4.526053369045257568e-02
-4.522023722529411316e-02
-4.522642120718955994e-02
-4.526234418153762817e-02
-4.525107517838478088e-02
-4.524386674165725708e-02
-4.522683843970298767e-02
-4.523333534598350525e-02
-4.524125158786773682e-02
-4.524963349103927612e-02
-4.526352137327194214e-02
-4.525695741176605225e-02
-4.525782540440559387e-02
-4.520393162965774536e-02
-4.526308551430702209e-02
-4.526916891336441040e-02
-4.526595771312713623e-02
-4.527171701192855835e-02
-4.526056721806526184e-02
-4.527902975678443909e-02
-4.525323584675788879e-02
-4.527608305215835571e-02
-4.529117420315742493e-02
-4.522470012307167053e-02
-4.525339230895042419e-02
-4.526108875870704651e-02
-4.524590075016021729e-02
-4.525343328714370728e-02
-4.524670541286468506e-02
-4.523321241140365601e-02
-4.525572434067726135e-02
-4.526474699378013611e-02
-4.524778574705123901e-02
-4.524998366832733154e-02
-4.523880407214164734e-02
-4.521267861127853394e-02
-4.525681585073471069e-02
-4.527563601732254028e-02
-4.526434093713760376e-02
-4.525087401270866394e-02
-4.526036232709884644e-02
-4.524303227663040161e-02
-4.523355141282081604e-02
-4.527476802468299866e-02
-4.524191096425056458e-02
-4.521984979510307312e-02
-4.524647071957588196e-02
-4.523778334259986877e-02
-4.524424299597740173e-02
-4.520500078797340393e-02
-4.524714872241020203e-02
-4.526073858141899109e-02
-4.525350034236907959e-02
-4.524692520499229431e-02
-4.525280371308326721e-02
-4.528830945491790771e-02
-4.526815190911293030e-02
-4.525396972894668579e-02
-4.527343809604644775e-02
-4.525578767061233521e-02
-4.525044187903404236e-02
-4.524859413504600525e-02
-4.524228349328041077e-02
-4.524604231119155884e-02
-4.528262838721275330e-02
-4.524766281247138977e-02
-4.528312757611274719e-02
-4.528424888849258423e-02
-4.527504369616508484e-02
-4.530071467161178589e-02
-4.523073881864547729e-02
-4.525575786828994751e-02
-4.524663463234901428e-02
-4.523031786084175110e-02
-4.523800686001777649e-02
-4.528317600488662720e-02
-4.528234153985977173e-02
-4.526183754205703735e-02
-4.527067393064498901e-02
-4.524932801723480225e-02
-4.524054005742073059e-02
-4.525754600763320923e-02
-4.524180665612220764e-02
-4.523976147174835205e-02
-4.525207728147506714e-02
-4.525830224156379700e-02
-4.526016861200332642e-02
-4.527172073721885681e-02
-4.525947943329811096e-02
-4.524884372949600220e-02
-4.528453573584556580e-02
-4.527497664093971252e-02
-4.528828337788581848e-02
-4.526104032993316650e-02
-4.524981230497360229e-02
-4.525388404726982117e-02
-4.527459293603897095e-02
-4.528642818331718445e-02
-4.526809975504875183e-02
-4.526777938008308411e-02
-4.530500620603561401e-02
-4.530357941985130310e-02
-4.526766762137413025e-02
-4.528500884771347046e-02
-4.528377205133438110e-02
-4.525466635823249817e-02
-4.527472704648971558e-02
-4.532870277762413025e-02
-4.529583826661109924e-02
-4.525349661707878113e-02
-4.525134712457656860e-02
-4.527322947978973389e-02
-4.527560994029045105e-02
-4.525740817189216614e-02
-4.524518176913261414e-02
-4.525894299149513245e-02
-4.524442180991172791e-02
-4.527908191084861755e-02
-4.526380449533462524e-02
-4.527177289128303528e-02
-4.528063908219337463e-02
-4.525466635823249817e-02
-4.526970535516738892e-02
-4.526881128549575806e-02
-4.525988548994064331e-02
-4.528580605983734131e-02
-4.525567218661308289e-02
-4.525737091898918152e-02
-4.527153819799423218e-02
-4.524965956807136536e-02
-4.526495188474655151e-02
-4.525817558169364929e-02
-4.525522142648696899e-02
-4.524015635251998901e-02
-4.526140913367271423e-02
-4.526887834072113037e-02
-4.526995122432708740e-02
-4.526000469923019409e-02
-4.528637975454330444e-02
-4.525832831859588623e-02
-4.527844116091728210e-02
-4.527943208813667297e-02
-4.527621716260910034e-02
-4.526818916201591492e-02
-4.527014121413230896e-02
-4.528169706463813782e-02
-4.529904574155807495e-02
-4.525990411639213562e-02
-4.526575282216072083e-02
-4.530899971723556519e-02
-4.527394473552703857e-02
-4.526746645569801331e-02
-4.526169225573539734e-02
-4.527031257748603821e-02
-4.523773491382598877e-02
-4.526080936193466187e-02
-4.527467116713523865e-02
-4.528068751096725464e-02
-4.527235403656959534e-02
-4.524755850434303284e-02
