5.698323200076986783e-01
5.692765527962230232e-01
5.708487231489215441e-01
5.720975025285729432e-01
5.680666647830006077e-01
5.760542792213626528e-01
5.726867231716971096e-01
5.725885627642378628e-01
5.787643467675158693e-01
5.788762035467932554e-01
5.791786818110706836e-01
5.816020747472814278e-01
5.784290461212285850e-01
5.812779121227019674e-01
5.805120623752334508e-01
5.802286081742416002e-01
5.784893376055340042e-01
5.806641815344466551e-01
5.788811949626053721e-01
5.831680456398419254e-01
5.842325271348042248e-01
5.875261606268009640e-01
5.790971044428336878e-01
5.740397755196904317e-01
5.738641079777802023e-01
5.743059519601746432e-01
5.710438499540430035e-01
5.718291933520305292e-01
5.744690939464724977e-01
5.763975646699205369e-01
5.777731189772763454e-01
5.774421663641104985e-01
5.802443633020327729e-01
5.770239949559476944e-01
5.727326507196500716e-01
5.727704129131171440e-01
5.738125605788030326e-01
5.706431077607303504e-01
5.735862680930138291e-01
5.746952614991206465e-01
5.810596884136806084e-01
5.771517836719338712e-01
5.782393935032065224e-01
5.808150262304774269e-01
5.779867247239790506e-01
5.837458011968358340e-01
5.813909980773886987e-01
5.843553681743214323e-01
5.807630403913360828e-01
5.729119981479325885e-01
5.779900320314471651e-01
5.750512358292478865e-01
5.721974499264909086e-01
5.717485194245461866e-01
5.701419392287092602e-01
5.729110467006571783e-01
5.716046051721402899e-01
5.731452587064007620e-01
5.782257030734190284e-01
5.743180379602296215e-01
5.784609302939754949e-01
5.751671955431366667e-01
5.773296391497070301e-01
5.793108898726231359e-01
5.791832512004260192e-01
5.762956397556263655e-01
5.776654905370545157e-01
5.771460703205131271e-01
5.722970481332517734e-01
5.701388700919609587e-01
5.703085185658028911e-01
5.699234944136793990e-01
5.689536683005289586e-01
5.697676170045077315e-01
5.707411378557930570e-01
5.692346070034989269e-01
5.703537531686178053e-01
5.699651658298949819e-01
5.720909601320320892e-01
5.722663546667066115e-01
5.728927387701355789e-01
5.709890396606012164e-01
5.700324535473786369e-01
5.701915732303026729e-01
5.705920730277588282e-01
5.704446900603218351e-01
5.696099417860395198e-01
5.692657987437566014e-01
5.695864518285632672e-01
5.696330035964253247e-01
5.691622945919542209e-01
5.695881622429844748e-01
5.704901140236741108e-01
5.696225032326409643e-01
5.692705217204001578e-01
5.690489928953167409e-01
5.697542412126901379e-01
5.684051447945758229e-01
5.694826268048938100e-01
5.701747391330885817e-01
5.679905387255245186e-01
5.705074020404120594e-01
5.727763016509948013e-01
5.727757210335386873e-01
5.737334430095325510e-01
5.729291681794189683e-01
5.714338431049270639e-01
5.686917136784078730e-01
5.705642019512887630e-01
5.694335655759833470e-01
5.709255917253870383e-01
5.686703747213373017e-01
5.703460294590790847e-01
5.686798106675649001e-01
5.702784418365798302e-01
5.696394648853870812e-01
5.709604543103931062e-01
5.717575925269845483e-01
5.705952910839693359e-01
5.693695187769741706e-01
5.704866096157461541e-01
5.694123152413393951e-01
5.689620169511674375e-01
5.698185186109175904e-01
5.714670878455938574e-01
5.699462315096063270e-01
5.707848651793914208e-01
5.684156279065210038e-01
5.702237476867291210e-01
5.709982807896587520e-01
5.700204706902581853e-01
5.678491749183474102e-01
5.694399829512619693e-01
5.694897432542883609e-01
5.689378838808070160e-01
5.685701738038189124e-01
5.686494249360128928e-01
5.694681463387659681e-01
5.688388073255739030e-01
5.687005859185113588e-01
5.693422165824839620e-01
5.678392418658633201e-01
5.705861588310832122e-01
5.696553900360651346e-01
5.705711499111146834e-01
5.691886202763468683e-01
5.688527290810528880e-01
5.692718407924549640e-01
5.707222547687470504e-01
5.696975488561675238e-01
5.698018627798734359e-01
5.692969859295063939e-01
5.697009363124255765e-01
5.682906312116452474e-01
5.696778982239606437e-01
5.685717374625620657e-01
5.700463652342983023e-01
5.689762876029510474e-01
5.687008372606454643e-01
5.696475986771760702e-01
5.693614432162256156e-01
5.688953030621305418e-01
5.689563516440088176e-01
5.692297160439884207e-01
5.700784114074425313e-01
5.690437150447803516e-01
5.701758358489197320e-01
5.700038185472255936e-01
5.680185508244149917e-01
5.697410229860350173e-01
5.707072905232359883e-01
5.695080736866233728e-01
5.699333903185400674e-01
5.682728786782332842e-01
5.687017344745920466e-01
5.698221447567134446e-01
5.688822960016710617e-01
5.691841794967313906e-01
5.700789273974028459e-01
5.689701725116479425e-01
5.701354921674738341e-01
5.696812689798963492e-01
5.696823813407886350e-01
5.691233506584095769e-01
5.701431843384335840e-01
5.693778865136333023e-01
5.693433123145938968e-01
5.691476090615940064e-01
5.685575276867547156e-01
5.702339622903824790e-01
5.681375470609798528e-01
5.697072341571438603e-01
5.690121667432334052e-01
5.708535945233103037e-01
5.682193168310122333e-01
5.689293067765827105e-01
5.705610024516301060e-01
5.697636275517681259e-01
5.696930797290021831e-01
5.701320161754785953e-01
5.698625584579647407e-01
5.687609647212668040e-01
5.679898787512644986e-01
5.693769215348025714e-01
5.690906023451846041e-01
5.695423574452085358e-01
5.687636906851472052e-01
5.687474722675701644e-01
5.694060213755173239e-01
5.694078572971259522e-01
5.699312647529636289e-01
5.699530807175176017e-01
5.694579673613902049e-01
5.694896254539504321e-01
5.688569347995791059e-01
5.694623392802488082e-01
5.693710363567785482e-01
5.683776821354223907e-01
5.698465339706150212e-01
5.693075386348446232e-01
5.687880870073894757e-01
5.692013193824551065e-01
5.694826079367721894e-01
5.686201702497999388e-01
5.703767357234700297e-01
5.687006147553448354e-01
5.700766291415159115e-01
5.693110935846528164e-01
5.689808439527807016e-01
5.684007448989819578e-01
5.692193866586975348e-01
5.690570483491288467e-01
5.695890494391504522e-01
5.688904390013139745e-01
5.688690336050713503e-01
5.687302486646378386e-01
5.685270546596007391e-01
5.688689252731145007e-01
5.690796507835067519e-01
5.692577008120383031e-01
5.694927127892259744e-01
5.683250011743513630e-01
5.677193500562192074e-01
5.686380964853471331e-01
5.686459590920805995e-01
5.694131387796588228e-01
5.701063946303029928e-01
5.684464499241983493e-01
5.695610304707481308e-01
5.685761239203962480e-01
5.682485463836018935e-01
5.689852484808840538e-01
5.695808849333965362e-01
5.692846702615483867e-01
5.687446794368510306e-01
5.707175322084195868e-01
5.683087930876071781e-01
5.689927799601212088e-01
5.696817918294558858e-01
5.688561441391144502e-01
5.687148668829640208e-01
5.686468616907042195e-01
5.682236452313121911e-01
5.724820391530561769e-01
5.683768738263748066e-01
5.691663258281237647e-01
5.699155213233088046e-01
5.691800620839030378e-01
5.698908484329258117e-01
5.681329355267373815e-01
5.685376857286830177e-01
5.678739577627803792e-01
5.697015446678136419e-01
5.686703969247146606e-01
5.694957287691753134e-01
5.695817577012739497e-01
5.692432848906779919e-01
5.683436200512860248e-01
5.688140412521454081e-01
5.692769198953447907e-01
5.694937972481869393e-01
5.696901111320763489e-01
5.696529615179974915e-01
5.692718087967227891e-01
5.693502489134238953e-01
5.695698630936819606e-01
5.693885659254498410e-01
5.690885534691740855e-01
5.691489762353338921e-01
5.691544920296741639e-01
5.685774470772686495e-01
5.698947770087888776e-01
5.694798891185181011e-01
5.681394796300668348e-01
5.695718150959904191e-01
5.683538744620603156e-01
5.702393415677108335e-01
5.691518684712348897e-01
5.684987376733365849e-01
5.685026303667374270e-01
5.717782822093245843e-01
5.689801350502988742e-01
5.702205232344392805e-01
5.687363691580141767e-01
5.692280800225334447e-01
5.701790872064085303e-01
5.692874980291851017e-01
5.685209599929562652e-01
5.671760540145437401e-01
5.709395990704461132e-01
5.687247657723046856e-01
5.687124015266188382e-01
5.686411009263044880e-01
5.699462429932932173e-01
5.687444141419052412e-01
5.684205398363867401e-01
5.680866895554826934e-01
5.695250789672542391e-01
5.694485785711532744e-01
5.696484524017434437e-01
5.693684539171608439e-01
5.692284480087285159e-01
5.683089846097427733e-01
5.689621975098474449e-01
5.692486371128350209e-01
5.684860404863573136e-01
5.692012319592090197e-01
5.691804911559615876e-01
5.689220110778360207e-01
5.692541416556385903e-01
5.696748864314988836e-01
5.702069735966989183e-01
5.684714688045157116e-01
5.695609486142880762e-01
5.692277569711594598e-01
5.689036481377522936e-01
5.692641400437188359e-01
5.672181256381981784e-01
5.689489096508315580e-01
5.686802026116876130e-01
5.698389422486725975e-01
5.689888644374265780e-01
5.696292670018744397e-01
5.691502354104022166e-01
5.702011942646236786e-01
5.682997398122310306e-01
5.697776416701124669e-01
5.697341665919514186e-01
5.686803945361624812e-01
5.691628798905907782e-01
5.686189813457471764e-01
5.694083663470845824e-01
5.691122705476915344e-01
5.694626980938092276e-01
5.698809029789583258e-01
5.704225118902296332e-01
5.688515707674468569e-01
5.680188725047127241e-01
5.691757761874989274e-01
5.696501148234016654e-01
5.696743065206520962e-01
5.693050480503135669e-01
5.692843103795529602e-01
5.697044078972173242e-01
5.689262878190043393e-01
5.692555813349905458e-01
5.684937383129036181e-01
5.691317864823320916e-01
5.689470978822415148e-01
5.693673338203651957e-01
5.684456917260393150e-01
5.700688108842578705e-01
5.695600355858358999e-01
5.694624789410350774e-01
5.681558000117346019e-01
5.707383540252044529e-01
5.698447065404390610e-01
5.700227512133315688e-01
5.699381195707257097e-01
5.694899863161780873e-01
5.692289926438924841e-01
5.692583053193384091e-01
5.700341440518694736e-01
5.693969848588505966e-01
5.694456316591415268e-01
5.696855463588936797e-01
5.697943873775345169e-01
5.684612952476327807e-01
5.697839035914220585e-01
5.692184884678958001e-01
5.692516154599378542e-01
5.691725801155340658e-01
5.700057817445430830e-01
5.680325009943948400e-01
5.690630249331106727e-01
5.690973788978236358e-01
5.685800812538456261e-01
5.689546687675591796e-01
5.674788067772242872e-01
5.687742021161382722e-01
5.692880118500592834e-01
5.682505363046660429e-01
5.696183375593755205e-01
5.690890426612419395e-01
5.687329410311549038e-01
5.702446547942104926e-01
5.692433228210918017e-01
5.689875547313898441e-01
5.699769502548297506e-01
5.689155713265326986e-01
5.689998205999993175e-01
5.688020413173552337e-01
5.692024830444334382e-01
5.685358256568094903e-01
5.689887510882528643e-01
5.685212013004938836e-01
5.691121260411341476e-01
5.695617033506877869e-01
5.699851400290893988e-01
5.690877324446778074e-01
5.698878802227269613e-01
5.696945357667193566e-01
5.699005287109998319e-01
5.702488873214655030e-01
5.695854163169601359e-01
5.694821749003818878e-01
5.705122548016310358e-01
5.688019074981650602e-01
5.702446460563391772e-01
5.690010635161619756e-01
5.693696319698582364e-01
5.689644173918519954e-01
5.695643320318095615e-01
5.693630765039447983e-01
5.675539543810640408e-01
5.695441482013704482e-01
5.698522576640504544e-01
5.695243369378946152e-01
5.688182126018276330e-01
5.693705971883032957e-01
5.681783075101013436e-01
5.690769266535457005e-01
5.686600394877590059e-01
5.691294651161634688e-01
5.696065747460664630e-01
5.695972516007785647e-01
5.692438161552685338e-01
5.694677687899418750e-01
5.693775197425789969e-01
5.697330427702113065e-01
5.686818422579232868e-01
5.688342551448213325e-01
5.704205728848602552e-01
5.690565176851010154e-01
5.691413589360628800e-01
5.695316973630386581e-01
5.700065634922115709e-01
5.695036461017889406e-01
5.681613788799000364e-01
5.693361463321765514e-01
5.693733503486886338e-01
5.688721004528972669e-01
5.690667951419106085e-01
5.683438127617567170e-01
5.705172551105056611e-01
5.678782559950616982e-01
5.689068122026278429e-01
5.698861283821843315e-01
5.683178079910460312e-01
5.703959125986988177e-01
5.691213158543790840e-01
5.696249441534306790e-01
5.700582992002584115e-01
5.684046835505346396e-01
5.693001860400678238e-01
5.697501374130452545e-01
5.695018220074862247e-01
5.694095210942395902e-01
5.684622473566395273e-01
5.699544869515185130e-01
5.692691820520648927e-01
5.695602129633170474e-01
5.694671542990544788e-01
5.695833406053832926e-01
5.688321088128294178e-01
5.695743302557821908e-01
5.693964607367977271e-01
5.665981967094130267e-01
5.696203125451625437e-01
5.682737577037185739e-01
5.689487210899585312e-01
5.686173083604246781e-01
5.692611156792172222e-01
5.690661330700929055e-01
5.699714800314120700e-01
5.698237533679876288e-01
5.688153579513329783e-01
5.691935183995836534e-01
5.698791218509808854e-01
5.694894767876783614e-01
5.684250557175183349e-01
5.690628427696288183e-01
5.699488600260026461e-01
5.692651541058381115e-01
5.691165493910148587e-01
5.697949847466834417e-01
5.687122426890505178e-01
5.698140090461591978e-01
5.693415042658143133e-01
5.692122299114110717e-01
5.694677595674664250e-01
5.686251353938484021e-01
5.689886610134060607e-01
5.690368590565013651e-01
5.688097957044846442e-01
5.691496923164957034e-01
5.694784886579559169e-01
5.688567247863062226e-01
5.695979468543006519e-01
5.699650751310023633e-01
5.691578677349126147e-01
5.696902941776016416e-01
5.700756361556146290e-01
5.695443336558734249e-01
5.693515455487486721e-01
5.690217776425737783e-01
5.697777239746442124e-01
5.683620588374177496e-01
5.688169693722510134e-01
5.695460901037704415e-01
5.688768730940559903e-01
5.691234424253009960e-01
5.696746576711697596e-01
5.689468878521716233e-01
5.680992781183690221e-01
5.686956903804473162e-01
5.686325321810126177e-01
5.700523581288751140e-01
5.700213099413684592e-01
5.692036695519206990e-01
5.691633656950045861e-01
5.694845614814416646e-01
5.689067620615336773e-01
5.690344943108860409e-01
5.691169570455268945e-01
5.695840463845736057e-01
5.685007016156641280e-01
5.686798509770012444e-01
5.689762892790312110e-01
5.689990707208320009e-01
5.693501290026180550e-01
5.678283877052602291e-01
5.676999015850007213e-01
5.690143033396967143e-01
5.683357084867589615e-01
5.696104470809001397e-01
5.687716064303119934e-01
5.691294517143532516e-01
5.696727641243113371e-01
5.688710539964558777e-01
5.686886148788337092e-01
5.692658130779462144e-01
5.696560906003187430e-01
5.684429048323036415e-01
5.697046524463315054e-01
5.701986402538419263e-01
5.690569366264640605e-01
5.690911634944846309e-01
5.691775326901703513e-01
5.692870560569984750e-01
5.684616348223053839e-01
5.692105271936859223e-01
5.696122240762497846e-01
5.702890552815028657e-01
5.690500272319757302e-01
5.690907160425446865e-01
5.683631098466487286e-01
5.690856566856399290e-01
5.688784820734686942e-01
5.687208310677890344e-01
5.685295828983779609e-01
5.694781609310985981e-01
5.686670279018558594e-01
5.688402335453355274e-01
5.685359491796883047e-01
5.693839279020036503e-01
5.680062189040782084e-01
5.687512341311711239e-01
5.696560042466469742e-01
5.685993015279713347e-01
5.702630619818880309e-01
5.693507989413875148e-01
5.690693843352976344e-01
5.697367535986406217e-01
5.697537171827178337e-01
5.684472108991770467e-01
5.696033924781093161e-01
5.687322976580179157e-01
5.693167867700668072e-01
5.685259989872285535e-01
5.695350171617635793e-01
5.680710045258022811e-01
5.697742998553734228e-01
5.690033831870816572e-01
5.690063784737570129e-01
5.695267549352492908e-01
5.693010601139332216e-01
5.693352847550483542e-01
5.675945670714251934e-01
5.686811547346765083e-01
5.700588224400986448e-01
5.695974325807492411e-01
5.690620421168931520e-01
5.689516737663474766e-01
5.690284642769654067e-01
5.685644936304903307e-01
5.689348718699286378e-01
5.685771533191377181e-01
5.685239194473348245e-01
5.690709363824890676e-01
5.696115988264810470e-01
5.693495799409685754e-01
5.687312901701078172e-01
5.700328087590474935e-01
5.680443985140154473e-01
5.695352498435918287e-01
5.690510517724681749e-01
5.681004129179421103e-01
5.693702731352588975e-01
5.695768459102968917e-01
5.687392239470954181e-01
5.692039615381665474e-01
5.695890059094078639e-01
5.703870856647011989e-01
5.695250983627939689e-01
5.694798401214367090e-01
5.685878632702243696e-01
5.697121548166854677e-01
5.684155366232314099e-01
5.692104600544237725e-01
5.692703195807637950e-01
5.697393444975956678e-01
5.686394396507747917e-01
5.675476101266763163e-01
5.696884709406407898e-01
5.696030992629106393e-01
5.691982085257674129e-01
5.694188669081816645e-01
5.685947890870275412e-01
5.695619853732262206e-01
5.688664770838059992e-01
5.696517037832563579e-01
5.692895093068359724e-01
5.707669245347439801e-01
5.692618339980308750e-01
5.684274470855733563e-01
5.700145802721733324e-01
5.695535800652986591e-01
5.684485781393279202e-01
5.695171944516587148e-01
5.701912583033920123e-01
5.691412654008735084e-01
5.701363195075773715e-01
5.687272232085870405e-01
5.694447053794648994e-01
5.693806190608121653e-01
5.689845925907611734e-01
5.688648582772227735e-01
5.703998131087445467e-01
5.691413996161386324e-01
5.691853791053745892e-01
5.698484845482510996e-01
5.689597399491289620e-01
5.691441523953809645e-01
5.686473330975234663e-01
5.700209214804656810e-01
5.690091603275895249e-01
5.682862947491459371e-01
5.696619563968887689e-01
5.684374895803621097e-01
5.690906454752328036e-01
5.686626065518470829e-01
5.691734569667004084e-01
5.683958470594523416e-01
5.696576012548203449e-01
5.688220144588799210e-01
5.692172853907285779e-01
5.691951224012645749e-01
5.692473710958450006e-01
5.684923669468546770e-01
5.691006718935577302e-01
5.699474697637759713e-01
5.698046750484963008e-01
5.683448623469311567e-01
5.693797361594070683e-01
5.687359076976521433e-01
5.682888705166464494e-01
5.688898904777027754e-01
5.688517427756810685e-01
5.692569377676229836e-01
5.698339851578193560e-01
5.688728907556137582e-01
5.692172192795094121e-01
5.694881784822732884e-01
5.694603577730174004e-01
5.685861508776911544e-01
5.686950439016216219e-01
5.692498737496297645e-01
5.688762067091995833e-01
5.696847473894536273e-01
5.699943670843168331e-01
5.688984618831186557e-01
5.693071652296964880e-01
5.690956819352971374e-01
5.696238332307900221e-01
5.696382345538504310e-01
5.694111068339504644e-01
5.693045665507506792e-01
5.689034726081889648e-01
5.694289287769185304e-01
5.700585113350654654e-01
5.692162150213979643e-01
5.691076422655844125e-01
5.692948484478461690e-01
5.695548957774250187e-01
5.694149451042245236e-01
5.680571361713572243e-01
5.694253336269350374e-01
5.681249274082854628e-01
5.690728164722369531e-01
5.688823833002415453e-01
5.677107466957692639e-01
5.702801779122282921e-01
5.683839734116666875e-01
5.708680247095203608e-01
5.678225594116288466e-01
5.703931286663755929e-01
5.701261060707112360e-01
5.680792446652722649e-01
5.688119982473252012e-01
5.686923492607306452e-01
5.683366195948889033e-01
5.696419465542076344e-01
5.695802139449402945e-01
5.691261094559659783e-01
5.673842968597215819e-01
5.692053802947050212e-01
5.701525647620406811e-01
5.686351821818041996e-01
5.708320412937327726e-01
5.674952602217898656e-01
5.687654467771060540e-01
5.674556146082465613e-01
5.688947170030018707e-01
5.695130430470979332e-01
5.672875170550744084e-01
5.692954504547385053e-01
5.692560574273098917e-01
5.684593377770977840e-01
5.691228629161896313e-01
5.694314151866247675e-01
5.690242560224185731e-01
5.702743026484222710e-01
5.693477306563936580e-01
5.697472425657646999e-01
5.697960543459991145e-01
5.684351180724098729e-01
5.694676915476949430e-01
5.685263269891142057e-01
5.694569274619379895e-01
5.699630850462990006e-01
5.685972922403650376e-01
5.691251907515252340e-01
5.691736195151574362e-01
5.691191925390219897e-01
5.682168402434962795e-01
5.695045337278490383e-01
5.678981133149764160e-01
5.688536467821569964e-01
5.698098809238748563e-01
5.698021881177498527e-01
5.699615330452306727e-01
5.698455397377345522e-01
5.686340375045138007e-01
5.704355095875005555e-01
5.688858607631933628e-01
5.670345456347191115e-01
5.687333924971159638e-01
5.697809412667287354e-01
5.689150133712816970e-01
5.692450620613690448e-01
5.695615430996188167e-01
5.689316835721951460e-01
5.686737361642313360e-01
5.689774001471444853e-01
5.699447913632119667e-01
5.690550360164842170e-01
5.697501976428613890e-01
5.692703103413331300e-01
5.691345339627714717e-01
5.694927371545859263e-01
5.691423747422200696e-01
5.687560496293031509e-01
5.693724287174537491e-01
5.691082448341205913e-01
5.696510641826610932e-01
5.690423461343675493e-01
5.699391666410462687e-01
5.692941173904049190e-01
5.693840515903240140e-01
5.683348428349732639e-01
5.697077129757518454e-01
5.692266877003371306e-01
5.697708843808374501e-01
5.682638111170732476e-01
5.693426976229661873e-01
5.682815541233917633e-01
5.691453789400936492e-01
5.694486890993718520e-01
5.692499940245886458e-01
5.676473940503085069e-01
5.682789233883908109e-01
5.693734159435508424e-01
5.692347858009531025e-01
5.699967696920588134e-01
5.692351800008492724e-01
5.698167369622008094e-01
5.692396290523377145e-01
5.695581229596371475e-01
5.698369864146127783e-01
5.691566400071087495e-01
5.689858066553653559e-01
5.680976208533827787e-01
5.687315898908134049e-01
5.685525787678826770e-01
5.692225778585330298e-01
5.694900201762225223e-01
5.689466575190864628e-01
5.703778635058840418e-01
5.669401817476752425e-01
5.688560228825292331e-01
5.695883646023562896e-01
5.689256452788690188e-01
5.694733905856718126e-01
5.691100479838128168e-01
5.697694617542924389e-01
5.690586726506715598e-01
5.690725958412791163e-01
5.692634195771707484e-01
5.694627447812978804e-01
5.699746690950787675e-01
5.685232108302056275e-01
5.691684647970072231e-01
5.694010884398542638e-01
5.682180017435898289e-01
5.678236890463889130e-01
5.689031912286101056e-01
5.689668228304884945e-01
5.703070353551645821e-01
5.697539515527136889e-01
5.689039598497542816e-01
5.693857832825809373e-01
5.688993060289364578e-01
5.686798689931344963e-01
5.690221329797744421e-01
5.691820858637706149e-01
5.697760317944886577e-01
5.694254517407343341e-01
5.688735675515634860e-01
5.689300048571694912e-01
5.701396758494400308e-01
5.686377005634126736e-01
5.685796244448090286e-01
5.694187014096140365e-01
5.688725077319282120e-01
5.706748544055132433e-01
5.683451033374420369e-01
5.693501632132640378e-01
5.699802903968681500e-01
5.690764013123835730e-01
5.691256921740291963e-01
5.699241380541757440e-01
5.695863510214081993e-01
5.680367330866359366e-01
5.693522871731934165e-01
5.688291729431546040e-01
5.688062570136139806e-01
5.690220064559335933e-01
5.683979464740287479e-01
5.690450095144814480e-01
5.684311975462348343e-01
5.690521161318804477e-01
5.689859424713510361e-01
5.693089230475923967e-01
5.684799685606892750e-01
5.686515510373159055e-01
5.691757774399357483e-01
5.689269182802100255e-01
5.689591653314601816e-01
5.692686426335055172e-01
5.692878640500708132e-01
5.698799686113702467e-01
5.683634541696587217e-01
5.685667632657415149e-01
5.702897636511319313e-01
5.692209751396453132e-01
5.689701212152671328e-01
5.691720382123965916e-01
5.696959028127482894e-01
5.662589552148489247e-01
5.698693406601019751e-01
5.688098512483534819e-01
5.694125477537166358e-01
5.686053912807033095e-01
5.696850412998155644e-01
5.698847007798878428e-01
5.689313924594384675e-01
5.690991942495722267e-01
5.695753057670326358e-01
5.684563999183467331e-01
5.699351912401814380e-01
5.685552398897375515e-01
5.685155528071335063e-01
5.678555463027722405e-01
5.699501062393780293e-01
5.688210062625566055e-01
5.690020069657590884e-01
5.694066437923047674e-01
5.686778996173488254e-01
5.680593112011014245e-01
5.699142373093551983e-01
5.701037024431828693e-01
5.690972191165364347e-01
5.690755666825028092e-01
5.693125649545304201e-01
5.689817707246834777e-01
5.694972659055690389e-01
5.693874477664443434e-01
5.678387140949598955e-01
5.685050567809064592e-01
5.700319768684425359e-01
5.689387190422688922e-01
5.688375869669588525e-01
5.695977853967008064e-01
5.680097980904904587e-01
5.685312032692675377e-01
5.686854307757290838e-01
5.691870125081923693e-01
5.686655199282772966e-01
5.690671730574866638e-01
5.693530580607164548e-01
5.686055853428088058e-01
5.686364250027198253e-01
5.689920145219623526e-01
5.696649494934205027e-01
5.683403323337061774e-01
5.692385531927401932e-01
5.698760290458296796e-01
5.695882255310047437e-01
5.697291920841921486e-01
5.700518393506125436e-01
5.687219508148535496e-01
5.702167723741153882e-01
5.693962623494416286e-01
5.693889210638338749e-01
5.686807335999972679e-01
5.689759552911370921e-01
5.684667529540229358e-01
5.682060254314847958e-01
5.679828104187647497e-01
5.684732802858900591e-01
5.687929241194884522e-01
5.681627323073424884e-01
5.690011232198987079e-01
5.685063638440608358e-01
5.689111344710200413e-01
5.688148574463874896e-01
5.688960851352738990e-01
5.700667454970456127e-01
5.696407178729698817e-01
5.680249561141144099e-01
5.685296844976818198e-01
5.707929774567064296e-01
5.698698971830905569e-01
5.692397058444724767e-01
5.693160390950432470e-01
5.695393611808822198e-01
5.684968121867676194e-01
5.692044370429646394e-01
5.691041844800956984e-01
5.693240359045229626e-01
5.708067341805953543e-01
5.696413249498889497e-01
5.695929941185967627e-01
5.702385829531072536e-01
5.690238383460702876e-01
5.691197744151890170e-01
5.695221026295680389e-01
5.690247881991127299e-01
5.687957028283749938e-01
5.695522407496370620e-01
5.688670295284726786e-01
5.695960016321439667e-01
5.701104134688692593e-01
5.696572867776851234e-01
5.692044975300879495e-01
5.683132726874734475e-01
5.697459719195727690e-01
5.686720517804049191e-01
5.692594551950290738e-01
5.693654489691938325e-01
5.693157368519771167e-01
5.683307984526876355e-01
5.681169679329848288e-01
5.687715502007927304e-01
5.693891825519322714e-01
5.663966248227686462e-01
5.706255089671026237e-01
5.680092913578843605e-01
5.693135295669328189e-01
5.695344924906191597e-01
5.681782321237108802e-01
5.695549298838240571e-01
5.696189848059426408e-01
5.695069164347714707e-01
5.695067597717445862e-01
5.693036538357439946e-01
5.677299701042286539e-01
5.694031245242243688e-01
5.692663617878727100e-01
5.692701274583021886e-01
5.690467802169333345e-01
5.687227758471243844e-01
5.698145206990806733e-01
5.691333429129152854e-01
5.681410611772330643e-01
5.686906483870953766e-01
5.689960851368189854e-01
5.697770250341637199e-01
5.689061991832174980e-01
5.690048667678804240e-01
5.703345889990157902e-01
5.696464111279178066e-01
5.694871751058455667e-01
5.689830061798194505e-01
5.689573642502537831e-01
5.681848689022115373e-01
5.691546237091473781e-01
5.693465863022499907e-01
5.688405602965502794e-01
5.697920841166982386e-01
5.697206243735050135e-01
5.687682016187082246e-01
5.691162162206186981e-01
5.672031748585879551e-01
5.687367498885289585e-01
5.691723481336156132e-01
5.677072778574651091e-01
5.683813824301575668e-01
5.678743391906161397e-01
5.694865563169058120e-01
5.690586137450037718e-01
5.694906042139197266e-01
5.697884838484085224e-01
5.683854937349961389e-01
5.687875759798554087e-01
5.682163185943741590e-01
5.685527570162914879e-01
5.694069490746450635e-01
5.684833867156011689e-01
5.689702997322535483e-01
5.686710558872342114e-01
5.704254981334012653e-01
5.700006920589135717e-01
5.687485088858240667e-01
5.689325372017925986e-01
5.702359383263309045e-01
5.699966922037037476e-01
5.698470370281008002e-01
5.694823957364498757e-01
5.693844803556572520e-01
5.686032007590346993e-01
5.692415531006671525e-01
5.698656072042463938e-01
5.693731520362009801e-01
5.690085640590076821e-01
5.689965687155198459e-01
5.699893480191924322e-01
5.700343190604328925e-01
5.699270944348876489e-01
5.694141641401999632e-01
5.686599034431546462e-01
5.688938135182273204e-01
5.687134075461172111e-01
5.689112227916944819e-01
5.689077542745653027e-01
5.699358728236395555e-01
5.692944964177374390e-01
5.686662891337425085e-01
5.695560066309847125e-01
5.694175877236589134e-01
5.691270450401333392e-01
5.698692481628825357e-01
5.701713626164319759e-01
5.696052413725666286e-01
5.696112541309040767e-01
5.693409353833831510e-01
5.689666426729841353e-01
5.711998055935374463e-01
5.686474993383845433e-01
5.684038354032068252e-01
5.681633159726631188e-01
5.693774361556883656e-01
5.696318586906869985e-01
5.686086283344466974e-01
5.703157784732968416e-01
5.690552569788011050e-01
5.690002918236666263e-01
5.692388431688224504e-01
5.684506261002325589e-01
5.696901483129030996e-01
5.695395760268837648e-01
5.686001972457129794e-01
5.692344135269634675e-01
5.699787925017957280e-01
5.683829816533773061e-01
5.701767982409970958e-01
5.684809063070576096e-01
5.693657607614138749e-01
5.683394110141447575e-01
5.698197830595398417e-01
5.681889309804275534e-01
5.693927488423409233e-01
5.689285836520110440e-01
5.692002096179589188e-01
5.686766742677836772e-01
5.692264119955964263e-01
5.689965358270271389e-01
5.689883782998844675e-01
5.690256760318869178e-01
5.694776919235284840e-01
5.698303792569974213e-01
5.684902659983842588e-01
5.690004822154631769e-01
5.686367894236343812e-01
5.689908344398186824e-01
5.689462870597050692e-01
5.695104617793566026e-01
5.686779252185196754e-01
5.683723792646736550e-01
5.688442362018141241e-01
5.688838207631338184e-01
5.686674745072335391e-01
5.697506242041392444e-01
5.681047319138390339e-01
5.666477964371464671e-01
5.698651513119036283e-01
5.693126342928868100e-01
5.694841445505006705e-01
5.686779492084925725e-01
5.690888123919557451e-01
5.687212318692543844e-01
5.686179390583382398e-01
5.695666538069437124e-01
5.701866839910444407e-01
5.692747484499669497e-01
5.688683032489483260e-01
5.706808909699877530e-01
5.696141900442364125e-01
5.689342565637834914e-01
5.695390600739049791e-01
5.700959935039213722e-01
5.692843345926397181e-01
5.684887005939320836e-01
5.687875747509697488e-01
5.712107218716631074e-01
5.680872050268348517e-01
5.690493959691027559e-01
5.696729190270737320e-01
5.685507881978101308e-01
5.696565030319965528e-01
5.690557409777964315e-01
5.699138698829412375e-01
5.682481674175620112e-01
5.697448753457877713e-01
5.694014589327041076e-01
5.692716490587168554e-01
5.694188080858301193e-01
5.690648571931099520e-01
5.677418871207506879e-01
5.689672782256139927e-01
5.696240419420534051e-01
5.690717712939058481e-01
5.685731423302914367e-01
5.693348800193341885e-01
5.693314671503822977e-01
5.693791328596067292e-01
5.696747863955640145e-01
5.689949120804181915e-01
5.693948054996021968e-01
5.692606960993567000e-01
5.682640953405777573e-01
5.674895034464016996e-01
5.699200176669599882e-01
5.685584460521161398e-01
5.695948328124214033e-01
5.689087220907645959e-01
5.687635491781563024e-01
5.692174115194941209e-01
5.687092665500940170e-01
5.693932201168617757e-01
5.696891865530419041e-01
5.690391464399296995e-01
5.682697480366007969e-01
5.689474456757437348e-01
5.697720766962736105e-01
5.686307093692095638e-01
5.687298969233552937e-01
5.685818757589793382e-01
5.701237105306952158e-01
5.683852918488534467e-01
5.697783799353391965e-01
5.702346179284332184e-01
5.690530157286668445e-01
5.691806365798885992e-01
5.692012590905802805e-01
5.692748816230859266e-01
5.697832251049013141e-01
5.686293641941634336e-01
5.691351683663092853e-01
5.687187389842706109e-01
5.690705716038637618e-01
5.678982120943231182e-01
5.699582579475509503e-01
5.690051445166472988e-01
5.694608914762264718e-01
5.692921928795106057e-01
5.692987261559212531e-01
5.692536865117265865e-01
5.687259878590507078e-01
5.690423536741594512e-01
5.690511634921614492e-01
5.693531218421433726e-01
5.697217983848916756e-01
5.684300986468761030e-01
5.696058992212221783e-01
5.688412797072558424e-01
5.690315513714285789e-01
5.695036857991240264e-01
5.686620773533775930e-01
5.688306455685837593e-01
5.692818240905090921e-01
5.689277440067426195e-01
5.689045562561914071e-01
5.697597685341929674e-01
5.687387820879863387e-01
5.689501065170978755e-01
5.694447979925179038e-01
5.691521094542905113e-01
5.691582472861098640e-01
5.695484865748333680e-01
5.691285290245780004e-01
5.695045837480079420e-01
5.695249188206669144e-01
5.679297482160425847e-01
5.686760863793384191e-01
5.692415604544273089e-01
5.683096919068549857e-01
5.691209497697269359e-01
5.689250618749059907e-01
5.692787326384494140e-01
5.676263817343762952e-01
5.693637630473749045e-01
5.685620310760782781e-01
5.692109113473151627e-01
5.686190096410361772e-01
5.691871901557188362e-01
5.696941394377835755e-01
5.692574343610777854e-01
5.694983194392909676e-01
5.696046824253531149e-01
5.693795958289318282e-01
5.691493783698933218e-01
5.691086843706190113e-01
5.690258858736276792e-01
5.689434508800788048e-01
5.700903301138394719e-01
5.697037302548024762e-01
5.690329448928622691e-01
5.681644999354847902e-01
5.681583915816484920e-01
5.693014089633344765e-01
5.696123871885833134e-01
5.672547226634782058e-01
5.691617021527318743e-01
5.691463532163119066e-01
5.690644429097018175e-01
5.685874455085417889e-01
5.691597420857952283e-01
5.691820452714672074e-01
5.693263114108798595e-01
5.691333655290862215e-01
5.695206547552752463e-01
5.702328322461174270e-01
5.698104746351158045e-01
5.691922335648172959e-01
5.697498977571112677e-01
5.696686972444896524e-01
5.690405221325367524e-01
5.698354588843107527e-01
5.685529308226368039e-01
5.683004245046116010e-01
5.682384558527963092e-01
5.686628773509856405e-01
5.702929049174374487e-01
5.693370802193662428e-01
5.691545778848760007e-01
5.683640898035234867e-01
5.684549489437519254e-01
5.694307825754141295e-01
5.685194753502768039e-01
5.695721599918310840e-01
5.691941188456237644e-01
5.695612420348054039e-01
5.681435777002510346e-01
5.693762350939907124e-01
5.689102229279537903e-01
5.692850529964007533e-01
5.685545117997190534e-01
5.709777193693419406e-01
5.685789856201759473e-01
5.691395703044684895e-01
5.701644909870682287e-01
5.693128349973225477e-01
5.693044961268315385e-01
5.689485875740225573e-01
5.696984559820968963e-01
5.696961036768806164e-01
5.694047398290252859e-01
5.689152112948668849e-01
5.677697738067092326e-01
5.686715257583879746e-01
5.687910007781741273e-01
5.686900930023801592e-01
5.691936764719371933e-01
5.689302661291298913e-01
5.689554569932441241e-01
5.691293209231153005e-01
5.692870687193593016e-01
5.690414398220741132e-01
5.693900728116255694e-01
5.685910516904378875e-01
5.690630990812739487e-01
5.686989975019196564e-01
5.683996335029207758e-01
5.690247776756770515e-01
5.685546992617643847e-01
5.685593037015120865e-01
5.701007538917522988e-01
5.685276290702482305e-01
5.690550650089207796e-01
5.691043480725671566e-01
5.686841975128725801e-01
5.691985553832551448e-01
5.694626480772498889e-01
5.693278637004055565e-01
5.684116603485019903e-01
5.697633663611024746e-01
5.689710293331869950e-01
5.696945256171371819e-01
5.692975757926762581e-01
5.692847811215492326e-01
5.695300014979614023e-01
5.696497598798416773e-01
5.697577926442949359e-01
5.686886061173996865e-01
5.694802710674935486e-01
5.697206859522297995e-01
5.695815380918870519e-01
5.689515819028593269e-01
5.697723872248585675e-01
5.692975113171477863e-01
5.688670759196478022e-01
5.694476518214870442e-01
5.683180304383396164e-01
5.693871099256107016e-01
5.680410843816344757e-01
5.685965015569643954e-01
5.700917983001947409e-01
5.698811056272098385e-01
5.693972520927342851e-01
5.705027149251682417e-01
5.690315523574700496e-01
5.697915328094997900e-01
5.665291178545242001e-01
5.692793442310878360e-01
5.684503486845107201e-01
5.637694476525398901e-01
5.681141982803722401e-01
5.683427290291893641e-01
5.686337747428302780e-01
5.691559279646686287e-01
5.692148138203149133e-01
5.685171270863802473e-01
5.694750512518347296e-01
5.688345349802472750e-01
5.692513270053872754e-01
5.684533671014379008e-01
5.684692723952371463e-01
5.695235379074009563e-01
5.691150952886391279e-01
5.690151605445259442e-01
5.674438309909282108e-01
5.687219232756932641e-01
5.687300312178026340e-01
5.699543485614975147e-01
5.690317040333038312e-01
5.690959251358836957e-01
5.692071580635271744e-01
5.690086948917444376e-01
5.689053165762171238e-01
5.683654244178661941e-01
5.692674998950256748e-01
5.697308539811631878e-01
5.686299934656006139e-01
5.688783118619672452e-01
5.693146693917168211e-01
5.689361068216459705e-01
5.682263308898459764e-01
5.696087480358984489e-01
5.688640379932842217e-01
5.697170118280596718e-01
5.689085199255806691e-01
5.696417498932166978e-01
5.690694862047256386e-01
5.692344625576905015e-01
5.697408624032871405e-01
5.689367418869036852e-01
5.692006357087395774e-01
5.694655602547287199e-01
5.697246896435740338e-01
5.684506681133598693e-01
5.686716141856135165e-01
5.681675246509080290e-01
5.693679551442168973e-01
5.694182259591150652e-01
5.697044904843393542e-01
5.694651963843343490e-01
5.689400768475618708e-01
5.692581876376971994e-01
5.686867270451100298e-01
5.690253337949825463e-01
5.690054687661117994e-01
5.696877442398949887e-01
5.693293562643022554e-01
5.690140343152820801e-01
5.702847659474147290e-01
5.670462836246868976e-01
5.690110501939250609e-01
5.691669210963815617e-01
5.696024983363108252e-01
5.687617497213774964e-01
5.696037784345423516e-01
5.697344166874783733e-01
5.692949024727239626e-01
5.684977655938416863e-01
5.692701302048447376e-01
5.701368903367991514e-01
5.687442811305806201e-01
5.688398697680445704e-01
5.701221711328717801e-01
5.683729322793967809e-01
5.693458518476747221e-01
5.691821888063222090e-01
5.690708402986703884e-01
5.684606249525838706e-01
5.695114757140720130e-01
5.703044444434915983e-01
5.685934712840939875e-01
5.699221163675526336e-01
5.685780107433254793e-01
5.700885311923045151e-01
5.703337161517721965e-01
5.690733608350994066e-01
5.687187613845464673e-01
5.692198784500411834e-01
5.699172582642492157e-01
5.694140831905429856e-01
5.690988496563306187e-01
5.690390108011024184e-01
5.696174999630306823e-01
5.695515665884681722e-01
5.691417105006396637e-01
5.700982817173688710e-01
5.692968645396797589e-01
5.688548341260855068e-01
5.696927419142590043e-01
5.690482223056336775e-01
5.699080877291539116e-01
5.693531037250804117e-01
5.696097331369855965e-01
5.682162165136913634e-01
5.695117601678664210e-01
5.682228800366042609e-01
5.699100281702017545e-01
5.700196167912361389e-01
5.685577047369003711e-01
5.697751392151314542e-01
5.687181524091702300e-01
5.688749354344820874e-01
5.676835860275822876e-01
5.696047798604660928e-01
5.674240260689495940e-01
5.682739750751121255e-01
5.693057787274838910e-01
5.691059649597802750e-01
5.697092242988771593e-01
5.681294265949592415e-01
5.695322041325088236e-01
5.702546723267328810e-01
5.698665299293286246e-01
5.689182806210203447e-01
5.697650242072390681e-01
5.689716159583328992e-01
5.693718224700561326e-01
5.691910695818800381e-01
5.691730136766707249e-01
5.689650752179521431e-01
5.695049297053113024e-01
5.691193227129024423e-01
5.693773411533931128e-01
5.692281505754172022e-01
5.699322315955518414e-01
5.685849274915465434e-01
5.689135823506632494e-01
5.700924100047407572e-01
5.682415732472044789e-01
5.676625912344442915e-01
5.683220021211806694e-01
5.698281950318250244e-01
5.688756751986328020e-01
5.695876451636187054e-01
5.691575577428947819e-01
5.674780205926232002e-01
5.695906466643227972e-01
5.695327586894858296e-01
5.695772705599339014e-01
5.689555313752679977e-01
5.683301088612746632e-01
5.692464863393876806e-01
5.694935006868817595e-01
5.698067869415878173e-01
5.701168515265979675e-01
5.697499750264111151e-01
5.688143426529406188e-01
5.693044349020489614e-01
5.692120155398824322e-01
5.701955610482486447e-01
5.691279826141164566e-01
5.693308741016750441e-01
5.689228582033546422e-01
5.687712764722905323e-01
5.687169322170790853e-01
5.685556078293777515e-01
5.694664108582412343e-01
5.691927569020486244e-01
5.692410964641479998e-01
5.685520319316258453e-01
5.688546788291776179e-01
5.697587072305190237e-01
5.688119138589156076e-01
5.695993861810036973e-01
5.693775896121950897e-01
5.694420476871581149e-01
5.695607330193894757e-01
5.688522035808828425e-01
5.683494411050932227e-01
5.697049172614869761e-01
5.668880597781841280e-01
5.694491276471024266e-01
5.697416471903995472e-01
5.687369584693590108e-01
5.690988031099679656e-01
5.698854202452269258e-01
5.683259544950900466e-01
5.697203930169371100e-01
5.691063619335531287e-01
5.686127504755172923e-01
5.697556819510083415e-01
5.683123457942452772e-01
5.693902290528403132e-01
5.691012792387880603e-01
5.685564281321211499e-01
5.690679741315152196e-01
5.685823525020435865e-01
5.698245423404610932e-01
5.688820208511066179e-01
5.694803924824033414e-01
5.692746782367125169e-01
5.690269905942300088e-01
5.696727877546806651e-01
5.699144154208684032e-01
5.689878920931722428e-01
5.689495681338391231e-01
5.686409905148086530e-01
5.702934136551294220e-01
5.693057798595240193e-01
5.684016941776270926e-01
5.684309008944339325e-01
5.696723000551162652e-01
5.686364335272562354e-01
5.696701449704667519e-01
5.695563422596344738e-01
5.686841546272519698e-01
5.685144076281395398e-01
5.693713749005582248e-01
5.692384910512906515e-01
5.666807087990843872e-01
5.704670753928514637e-01
5.692696957994860529e-01
5.678047328567402685e-01
5.690829856585868374e-01
5.678864399485502590e-01
5.680163142462871795e-01
5.687327390974539210e-01
5.689746507336866932e-01
5.695567538917890582e-01
5.697854343814512390e-01
5.691357686039585362e-01
5.687884561588008037e-01
5.691198092976725853e-01
5.693163209349384468e-01
5.684926656076948470e-01
5.695394846447844328e-01
5.683036459853447742e-01
5.694465407794424561e-01
5.693288933564100152e-01
5.680753655613309805e-01
5.693301758357818265e-01
5.699169039973478457e-01
5.696875622243853243e-01
5.697621214531186640e-01
5.697210586189833670e-01
5.688008283634224949e-01
5.688849342687858357e-01
5.673019009565335447e-01
5.693710239962118669e-01
5.689932234703963809e-01
5.693431684926094638e-01
5.709760530861772709e-01
5.693064497549211733e-01
5.694429161009477713e-01
5.689726411266958772e-01
5.693854822950511485e-01
5.695944906342456093e-01
5.694367699858570164e-01
5.690757250472574524e-01
5.693105522121364448e-01
5.690566055662314993e-01
5.690750313425866347e-01
5.689582196444969986e-01
5.694763525625463618e-01
5.695386814986715951e-01
5.687054400807819432e-01
5.683067293809540566e-01
5.686343173119029482e-01
5.686211971108720009e-01
5.699429593443735564e-01
5.695198975870432445e-01
5.690667908867919067e-01
5.699666186223755204e-01
5.696696004683491354e-01
5.692349035018103853e-01
5.693636637065819794e-01
5.691813764621195260e-01
5.686413929470978124e-01
5.690592340533162652e-01
5.696252860800274931e-01
5.697825246698381418e-01
5.690118117505178486e-01
5.678167933213672525e-01
5.686456505319840149e-01
5.680863686423068826e-01
5.696498516000764178e-01
5.689520677773993729e-01
5.688355127617720219e-01
5.677494413400415718e-01
5.686731259290676022e-01
5.680186919523497746e-01
5.694020383733902069e-01
5.696634829938794775e-01
5.683637533310605949e-01
5.685316021729210911e-01
5.692630989291593835e-01
5.686772819176398874e-01
5.698167783495593497e-01
5.691465935746069515e-01
5.696086895786837134e-01
5.692534626567067324e-01
5.685162928373298508e-01
5.689681362029150868e-01
5.698918503564167626e-01
5.686171935090160723e-01
5.689362226366462272e-01
5.690218035749952108e-01
5.697529998249724059e-01
5.701167807712460567e-01
5.688659639159027170e-01
5.686808138255370348e-01
5.698349758043311786e-01
5.695250460199229314e-01
5.691452149137228300e-01
5.676745031732214342e-01
5.696135097798066260e-01
5.689780920330179681e-01
5.689775504348196788e-01
5.693402472223068056e-01
5.679973482142647301e-01
5.699223005974252132e-01
5.695313249566443803e-01
5.697441060896056841e-01
5.687149741536848824e-01
5.691612516986862547e-01
5.686868601171601867e-01
5.691858800816588237e-01
5.687887804045889117e-01
5.692990956190352447e-01
5.688176169859857634e-01
5.686189393865918040e-01
5.693074294857496387e-01
5.686795108601291338e-01
5.696515334091994953e-01
5.693165859044535537e-01
5.693985279782843856e-01
5.687876942795656587e-01
5.698892640357577921e-01
5.687326024851726558e-01
5.683360118411533435e-01
5.690556267663718915e-01
5.705308504905209910e-01
5.695657751755260900e-01
5.698192311949078492e-01
5.690280753833538707e-01
5.697371286883924357e-01
5.696124548731223980e-01
5.686522152497727189e-01
5.688981288052465946e-01
5.695925771396171955e-01
5.691045480125108691e-01
5.696299266737360201e-01
5.700729920297910036e-01
5.688905812156804798e-01
5.688451223600996531e-01
5.692837916259876341e-01
5.685694603778562728e-01
5.691136705060710899e-01
5.690839665785961676e-01
5.692539134998870765e-01
5.690020315707535747e-01
5.697875961616872820e-01
5.684261179567842159e-01
5.697525058813849297e-01
5.693880321585130799e-01
5.697574706460297733e-01
5.709625520447197955e-01
5.693837958922474130e-01
5.689586529712746810e-01
5.693413328798139217e-01
5.693144635898713668e-01
5.686352516690934555e-01
5.684790440133372647e-01
5.689962664898701172e-01
5.701065174819253123e-01
5.693375288700385228e-01
5.688428747404270513e-01
5.700200926440811555e-01
5.696974379736597927e-01
5.686456919740396909e-01
5.685086485192912820e-01
5.691746462563039843e-01
5.685878541087762139e-01
5.692122772893278837e-01
5.690090985139403257e-01
5.696669340462842124e-01
5.692087579421312160e-01
5.689297255172037771e-01
5.688534165226737382e-01
5.693852492943861643e-01
5.696411428845791214e-01
5.684477587720353498e-01
5.692268423529289745e-01
5.692983019589917815e-01
5.688060765798809149e-01
5.692274972011579504e-01
5.686823441507291577e-01
5.690899021594958418e-01
5.688699563885643018e-01
5.686624805124128601e-01
5.695403564024720255e-01
5.690068130482653919e-01
5.687793316322530268e-01
5.687892192598452690e-01
5.694816442951147195e-01
5.699106643907382308e-01
5.692183278910052380e-01
5.694982423438698094e-01
5.697297534673724240e-01
5.689449548118018507e-01
5.689442165041402877e-01
5.693756727573006104e-01
5.689450038544255905e-01
5.687433863659040467e-01
5.698738880125748807e-01
5.678907940717582425e-01
5.691635251452066280e-01
5.685677638815189727e-01
5.695885593872774821e-01
5.698134696223772222e-01
5.690775050053058504e-01
5.680097106086628989e-01
5.687737110688358966e-01
5.693474935195520503e-01
5.691873020544210293e-01
5.685525222227466591e-01
5.690746546565786934e-01
5.691122469362978054e-01
5.695048247191741853e-01
5.684263204034230021e-01
5.675962908757098413e-01
5.704789804930471275e-01
5.675529797486168482e-01
5.694829666500560439e-01
5.707181133084318070e-01
5.694167779311827271e-01
5.692496096120497340e-01
5.691071732535720740e-01
5.691089570230379868e-01
5.692098218842428503e-01
5.687058443376015182e-01
5.698485828962348565e-01
5.702809117097461522e-01
5.695217432852660577e-01
5.704593752300866072e-01
5.693760044115269148e-01
5.697608770712564441e-01
5.699997203765324594e-01
5.689321627231843648e-01
5.697310968040550927e-01
5.677346242084287953e-01
5.684491976961877358e-01
5.691717532477916786e-01
5.695698928681166562e-01
5.664626216504007328e-01
5.694088420027786368e-01
5.692754442377715440e-01
5.694283142120575292e-01
5.681101592686161883e-01
5.691510771841807870e-01
5.685535212326928711e-01
5.689025855422330524e-01
5.693779831272008929e-01
5.672256151231266363e-01
5.696323720873918139e-01
5.697751718723400582e-01
5.690587839470838682e-01
5.682919937458222881e-01
5.690991024526974584e-01
5.691583331309162386e-01
5.693127685693877282e-01
5.674929512359839778e-01
5.695762042699342720e-01
5.689744951997577349e-01
5.690541942077080861e-01
5.686296437433400186e-01
5.694391309476024565e-01
5.695743018842555072e-01
5.697845927349584061e-01
5.675755549690714163e-01
5.688332533018738424e-01
5.680934066840260810e-01
5.690210996997823178e-01
5.697709142749605160e-01
5.705083485107187435e-01
5.697489761145877463e-01
5.698418094322248439e-01
5.695780273081301193e-01
5.691175151707738022e-01
5.697640325640654924e-01
5.699456360786349096e-01
5.694246482339021531e-01
5.690174549655748759e-01
5.698580531412208439e-01
5.696935191668891507e-01
5.684491115195652311e-01
5.704605033148620885e-01
5.691760914520396231e-01
5.697104135423477489e-01
5.691987958518355262e-01
5.687646935543728688e-01
5.695504445465090493e-01
5.701560491145346576e-01
5.695160511840283712e-01
5.689199288428682388e-01
5.696398512558239480e-01
5.676230805708217808e-01
5.694196814896635983e-01
5.691604829510260588e-01
5.684714945171015499e-01
5.684705791929880458e-01
5.685305490542652551e-01
5.692926918509886303e-01
5.696964848375530854e-01
5.689503227076312397e-01
5.697515970065568647e-01
5.691041585068370434e-01
5.687790552213493056e-01
5.694806505555811693e-01
5.686711703377531624e-01
5.703432779870398761e-01
5.693682254318649383e-01
5.689429396978162856e-01
5.697776680311241737e-01
5.682551402690468878e-01
5.684450922108524873e-01
5.680087186091020701e-01
5.695027049735313929e-01
5.695294930833191271e-01
5.689137709158234024e-01
5.689415730331971455e-01
5.688679544697479162e-01
5.695550639976015850e-01
5.691696255756272249e-01
5.688333286367430741e-01
5.683006407427992901e-01
5.682748204270284820e-01
5.690945868299667199e-01
5.689567414324797623e-01
5.685416551057475010e-01
5.691580409660189632e-01
5.703653831817282471e-01
5.696935927868883587e-01
5.686616943823082915e-01
5.698389624093470607e-01
5.690904485075714003e-01
5.684504433685438896e-01
5.695807428648772541e-01
5.692749655930382513e-01
5.686919198327987646e-01
5.688680164187263077e-01
5.691809970434099641e-01
5.695740844909520373e-01
5.686051071870694695e-01
5.687625693293764106e-01
5.672579849660895901e-01
5.690190180078281701e-01
5.692879269424145905e-01
5.690181348768413860e-01
5.694867460429035022e-01
5.691965440298568657e-01
5.691687097293204323e-01
5.688124573016261065e-01
5.693988065903661244e-01
5.687215031597073756e-01
5.696227254139347718e-01
5.678671037589025916e-01
5.695920738289015350e-01
5.697060252494333676e-01
5.683300008482869980e-01
5.683056529360227538e-01
5.695233310170964014e-01
5.690623632780866803e-01
5.687193579910628793e-01
5.696896570176095409e-01
5.689997615510983264e-01
5.685574147143450663e-01
5.696508301100750016e-01
5.701157915925014752e-01
5.697632379963913918e-01
5.660574875968718001e-01
5.688209711502634214e-01
5.692585531678509003e-01
5.689190244865419688e-01
5.688488893941354707e-01
5.695048046141636400e-01
5.687473879332686222e-01
5.698680800791172674e-01
5.694004098603928643e-01
5.692194867037427830e-01
5.692003120766623292e-01
5.683092275188602605e-01
5.685815598161348960e-01
5.691522570784465218e-01
5.672065062705132776e-01
5.684832769432125454e-01
5.689996730000765890e-01
5.688953863995377391e-01
5.689316531856746240e-01
5.693960808804906515e-01
5.697282420689613325e-01
5.693781450290815727e-01
