5.768603830807893518e-01
5.818860577600348805e-01
5.799777392756801930e-01
5.772988794169894300e-01
5.764314483396096866e-01
5.776621723828544441e-01
5.781230957463334708e-01
5.747302453853336823e-01
5.769242453415659444e-01
5.753447419916934980e-01
5.766480264733372385e-01
5.755411174907741900e-01
5.760190509139595516e-01
5.779714201851335886e-01
5.750681694503848584e-01
5.770948461875156088e-01
5.734184074095415307e-01
5.785643955722488130e-01
5.767907082871032154e-01
5.768907172925915594e-01
5.802791463907762681e-01
5.754877220666543280e-01
5.817412906716076249e-01
5.760734317977754815e-01
5.756645474875442536e-01
5.710909287134539047e-01
5.789778217890024781e-01
5.757037636669343206e-01
5.751204437568772088e-01
5.774552332346317707e-01
5.788481364386832695e-01
5.783622380729378509e-01
5.740385571930446407e-01
5.728739157789141112e-01
5.738418240238297718e-01
5.765009177782981498e-01
5.772925255570768854e-01
5.792254809402600513e-01
5.757116861518120077e-01
5.740795630509580860e-01
5.799486319918976118e-01
5.784364230097016613e-01
5.759164989973900584e-01
5.752541390211789452e-01
5.771510118036650150e-01
5.775684742746280964e-01
5.766507461056812334e-01
5.817230939976801851e-01
5.732311685765019149e-01
5.738997922724694556e-01
5.741005590443435391e-01
5.698778250578374616e-01
5.754035897489998552e-01
5.750700109223207956e-01
5.740204546396425744e-01
5.717852637444839070e-01
5.734428517966054795e-01
5.786142033205051716e-01
5.735351760407035870e-01
5.699958330040055809e-01
5.750378463928403905e-01
5.757977464739274520e-01
5.754587998718802000e-01
5.739295463234357353e-01
5.731364807886851764e-01
5.702377337563574455e-01
5.731188845082861860e-01
5.739932479557271483e-01
5.707148793317682323e-01
5.676078547542662278e-01
5.733717656847734379e-01
5.701193945773465055e-01
5.724779996145663574e-01
5.743227773001151615e-01
5.723532651784805081e-01
5.758543896966007436e-01
5.734497852672170159e-01
5.696247945520932499e-01
5.739283864415847258e-01
5.733949908010702590e-01
5.739165359449531767e-01
5.728523454984026930e-01
5.701942721319676055e-01
5.694974284156298916e-01
5.715395682930395349e-01
5.723505880647853372e-01
5.725124785276091144e-01
5.725504354660140294e-01
5.726841266627952232e-01
5.671393871418530797e-01
5.725778256301433666e-01
5.712297918554410936e-01
5.732925445453636026e-01
5.724768706890698278e-01
5.725751411064445850e-01
5.722077984933621186e-01
5.724236042810593172e-01
5.731158204158611769e-01
5.702043994016142703e-01
5.717611505029721597e-01
5.731937641227623503e-01
5.719490756521766750e-01
5.712742287689197562e-01
5.701245608905228801e-01
5.742986951446010790e-01
5.696851199745242011e-01
5.700149429462473272e-01
5.719857765022242635e-01
5.722884507457161041e-01
5.692334754613580516e-01
5.738586617595166084e-01
5.706767870506206375e-01
5.724885483889308180e-01
5.725881311991081191e-01
5.706479646512818693e-01
5.695772608471540988e-01
5.708504222604072753e-01
5.704244421880991789e-01
5.696397435808228105e-01
5.701548756534059459e-01
5.698946760526316657e-01
5.705421694175251135e-01
5.703212594753507281e-01
5.721953172175214819e-01
5.716245567894879809e-01
5.707738161441979763e-01
5.711788666369477241e-01
5.720769270593238920e-01
5.682860664340927404e-01
5.729012740760914824e-01
5.691310958152717703e-01
5.705493432962345235e-01
5.689107881779503773e-01
5.716824171534591326e-01
5.697638799828428358e-01
5.697464087869831273e-01
5.701037783195753716e-01
5.709866804830909803e-01
5.695195689111866022e-01
5.709168223596984282e-01
5.710954804994059497e-01
5.695414998481463931e-01
5.697783238878298961e-01
5.698002012573832875e-01
5.689160505416509528e-01
5.691768573062712111e-01
5.679739364239699828e-01
5.695692958431353148e-01
5.714690588534594440e-01
5.708204314558997794e-01
5.690025198573345211e-01
5.692041388258768375e-01
5.712382789524095283e-01
5.689883351887620178e-01
5.701884948663188402e-01
5.689258866983407659e-01
5.701809945365396981e-01
5.698358508804906020e-01
5.699253420541352533e-01
5.695121943877748949e-01
5.698374863034812998e-01
5.678913153823802462e-01
5.691029882128534334e-01
5.704694640354095458e-01
5.699713255696565728e-01
5.693157159678555734e-01
5.690869450517556105e-01
5.698229388583297972e-01
5.693723858554574635e-01
5.701312916421691357e-01
5.695230455400930314e-01
5.691874675449913878e-01
5.698822357198670696e-01
5.691084514559964225e-01
5.695960973477566247e-01
5.706753587459761912e-01
5.696593012885106111e-01
5.717453908377118088e-01
5.680485761870214256e-01
5.685979593951379085e-01
5.694985938920681390e-01
5.689059244285631367e-01
5.694368125672196745e-01
5.699393719339935771e-01
5.680928228136811198e-01
5.692189588484054541e-01
5.706897680141291840e-01
5.695539957819325538e-01
5.698863913006260162e-01
5.695317452324285545e-01
5.669339447920662689e-01
5.690991923708734745e-01
5.688461952751785455e-01
5.674437628189212823e-01
5.693657487328211975e-01
5.688045204903355856e-01
5.691026674998678203e-01
5.696727444911819926e-01
5.689636307536872772e-01
5.671679075162122663e-01
5.689219830831587776e-01
5.697286555527797391e-01
5.683908260165587700e-01
5.695624369796876696e-01
5.695243352902009670e-01
5.692021341121148437e-01
5.695559374698876409e-01
5.685148768147910703e-01
5.697298627433776685e-01
5.693273875026395592e-01
5.690752646930125058e-01
5.692641341003745747e-01
5.710156075957184552e-01
5.699699521050283213e-01
5.700436333612868278e-01
5.688556066512109322e-01
5.693840290430978168e-01
5.685449122179666581e-01
5.692296575207672626e-01
5.700162727918348660e-01
5.699423313980906958e-01
5.695223047333966004e-01
5.685744695002036275e-01
5.708113741509641681e-01
5.696115107131120014e-01
5.699974272481848070e-01
5.686192844712749661e-01
5.686194625623003374e-01
5.696591751746258314e-01
5.696315860778504714e-01
5.680354097079620690e-01
5.692839324776746146e-01
5.685363666372270641e-01
5.700639609181393785e-01
5.679209276866478140e-01
5.704722106991143571e-01
5.702703940677331662e-01
5.690653400722388566e-01
5.705991360691954339e-01
5.699387004140467061e-01
5.700919649062395900e-01
5.700434783534608085e-01
5.695129108943146612e-01
5.702652196938371443e-01
5.687097380202679187e-01
5.692628344248841232e-01
5.695706360252820177e-01
5.682803803089128136e-01
5.690430607191776513e-01
5.695083965829940142e-01
5.705296538807853590e-01
5.700184591449810600e-01
5.700947293672445904e-01
5.700481677470781161e-01
5.696914823519493298e-01
5.686443474128547448e-01
5.704897387453364832e-01
5.688034181508452303e-01
5.688018803768436493e-01
5.687280001577933453e-01
5.701535715394416837e-01
5.696921820984875984e-01
5.682741311855076249e-01
5.700907541314367277e-01
5.699521064536562376e-01
5.694554776532617657e-01
5.702969332784005863e-01
5.681141507134006563e-01
5.676849355621004234e-01
5.699616544813762564e-01
5.710049826985653665e-01
5.696078414643727106e-01
5.704229999545314955e-01
5.691073040303992192e-01
5.690461042533145886e-01
5.681756746760922017e-01
5.693666368444335601e-01
5.688174246939263767e-01
5.700302152308001080e-01
5.684931066141630795e-01
5.693866276260425296e-01
5.692702721536162525e-01
5.697794763604460133e-01
5.694413174586037130e-01
5.688092633329282499e-01
5.701084169409958990e-01
5.689618969617141753e-01
5.697771892320844245e-01
5.694219751372144867e-01
5.698352221670115458e-01
5.693740103038280598e-01
5.684342671828792604e-01
5.694309204686975878e-01
5.683451283914926488e-01
5.690003955154155912e-01
5.698532241592069170e-01
5.702196708960852733e-01
5.692544041557964229e-01
5.697856510079361003e-01
5.688270896527178877e-01
5.696124594568149346e-01
5.692025313242451423e-01
5.695835016059380695e-01
5.681488651495054665e-01
5.687928732980230828e-01
5.696446197410638401e-01
5.689659524392143286e-01
5.692312970022432861e-01
5.696091794132790431e-01
5.683519521988211753e-01
5.696977673052069369e-01
5.682670654037372815e-01
5.708664414978830148e-01
5.683991637088039450e-01
5.694597479078039592e-01
5.689461465114850069e-01
5.688607174616697737e-01
5.702251510285288871e-01
5.690294890311263787e-01
5.699663838266371130e-01
5.688733941151632445e-01
5.692914230775152351e-01
5.698142364670867321e-01
5.693587302708859044e-01
5.691501479357436999e-01
5.695772903024541867e-01
5.700135085701475424e-01
5.696466309413690254e-01
5.695666551351404872e-01
5.680823059197566138e-01
5.690082431151315401e-01
5.689464776403655444e-01
5.693348972208672754e-01
5.690064568552626323e-01
5.688016171454070014e-01
5.697061248103000297e-01
5.694527007188517898e-01
5.696945810781198771e-01
5.691792733707821128e-01
5.688907504209378407e-01
5.691965238298252183e-01
5.686043770308938372e-01
5.680690269122072866e-01
5.685719084289296843e-01
5.692801796308974982e-01
5.693011662161023834e-01
5.697286180213401163e-01
5.687618542866899052e-01
5.686545343431503863e-01
5.685515882787439690e-01
5.688572969732932361e-01
5.698852731840923225e-01
5.693945773931469168e-01
5.694059378863088883e-01
5.701557618559950358e-01
5.692773411045815024e-01
5.686779482886177295e-01
5.694129557825781118e-01
5.697547971614459472e-01
5.692413405381121505e-01
5.697892938058813916e-01
5.695269920121054374e-01
5.680158267010646522e-01
5.693232634750770016e-01
5.705637354854572463e-01
5.695076941228417455e-01
5.696663123593549427e-01
5.703917871911821091e-01
5.691169932604572823e-01
5.691100048559614155e-01
5.700149874224090807e-01
5.703467181483250492e-01
5.698884820766146886e-01
5.690262643631921469e-01
5.668357370995080746e-01
5.703228890316208721e-01
5.698485975508618129e-01
5.706281186522839111e-01
5.687587501773749832e-01
5.690037418773651323e-01
5.692405946338487954e-01
5.690717777430229773e-01
5.692102816961879252e-01
5.700301148502090465e-01
5.682729915160072975e-01
5.692718327456123273e-01
5.696448588920783873e-01
5.690039645225898335e-01
5.694890595899336772e-01
5.694274567983171886e-01
5.699082879708378124e-01
5.681295691240227930e-01
5.681891836344830082e-01
5.694183745660537088e-01
5.680244973899294392e-01
5.702396919903743866e-01
5.688465234463189191e-01
5.680399099566736387e-01
5.703122380343833564e-01
5.701323903094049905e-01
5.689957564039413995e-01
5.684172144094964407e-01
5.704285960195181193e-01
5.685416646675085506e-01
5.690154908707841797e-01
5.677366208635616918e-01
5.694906314563167316e-01
5.695070778563794400e-01
5.697722151590952633e-01
5.687889884284491604e-01
5.676428509941569001e-01
5.701054972388346354e-01
5.666409165762443800e-01
5.693912877208205936e-01
5.689596361141318059e-01
5.699867662954444247e-01
5.685869901137753368e-01
5.696560313225946803e-01
5.697333189331762471e-01
5.685329001802584825e-01
5.697497675917940763e-01
5.678502062592928334e-01
5.697343096526378270e-01
5.683892952018599898e-01
5.697076494190769225e-01
5.706647749776176948e-01
5.683741820024195146e-01
5.699095505961506714e-01
5.697570375003515597e-01
5.694294476753178902e-01
5.700468707208811159e-01
5.705007510752209132e-01
5.640843114061839803e-01
5.692985706377360344e-01
5.684095239948482314e-01
5.689094946964186050e-01
5.696085019458416721e-01
5.696894090260984367e-01
5.697958536177606392e-01
5.703097304347825025e-01
5.687339256743919602e-01
5.690656789304652241e-01
5.698198484240182271e-01
5.689384330122201350e-01
5.695576607638440647e-01
5.703032507866901968e-01
5.689360198238229138e-01
5.686549314228207530e-01
5.689134377325902880e-01
5.686084942055407154e-01
5.692177527234287826e-01
5.687702531606714240e-01
5.685266290083450524e-01
5.693119756356465055e-01
5.685143335350607563e-01
5.693355076060117037e-01
5.696045751603440177e-01
5.687123177646017380e-01
5.689242527761889656e-01
5.688284735881334875e-01
5.694783040456087297e-01
5.692446495611067636e-01
5.692034111364393523e-01
5.681201916713461975e-01
5.704149805766364212e-01
5.695921300266651999e-01
5.692797461773572154e-01
5.691684615625007826e-01
5.682658724363485181e-01
5.687078663040827653e-01
5.697371836093815256e-01
5.701357274735582292e-01
5.690646242543249134e-01
5.693591132675223099e-01
5.692707468215488786e-01
5.694430321407625284e-01
5.684098491297266964e-01
5.692671905554067546e-01
5.694095525785008993e-01
5.694203857694758453e-01
5.682625066846630491e-01
5.704557496372130165e-01
5.700219292377165514e-01
5.704899143276322970e-01
5.701354368412691054e-01
5.695071991181759330e-01
5.691982421985375407e-01
5.702845643011056342e-01
5.689063846339139641e-01
5.704551674960469665e-01
5.679651655394082344e-01
5.697234678108188399e-01
5.692644896676454236e-01
5.703953757105997280e-01
5.694084201045515048e-01
5.702625071896358921e-01
5.691147056621072009e-01
5.708635843933518306e-01
5.686674937465114876e-01
5.697255137969927663e-01
5.692088447178856869e-01
5.698486753007646621e-01
5.689076262086175673e-01
5.689450131117667064e-01
5.703057804757162286e-01
5.696957574522113488e-01
5.687179717212130781e-01
5.693947973388258088e-01
5.697060088392613686e-01
5.700296319200848227e-01
5.695443585397251818e-01
5.701174016074783690e-01
5.679533737681659034e-01
5.685846496819270124e-01
5.688876936144117158e-01
5.693330745144813410e-01
5.696442693726689876e-01
5.694130575581084486e-01
5.700096565823483674e-01
5.693342962598401114e-01
5.691569986563249639e-01
5.706490682144098603e-01
5.695872095328119444e-01
5.701449255131033622e-01
5.687851161936480215e-01
5.695035532077692420e-01
5.690906536178789166e-01
5.692149215527936290e-01
5.695238602118849469e-01
5.701913263415772093e-01
5.691763324550357384e-01
5.684616296631130883e-01
5.693646385357424844e-01
5.704643708041219341e-01
5.686638571651970731e-01
5.702173138566958288e-01
5.693585107657311850e-01
5.698630747156810950e-01
5.702270915892510006e-01
5.701627735496951344e-01
5.688748165358853415e-01
5.695507493580008740e-01
5.706953660297745534e-01
5.674571188202761629e-01
5.698976184068336170e-01
5.692777233398015335e-01
5.691674809648914479e-01
5.699519903144885102e-01
5.696639830313244834e-01
5.684248610673977575e-01
5.689206570662056484e-01
5.692082615316417238e-01
5.696748471969799166e-01
5.683912881193705635e-01
5.696708637587016844e-01
5.691026495007449615e-01
5.700436657231024995e-01
5.693639659600295833e-01
5.699876820997976656e-01
5.692510458579240762e-01
5.695929734345021034e-01
5.697833602155976118e-01
5.690746340154190230e-01
5.688903535519671539e-01
5.684043148824323710e-01
5.692782410877065269e-01
5.689261227046817915e-01
5.680772798973635629e-01
5.697364401341979967e-01
5.679486854544331109e-01
5.703381877586686244e-01
5.690759830105206474e-01
5.707049534715815664e-01
5.708021607623873228e-01
5.696667390748793025e-01
5.683694470159328382e-01
5.683481197184413469e-01
5.694328431621697995e-01
5.686007850782345274e-01
5.695207642603353770e-01
5.688519262845953550e-01
5.698346920748817990e-01
5.692616380802099085e-01
5.691375865993263394e-01
5.691571728475988134e-01
5.685643642199719183e-01
5.684883989504958546e-01
5.693758025798488775e-01
5.688736002421858062e-01
5.687804652639755210e-01
5.700325287795557916e-01
5.697919293104672933e-01
5.679621306716680085e-01
5.695988571587687899e-01
5.697389527250412700e-01
5.694169769165365880e-01
5.681717175515383911e-01
5.693568485394701062e-01
5.675253314857434672e-01
5.691780472199312602e-01
5.688976469409714465e-01
5.693384679693572759e-01
5.691948002340223578e-01
5.688855700810763194e-01
5.689399543780717661e-01
5.689979710906608590e-01
5.702140048290483820e-01
5.691436065602905048e-01
5.700771277268279480e-01
5.696075452344405710e-01
5.698630807712203872e-01
5.684552186579365785e-01
5.701285286147576015e-01
5.695296559071912901e-01
5.695841669935396423e-01
5.692477876424223426e-01
5.687730871091997153e-01
5.702822364749901007e-01
5.702604337895008646e-01
5.686610120052811856e-01
5.684793736620934457e-01
5.687682083412928247e-01
5.698111093974935759e-01
5.681035571973760412e-01
5.689965772833084356e-01
5.691957286840587660e-01
5.677989598436993246e-01
5.699672372829482914e-01
5.691782305005721465e-01
5.702664728575946862e-01
5.701248288504289219e-01
5.700720422948443167e-01
5.687442371613897762e-01
5.685077597316091635e-01
5.693620761936376562e-01
5.707276580706807101e-01
5.695536439229865744e-01
5.683943104781254974e-01
5.686190801577105658e-01
5.701869967704510378e-01
5.702367859154723329e-01
5.702751271565179580e-01
5.697236864680353952e-01
5.683503128525920767e-01
5.689236839834076465e-01
5.684564009548263019e-01
5.685320037742230825e-01
5.694561046104485991e-01
5.678963530193898990e-01
5.690037901235813766e-01
5.687854685934150556e-01
5.694990536014785665e-01
5.697238776060723486e-01
5.700037865234256484e-01
5.691949687913508971e-01
5.685941686550635144e-01
5.691187385434554047e-01
5.688616068038770957e-01
5.693240772619416745e-01
5.687670400534060589e-01
5.686097762482694717e-01
5.693964212602823372e-01
5.700912204233939962e-01
5.696921293447688717e-01
5.685578347187798531e-01
5.688409713132984713e-01
5.694416773130239751e-01
5.684659063979052851e-01
5.697030130541820281e-01
5.687863387943182802e-01
5.696113522748659230e-01
5.694498874060428539e-01
5.691891200235892345e-01
5.698154867583824501e-01
5.697039703682937883e-01
5.697552282639926080e-01
5.696829636288771592e-01
5.695126553169946870e-01
5.688096229409013160e-01
5.692007429708916266e-01
5.689054294609138251e-01
5.685172378716103481e-01
5.697500692503461028e-01
5.694909938571920405e-01
5.692714981506161731e-01
5.678478186170797803e-01
5.695611725323298513e-01
5.694681291614492880e-01
5.690563281862203171e-01
5.684030739041155966e-01
5.698668990512254506e-01
5.692253380276640629e-01
5.705359637678711904e-01
5.696059281402156005e-01
5.689870484094912140e-01
5.693285535402879960e-01
5.703538306896575039e-01
5.687590757657454699e-01
5.702192623388101511e-01
5.685121874235237183e-01
5.700082511944759567e-01
5.694907804205742163e-01
5.684687240883744552e-01
5.680549917521797720e-01
5.688290944762660617e-01
5.685794976620659469e-01
5.686953621893857669e-01
5.687380826187361516e-01
5.694311453450463523e-01
5.684625453597632605e-01
5.682971385970537748e-01
5.690675301308719680e-01
5.694534391794838779e-01
5.683483205002235472e-01
5.679561521517323408e-01
5.690526716086711234e-01
5.693938138505213464e-01
5.689027450941777087e-01
5.702175230634158876e-01
5.684585540059143849e-01
5.684403089806108200e-01
5.696008988429227538e-01
5.687017547942555540e-01
5.684231829021755278e-01
5.687733897369291469e-01
5.698357078278014631e-01
5.692570438204018757e-01
5.697196768728938210e-01
5.684325935343549352e-01
5.680501901701947576e-01
5.683916127438238819e-01
5.703729930700704998e-01
5.691022861799347465e-01
5.697071636211460399e-01
5.695523977358405432e-01
5.682925019680293843e-01
5.693856652269785323e-01
5.677423836821002823e-01
5.692806112995123513e-01
5.694984391459041451e-01
5.700906077579294129e-01
5.679755276157235633e-01
5.683910809843236711e-01
5.701922860236761093e-01
5.692038624101442013e-01
5.672387328197839862e-01
5.698504751617060604e-01
5.695635297282796161e-01
5.690053984719615210e-01
5.680751258978792295e-01
5.682160012018704354e-01
5.682948009686180635e-01
5.697915808796093495e-01
5.690440891038541782e-01
5.688026373154715376e-01
5.687276073126042997e-01
5.700014711410030799e-01
5.683835174131121049e-01
5.688501861734542864e-01
5.685569572291027107e-01
5.691568678690241967e-01
5.692914579317557289e-01
5.699114873518494884e-01
5.687395953778636715e-01
5.689603780749484807e-01
5.688235974686228769e-01
5.692524245498311597e-01
5.702183143971124579e-01
5.695116800722155315e-01
5.687287210158947781e-01
5.701609812524347509e-01
5.696088807073523830e-01
5.680722201401325888e-01
5.682518913932883553e-01
5.689560169023494263e-01
5.699570006683077894e-01
5.694729551157877712e-01
5.697999417278420964e-01
5.687557108859940813e-01
5.688923700911475700e-01
5.695916031460491746e-01
5.689589515579623891e-01
5.691047901274645104e-01
5.697455160072151248e-01
5.690905098534535522e-01
5.697368089237901945e-01
5.694262821242962458e-01
5.695117892402399296e-01
5.699165267564486603e-01
5.683182950071782313e-01
5.704113495399858458e-01
5.698632801657160796e-01
5.690166760660969603e-01
5.693759457350399122e-01
5.689622051161566940e-01
5.686952463339997044e-01
5.701195800368131783e-01
5.696307877195195823e-01
5.689393109223704892e-01
5.690998814263173999e-01
5.688631522819538322e-01
5.693965468560541199e-01
5.700183413265218491e-01
5.684724134852410238e-01
5.695929990110121244e-01
5.693214526234875450e-01
5.702387453145899565e-01
5.694634031211437408e-01
5.686300949081236622e-01
5.675051159772909193e-01
5.686785908793864364e-01
5.693091989062082359e-01
5.695980936649301940e-01
5.694130655494868964e-01
5.696176321849970581e-01
5.693776614036353267e-01
5.685938107772550154e-01
5.692582813261359842e-01
5.692899416670422763e-01
5.685280581269549494e-01
5.697472362588248407e-01
5.693807656037817022e-01
5.696570354658184732e-01
5.693247075872702734e-01
5.699244947866294320e-01
5.697616301748267276e-01
5.694427801148148616e-01
5.691432481977413138e-01
5.693924168314432599e-01
5.697718871457676526e-01
5.698901292682726494e-01
5.692152902261091718e-01
5.690796132785955752e-01
5.691194501111891402e-01
5.693236069879693551e-01
5.691764090625627270e-01
5.702039002681703606e-01
5.696018160288751631e-01
5.669096115173845041e-01
5.688979149185197093e-01
5.693239995705970946e-01
5.689369383307835148e-01
5.695708209983961767e-01
5.689287126336560751e-01
5.697543205728935467e-01
5.673762040893087777e-01
5.694640203207129714e-01
5.693152252060468266e-01
5.689731533282229581e-01
5.691687549018485948e-01
5.688115217756890551e-01
5.697463223134692223e-01
5.684084418834257635e-01
5.698603405899592689e-01
5.690845922947180835e-01
5.691646078072735149e-01
5.693528505411488139e-01
5.696757967281543822e-01
5.688985476999087743e-01
5.696241942841446804e-01
5.692455697270631942e-01
5.695311540361702729e-01
5.680542709688809477e-01
5.704012052115314813e-01
5.689170972759863831e-01
5.688455549663092858e-01
5.687884799672167091e-01
5.680337370435785127e-01
5.692218319880778532e-01
5.701631589580637982e-01
5.690873779406852018e-01
5.684469973184375080e-01
5.699481249092286372e-01
5.685199756369435642e-01
5.688098887824601935e-01
5.694818914292140155e-01
5.690105777933681663e-01
5.689816109499352681e-01
5.687072012856404513e-01
5.700563861612900629e-01
5.693226548819999566e-01
5.690888310767212577e-01
5.695530069696318476e-01
5.690394337167214989e-01
5.689380306937464882e-01
5.682252155551943407e-01
5.703448269664412873e-01
5.693158852945201520e-01
5.685631093273969539e-01
5.697734435741131920e-01
5.688782741852582703e-01
5.689046689629251308e-01
5.685157401888097928e-01
5.699533881461384954e-01
5.694949935492740201e-01
5.692491939697679193e-01
5.697882196750130301e-01
5.693645000539818701e-01
5.701453736216804957e-01
5.702559390142468709e-01
5.687225814735819007e-01
5.686812114395664031e-01
5.693027804801905623e-01
5.691860797207918266e-01
5.694865069296881632e-01
5.687791042825991461e-01
5.687359247553226416e-01
5.691949837476130147e-01
5.699254346499199597e-01
5.701029986842423014e-01
5.689280637108373728e-01
5.695436430398984617e-01
5.688337018207851870e-01
5.689162213862994921e-01
5.678912723294905485e-01
5.697608438796829544e-01
5.687505658099074601e-01
5.696568413709262035e-01
5.687608753795935224e-01
5.709381004642493096e-01
5.698436257998272803e-01
5.709523321451424049e-01
5.685430632800138051e-01
5.694837600123303645e-01
5.688620132359382131e-01
5.688868344233817265e-01
5.686686335324205865e-01
5.697382451501459277e-01
5.684537217958779420e-01
5.689983968844664064e-01
5.691885874866596806e-01
5.699167794803229325e-01
5.697839977000326295e-01
5.700019230261402781e-01
5.684750151699706766e-01
5.698703511754814599e-01
5.688541823463358904e-01
5.686063075210509021e-01
5.701565709715745722e-01
5.689072753764612411e-01
5.688365992991532005e-01
5.699763612457768858e-01
5.689045663441278933e-01
5.692443713758015278e-01
5.678062709804029273e-01
5.686825703297518908e-01
5.692578730915772711e-01
5.691776402412761504e-01
5.687611829817127429e-01
5.694146976847251906e-01
5.683234321164468694e-01
5.688583225383714304e-01
5.700264565526682592e-01
5.699256796591530838e-01
5.697905141385242178e-01
5.684412258095690174e-01
5.698865611228220995e-01
5.696036047555977921e-01
5.707235925392321052e-01
5.692609583201598822e-01
5.697143870243844832e-01
5.690832575094509904e-01
5.683191003691424603e-01
5.687353703598377885e-01
5.688668342055895888e-01
5.690815076368285208e-01
5.687378024101626961e-01
5.680655579832731839e-01
5.684228022569718375e-01
5.696877034537238815e-01
5.681014167882528776e-01
5.694662239483746502e-01
5.695266795517727187e-01
5.699798315989158537e-01
5.689972583591880184e-01
5.693455611561478724e-01
5.687914219569343288e-01
5.680260511000396750e-01
5.688342708431076700e-01
5.676581110921700146e-01
5.688534793814209456e-01
5.697666856502558996e-01
5.703188923989437331e-01
5.687733650473835167e-01
5.690194137002365649e-01
5.697143754478231070e-01
5.692601648899813238e-01
5.692068774010762278e-01
5.690945861455555255e-01
5.677213215731556906e-01
5.692371543837171366e-01
5.695757391781175460e-01
5.687676542444305428e-01
5.689220387130334844e-01
5.666791646052301568e-01
5.680233160630190348e-01
5.695848204227889067e-01
5.688737342183937118e-01
5.692151337655179111e-01
5.689340859334205414e-01
5.696256730581538141e-01
5.692771595153346409e-01
5.697260714508269874e-01
5.693475173846784809e-01
5.679643553370742337e-01
5.701307622311450052e-01
5.688686870368419024e-01
5.677226076303828473e-01
5.696498358878326895e-01
5.692529663716012767e-01
5.695035802973562600e-01
5.696023356900540291e-01
5.693720704739220206e-01
5.689408949543098837e-01
5.694941325468670934e-01
5.694901755252915754e-01
5.684345074372371132e-01
5.690775454868622907e-01
5.691501238945526620e-01
5.685052952607833054e-01
5.703938142303855985e-01
5.697842192118504068e-01
5.686900940580338348e-01
5.684002001498431600e-01
5.686311064844841168e-01
5.687216440269331486e-01
5.693902142789412091e-01
5.688544706040464805e-01
5.700483911472269405e-01
5.686919329968398440e-01
5.696413796014462294e-01
5.674698103669592042e-01
5.699236156045045520e-01
5.686353277066025225e-01
5.689986636152190025e-01
5.691046995880718606e-01
5.697463072266754081e-01
5.700764236595843304e-01
5.712198584699658133e-01
5.696867449388328675e-01
5.692506135141263135e-01
5.682357525602746984e-01
5.693436801914086853e-01
5.682955769643294186e-01
5.695783504243222550e-01
5.694228148324580463e-01
5.693688720371493650e-01
5.686759817583252330e-01
5.689388720372355879e-01
5.690014982334580251e-01
5.695450328553892660e-01
5.689719173914905559e-01
5.689348868442973828e-01
5.693320116323858926e-01
5.687768496340226410e-01
5.696196575958979436e-01
5.686042713912463631e-01
5.686576585054147204e-01
5.691844578653080244e-01
5.695463579514284946e-01
5.687682794485826587e-01
5.704461670807814411e-01
5.688037628499273968e-01
5.685952284474782292e-01
5.704161113809446126e-01
5.691784379352118339e-01
5.696310781551928715e-01
5.693621080094812825e-01
5.695554927740823503e-01
5.697820127566796122e-01
5.692541200495641052e-01
5.688511972492488189e-01
5.694581403220249083e-01
5.693077698879106530e-01
5.689579729363675176e-01
5.689405431168638172e-01
5.690125811774815467e-01
5.694529781529208412e-01
5.683055689931011401e-01
5.695110583055641440e-01
5.680101723286719029e-01
5.697559194951475892e-01
5.682245171091124814e-01
5.692052193860220877e-01
5.695590621713489954e-01
5.674633367127772665e-01
5.690991355913307403e-01
5.691653508652217974e-01
5.692353627462136689e-01
5.697231479416020594e-01
5.687036196646734210e-01
5.691967967550606300e-01
5.692292183012824802e-01
5.699306769569705278e-01
5.680358947705402839e-01
5.693348770586509344e-01
5.699460707684911309e-01
5.682705754992981584e-01
5.670643741510109637e-01
5.680595205113206925e-01
5.695596077241358302e-01
5.683040542742794354e-01
5.685829034660343506e-01
5.691273151550654275e-01
5.676523390234223809e-01
5.685585233497142399e-01
5.681201099037593849e-01
5.698164408734002206e-01
5.692352538466253220e-01
5.703600335811119804e-01
5.695116765178112050e-01
5.690202317015795597e-01
5.683268670278177614e-01
5.690787648111462760e-01
5.696210292848705725e-01
5.687194925362029085e-01
5.694235458876868439e-01
5.688720977353729502e-01
5.683555310960453077e-01
5.687292758622745081e-01
5.696692946918663347e-01
5.691805847219256753e-01
5.695693410873051699e-01
5.693595953169358070e-01
5.692961826350005916e-01
5.694267451047774209e-01
5.682401359781085182e-01
5.696355766123505360e-01
5.694286211771952821e-01
5.698060343191354571e-01
5.687136886358769017e-01
5.692330138845257403e-01
5.698035296183272536e-01
5.688646557664548409e-01
5.701766585308530866e-01
5.691141782889388434e-01
5.695077653543770824e-01
5.698987407743093536e-01
5.690503818576913009e-01
5.700720260161431518e-01
5.688771100023454208e-01
5.671586044433275520e-01
5.694401375192299497e-01
5.690752550346748206e-01
5.687246828321277370e-01
5.696306042307227591e-01
5.696762656083468324e-01
5.688181125603419819e-01
5.699174798682802301e-01
5.692630749851319560e-01
5.684609629199638414e-01
5.696285025364026255e-01
5.687271306673060689e-01
5.684980520177929098e-01
5.693721533347479991e-01
5.691173967169990133e-01
5.698423378934442951e-01
5.691760966018943879e-01
5.682466786142350568e-01
5.691139563640440491e-01
5.689023845687177783e-01
5.687293410408575944e-01
5.688501458494911178e-01
5.688036650303592845e-01
5.695996373599213625e-01
5.689960783035469261e-01
5.686856663311923299e-01
5.694588105318901805e-01
5.686995511182979524e-01
5.690773454050401803e-01
5.687511400912105275e-01
5.695178864610294101e-01
5.698044544590162852e-01
5.697209559298561654e-01
5.691370892406759641e-01
5.686792412034710198e-01
5.680920367632064094e-01
5.694493354262217810e-01
5.693471375781180566e-01
5.697113428206558305e-01
5.697022898159294080e-01
5.693399650122636935e-01
5.693749550843191232e-01
5.690807743172274780e-01
5.674144355043883037e-01
5.679394362276876107e-01
5.683714128054101478e-01
5.699831373962239711e-01
5.676828434645798671e-01
5.692392885665303881e-01
5.703438422439472966e-01
5.691350308557581172e-01
5.689346517755516919e-01
5.679310197916732639e-01
5.697513566811932550e-01
5.695205404318228748e-01
5.683275663609307360e-01
5.701563421294034706e-01
5.691865228259810339e-01
5.692923168324248717e-01
5.684378278430379794e-01
5.693309391410779075e-01
5.687946770678801167e-01
5.686729096025180397e-01
5.698081050732007879e-01
5.691626138364227483e-01
5.689967056451016303e-01
5.690247190605359773e-01
5.692449810235932217e-01
5.669507488470414414e-01
5.679707687690862539e-01
5.696902999754039909e-01
5.684558132034021050e-01
5.686149571397064451e-01
5.690324511247764061e-01
5.679965489423822733e-01
5.680709734868397698e-01
5.683591455646344048e-01
5.698413111298440414e-01
5.678350367616521455e-01
5.691839934345214180e-01
5.690551269789222433e-01
5.680237000142615011e-01
5.692363076432510605e-01
5.701323702194752707e-01
5.699986218332420140e-01
5.686551226402356551e-01
5.685772497997364505e-01
5.688555476234503638e-01
5.697665940122664807e-01
5.694111121629029659e-01
5.698155329723678664e-01
5.700550091919559526e-01
5.696742398114186257e-01
5.686861285295913282e-01
5.696309994323309756e-01
5.684651849377132526e-01
5.688361616217768590e-01
5.690866926449400509e-01
5.682578380879946822e-01
5.685245239018100749e-01
5.697031196389727992e-01
5.694096641647400370e-01
5.697431754792194880e-01
5.699523711256543335e-01
5.680728098510531288e-01
5.694083528986839671e-01
5.681886032120465613e-01
5.695765772856417053e-01
5.689110842910553023e-01
5.690809092790306556e-01
5.693018038810938597e-01
5.698599364946362877e-01
5.692051606429231470e-01
5.684139323858005133e-01
5.698364977142731380e-01
5.687706365373190742e-01
5.695572339174427290e-01
5.684885375710516664e-01
5.694000097161222573e-01
5.692603852445902168e-01
5.676531859027954541e-01
5.695380196169771425e-01
5.702500445562279641e-01
5.689381335421840324e-01
5.690260328718462768e-01
5.695366034369629959e-01
5.690868499703990446e-01
5.688433357807692881e-01
5.676590777036579771e-01
5.685843048199815675e-01
5.686275766670347842e-01
5.685348308168001186e-01
5.692264090600160920e-01
5.690811276944389707e-01
5.697622078732039741e-01
5.694814152968067367e-01
5.698897613809036367e-01
5.695051628799082666e-01
5.703460306031369331e-01
5.699674440440217760e-01
5.691314958338578034e-01
5.694308878882395897e-01
5.694237794869023706e-01
5.687808695978290308e-01
5.696158933424593229e-01
5.690485138653111896e-01
5.696862876266565179e-01
5.691787446416874952e-01
5.702262752076877605e-01
5.671828782102313893e-01
5.689784253935156189e-01
5.690988220198677228e-01
5.693823210679715974e-01
5.687049444869958226e-01
5.692646068319746622e-01
5.693793748339289751e-01
5.691023384260945894e-01
5.698960219305252428e-01
5.693886823078032622e-01
5.697784268018342146e-01
5.691435582021817652e-01
5.703036152168609041e-01
5.691644972484519727e-01
5.694094871842357852e-01
5.689480332810891161e-01
5.693684589245905370e-01
5.688113613827383563e-01
5.698383820727662696e-01
5.699772077476705778e-01
5.697990711547705756e-01
5.698033485549905963e-01
5.698507150249266795e-01
5.679401172606201031e-01
5.692256425350209481e-01
5.689245590535623176e-01
5.693770196065102152e-01
5.688150778826585041e-01
5.699592658048714400e-01
5.690178510465065953e-01
5.692284021487664658e-01
5.683579695258150766e-01
5.701940566492009754e-01
5.695189806154548062e-01
5.694047014619256775e-01
5.696183847268301292e-01
5.692099968109886055e-01
5.680519972380474458e-01
5.697089024318169326e-01
5.691023333534918072e-01
5.695324528639474915e-01
5.692165158871295150e-01
5.673932722355048419e-01
5.692507151808775534e-01
5.702427915064364194e-01
5.693657495412459690e-01
5.704901467803510373e-01
5.696829182400642289e-01
5.697591559379212578e-01
5.695635415968688386e-01
5.681576831925203575e-01
5.693729528016470143e-01
5.694480489595002970e-01
5.699526488777645339e-01
5.694746747082921612e-01
5.692332879108106258e-01
5.682220008267583333e-01
5.697794908486230048e-01
5.690634728480620241e-01
5.695561058155501621e-01
5.693800570715280562e-01
5.699365426652798217e-01
5.685035753532342584e-01
5.701393591415361284e-01
5.698128216071008945e-01
5.690294047999586713e-01
5.689862373801621853e-01
5.689875307599148169e-01
5.681239558183038829e-01
5.687037121158581288e-01
5.686083927567663343e-01
5.689719252279956674e-01
5.699668327414009195e-01
5.696110325991032841e-01
5.698283667365009464e-01
5.683518847119363171e-01
5.694290481677135585e-01
5.688013797132925875e-01
5.702408079877947511e-01
5.686006227454568629e-01
5.688322556048779344e-01
5.691337791078385777e-01
5.685171601083998105e-01
5.700499731102105505e-01
5.694133787751433085e-01
5.702978720488541819e-01
5.695605402601537914e-01
5.694787690313811712e-01
5.694334462560334265e-01
5.697069960547495038e-01
5.685184279336155111e-01
5.690834421433309531e-01
5.690537844139486046e-01
5.694375984152866277e-01
5.690571697550821373e-01
5.684123706662018716e-01
5.690207838717834532e-01
5.693665795338292979e-01
5.700241959901150013e-01
5.699086540936562084e-01
5.699832204050820916e-01
5.674729287940654121e-01
5.689333816510458997e-01
5.693080577842745127e-01
5.695461133378343366e-01
5.688384479766458446e-01
5.689672944360236739e-01
5.693909364722808952e-01
5.677791046339140113e-01
5.699814918457151158e-01
5.682870640779167370e-01
5.693649978806316625e-01
5.696046834132005854e-01
5.689371083178140776e-01
5.691559405983311892e-01
5.698730669860417875e-01
5.692913272433470784e-01
5.656575397228034152e-01
5.692721824927146068e-01
5.694121251591858224e-01
5.691085345990083422e-01
5.691623505895433421e-01
5.702818283946660127e-01
5.697682495950643355e-01
5.691510634132702640e-01
5.692393509925490758e-01
5.700120339968265393e-01
5.695118989722430802e-01
5.689507979930246151e-01
5.691904539042661471e-01
5.698364671983381369e-01
5.686965820364519031e-01
5.697165182334297251e-01
5.693061538041083169e-01
5.691528966171712778e-01
5.684883681989544302e-01
5.692145383074963538e-01
5.688970966421295072e-01
5.690509983416743855e-01
5.690374679661959201e-01
5.691072204267978440e-01
5.693451749939347772e-01
5.685325148970707954e-01
5.685730626011071820e-01
5.699971679892164023e-01
5.690786815693725798e-01
5.692439233901688267e-01
5.688701286674724411e-01
5.688484466460901334e-01
5.701796962202705377e-01
5.686989566452281819e-01
5.680394614090892302e-01
5.678539546102685520e-01
5.681930902105338799e-01
5.689368987358919272e-01
5.686593256511570660e-01
5.696447102994560696e-01
5.695484457037691683e-01
5.690377753279725059e-01
5.695301847246264648e-01
5.684098167919738875e-01
5.689019076920939222e-01
5.695541666687043980e-01
5.695947805544421261e-01
5.700236710445134580e-01
5.699741910183072635e-01
5.689806690275919232e-01
5.696326279273492554e-01
5.690101280218071711e-01
5.690120276374858177e-01
5.688908720181365952e-01
5.685558885676298413e-01
5.696331774511834700e-01
5.688549248303514938e-01
5.686831247189572114e-01
5.697122281656290532e-01
5.691775750722990468e-01
5.701820086292234135e-01
5.692254688122720951e-01
5.689159835337121995e-01
5.693404088900264615e-01
5.696455552345734974e-01
5.699455230038203979e-01
5.683058573337154140e-01
5.688143314030338349e-01
5.696965058853450392e-01
5.690102141437101135e-01
5.691968766926044365e-01
5.678137467200555788e-01
5.687806615796896503e-01
5.681240335257528029e-01
5.688498529833138084e-01
5.700243280437659044e-01
5.704651537967789787e-01
5.696637279892855510e-01
5.688625580463221310e-01
5.693993394024313703e-01
5.696012498522073919e-01
5.693289368155681762e-01
5.689563969848812075e-01
5.690055739837971416e-01
5.694770973231176869e-01
5.693747635107105909e-01
5.693118264579545285e-01
5.686392166498903666e-01
5.683291660177429705e-01
5.684495394241309008e-01
5.699129423332011113e-01
5.686710343014319546e-01
5.700371632213510065e-01
5.690579688647396939e-01
5.695106244753146418e-01
5.680584748005843565e-01
5.695712417211267198e-01
5.684811964853763167e-01
5.686903257282909241e-01
5.696047909720336477e-01
5.674510556613681089e-01
5.698486790156531701e-01
5.672057013430170658e-01
5.685801789913613735e-01
5.690283225975765191e-01
5.691477784434180176e-01
5.692858283529850238e-01
5.691100662649715147e-01
5.699429781840865683e-01
5.696168269461586720e-01
5.695254432567458114e-01
5.686624765366804501e-01
5.684124783066271114e-01
5.688471563299050127e-01
5.700521622004151023e-01
5.687169315594575725e-01
5.683583158108452826e-01
5.695440445879552671e-01
5.687119469309325215e-01
5.685378636718391165e-01
5.700157870169114682e-01
5.689265913390028073e-01
5.686036103617192472e-01
5.695649232661462724e-01
5.696666887697625636e-01
5.685386001471395279e-01
5.690319894012884072e-01
5.685421833265821290e-01
5.700379495091335569e-01
5.690611813755118709e-01
5.682559538078820749e-01
5.703903374867737019e-01
5.689097258189176332e-01
5.685414397770941486e-01
5.698781187017917249e-01
5.691300832118214581e-01
5.691567869366433996e-01
5.687518409095678740e-01
5.692508650060297271e-01
5.698604258119480681e-01
5.685855190490027855e-01
5.678284228863802463e-01
5.703381065108458214e-01
5.690821004168041819e-01
5.686148417020907564e-01
5.688226866214547428e-01
5.695009304551710283e-01
5.695224371226267346e-01
5.690753559688918051e-01
5.688899391818907914e-01
5.691241984184085556e-01
5.698491589914355115e-01
5.693966511589075852e-01
5.683810856775789455e-01
5.685716535337738131e-01
5.699990152846542424e-01
5.679733453010445965e-01
5.698778918932280169e-01
5.693306933530328795e-01
5.681869119812419378e-01
5.687282199117842385e-01
5.683385583009515907e-01
5.692898673674634535e-01
5.681775764474849000e-01
5.692493799415225819e-01
5.693155520990236251e-01
5.681331448429344233e-01
5.704943576438229469e-01
5.688349711075567638e-01
5.698507684937587081e-01
5.692131181246115057e-01
5.695001027376769276e-01
5.696718139403845749e-01
5.698159225377413817e-01
5.697406597272542950e-01
5.699137613532918589e-01
5.695471186006448860e-01
5.692144200400558463e-01
5.688052265973765342e-01
5.690764204440380558e-01
5.693825262224984085e-01
5.696583251327401731e-01
5.686148396289600893e-01
5.692321357670449000e-01
5.690240104894063178e-01
5.681069563087717267e-01
5.696969775771593136e-01
5.686268158296776676e-01
5.688395286891104741e-01
5.687325799089057998e-01
5.699406292621349568e-01
5.679754048227357854e-01
5.683540295801569053e-01
5.698658249503016915e-01
5.686532488130209284e-01
5.683177342474429183e-01
5.685254980422370652e-01
5.692966360679693194e-01
5.689100999813222481e-01
5.696114853290611402e-01
5.696541047891550136e-01
5.692720951640132254e-01
5.699080418322093333e-01
5.697473744308317878e-01
5.700094325411140250e-01
5.697838052694643718e-01
5.686947464721333612e-01
5.695752154862556704e-01
5.700729353849841585e-01
5.692955790445191067e-01
5.690279306540376725e-01
5.701151669785133880e-01
5.700105299515333401e-01
5.694499019783767491e-01
5.693148540813094405e-01
5.684444993429045301e-01
5.674705800653910837e-01
5.690475451757924796e-01
5.684406547311937619e-01
5.693546396951961741e-01
5.689419460381689442e-01
5.686616303652590743e-01
5.689366579944070690e-01
5.691524466434039198e-01
5.686473613389176895e-01
5.697682545165383416e-01
5.689273193176600518e-01
5.699301024628675716e-01
5.695359926485978885e-01
5.698619868021620460e-01
5.703375360539585381e-01
5.688739960395633455e-01
5.679971519208211195e-01
5.694721372035017604e-01
5.688232200510856540e-01
5.695480944135684620e-01
5.693292130589251432e-01
5.681660506026534607e-01
5.699582889765373306e-01
5.692444706539653287e-01
5.694886248178002708e-01
5.696097698316375801e-01
5.692687305664831943e-01
5.685291712720436097e-01
5.691076606239990898e-01
5.691807285594886467e-01
5.683088925672573621e-01
5.693216228534735412e-01
5.697911511453640498e-01
5.703333092593003695e-01
5.691513729238762975e-01
5.702371031303491433e-01
5.695943164483566745e-01
5.694990832961711602e-01
5.691214066372761726e-01
5.691925551877361489e-01
5.701158929789527097e-01
5.681855363084270527e-01
5.682297009474565064e-01
5.694666188124376527e-01
5.697432339656554046e-01
5.683167749916500089e-01
5.690757898875351550e-01
5.691991124702950877e-01
5.686387373022833147e-01
5.697281604356508877e-01
5.687759954237312510e-01
5.694051043735006701e-01
5.694845804473784856e-01
5.694999617876083109e-01
5.692246970333549871e-01
5.683196148824137817e-01
5.692281810784639573e-01
5.693993715731850980e-01
5.694283055528509552e-01
5.694057033525863343e-01
5.697350080897302105e-01
5.699615830163328178e-01
5.686732223151474974e-01
5.688172830940229074e-01
5.705334783980288149e-01
5.696129629069783817e-01
5.700527126453771576e-01
5.698565657637603143e-01
5.689588720241031128e-01
5.687025801673234460e-01
5.694631520057644725e-01
5.696385934859071742e-01
5.691212151493366678e-01
5.696324420244882614e-01
5.692692358339758174e-01
5.684339566101568320e-01
5.700539139226463714e-01
5.689289821854501827e-01
5.703096520942090297e-01
5.688646371351928632e-01
5.698267554414752079e-01
5.694284425207115641e-01
5.691515548280274839e-01
5.692297237314595248e-01
5.698003487580736159e-01
5.694882533899154886e-01
5.700549018613138008e-01
5.692096439693586918e-01
5.691448599980335477e-01
5.684823938599521398e-01
5.695993732361201989e-01
5.693671267414633919e-01
5.688562314795605479e-01
5.692223160349927369e-01
5.690826902796993769e-01
5.689707535623833579e-01
5.693645912575534540e-01
5.696313766525559208e-01
5.698938021875209481e-01
5.698906456244819951e-01
5.684151261185094173e-01
5.697613372700723877e-01
5.687992892145713464e-01
5.689741823425712441e-01
5.694471749960045015e-01
5.697791416669020226e-01
5.693747423687809395e-01
5.693352160914099125e-01
5.685389748688416400e-01
5.692039162407168673e-01
5.691450590409475874e-01
5.690915375827405587e-01
5.698246428273006092e-01
5.696585715374953285e-01
5.684708913680310838e-01
5.692122948038923491e-01
5.695202067861728779e-01
5.691439162103349991e-01
5.684520035525151282e-01
5.697578081276265527e-01
5.695404107132933103e-01
5.694408232242329504e-01
5.685280670138415093e-01
5.688889993597523453e-01
5.694772443470077494e-01
5.698240176184500294e-01
5.701213621206353555e-01
5.697253450229886607e-01
5.704828031613159434e-01
5.693589051839180737e-01
5.692372787554315083e-01
5.697312482167469216e-01
5.700189054882546236e-01
5.689294857580516895e-01
5.683611038711051666e-01
5.700136282191736736e-01
5.695945581455920115e-01
5.703431087856144499e-01
5.689369541331427138e-01
5.699213302013652616e-01
5.683191313455663307e-01
5.688825954494436399e-01
5.692183856422229349e-01
5.693323228297570981e-01
5.692136103628950838e-01
5.701031881545449709e-01
5.694774440164870333e-01
5.694325796387237348e-01
5.688883529629178426e-01
5.704636798705243761e-01
5.685540867847630464e-01
5.695837998750844511e-01
5.697175284798566830e-01
5.696319990065207284e-01
5.691468219186143207e-01
5.699793224568129313e-01
5.696031767407945257e-01
5.692676235174092270e-01
5.690368040079440970e-01
5.695676588864851952e-01
5.700557540698768522e-01
5.693982884993021854e-01
5.695059312002239693e-01
5.689779416770184284e-01
5.688572646068301708e-01
5.699047517382869188e-01
5.690595225305074001e-01
5.688715697799826554e-01
5.692140622372560133e-01
5.695226530017979405e-01
5.689620248126571189e-01
5.695834315845866858e-01
5.699790414254298776e-01
5.665024220229204488e-01
5.701516538073673201e-01
5.691137123630261030e-01
5.683723470870195582e-01
5.688651947509544282e-01
5.683067805563380981e-01
5.698557347613369961e-01
5.697194949953325871e-01
5.686326533207549661e-01
5.698738818856383670e-01
5.694798426195065710e-01
5.699649550256679076e-01
5.694399512350226678e-01
5.687170986952826413e-01
5.700835913327892968e-01
5.695346302040802389e-01
5.694897588593260673e-01
5.679887215440452275e-01
5.693720552688661396e-01
5.695965844549824020e-01
5.699035135899594984e-01
5.685587191018962594e-01
5.692638811694957779e-01
5.700606147611149144e-01
5.685767399797947430e-01
5.691109724501144385e-01
5.706433340487390149e-01
5.669706063689992082e-01
5.688086485444165952e-01
5.698105149200792807e-01
5.692951126342186141e-01
5.693102915377357132e-01
5.693109081914610181e-01
5.690628028010200623e-01
5.691189625109059902e-01
5.681222249603684604e-01
5.693526320244111094e-01
5.699387852374162566e-01
5.697134521025850606e-01
5.694368927245732070e-01
5.703598126699546134e-01
5.663363846224467313e-01
5.686895510593396041e-01
5.694284449505389034e-01
5.699655032044912417e-01
5.692430508054127092e-01
5.700160032348439154e-01
5.690244522808262095e-01
5.690304368818772662e-01
5.694351767704243228e-01
5.704727128414628368e-01
5.693726333346409429e-01
5.689326823986858850e-01
5.690789028430426333e-01
5.691718593490106004e-01
5.682642966000298612e-01
5.702394976413786010e-01
5.684047773041804863e-01
5.688295407767027800e-01
5.691119898645903286e-01
5.696039250653882613e-01
5.668857190478974184e-01
5.694245406717594049e-01
5.681168838314121228e-01
5.688202737572727319e-01
5.694821130956477795e-01
5.700553963608220309e-01
5.696088614998274791e-01
5.690808164213309039e-01
5.693824153519244646e-01
5.696338400849105810e-01
5.697057394403903796e-01
5.697397101109237250e-01
5.688377051148730823e-01
5.689314856014944244e-01
5.684565053828291026e-01
5.690793186035968398e-01
5.680133273136765970e-01
5.690369611771874947e-01
5.682544941344660483e-01
5.699182736803757310e-01
5.688032606344801678e-01
5.695996353710640614e-01
5.690118068240633820e-01
5.692314434119183364e-01
5.699490504913393707e-01
5.687509935396183325e-01
5.698690034505274893e-01
5.685869059197725672e-01
5.706084958558573783e-01
5.689294253226692133e-01
5.699400672536988344e-01
5.670724453815801924e-01
5.693739669497885902e-01
5.689903687628381501e-01
5.687371059208157220e-01
5.688705758341553453e-01
5.699388402032539158e-01
5.692762691483826965e-01
5.680448449236317199e-01
5.682614053577204061e-01
5.699703905965681772e-01
5.697013917249466042e-01
5.693998924322098976e-01
5.665297134730732376e-01
5.692949923175211202e-01
5.684891555634475901e-01
5.689337234760148965e-01
5.683134827961252578e-01
5.690081524353874931e-01
5.683700331533451111e-01
5.694043330106123291e-01
5.697249186660002795e-01
5.700660675846999093e-01
5.701184148229498927e-01
5.687434967795151897e-01
5.686766549393210690e-01
5.694643671527219730e-01
5.694940961526966383e-01
5.700124579532654945e-01
5.684168062416897760e-01
5.701733584082891992e-01
5.692888784075212927e-01
5.689600241532505320e-01
5.698956700054672586e-01
5.687898488542862951e-01
5.698673313232517357e-01
5.688846797691657908e-01
5.691408025165483053e-01
5.692627702585753013e-01
5.685146476725865261e-01
5.662447518967824722e-01
5.700586118149854054e-01
5.688846745160075491e-01
5.703048495246167970e-01
5.701229906396590996e-01
5.684944429142584355e-01
5.688154111866096097e-01
5.685388764406954509e-01
5.686033194443221861e-01
5.693055278631331539e-01
5.687538842497916747e-01
5.684822025532502154e-01
5.695608988971263553e-01
5.681413322519817122e-01
5.688687979742681478e-01
5.691930418671358183e-01
5.675150821415450020e-01
5.684429828310301192e-01
5.687263191550787633e-01
5.701823168537211162e-01
5.694598731243616374e-01
5.699717971718037957e-01
5.703127840393956705e-01
5.692253083093639088e-01
5.687221994583959717e-01
5.687151082080166287e-01
5.682439873007009146e-01
5.695216933156600492e-01
5.694480041352635302e-01
5.689484377009200733e-01
5.690880000628399937e-01
5.699888241810496803e-01
5.692163906776309679e-01
5.692904717699784900e-01
5.684880271099270743e-01
5.701616411569764287e-01
5.689717633166849753e-01
5.695112515643991902e-01
5.690851038260543726e-01
5.695268587720168085e-01
5.701685055364018595e-01
5.687341619581745000e-01
5.696816832614549631e-01
5.694562416411291794e-01
5.692489200216021006e-01
5.705012596624804422e-01
5.694134295456247941e-01
5.674745638589230312e-01
5.679098310121911686e-01
5.691481944124907599e-01
5.695409025518677337e-01
5.695808983269671222e-01
5.679533793049363899e-01
5.694844387254061058e-01
5.693154463578260494e-01
5.698948636096051734e-01
5.691265839419793471e-01
5.688780487494854432e-01
5.700077410875107331e-01
5.691517387841714681e-01
5.693600915630097070e-01
5.690779756470686346e-01
5.704652154535836406e-01
5.694239653078942975e-01
5.698396239370484562e-01
5.700655508890667411e-01
5.688824101725747928e-01
5.695538163478020000e-01
5.688546584974031317e-01
5.683849410611647723e-01
5.702954105202829860e-01
5.695621146874266794e-01
5.691258056218542194e-01
