-7.614226458236436623e-02
-7.585398848359441171e-02
-7.712709841740705841e-02
-7.645058134313363618e-02
-7.752589472451794361e-02
-7.713610984062783948e-02
-7.792059363482677081e-02
-7.766155735521917958e-02
-7.806750241177319583e-02
-7.822855527931557584e-02
-7.841853383182141590e-02
-7.844606777946398768e-02
-7.913562477165939080e-02
-7.913603504043402459e-02
-7.900717902558083983e-02
-7.935565929720356237e-02
-7.921888994727098454e-02
-7.931463579244643625e-02
-7.941722936766969221e-02
-7.961553192109753485e-02
-7.948107365765232080e-02
-7.949001028301642957e-02
-7.945419295462349818e-02
-7.951129340680780644e-02
-7.971145904818069394e-02
-7.970500398614717430e-02
-7.964917967604470683e-02
-7.960780543938761333e-02
-7.953759940629974434e-02
-7.949000418458991579e-02
-7.967329232146577733e-02
-7.961798739780885648e-02
-7.953453775539973125e-02
-7.927894795304264719e-02
-7.979457708627364643e-02
-7.959642178595756346e-02
-7.955907181483898305e-02
-7.967047057670810506e-02
-8.000930894191060627e-02
-7.877164187635606052e-02
-7.954895624384841768e-02
-7.955538592690782063e-02
-7.956828283301606297e-02
-7.989021570214374646e-02
-7.971593201060413192e-02
-7.949347974583721721e-02
-7.983769853067680666e-02
-7.972581363297084889e-02
-7.961343746462896942e-02
-7.970389267382303744e-02
-7.974647660043239494e-02
-7.963294782379436165e-02
-7.976261618463741099e-02
-7.953070376524633278e-02
-7.974911120674312015e-02
-7.970694448456903947e-02
-7.968930018458138254e-02
-7.981979581569668969e-02
-7.973563492923971263e-02
-7.970777038515852730e-02
-7.973360050511899000e-02
-7.974358737243517070e-02
-7.957426727890228035e-02
-7.962525772868808693e-02
-7.972084005239869764e-02
-7.984534365444459492e-02
-7.974064527869630103e-02
-7.973896258867775588e-02
-7.977966078037924957e-02
-7.971405568190211011e-02
-7.990738050903749279e-02
-7.964158803748848381e-02
-7.960657404990410801e-02
-7.983701752278059283e-02
-7.974089649000519475e-02
-7.968276496604646819e-02
-7.965137138625157098e-02
-7.969235787834508256e-02
-7.965679678698525668e-02
-7.970731729490919404e-02
-7.977574794899354449e-02
-7.979804374602610106e-02
-7.977051033577205186e-02
-7.977953163446560580e-02
-7.966091782372293484e-02
-7.986158436066115307e-02
-7.977520180485160595e-02
-7.979529962444852076e-02
-7.964346319328367840e-02
-7.983791012299093492e-02
-7.973088974947074858e-02
-7.977013159536923415e-02
-7.980020598386279584e-02
-7.974787960702663103e-02
-7.967888631737429783e-02
-7.977782120824690459e-02
-7.967699863006265371e-02
-7.965570629918494738e-02
-7.982192927259197657e-02
-7.959856594045845724e-02
-7.971330492255923605e-02
-7.968835718399727708e-02
-7.974870234938345737e-02
-7.972447006035845996e-02
-7.971500348831872529e-02
-7.978724639065773450e-02
-7.967443402229627825e-02
-7.985871877196960844e-02
-7.974865479662743284e-02
-7.963595445997007083e-02
-7.970809312222219833e-02
-7.993074095967869774e-02
-7.972613243064029243e-02
-7.972700246053172901e-02
-7.969027274719191201e-02
-7.969607702194451970e-02
-7.966562192946669008e-02
-7.965629047373012916e-02
-7.972184911110039018e-02
-7.966894495898206585e-02
-7.967007181021561191e-02
-7.983522193613301621e-02
-7.971587654661903277e-02
-7.987679918433762682e-02
-7.974405226862865681e-02
-7.975927461162005128e-02
-7.977314639517842088e-02
-7.974869193069969442e-02
-7.965131855934952376e-02
-7.975781073894923356e-02
-7.985478535512212372e-02
-7.961137078603498785e-02
-7.988590765624824230e-02
-7.973619480077086263e-02
-7.975250820154035358e-02
-7.973668962205472666e-02
-7.979756767007592511e-02
-7.980333276648272911e-02
-7.970238596143454368e-02
-7.957634568255871066e-02
-7.968625407474058675e-02
-7.976516715429493587e-02
-7.965270082700816323e-02
-7.960395884559720581e-02
-7.957552653338630100e-02
-7.969592516835508067e-02
-7.993212021226761554e-02
-7.955482722274749563e-02
-7.989158346427359392e-02
-7.966971295763787542e-02
-7.975657201878158520e-02
-7.982058498576354022e-02
-7.978894964797615674e-02
-7.970728139739970131e-02
-7.971514467128472392e-02
-7.979168158593531734e-02
-7.960139114434908181e-02
-7.967675486414869945e-02
-7.973789025641628281e-02
-7.979263881603017305e-02
-7.981776161230000333e-02
-7.976803497407461419e-02
-7.971962584982410227e-02
-7.970196375673596623e-02
-7.973188616265794448e-02
-7.976769654195699222e-02
-7.974335760389518468e-02
-7.983906878342882096e-02
-7.989185609964104262e-02
-7.982219972010309861e-02
-7.977502071305110631e-02
-7.967228815237173412e-02
-7.962718915993180491e-02
-7.980227343958892772e-02
-7.989360327278709206e-02
-7.972760142819117213e-02
-7.976723033270294305e-02
-7.974579119714052255e-02
-7.989669539304534995e-02
-7.976346060412350947e-02
-7.968161364796495783e-02
-7.972122254529044605e-02
-7.976636695310279634e-02
-7.981176953419007181e-02
-7.978121048636747925e-02
-7.975970273989314852e-02
-7.961788721772511401e-02
-7.974454111061400619e-02
-7.969428285634902465e-02
-7.981573829811187959e-02
-7.980137826391060785e-02
-7.975376469085800057e-02
-7.979953545070005150e-02
-7.977922106186577378e-02
-7.985000464554062316e-02
-7.981937522316896738e-02
-7.978287074009753066e-02
-7.984109408821662979e-02
-7.980004153635042452e-02
-7.965231698712989250e-02
-7.960621222259979535e-02
-7.980664357151566468e-02
-7.982092569004674287e-02
-7.975145520851599501e-02
-7.978769123591233914e-02
-7.980325636699503455e-02
-7.978683526324259478e-02
-7.983357225438424132e-02
-7.987978918831641073e-02
-7.969886538032504297e-02
-7.986589785148774656e-02
-7.973479605571871798e-02
-7.982659533211623748e-02
-7.978349567297018941e-02
-7.984591936434844162e-02
-7.971607628101270993e-02
-7.981039034577951108e-02
-7.984560757634613648e-02
-7.986073775327963420e-02
-7.975542927061321508e-02
-7.978279232007055854e-02
-7.982521380776061437e-02
-7.975996082461854486e-02
-7.973013710357948480e-02
-7.970178179881955149e-02
-7.983128638008919753e-02
-7.977029106252249424e-02
-7.971418027973924125e-02
-7.978044600623913907e-02
-8.049735561844569010e-02
-7.940544166166775553e-02
-7.948937963728579248e-02
-7.956108927766981920e-02
-7.974434022808256362e-02
-7.976597827292089549e-02
-7.962459283455085302e-02
-7.965570263211116386e-02
-7.971955604330628609e-02
-7.961272689052792395e-02
-7.981478932115318448e-02
-7.979586219489316623e-02
-7.983727849162956802e-02
-7.984298096510267229e-02
-7.977123443738672048e-02
-7.977436415085474575e-02
-7.980322546772422587e-02
-7.976859957516906074e-02
-7.960424426891356264e-02
-7.978093862489123167e-02
-7.987073170370949382e-02
-7.971867280755007279e-02
-7.979319141700411122e-02
-7.979449306107440354e-02
-7.971987721532035331e-02
-7.972906503106394482e-02
-7.972857174767225552e-02
-7.980027572754552767e-02
-7.984708633541297285e-02
-7.956602666506563948e-02
-7.985974536923901024e-02
-7.970492746550161822e-02
-7.986965481101525322e-02
-7.973851056254706304e-02
-7.979168445622272787e-02
-7.967439976436138660e-02
-7.972738755102035113e-02
-7.970826179635544240e-02
-7.978262542790855172e-02
-7.977165651793462209e-02
-7.981668541049947996e-02
-7.985547446789122150e-02
-7.975917987109719387e-02
-7.975047931910110577e-02
-7.977240493994020021e-02
-7.966945637587063977e-02
-7.958259015088098298e-02
-7.965646996548692016e-02
-7.968512508856652465e-02
-7.973534212198667148e-02
-7.981831732619316944e-02
-7.967137767608629961e-02
-7.973583738753105277e-02
-7.985110308243767441e-02
-7.977194946688369315e-02
-7.971495996676861151e-02
-7.960435847229176132e-02
-7.962405648205310438e-02
-7.977579392287273419e-02
-7.982519525610257127e-02
-7.974336859436988167e-02
-7.992105431105965552e-02
-7.980487887483922460e-02
-7.969430813992747775e-02
-7.983403048415389780e-02
-7.991173687399608094e-02
-7.981581653997468773e-02
-7.968925584245377391e-02
-7.988017949981404686e-02
-7.982587449906056176e-02
-7.978315580871483959e-02
-7.972370007536820624e-02
-7.994977578134353224e-02
-7.974485149805586592e-02
-7.976821149841158143e-02
-7.974245768353116492e-02
-7.966069301637580813e-02
-7.962508533210006789e-02
-7.977519506166642904e-02
-7.981538689933399822e-02
-7.976440010788911350e-02
-7.973667442116091908e-02
-7.975398308515445345e-02
-7.976818798612690664e-02
-7.978127236613549722e-02
-7.976798802621629103e-02
-7.974518817676587434e-02
-7.989412387705567553e-02
-7.961632236088519998e-02
-7.984677165820827649e-02
-7.977827076250641747e-02
-7.966525742929093934e-02
-7.984834281868978534e-02
-7.975433205319119867e-02
-7.988523570863850787e-02
-7.968942997446999688e-02
-7.961317327704144076e-02
-7.965730626326637809e-02
-7.969332806564677352e-02
-7.975711033497499824e-02
-7.971465138960531771e-02
-7.975018588305325673e-02
-7.980454041172735380e-02
-7.982732359015422274e-02
-7.974119671701140888e-02
-7.972787987794571762e-02
-7.977116406814348248e-02
-7.978876674368895472e-02
-7.979605685925363068e-02
-7.974826564985415533e-02
-7.973333493566013563e-02
-7.995311940123950301e-02
-7.972507872828414610e-02
-7.968496180293979658e-02
-7.965383751225078857e-02
-7.984285409341275452e-02
-7.981404926393839694e-02
-7.961147581291531938e-02
-7.985974539302261033e-02
-7.971360460278716087e-02
-7.980576814443396394e-02
-7.982223526630506660e-02
-7.986965446474023067e-02
-7.982054541704534933e-02
-7.978538717579208850e-02
-7.975937564489640752e-02
-7.992473135194444467e-02
-7.983385464834545642e-02
-7.971987217520579150e-02
-7.973790679785335012e-02
-7.974164117601387214e-02
-7.957721918573579245e-02
-7.983261399839089445e-02
-7.971093059233691491e-02
-7.985093098570586467e-02
-7.976331988766252601e-02
-7.978772695843464047e-02
-7.976368416390124116e-02
-7.969230732123026850e-02
-7.980454742791229239e-02
-7.977249333719964308e-02
-7.977510510032202740e-02
-7.971988623746430191e-02
-7.972997374598270182e-02
-7.975779077606390266e-02
-7.977846272693325802e-02
-7.967197841898447652e-02
-7.977110050814183173e-02
-7.961479707544136253e-02
-7.968217511281595888e-02
-7.998370074062262358e-02
-7.978653308788866139e-02
-7.971300256543825680e-02
-7.977460268595573667e-02
-7.974675295685572374e-02
-7.977342675570742170e-02
-7.969745354170364171e-02
-7.980908107746716162e-02
-7.981662232773947818e-02
-7.975798200703092256e-02
-7.966440725784286470e-02
-7.973587246496161018e-02
-7.980591736274018910e-02
-7.967736442125875063e-02
-7.974634475220106211e-02
-7.964587044963004903e-02
-7.955302201232941628e-02
-7.974072783246145824e-02
-7.979849157215983257e-02
-7.974975596221925422e-02
-7.957160486539040234e-02
-7.979458186439250533e-02
-7.975539852181134926e-02
-7.957338231816331320e-02
-7.984020489372788132e-02
-7.978251206692411890e-02
-7.983160507900401159e-02
-7.969141554788258808e-02
-7.991686869989798880e-02
-7.969709142685733883e-02
-7.975160893017604891e-02
-7.972553739085024016e-02
-7.973904373787490951e-02
-7.975966707684382928e-02
-7.972362292046272780e-02
-7.971351572280926945e-02
-7.965332858787578518e-02
-7.985661477066827163e-02
-7.981276394458361456e-02
-7.978325135979798255e-02
-7.966309208259256258e-02
-7.971971661404261833e-02
-7.975190740013191060e-02
-7.973601616774250722e-02
-7.981754470580046390e-02
-7.982080473451032276e-02
-7.982215475980068697e-02
-7.978471511931717330e-02
-7.970896836579996481e-02
-7.978339548690924210e-02
-7.951081271546445173e-02
-7.977858043503660568e-02
-7.983910280862839548e-02
-7.974965081857805782e-02
-7.982238044361909812e-02
-7.974769108420473596e-02
-7.971698783732085458e-02
-7.980709806985440691e-02
-7.979712899993100794e-02
-7.980209969380833157e-02
-7.969502389205325443e-02
-7.998950919345305943e-02
-7.967876163418277646e-02
-7.970395017673105598e-02
-7.974799854913793007e-02
-7.982845257744118628e-02
-7.965807914931900824e-02
-7.988693030458540734e-02
-7.971639553553776236e-02
-7.962074592807485973e-02
-7.979145238183985023e-02
-7.979956348546417277e-02
-7.983425783220046701e-02
-7.977620258854319080e-02
-7.984631960261670547e-02
-7.962751252523607437e-02
-7.966913992913253473e-02
-7.970423474652821305e-02
-7.978536410594570805e-02
-7.969106695501433635e-02
-7.974786310256176680e-02
-7.970948841077955815e-02
-7.983534837063488432e-02
-7.968333160485516209e-02
-7.971388163358050782e-02
-7.974617402449792058e-02
-7.972836511473405108e-02
-7.966424584685942445e-02
-7.956070213745243536e-02
-7.977663344160561276e-02
-7.969510682627960196e-02
-7.970263496017367111e-02
-7.975363968623064292e-02
-7.964974155635509701e-02
-7.969988332170133138e-02
-7.979694054769068123e-02
-7.971929224539239800e-02
-7.970068898409603253e-02
-7.979267195197732587e-02
-7.983412607251912096e-02
-7.978332789648548418e-02
-7.981115125898773088e-02
-7.984673369030791112e-02
-7.982383989214400510e-02
-7.984073176611385103e-02
-7.963880380338306253e-02
-7.969803096248442853e-02
-7.969336640253048276e-02
-7.966495474320807457e-02
-7.972888809662105614e-02
-7.969562107729963318e-02
-7.981892381356983646e-02
-7.971450990285076921e-02
-7.974807256208436834e-02
-7.961212105019987995e-02
-7.973260664822572064e-02
-7.969942025114595818e-02
-7.975386072960841122e-02
-7.979437995077612311e-02
-7.980592648313779292e-02
-7.974895512206188475e-02
-7.981827500976203249e-02
-7.964218028456822307e-02
-7.976142664329687049e-02
-7.980913560192136325e-02
-7.975717177401518698e-02
-7.965275728755075169e-02
-7.959460735117639130e-02
-7.968757378279443804e-02
-7.980835312934096704e-02
-7.983304390686933594e-02
-7.981137145841053770e-02
-7.967936266924391386e-02
-7.983194244625838043e-02
-7.963769521081484615e-02
-7.977247803128904857e-02
-7.986155159738093923e-02
-7.969664930928899160e-02
-7.966833759681798965e-02
-7.962100890329379399e-02
-7.985488642877354437e-02
-7.977457521393879758e-02
-7.973981948857174207e-02
-7.966678752398394237e-02
-7.974581508707083433e-02
-7.981756209996285212e-02
-7.981085980557213466e-02
-7.964981974139735688e-02
-7.971629070422484031e-02
-7.988949215338843335e-02
-7.980676124831494189e-02
-7.985751593064757681e-02
-7.973518592557533868e-02
-7.974558223752621633e-02
-7.975828203984822173e-02
-7.980201378682316715e-02
-7.977435950120591313e-02
-7.985526407139152683e-02
-7.958812253290327432e-02
-7.972263337400183059e-02
-7.980777149413764704e-02
-7.978748845028198200e-02
-7.985873760151356027e-02
-7.969639746732225249e-02
-7.962551870202656812e-02
-7.960293082698095823e-02
-7.966328250068663297e-02
-7.979874252830411463e-02
-7.988937020497470509e-02
-7.989066170594570637e-02
-7.974840175754557836e-02
-7.970292702984238531e-02
-7.977421910412751949e-02
-7.980401698606927330e-02
-7.964530333145290741e-02
-7.979588939511524093e-02
-7.998599335061931659e-02
-7.948103270383641283e-02
-7.963782004634080425e-02
-7.963233727279210583e-02
-7.968912216572276996e-02
-7.961573937853536065e-02
-7.954380782459720411e-02
-7.960478793081048055e-02
-7.978425894082245839e-02
-7.978884936257100990e-02
-7.963401769666737795e-02
-7.985055309215859098e-02
-7.996366541724586607e-02
-7.964590411424066208e-02
-7.978470037214509258e-02
-7.985097425240185454e-02
-7.982681530921684199e-02
-7.978953183442502595e-02
-7.967145635303064799e-02
-7.974353476278579766e-02
-7.977870949579475568e-02
-7.985443565974878477e-02
-7.983132533886201643e-02
-7.971559301071572123e-02
-7.975284907316225469e-02
-7.978339260308997538e-02
-7.979499751764249083e-02
-7.974353243575946215e-02
-7.972566292007875199e-02
-7.978734262075816430e-02
-7.968908490579883208e-02
-7.982385038985596870e-02
-7.985822198788854187e-02
-7.975960668519996299e-02
-7.981600386268748737e-02
-7.975913316908002371e-02
-7.979996646847069275e-02
-7.976069398438519198e-02
-7.981427874689837887e-02
-7.960689448494592813e-02
-7.977390032310564816e-02
-7.974995883508720351e-02
-7.981379060569124273e-02
-7.978434588160973617e-02
-7.979155100777121645e-02
-7.974989001305853031e-02
-7.983369122222308545e-02
-7.957713544587100007e-02
-7.992880419051837104e-02
-7.978855382440744326e-02
-7.969573930938492201e-02
-7.968926668060605234e-02
-7.980516291124703510e-02
-7.972347130722901021e-02
-7.972941421261903194e-02
-7.981730165994707638e-02
-7.975017399715178534e-02
-7.972080022936021970e-02
-7.985171806052279719e-02
-7.966990820467409473e-02
-7.960626660094059781e-02
-7.974595644698005692e-02
-7.972898229648787971e-02
-7.972634164095289411e-02
-7.980732809470805766e-02
-7.973279784881216747e-02
-7.969009558146941674e-02
-7.972300921898960169e-02
-7.982796630377132774e-02
-7.976874829355699859e-02
-7.981848256270228370e-02
-7.976415754491709975e-02
-7.963091834533389535e-02
-7.968288114241509068e-02
-7.979245455971240020e-02
-7.972060398363176037e-02
-7.964976550323439597e-02
-7.977083564580587927e-02
-7.970461120616627315e-02
-7.967346943779744783e-02
-7.983421393382415798e-02
-7.978550744951730389e-02
-7.971253588982289695e-02
-7.964994864871258184e-02
-7.980400981471059974e-02
-7.973737048316269227e-02
-7.970240502950229344e-02
-7.983294652670294700e-02
-7.975377184650131457e-02
-7.982245441127147623e-02
-7.982347917351388655e-02
-7.977741740921993896e-02
-7.978332764840588565e-02
-7.979357669380617024e-02
-7.989500995871738620e-02
-7.980472809914619658e-02
-7.985575828012454747e-02
-7.976554133474347830e-02
-7.971988717453448725e-02
-7.975661190481246610e-02
-7.976653718964825390e-02
-7.979516131933871159e-02
-7.971134757222794742e-02
-7.971664887998120008e-02
-7.977148352229786188e-02
-7.985415233804060708e-02
-7.960757338880442013e-02
-7.981116329408309562e-02
-7.974819532543668543e-02
-7.973829711041614809e-02
-7.972921730011606201e-02
-7.979082059837440399e-02
-7.967719955471784521e-02
-7.977507791289886740e-02
-7.990794954646698867e-02
-7.984748828844498436e-02
-7.973720265239621352e-02
-7.974384890639719947e-02
-7.973782935214893119e-02
-7.973023298717685226e-02
-7.960833353723295591e-02
-7.987069318116243877e-02
-7.981593560449383451e-02
-7.971426896227337688e-02
-7.980118359712304321e-02
-7.964134822625157373e-02
-7.971207975234535781e-02
-7.980426887708420847e-02
-7.978703072093537574e-02
-7.987138948732912247e-02
-7.976257510998496780e-02
-7.971774458768628169e-02
-7.974299057340454577e-02
-7.979162011018590961e-02
-7.979133390183190677e-02
-7.975686789795237430e-02
-7.981273736060669199e-02
-7.992111638865398437e-02
-7.962406507422652158e-02
-7.969961161689671780e-02
-7.976144103248401784e-02
-7.971505320198309097e-02
-7.973796837270799576e-02
-7.968053600013698390e-02
-7.974203469993813853e-02
-7.976260381162338098e-02
-7.977748145760212017e-02
-7.975362692557570743e-02
-7.981294536278173146e-02
-7.986311868704272510e-02
-7.958430854295464596e-02
-7.974547270995532844e-02
-7.981763961352442149e-02
-7.965352291026672749e-02
-7.970688356198329938e-02
-7.973678698137752485e-02
-7.985204145488762617e-02
-7.982202042732457203e-02
-7.969455744799779084e-02
-7.991519764726663644e-02
-7.975822468674241550e-02
-7.964107030364853124e-02
-7.966165737998583130e-02
-7.966341099907278678e-02
-7.960241892651866158e-02
-7.970231456525025959e-02
-7.975263729236273247e-02
-7.971465986069906084e-02
-7.985220135762080562e-02
-7.977340185121593874e-02
-7.974986376151978196e-02
-7.977423741684790126e-02
-7.974811481594416829e-02
-7.973937804023474574e-02
-7.970394399763777726e-02
-7.970323277418904506e-02
-7.971872357785106389e-02
-7.976155117341675316e-02
-7.983333414435629660e-02
-7.978452746068766255e-02
-7.992286969168249655e-02
-7.979909069729695936e-02
-7.978285771854046193e-02
-7.974594202554895206e-02
-7.967922086870182774e-02
-7.963653890187674667e-02
-7.982017382034752029e-02
-7.979395175377128335e-02
-7.974506649433547867e-02
-7.983506756026780005e-02
-7.984550088965700065e-02
-7.989051446596175110e-02
-7.984196300653152722e-02
-7.973139243812100985e-02
-7.982282221936330691e-02
-7.974462134550146242e-02
-7.977308888391905495e-02
-7.975588527512096626e-02
-7.986958252876129316e-02
-7.971254783063756733e-02
-7.975700438803198788e-02
-7.980437732442453858e-02
-7.980058742211126876e-02
-7.966430918117371751e-02
-7.971342458815142140e-02
-7.975374917370302297e-02
-7.968529978412382253e-02
-7.989259671238824190e-02
-7.973116742913181898e-02
-7.967221294556936506e-02
-7.981288528394252235e-02
-7.981107614047876220e-02
-7.981168713999151065e-02
-7.977749855383922672e-02
-7.971076436192389703e-02
-7.976179026570107133e-02
-7.967120814536061968e-02
-7.978440374862325046e-02
-7.981946297343442409e-02
-7.965626781844956095e-02
-7.979023698256818009e-02
-7.981716562677916571e-02
-7.978288764984023396e-02
-7.974582482247170867e-02
-7.969006993101730718e-02
-7.969592887053579544e-02
-7.984610269989203535e-02
-7.984305083211705456e-02
-7.979567719062731490e-02
-7.971138029808792769e-02
-7.979548768189202723e-02
-7.988636762576153960e-02
-7.966697223650154314e-02
-7.971770175683949577e-02
-7.968435576682922350e-02
-7.974043086985306561e-02
-7.979355212771359340e-02
-7.987201646449733350e-02
-7.976744084764368636e-02
-7.983624787876983375e-02
-7.965890962156388366e-02
-7.968802052364488964e-02
-7.979187853433251931e-02
-7.958998191491310770e-02
-7.964593889474257116e-02
-7.984655622050748636e-02
-7.974963861345808758e-02
-7.979918066777162700e-02
-7.974024801217735603e-02
-7.968264093892894750e-02
-7.975340773114554527e-02
-7.985355975624043590e-02
-7.978876171562596098e-02
-7.984626553084904488e-02
-7.990513391526943288e-02
-7.991260310289426128e-02
-7.998865396800121375e-02
-7.981943393200700843e-02
-7.961385010418660368e-02
-7.977063231392689246e-02
-7.981482995015717896e-02
-7.984290598808156669e-02
-7.975346355359105854e-02
-7.981348088575716815e-02
-7.979719123339661102e-02
-7.966721521899011726e-02
-7.989893598417517617e-02
-7.971415164912240559e-02
-7.991216546357697570e-02
-7.989127120823573402e-02
-7.980983007600606083e-02
-7.977099663277699426e-02
-7.979443928901226724e-02
-7.986429598135627583e-02
-7.978128403187843831e-02
-7.970131323889531605e-02
-7.970504197145619751e-02
-7.974668128441517179e-02
-7.980700451155506303e-02
-8.003325660416739373e-02
-7.979418540481698907e-02
-7.973416918096942752e-02
-7.991404986315216175e-02
-7.975563283019347638e-02
-7.973834476495074430e-02
-7.972028553519514005e-02
-7.977218791065639192e-02
-7.973346776173891037e-02
-7.986756762629365625e-02
-7.965666733345133643e-02
-7.980772585175631428e-02
-7.973627150056897261e-02
-7.984810505142765635e-02
-7.972635006415962344e-02
-7.981887875928801723e-02
-7.966874499870235660e-02
-7.970632500579662161e-02
-7.958336966119987366e-02
-7.974253910052601924e-02
-7.971949311422792117e-02
-7.974260969149692124e-02
-7.988737229910271298e-02
-7.973626608583597730e-02
-7.980579728243661353e-02
-7.985370963940038869e-02
-7.974112894905005522e-02
-7.977648369121455307e-02
-7.966130622023429031e-02
-7.971408227198899243e-02
-7.976486750341822696e-02
-7.974090120231294709e-02
-7.986917239700701276e-02
-7.984649963386290794e-02
-7.989574335338346656e-02
-7.977232614059469318e-02
-7.973339201358085881e-02
-7.980044966904251136e-02
-7.977410231561922471e-02
-7.978553699541361677e-02
-7.970356300548499251e-02
-7.963032845056076947e-02
-7.974922787416303949e-02
-7.985500932073515135e-02
-7.983796911011627195e-02
-7.974592181110096156e-02
-7.986568299016298667e-02
-7.990408041940774697e-02
-7.981467044546722289e-02
-7.981615266197436553e-02
-7.974203998369021329e-02
-7.988757382140862506e-02
-7.992151122634383320e-02
-7.973568925197817292e-02
-7.979801138631811841e-02
-7.965822710065821599e-02
-7.994008435405897117e-02
-7.961854772191302720e-02
-7.969705562431890489e-02
-7.982336650043153625e-02
-7.980621384853454903e-02
-7.974775747905517298e-02
-7.993970736445922542e-02
-7.974539732516368329e-02
-7.987363088844734449e-02
-7.993521473433519431e-02
-7.966194668687540115e-02
-7.980231292897103923e-02
-7.974955173486920901e-02
-7.973144703293111313e-02
-7.985509575809245086e-02
-7.977795118911575056e-02
-7.966988466148107462e-02
-7.980621066263574037e-02
-7.972400773099083682e-02
-7.977709213141499778e-02
-7.963407480773719571e-02
-7.976915293943072360e-02
-7.973897431760657017e-02
-7.989168625888673492e-02
-7.976096776924576637e-02
-7.981698746259843769e-02
-7.984291130202307574e-02
-7.973041324653473705e-02
-7.976069771356031346e-02
-7.988915684956701679e-02
-7.973709372499568349e-02
-7.970915594025247686e-02
-7.974863030126591590e-02
-7.983171947962379444e-02
-7.988275132807699797e-02
-7.984597245012294009e-02
-7.977629924928041072e-02
-7.993891855912263478e-02
-7.970596788605456562e-02
-7.978133339609314034e-02
-7.978794560542144809e-02
-7.970360643607322937e-02
-7.963998461953751551e-02
-7.969154241047261833e-02
-7.984445974704616755e-02
-7.977880755434538229e-02
-7.984345561368233479e-02
-7.968866605175915774e-02
-7.980475757248581270e-02
-7.971648277816299755e-02
-7.972392080072270015e-02
-7.978932202422996112e-02
-7.972500429298272351e-02
-7.980612500312735114e-02
-7.985278389113426023e-02
-7.976432408564680665e-02
-7.983946954405289620e-02
-7.983166197955816890e-02
-7.977462040683726274e-02
-7.983572764925726817e-02
-7.984374203431919559e-02
-7.970395926398733677e-02
-7.982711969357024484e-02
-7.974014761911554783e-02
-7.994347269910528908e-02
-7.978072270521696652e-02
-7.985263846401176313e-02
-7.967526642346874077e-02
-7.991433325536743959e-02
-7.971837251433787352e-02
-7.987674765050392645e-02
-7.985995029185176397e-02
-7.975290156007427966e-02
-7.982576397640547827e-02
-7.984391213914451835e-02
-7.980451277533957832e-02
-7.974611067250636509e-02
-7.975996747202269976e-02
-7.981062437256561393e-02
-7.978727933189412591e-02
-7.974738516938417732e-02
-7.976066766555055254e-02
-7.976747073082643413e-02
-7.982960708457682852e-02
-7.978490762979252582e-02
-7.973415064994657242e-02
-7.974056392295876539e-02
-7.968829618114482705e-02
-7.973717425091120248e-02
-7.984028915186576481e-02
-7.985008894511666511e-02
-7.978603864218790365e-02
-7.979402467967333656e-02
-7.983441303696399427e-02
-7.964892099798911995e-02
-7.983311896919718931e-02
-7.970480945771633852e-02
-7.990264663916482601e-02
-7.979552170684588164e-02
-7.975463342274821676e-02
-7.968945852220758741e-02
-7.980241864844776767e-02
-7.974270225320610750e-02
-7.982314123719772003e-02
-7.984820874572766403e-02
-7.981162286846665843e-02
-7.975014918214884396e-02
-7.989094075965651187e-02
-7.973607014696211526e-02
-7.958679328663720298e-02
-7.973829719339967093e-02
-7.966629579494013957e-02
-7.985110342833509622e-02
-7.979065231791215851e-02
-7.980652474619229220e-02
-7.975279245678223994e-02
-7.962997859125112154e-02
-7.970686527206642669e-02
-7.980416345177980542e-02
-7.988709357007117706e-02
-7.987597408552084277e-02
-7.981884089888216516e-02
-7.979576612546637748e-02
-7.979070917002813179e-02
-7.987969380274355380e-02
-7.985093877604139412e-02
-7.973241319778998082e-02
-7.978527644606379920e-02
-7.974773372257283610e-02
-7.976185027295600027e-02
-7.979593709767474063e-02
-7.981309901388063122e-02
-7.976047119439219624e-02
-7.979673941877375720e-02
-7.977055911713529235e-02
-7.974395962676725236e-02
-7.984928901058695183e-02
-7.977908214563263212e-02
-7.976460121492436051e-02
-7.977551805705530852e-02
-7.975789626407855937e-02
-7.975379919997595268e-02
-7.968087877502549876e-02
-7.991672425104905109e-02
-7.968669785357530844e-02
-7.980596793198531380e-02
-7.986152924001947706e-02
-7.973175487763863034e-02
-7.978131185137947445e-02
-7.986389302275687108e-02
-7.977892878433712198e-02
-7.980102680206643817e-02
-7.974554688781818057e-02
-7.989555012340145146e-02
-7.979465734601312588e-02
-7.980447828005295119e-02
-7.982729306703126304e-02
-7.970605099504443625e-02
-7.987146733568697976e-02
-7.982199232471612338e-02
-7.988972107165252801e-02
-7.976874307670786535e-02
-7.980791795928673937e-02
-7.969637615861270563e-02
-7.981568217988455061e-02
-7.984911371828647131e-02
-7.984405681924640341e-02
-7.983496296810153880e-02
-7.971291494275956069e-02
-7.976055186575439770e-02
-7.969800548332749146e-02
-7.968929588811202169e-02
-7.971244577662428554e-02
-7.980522726986016835e-02
-7.973504733434748359e-02
-7.970864777480593522e-02
-7.974088254755540284e-02
-7.977894058764019303e-02
-7.960229546589217553e-02
-7.964607157662653703e-02
-7.971938460426150619e-02
-7.986935464458554124e-02
-7.975132369629034379e-02
-7.979917553811231856e-02
-7.984410498909534637e-02
-8.022491236277184967e-02
-7.954435347667312972e-02
-7.987270917439495688e-02
-7.970484236709859949e-02
-7.969907725393048092e-02
-7.962820264553815974e-02
-7.986325043785534594e-02
-7.983351226382480459e-02
-7.962763564100996949e-02
-7.985134487619360844e-02
-7.978098391260084188e-02
-7.987354701525982426e-02
-7.978649571857616973e-02
-7.986886608199426918e-02
-7.970114127461136455e-02
-7.970891261788413951e-02
-7.973023593733426229e-02
-7.975954640623526826e-02
-7.979812752057537095e-02
-7.980558742250387638e-02
-7.988549736676010815e-02
-7.979826709275616992e-02
-7.970460032733971134e-02
-7.974523275818487522e-02
-7.968456741403039112e-02
-7.975430369558976496e-02
-7.984597852528463324e-02
-7.985964407300526202e-02
-7.980341759309372840e-02
-7.977512918980542156e-02
-7.995570056565749761e-02
-7.968083691677192715e-02
-7.976828247754867707e-02
-7.968160078500209631e-02
-7.985495521133319230e-02
-7.966965745804624466e-02
-7.972792450234870987e-02
-7.990407672590489618e-02
-7.975528731291323115e-02
-7.982738426005422938e-02
-7.990600406028465497e-02
-7.973054281504540763e-02
-7.963210231177776655e-02
-7.974694046031770289e-02
-7.985104271869050696e-02
-7.979671880246098914e-02
-7.987035849356304007e-02
-7.979934203822347527e-02
-7.976702711502350884e-02
-7.978228456666403012e-02
-7.974792435447632111e-02
-7.978127259776689184e-02
-7.983735635992066093e-02
-7.984716704351348115e-02
-7.975012979118238643e-02
-7.975842818232888043e-02
-7.999405811075215034e-02
-7.969620894412612899e-02
-7.974113060314211299e-02
-7.968983241158200670e-02
-7.983682692333385345e-02
-7.977489988615811545e-02
-7.982505621693326836e-02
-7.979574598794395013e-02
-7.986877801079539374e-02
-7.988279076794599365e-02
-7.978464868620646633e-02
-7.972739169861578490e-02
-7.975700360204207584e-02
-7.963163099027339986e-02
-7.975695621973453997e-02
-7.997832226147259804e-02
-7.970054021254598109e-02
-7.981940594326818184e-02
-7.972169907272712297e-02
-7.976526499171808504e-02
-7.982981585326975882e-02
-7.967392549462662399e-02
-7.974591217765268636e-02
-7.961784551578522662e-02
-7.987106163806631520e-02
-7.985260440636358925e-02
-7.968447543331526328e-02
-7.973305460708905723e-02
-7.976045584265380184e-02
-7.986930856649070154e-02
-7.978063547755642748e-02
-7.973520120214865059e-02
-7.984648684657215389e-02
-7.984895019567805896e-02
-7.974022171355817090e-02
-7.970006600254668505e-02
-7.972375444385125520e-02
-7.982813597184847121e-02
-7.977259237771038014e-02
-7.972284405354430892e-02
-7.980870926855906933e-02
-7.992905859314990147e-02
-7.975808894957445161e-02
-7.977646362887445830e-02
-7.981064011873963138e-02
-7.980110961813194348e-02
-7.986835770714477423e-02
-7.975686274802051834e-02
-7.980207904676696329e-02
-7.973602082293992921e-02
-7.970353389943131417e-02
-7.974722473111765797e-02
-7.976176362338587011e-02
-7.980929667949727968e-02
-7.989613599935885269e-02
-7.983801876255447461e-02
-7.973281651733714337e-02
-7.984617979878252947e-02
-7.990402151394467023e-02
-7.971247355550938052e-02
-7.984907233290658435e-02
-7.976607615208189395e-02
-7.975888060705159377e-02
-7.997541896125848204e-02
-7.926634697210459268e-02
-7.963219253136714915e-02
-7.963335197449369907e-02
-7.977090640851373926e-02
-7.978805085424878207e-02
-7.983734850904497526e-02
-7.978623194867406898e-02
-7.975462271794223068e-02
-7.982785288284015290e-02
-7.977698309369810059e-02
-7.967789640378120097e-02
-7.988781918945174476e-02
-7.987223771021176311e-02
-7.985852887763877916e-02
-7.986090089063806186e-02
-7.974567475918721560e-02
-7.983525096848949343e-02
-7.978390603714950735e-02
-7.981994979820099256e-02
-7.976610376459944418e-02
-7.966226114683193360e-02
-7.974651028413029530e-02
-7.977786325306630844e-02
-7.960998822845735678e-02
-7.985593482190246617e-02
-7.974422962160725159e-02
-7.969976620484776897e-02
-7.970278717241684185e-02
-7.976205457463772519e-02
-7.970211150750379503e-02
-7.977509495256941696e-02
-7.982760482596493179e-02
-7.986147037307270158e-02
-7.982445280623287620e-02
-7.976459614691926159e-02
-7.984028905228630901e-02
-7.977513815423188659e-02
-7.972283830648432823e-02
-7.974954857704454059e-02
-7.993076417775579756e-02
-7.984467366488605389e-02
-7.973815764260096250e-02
-7.972555569162954880e-02
-7.984192130780463914e-02
-7.991915377396122122e-02
-7.966239146994220921e-02
-7.974106008044001825e-02
-8.002131000258104476e-02
-7.984180048275020536e-02
-7.973346957701996085e-02
-7.987589767576408484e-02
-7.980901357800274099e-02
-7.979911504171073588e-02
-7.986690681607393205e-02
-7.987381516966529649e-02
-7.984603647812739402e-02
-7.973214331045597181e-02
-7.977856762042133398e-02
-7.982549188705734267e-02
-7.985466362090505588e-02
-7.976722894446763856e-02
-7.971969976960581461e-02
-7.978980390043829973e-02
-7.986256226400488545e-02
-7.974082014857497569e-02
-7.977759504023564097e-02
-7.981291760567930937e-02
-7.973608615628181850e-02
-7.972103945809469461e-02
-7.980337236212853291e-02
-7.981165063061819442e-02
-7.990068522056130440e-02
-7.985706229680343549e-02
-7.979024217055689927e-02
-7.984102623731252624e-02
-7.973272790604035709e-02
-7.953302187974273241e-02
-7.969205548934797656e-02
-7.975820583337996095e-02
-7.971751949490227251e-02
-7.973459969274861170e-02
-7.969604535266337775e-02
-7.972392499344127526e-02
-7.975061918979442499e-02
-7.983751424796579899e-02
-7.994439737422916192e-02
-7.975019618392265031e-02
-7.982024441204720044e-02
-7.985581500561658719e-02
-7.988321342443861772e-02
-7.977120893775997701e-02
-7.981460630171834103e-02
-7.986951619662464863e-02
-7.976554155896076193e-02
-7.976292133829028519e-02
-7.979241507205032946e-02
-7.974403958607437226e-02
-7.982240004580172521e-02
-7.988509596139714564e-02
-7.966706327429924628e-02
-7.973656325474094697e-02
-7.985475433946195856e-02
-7.991689544017170632e-02
-7.976418542026590675e-02
-7.983152629219324170e-02
-7.990315813260184807e-02
-7.959049697899807374e-02
-7.974545520458346803e-02
-8.004352326549205032e-02
-7.977787240614449271e-02
-7.979606602099409418e-02
-7.974298491224578178e-02
-7.973595927243364023e-02
-7.980392448436576802e-02
-7.980362251651593186e-02
-7.988605481868733815e-02
-7.973982036551706398e-02
-7.975081846441657574e-02
-7.978629655371338725e-02
-7.978001377866195121e-02
-7.981833971543705886e-02
-7.977053727645379289e-02
-7.976698069102024224e-02
-7.990451259491390679e-02
-7.979994149367157508e-02
-7.965507863725780624e-02
-7.983614399826806374e-02
-7.990324149493226169e-02
-7.976518739521644419e-02
-7.975563944934790928e-02
-7.985065848434472202e-02
-7.977375250505239213e-02
-7.984402723033912075e-02
-7.975518103050339980e-02
-7.968425890775732157e-02
-7.993252884027779448e-02
-7.980904314282628864e-02
-7.991191976798069085e-02
-7.986834093588202066e-02
-7.979970149552317871e-02
-7.981896148862985263e-02
-7.973924111437961926e-02
-7.976355618872385533e-02
-7.994425298083158993e-02
-7.971430691980155303e-02
-7.970717219028469747e-02
-7.965233334315580116e-02
-7.977610939712202753e-02
-7.972147222078425355e-02
-7.967409116554251269e-02
-7.980182821415479633e-02
-7.977662794242403044e-02
-7.981291836720132149e-02
-7.980967745880017394e-02
-7.990103484320768001e-02
-7.980808320935384170e-02
-7.989659293449732913e-02
-7.976914657708381040e-02
-7.988228090111741675e-02
-7.985895407627567610e-02
-7.969440224579248111e-02
-7.989995303148786365e-02
-7.979631288641894638e-02
-7.977277773613444811e-02
-7.963647213046957940e-02
-7.981563596420158946e-02
-7.972918205070352038e-02
-7.970357769844517437e-02
-7.971427984432276348e-02
-7.991267606886985619e-02
-7.979731137315815293e-02
-7.977160793384364956e-02
-7.985221268111700188e-02
-7.972633740809123570e-02
-7.985682485066451786e-02
-7.975405965418065624e-02
-7.973739507445985752e-02
-7.989422231107481953e-02
-7.971587988440220762e-02
-7.964380750236339790e-02
-7.984705138637084032e-02
-7.974560250451559473e-02
-7.982020264285021038e-02
-7.990744522827207541e-02
-7.979830052935550644e-02
-7.985672963539558467e-02
-7.976998873570043114e-02
-7.982139666642391884e-02
-7.990668249699679759e-02
-7.974686135791313191e-02
-7.978878546792188275e-02
-7.983313263605475163e-02
-7.980246601289829600e-02
-7.975536972642136013e-02
-7.978645260502457981e-02
-7.973671231267183412e-02
-7.986077281455691845e-02
-7.993044208029427555e-02
-7.970957247471950613e-02
-7.988806757242802870e-02
-7.982481153173906496e-02
-7.983757957428895546e-02
-7.972228496474101367e-02
-7.967314232132480245e-02
-7.979826643028868627e-02
-7.973827624378371226e-02
-7.979420327667677282e-02
-7.974125725604375159e-02
-7.989594896487135778e-02
-7.982298728911610408e-02
-7.983154601238194592e-02
-7.982705468127325454e-02
-7.982851579493055461e-02
-7.985448894712228463e-02
-7.992374839786163532e-02
-7.975410177468655881e-02
-7.976962877044606326e-02
-7.973707916857290801e-02
-7.978141562393060993e-02
-7.975677913820167220e-02
-7.983466790923846035e-02
-7.973484082804534190e-02
-7.987297360453525508e-02
-7.981971793062961340e-02
-7.973609252559077376e-02
-7.980718746241158290e-02
-7.979002659282115328e-02
-7.982820171212300087e-02
-7.978737129372936998e-02
-7.978950749680478738e-02
-7.987990744555381606e-02
-7.978362404273321717e-02
-7.962361721365483758e-02
-7.977665815635662239e-02
-7.980716328442569174e-02
-7.990158112295905890e-02
-7.972883758231065487e-02
-7.975142645647606554e-02
-7.980817990835328835e-02
-7.968565853812051292e-02
-7.977608184691432902e-02
-7.979097420616677871e-02
-7.983942353047693286e-02
-7.988157607990782616e-02
-7.982420719299028466e-02
-7.969076081653700405e-02
-7.978952038179956685e-02
-7.975713005752774198e-02
-7.975315985651246220e-02
-7.982746025631812237e-02
-7.975410204844814166e-02
-7.993849973189094682e-02
-7.976244474059682177e-02
-7.970051113734839821e-02
-7.976482481264336732e-02
-7.978559151504269198e-02
-7.981140039239534301e-02
-7.979408324688815057e-02
-7.976536614689630489e-02
-7.971286653515138876e-02
-8.002856683731959797e-02
-7.965431122061183977e-02
-7.967083759333630499e-02
-7.969033945821459020e-02
-7.985022559292923039e-02
-7.974554084036868107e-02
-7.979627862096691504e-02
-7.972382744867749504e-02
-7.978988995593941369e-02
-7.977408628378650224e-02
-7.983414676303982049e-02
-7.981736348651279067e-02
-7.972722125296687057e-02
-7.981805983868092702e-02
-7.974313690512670194e-02
-7.989690243458667795e-02
-7.988704815622472977e-02
-7.982568330256467615e-02
-7.981446594865666821e-02
-7.977084470650745718e-02
-7.980150366521067407e-02
-7.980006857634873441e-02
-7.965256930276805314e-02
-7.975042193527269452e-02
-7.985395567142773710e-02
-7.982844959591685330e-02
-7.981651326775630884e-02
-7.975874116334755182e-02
-7.963330840307311642e-02
-7.989463422571563278e-02
-7.978666774958524666e-02
-7.987661401462957389e-02
-7.990599209940471570e-02
-7.982636377613304413e-02
-7.985678850914849913e-02
-7.978546233246497366e-02
-7.980345718197859317e-02
-7.979343136453520557e-02
-7.987461117558727897e-02
-7.976806918960950565e-02
-7.979801192409301247e-02
-7.980318171897386736e-02
-7.966577036476760187e-02
-7.980986305720115526e-02
-7.979581955101622270e-02
-7.985502150895884554e-02
-7.986700056109355406e-02
-7.972263764443773826e-02
-7.978551854048021585e-02
-7.986730921011751805e-02
-7.977778248827635532e-02
-7.976164695319691578e-02
-7.982165478654036639e-02
-7.977644745602861798e-02
-7.976450333945830917e-02
-7.986028369794644088e-02
-7.993288368398270005e-02
-7.974937297450354623e-02
-7.980060219327309023e-02
-7.976432825669506343e-02
-7.965751648472710333e-02
-7.974846152040478142e-02
-7.982581265395101433e-02
-7.975542741359938070e-02
-7.974906599555121878e-02
-7.990944725274487515e-02
-7.972994952433333504e-02
-7.988290496136328522e-02
-7.979065631418001681e-02
-7.974650206073885528e-02
-7.978850827406458457e-02
-7.985256120378346478e-02
-7.986511261618378654e-02
-7.988203884861044823e-02
-7.989028656520144600e-02
-7.985615066044300658e-02
-7.971935997917253824e-02
-7.986364376910308482e-02
-7.979468203207544519e-02
-7.976684289637810121e-02
-7.981940374396082061e-02
-7.989520833709320979e-02
-7.986312219827260139e-02
-7.985293092708840856e-02
-7.970211811583254036e-02
-7.976056922186740283e-02
-7.984647444177982167e-02
-7.976862550601129809e-02
-7.989388430861235624e-02
-7.970120295799855425e-02
-7.973360031895650180e-02
-7.982888887765185459e-02
-7.985210560544302172e-02
-7.982675266624712773e-02
-7.986456968549575375e-02
-7.978457971936472881e-02
-7.984234039968500507e-02
-7.963243278554774096e-02
-7.981643798971041481e-02
-7.977682613881474649e-02
-7.982840927229591099e-02
-7.978636146910912663e-02
-7.976976711653918639e-02
-7.978758710702117674e-02
-7.969706301201395782e-02
-7.983054363724886859e-02
-7.984953942346575961e-02
-7.978250874810541293e-02
-7.973956098909915080e-02
-7.970863981750334060e-02
-7.986319747958188497e-02
-7.982303348941914567e-02
-7.966732831374996604e-02
-7.997108189928943400e-02
-7.993856739142761458e-02
-7.981013937938052916e-02
-7.981221419094845781e-02
-7.976989148519117445e-02
-7.973533935492914393e-02
-7.973264006151999095e-02
-7.986003280917532143e-02
-7.979199685988011548e-02
-7.982936858806145841e-02
-7.979051037789343381e-02
-7.979036838146381927e-02
-7.976086037983030896e-02
-7.976271721839738038e-02
-7.969706154372878382e-02
-7.977465788640611399e-02
-7.978972305447198932e-02
-7.985516430684290456e-02
-7.971548462176268612e-02
-7.984184727578533258e-02
-7.976964425941314440e-02
-7.986845751286640593e-02
-7.986340262177361871e-02
-7.982488820736365065e-02
-7.986395034045003227e-02
-7.984427687405859508e-02
-7.963540946997668679e-02
-7.974212787589785023e-02
-7.984163052031442720e-02
-7.988311480679041732e-02
-7.976294629154036253e-02
-7.986914432416251930e-02
-7.986879842413720232e-02
-7.968570782365090588e-02
-7.972567708796800268e-02
-7.986911290557266452e-02
-7.991995937801495142e-02
-7.973157976379179057e-02
-7.975837224978013507e-02
-7.972612685596022764e-02
-7.975980971825026578e-02
-7.984753144806353009e-02
-7.973996419036276373e-02
-7.966209504250230944e-02
-7.978071622123013296e-02
-7.973991525980773931e-02
-7.980064469622669132e-02
-7.981669348336857539e-02
-7.980544389357091539e-02
-7.981856214709540098e-02
-7.968180321377830999e-02
-7.970205778767953941e-02
-7.983812965177440601e-02
-7.965826771840235632e-02
-7.974771005834362103e-02
-7.984268276073640258e-02
-7.990543844654839079e-02
-7.989828131602187689e-02
-7.983679611889603345e-02
-7.982867873420292082e-02
-7.972023134165244496e-02
-7.966312491164144471e-02
-7.971199634761101660e-02
-7.985666028704797859e-02
-7.987501497100298053e-02
-7.970421130892738071e-02
-7.974203268353127760e-02
-7.980968585523180725e-02
-7.977474050858833488e-02
-7.981347622531284602e-02
-7.978537617920025693e-02
-7.975494409884890945e-02
-7.968968571207156459e-02
-7.970132155837474086e-02
-7.978791789798768408e-02
-7.980420115441821949e-02
-7.989283819129586184e-02
-7.977950435163043419e-02
-7.981799771232915564e-02
-7.969538356610351981e-02
-7.972153395545271415e-02
-7.968422592246726666e-02
-7.981999939796624588e-02
-7.994653387137806710e-02
-7.972602055721814129e-02
-7.978580413544943128e-02
-7.983109883602693135e-02
-7.985854318592869316e-02
-8.008395299888217134e-02
-7.981219373551842744e-02
-7.967759652883724120e-02
-7.982418194524140698e-02
-7.976572431664381846e-02
-7.978597732135124521e-02
-7.982421316179369453e-02
-7.980992689327784384e-02
-7.980832003526058815e-02
-7.988247331594656997e-02
-7.985768976184356993e-02
-7.987682243680373217e-02
-7.978556958765332940e-02
-7.981789609424007337e-02
-7.986447048439956897e-02
-7.964570976137894109e-02
-7.986237033016949094e-02
-7.974011791431134810e-02
-7.979521258733300593e-02
-7.989451427163458963e-02
-7.972354921351386403e-02
-7.973735086266041383e-02
-7.998235124003603980e-02
-7.978765950779544147e-02
-7.982752649842635162e-02
-7.985691810870658436e-02
-7.975996158713491435e-02
-7.981265948889082473e-02
-7.974364725885056682e-02
-7.969697338308841250e-02
-7.980318813395197164e-02
-7.981897855477451675e-02
-7.967666197056137711e-02
-7.973571782556539145e-02
-7.979845732470509934e-02
-7.976757088888195013e-02
-7.979057131404890257e-02
-7.983384386272804334e-02
-7.984981627452270025e-02
-7.986763836881072276e-02
-7.972639151050250894e-02
-7.987244385430235238e-02
-7.979018506424262469e-02
-7.978078724014359135e-02
-7.987440913922939922e-02
-7.992185548177399568e-02
-7.982371279487013305e-02
-7.988534890081711026e-02
-7.967291822113442556e-02
-7.976165261289429320e-02
-7.987103945561010998e-02
-7.985159745324313385e-02
-7.986104786261405408e-02
-7.970415017976682781e-02
-7.975254522756783371e-02
-7.987471595057968332e-02
-7.973014693356195171e-02
-7.977574997158609627e-02
-7.969136351387551276e-02
-7.976518467543959601e-02
-7.973726422034906058e-02
-7.973713037342143595e-02
-7.968153911441692994e-02
-7.980860951433567385e-02
-7.983292234693514788e-02
-7.975004404008842473e-02
-7.975957277425689551e-02
-7.977820428770245054e-02
-7.982074875496451838e-02
-7.974921774717591560e-02
-7.974196805080180361e-02
-7.986811788318483318e-02
-7.979285909187007475e-02
-7.975237091413882318e-02
-7.980147125602851665e-02
-7.970735717538854348e-02
-7.983118654842773221e-02
-7.980515225866766094e-02
-7.993305435366034051e-02
-7.977827539738194251e-02
-7.983253449564217674e-02
-7.984385646228808753e-02
-7.980926426485994429e-02
-7.976196616662996342e-02
-7.989439745480490795e-02
-7.984484667960201065e-02
-7.974504335023138712e-02
-7.976981824542196675e-02
-7.977742516962862962e-02
-7.987661339415186301e-02
-7.991219760864876065e-02
-7.988866109429482165e-02
-7.981435281794004022e-02
-7.981418927746929126e-02
-7.973126965665289223e-02
-7.983686890028428296e-02
-7.986583206240484289e-02
-7.979424857548790551e-02
-7.992347539937784406e-02
-7.969456027826393729e-02
-7.988363123958065748e-02
-7.969476367916430992e-02
-7.985931765758465251e-02
-7.979467336279366663e-02
-7.972372831466997822e-02
-7.990006653964099037e-02
-7.978152024468213033e-02
-7.987692083371207563e-02
-7.987301859911619117e-02
-7.978890498885457538e-02
-7.983880274015416056e-02
-7.969146341325138161e-02
-7.980748901481250768e-02
-7.981689798758875853e-02
-7.988157616327933030e-02
-7.990785751222459488e-02
-7.951790017988900894e-02
-7.963289424928066129e-02
-8.000226288818280962e-02
-7.979865820293827183e-02
-7.982587775435254218e-02
-7.976418807309734738e-02
-7.972264517110759507e-02
-7.981172686048962350e-02
-7.976988724520449325e-02
-7.971772339161489751e-02
-7.982113348019048704e-02
-7.987357836519307086e-02
-7.973385097244767294e-02
-7.984808530933443227e-02
-7.983322808599703502e-02
-7.993586511169582798e-02
-7.980884773435217849e-02
-7.979532814694192955e-02
-7.976213666248146983e-02
-7.984251341079315334e-02
-7.982081843208280181e-02
-7.988960706799609623e-02
-7.981979922690410345e-02
-7.973329986267599367e-02
-7.955873405767967255e-02
-7.966193847517304139e-02
-7.983420451022620046e-02
-7.985029141514514428e-02
-7.970995426746343981e-02
-7.999463382503213538e-02
-7.994860339923041959e-02
-7.986585488575792535e-02
-7.975109602418783972e-02
-7.976537808181530242e-02
-7.980851185495085875e-02
-7.974843885573326685e-02
-7.983643099788752251e-02
-7.983574618471704631e-02
-7.974401231168704030e-02
-7.973748329318477990e-02
-7.987531793899939336e-02
-7.974499740573705309e-02
-7.970294317919275617e-02
-7.971676912568137485e-02
-7.979395871256318717e-02
-7.973182106865842056e-02
-7.982526937255370048e-02
-7.983874647475865116e-02
-7.979536951583929283e-02
-7.985714494671232455e-02
-7.991143680925202886e-02
-7.969029247877944255e-02
-7.967969226086660250e-02
-7.986306181148249139e-02
-7.985976129449008643e-02
-7.980087539991022327e-02
-7.975761126325231487e-02
-7.989018735092645596e-02
-7.990968953093924299e-02
-7.976526599481907620e-02
-7.976360703644116978e-02
-7.978085690296969623e-02
-7.988160941428799899e-02
-7.978377587032080276e-02
-7.996131526937773348e-02
-7.982926934177715650e-02
-7.990401308032932248e-02
-7.972687025283310691e-02
-7.974952821194188080e-02
-7.983903687621937695e-02
-7.982544571619808182e-02
-7.970791557804191019e-02
-7.988372036234479834e-02
-7.983268098294975246e-02
-7.971727356943127119e-02
-7.988432020754346330e-02
-7.982149627087267718e-02
-7.985632553947619172e-02
-7.976170900241348616e-02
-7.974859817862116340e-02
-7.986297541643797016e-02
-7.976619217400705841e-02
-7.981861561161728014e-02
-7.990686533200057340e-02
-7.981924296714146272e-02
-7.977448987257876323e-02
-7.978816758661466668e-02
-7.986659595143390244e-02
-7.986081404644400361e-02
-7.985354030454701324e-02
-7.993364878816115737e-02
-7.978863863797701350e-02
-7.981082239416872892e-02
-7.986404572442944161e-02
-7.975441900874437329e-02
-7.969122545121153089e-02
-7.978202932906250378e-02
-7.987865384137415870e-02
-7.981582310374531197e-02
-7.980194090731820844e-02
-7.975305210052595351e-02
-7.993460088495825400e-02
-7.977039503478763893e-02
-7.978237515570732463e-02
-7.986130653065399987e-02
-7.973721321877864920e-02
-7.982328662666070274e-02
-7.981562883567995537e-02
-7.984022608483619388e-02
-7.987565347977589048e-02
-7.984981514124500634e-02
-7.981731072403404348e-02
-7.982832173053755476e-02
-7.982023116078058866e-02
-7.980659731811222402e-02
-7.979538399961665085e-02
-7.980259012137290442e-02
-7.986315016557724022e-02
-7.989624466894953980e-02
-7.985823291995715334e-02
-7.988107358873167141e-02
-7.976218284482097798e-02
-7.977218394476273677e-02
-7.979789270535077306e-02
-7.987343533020266340e-02
-7.986323601637328184e-02
-7.989742577544382829e-02
-7.979292311069173527e-02
-7.973318622961796109e-02
-7.975160122677579788e-02
-7.981456931352474971e-02
-7.981098584154715236e-02
-7.982838727367194687e-02
-7.973392060468123543e-02
-7.987075431743077825e-02
-7.982249080173252354e-02
-7.978274307599278470e-02
-7.986450364069772045e-02
-7.981668899115183791e-02
-7.974889408831901949e-02
-7.977630543871815083e-02
-7.976973679966935238e-02
-7.975864060633684749e-02
-7.978274188109277243e-02
-7.985194358302387385e-02
-7.992052876434908859e-02
-7.987508258419230567e-02
-7.981730602172887323e-02
-7.977357969508783175e-02
-7.982491504417572881e-02
-7.978282218901981693e-02
-7.979501171539868376e-02
-7.973302247415385569e-02
-7.978544950552800274e-02
-7.984371485337468655e-02
-7.975995693624586547e-02
-7.971688827070096128e-02
-7.974134442881097851e-02
-7.980858699485053609e-02
-7.985628397586196081e-02
-7.973708802990069067e-02
-7.987949496446046516e-02
-7.994887803313323327e-02
-7.981656960414310054e-02
-7.972227775240911529e-02
-7.987735419055362607e-02
-7.994439216658112690e-02
-7.964354162296159723e-02
-7.980293453268820503e-02
-7.971449667847850529e-02
-7.975885210030142503e-02
-7.987748898287654054e-02
-7.985280496950705742e-02
-7.975668516102454864e-02
-7.978458780231419134e-02
-7.975326173227251236e-02
-7.974272751780449309e-02
-7.976170407493740622e-02
-7.982111263173494176e-02
-7.980214149892070341e-02
-7.984460727499857746e-02
-7.971177046431962565e-02
-7.975875972350777998e-02
-7.978484032448769636e-02
-7.989116143522563551e-02
-7.986452364190510522e-02
-7.975011316880224743e-02
-7.995308413749566134e-02
-7.978637120294750085e-02
-7.991307003979615520e-02
-7.984076389653142758e-02
-7.990446901754569287e-02
-7.980403829789343984e-02
-7.983197884852380466e-02
-7.975588292647740885e-02
-7.980177869098839527e-02
-7.978066150483117958e-02
-7.985109038368662371e-02
-7.983984426502292731e-02
-7.974416588696255082e-02
-7.994358639458212790e-02
-7.979836768764274335e-02
-7.979498780726441975e-02
-7.977351009374109014e-02
-7.980808432004625474e-02
-7.980035725683611025e-02
-7.991956369223481016e-02
-7.983951299908767507e-02
-7.986535669323571729e-02
-7.977983212998226992e-02
-7.981876426718644002e-02
-7.985528311934557422e-02
-7.981425684306822643e-02
-7.983195540362851561e-02
-7.985424015283586197e-02
-7.974325718891860093e-02
-7.981468374993171133e-02
-7.990590690615533009e-02
-7.970159925726251482e-02
-7.971851396629296704e-02
-7.968722643441079889e-02
-7.982396334213248679e-02
-7.984274701981032563e-02
-7.977771511133122107e-02
-7.988190254090166142e-02
-7.985848775510265285e-02
-7.985912605089877381e-02
-7.994881206854585753e-02
