-7.762643358468305881e-03
-8.333019362084845283e-03
-8.041280494723499622e-03
-8.363239756802639396e-03
-8.231449461233343243e-03
-8.108781542255987310e-03
-8.281980926622321826e-03
-8.147102871991556902e-03
-7.962092712950440479e-03
-8.072105161307529392e-03
-8.640994315186846172e-03
-8.546790569817221475e-03
-8.399497106287040493e-03
-8.284649425044582696e-03
-8.357772985923413514e-03
-8.182940512636157140e-03
-8.461193994915060593e-03
-8.384605584553693480e-03
-8.057478894870066799e-03
-8.471228288295953868e-03
-8.317924986247959146e-03
-8.468760894602930453e-03
-8.282876352549024476e-03
-7.927578104100933831e-03
-7.751034980333405995e-03
-8.404478583528510183e-03
-7.967851697838326808e-03
-8.300787566397302766e-03
-8.304717275245320982e-03
-8.756079075369587253e-03
-8.229467396653405292e-03
-7.870127034214226269e-03
-8.470943542279956925e-03
-8.499565004761231932e-03
-8.556942979303972657e-03
-8.370907693405687383e-03
-8.689948397376953682e-03
-8.179636346325309254e-03
-8.721324740870232267e-03
-8.215561180035579891e-03
-8.049208091419696870e-03
-8.390961960522969054e-03
-8.512221646231447197e-03
-8.216017408820009901e-03
-8.542154006074885106e-03
-8.166294358161251682e-03
-8.341653714775975476e-03
-8.143678431670601722e-03
-8.269773332669380986e-03
-8.068230135209911863e-03
-8.249708961688443851e-03
-8.184726619045070220e-03
-8.188704579228366434e-03
-8.002192490649982434e-03
-8.404035656880156843e-03
-8.698723477536144527e-03
-8.306282100075675079e-03
-8.674818095309637725e-03
-8.252703792428492738e-03
-7.812700081703465721e-03
-8.384709724221900071e-03
-8.169644957215041817e-03
-8.313321863228898337e-03
-8.249895636817010727e-03
-8.212693792622707128e-03
-8.395205710457957424e-03
-8.221756343225602656e-03
-8.407802320019402281e-03
-8.754832845639994379e-03
-8.192547735921346108e-03
-8.069246898204804341e-03
-7.993333269761499632e-03
-8.016516984349516400e-03
-8.270204465230550014e-03
-8.135458090943499185e-03
-8.630190768604564799e-03
-8.130173858519796140e-03
-8.333038898373418268e-03
-8.127234607905830382e-03
-8.362679010558751388e-03
-8.645077491926292379e-03
-8.043214748957231222e-03
-8.566012132402463577e-03
-8.185107788217987901e-03
-8.290085838775307012e-03
-8.379196830334617249e-03
-8.125856640835479178e-03
-8.033967929770661001e-03
-8.240262992119242597e-03
-8.974900105005987477e-03
-8.282408762475188674e-03
-8.407691696676272350e-03
-8.376873976149652387e-03
-8.382765305977360124e-03
-8.421979712687332337e-03
-7.795549969309871659e-03
-8.306067041548691882e-03
-8.223760647921369432e-03
-8.389656048764104410e-03
-8.544321203736559428e-03
-8.500001313741362835e-03
-8.074917222493555730e-03
-8.099083352860006815e-03
-8.600222081744305150e-03
-8.063193913314082098e-03
-8.129561771775036666e-03
-8.005721234059849992e-03
-8.057268724938022181e-03
-8.449036376381250865e-03
-8.210927171227412266e-03
-8.065489599742117419e-03
-8.213648782504226822e-03
-7.972233313170335595e-03
-8.095489729023408465e-03
-7.925166536404298565e-03
-8.385869680086224104e-03
-8.197292759187766592e-03
-8.250917957870026326e-03
-8.172064922202191065e-03
-8.407696856780120034e-03
-7.908362722553023000e-03
-8.297983386659936803e-03
-8.484291479225001403e-03
-8.087394705264743661e-03
-8.346266812403241656e-03
-8.366251675367298440e-03
-8.386906689284108485e-03
-8.154389261853861245e-03
-8.083992630706705526e-03
-8.297090580421382852e-03
-8.041961494731223251e-03
-8.475509448865487308e-03
-8.154064487897271993e-03
-7.867276074047160200e-03
-8.088004755619904521e-03
-8.332645269193845669e-03
-8.005325084015663117e-03
-8.349573418918615833e-03
-7.864374867327276336e-03
-8.388610538692177140e-03
-8.160335152806449249e-03
-7.805888708010448422e-03
-8.414391646007681608e-03
-8.390431227984173485e-03
-8.030117346067499121e-03
-7.862872971191887245e-03
-8.195105189433829138e-03
-8.393691355524916797e-03
-8.099366234116441715e-03
-8.381002144750451452e-03
-8.152314938773474670e-03
-8.414946474679817559e-03
-8.102907161636694819e-03
-8.306951503349410681e-03
-8.139274675679214130e-03
-8.692180673073760661e-03
-8.218744610174332985e-03
-8.217643356345314537e-03
-8.232900522652722777e-03
-8.286092097293399142e-03
-8.880112634823753362e-03
-8.273994702649683022e-03
-8.172553716268293744e-03
-8.191798728378555522e-03
-8.346754589864150212e-03
-7.903891017917875211e-03
-8.106241467134428502e-03
-8.517779171092761115e-03
-8.048254257613639967e-03
-8.589733270456272399e-03
-8.057511390162815090e-03
-8.237805194038180442e-03
-8.370925224522594507e-03
-8.286739357205863410e-03
-8.143040932937519599e-03
-8.088544896830937234e-03
-8.401672704055725832e-03
-8.122719475871800765e-03
-8.353042578523180509e-03
-8.428759413297343475e-03
-8.408880026715101139e-03
-9.356148506039854013e-03
-7.934976864049892234e-03
-8.154104621368164080e-03
-8.233137273275478382e-03
-8.576582746402383606e-03
-8.472594172314265246e-03
-8.369141790951920359e-03
-8.062922072367721335e-03
-8.405046081306207645e-03
-8.311705215897649546e-03
-8.278561625529088849e-03
-8.538943463732316663e-03
-8.145698491821846965e-03
-8.039045389455368867e-03
-8.265777264344943698e-03
-8.423450911232114799e-03
-8.269317633137707180e-03
-8.240432813351242919e-03
-8.449349498426048793e-03
-8.463246330544130919e-03
-8.500725889386445341e-03
-8.058169677858923949e-03
-7.846552823673804203e-03
-8.184777183220397906e-03
-8.575571438058104262e-03
-7.940243472502691094e-03
-8.675693636864850733e-03
-8.334507460286329564e-03
-8.268391009639879108e-03
-8.675232269199079430e-03
-8.444541478454819020e-03
-8.385213564252183907e-03
-8.365029979533917040e-03
-8.232001833912953523e-03
-8.130826327125625919e-03
-7.573278626556377222e-03
-8.555627367094109995e-03
-8.240995928348237784e-03
-7.961859526593197817e-03
-8.057969223393484162e-03
-8.354785211302537956e-03
-8.014427492845215342e-03
-8.118679596718660768e-03
-8.282099715944383003e-03
-8.295801813268130140e-03
-8.211643366981158376e-03
-8.489847282826173958e-03
-8.140969710764356729e-03
-7.947653263925999814e-03
-8.461287976943869180e-03
-8.290907184291070389e-03
-7.784755660356476939e-03
-8.285535469162521455e-03
-8.316382234853829727e-03
-8.274473018549553457e-03
-8.029414495568041807e-03
-8.277773493270234109e-03
-8.382498932517164561e-03
-8.407349937991193123e-03
-8.219009833294118814e-03
-8.742304568496495759e-03
-8.159757603853054486e-03
-8.004698616846947848e-03
-8.321000989668082132e-03
-8.633097377173352613e-03
-8.098067951041549792e-03
-7.985538904370278676e-03
-8.077139530937388345e-03
-8.131354906788897802e-03
-7.702705532591063928e-03
-9.218828124964315029e-03
-8.204424161157609918e-03
-7.821077368113179759e-03
-8.255015190639881581e-03
-8.188914621531028296e-03
-8.191519257468660511e-03
-8.655938602860615769e-03
-7.898990362054087930e-03
-8.368958413362230855e-03
-8.260401051148376014e-03
-8.314942541619766911e-03
-8.107769355894800523e-03
-8.202215882527421481e-03
-8.263827069840306780e-03
-8.548808597043832530e-03
-8.154135549076617362e-03
-7.731467878169149925e-03
-8.161488861656398738e-03
-8.273317413589392419e-03
-8.505727413174431553e-03
-8.384581888946409864e-03
-8.326620947725722408e-03
-8.122707261894918790e-03
-8.228245164838740230e-03
-7.996393982935485686e-03
-8.229056152960144768e-03
-8.025463462347831936e-03
-8.058014992711979088e-03
-8.254045063057467019e-03
-7.955777173580234202e-03
-7.958604534019839832e-03
-8.164150952255267921e-03
-8.028750708226214949e-03
-8.214909629970890831e-03
-8.155859515481330910e-03
-7.925144714912126312e-03
-8.952774205276060188e-03
-7.963021512753102812e-03
-8.097143476479190527e-03
-8.092509038362028298e-03
-8.355880851524884884e-03
-8.251812449334934574e-03
-8.351583055755635449e-03
-8.169798296938285409e-03
-8.424744194266408151e-03
-8.669758208986990539e-03
-8.912880207757529691e-03
-8.223144210092398279e-03
-8.213160370272408820e-03
-8.281332743239198241e-03
-8.233186539498137113e-03
-8.065372902466510716e-03
-8.618924624513839977e-03
-8.012838827229818925e-03
-8.568285282316243437e-03
-7.911487361246846706e-03
-8.214134133224281972e-03
-8.260710282300236240e-03
-8.306910570879035699e-03
-8.731059452396114709e-03
-8.426390777984521172e-03
-7.988631290215927189e-03
-8.304070002703634393e-03
-7.994051466964248800e-03
-8.333815347245084743e-03
-8.082067702699110776e-03
-7.847690284732524932e-03
-7.968580311307352573e-03
-8.205916022303525945e-03
-8.153787287320381910e-03
-8.835575196530888811e-03
-8.482419189828534559e-03
-8.362123310467055662e-03
-8.899129033592658583e-03
-8.310454995164705955e-03
-8.055700369158865642e-03
-8.396882419875449990e-03
-8.475311325746266028e-03
-7.842656188585001714e-03
-8.369111221684094951e-03
-8.014841369596004822e-03
-8.387906688828678653e-03
-8.201895481080223246e-03
-8.491245642986955042e-03
-8.324134124720345557e-03
-8.920664599236733175e-03
-8.547581407295973266e-03
-8.428777168285073521e-03
-8.598607491325798921e-03
-8.301921901935670547e-03
-8.200166865059903970e-03
-8.384352782328755027e-03
-8.271250171371835949e-03
-8.449658632657910950e-03
-8.153861571881946407e-03
-8.170399702068687972e-03
-7.935398573777308409e-03
-8.130384493725786865e-03
-7.961902418080670646e-03
-8.155132556583021691e-03
-1.228690612195621791e-02
-8.255351674815251603e-03
-8.266558448223116848e-03
-8.273681210989401041e-03
-8.356514537057208383e-03
-7.977061280378729483e-03
-8.412678498638836641e-03
-8.437496086963822486e-03
-8.210670226143926276e-03
-8.110611639752332916e-03
-7.793104989371732461e-03
-8.112556746842572095e-03
-8.055883304995348215e-03
-8.099115968859236375e-03
-8.491917498615405777e-03
-7.988721806721261684e-03
-8.083691875922310865e-03
-8.107445617058036194e-03
-8.320026333368962107e-03
-8.141841788291940760e-03
-8.220025374127635717e-03
-8.159473722628979644e-03
-8.310254012309104682e-03
-8.141489124499421207e-03
-8.310387092285717939e-03
-8.299045066518193417e-03
-8.769579762839228854e-03
-8.179765290163039729e-03
-8.284575393695222875e-03
-8.446991084962043525e-03
-8.081372271938617319e-03
-8.384916168971448883e-03
-8.478720361945576295e-03
-8.116098301210865687e-03
-8.247842058344312041e-03
-8.459228586132414365e-03
-8.497326838125707216e-03
-8.320063703316315715e-03
-8.493061323070896090e-03
-7.813703869001554711e-03
-8.441170098876796951e-03
-8.229446614588551562e-03
-8.091677597480875783e-03
-8.233392162300640776e-03
-8.693478231653815197e-03
-8.115359180401062952e-03
-8.697719989207387467e-03
-8.109317871884711565e-03
-8.308256925923825434e-03
-7.917104940358618559e-03
-8.183289220539983685e-03
-7.912484853142951260e-03
-8.423324011800256347e-03
-8.170321768666688814e-03
-7.987072894677831394e-03
-8.208859085256802260e-03
-7.967057850910680070e-03
-8.119940553415291862e-03
-8.259719546431310358e-03
-8.086976243196224504e-03
-7.977383713207688437e-03
-8.225589398783924450e-03
-8.110805846281685799e-03
-7.893025183334557299e-03
-7.953095524850671907e-03
-8.252116812181579247e-03
-8.358885458817733732e-03
-8.040044550586411196e-03
-7.947766367549260330e-03
-8.262088505096683994e-03
-8.128747922634748518e-03
-8.183127010327598261e-03
-8.357424592368059568e-03
-8.187852286074253499e-03
-8.175203855068424730e-03
-7.890990842232006863e-03
-8.143349787256880593e-03
-8.500983243092631245e-03
-8.314484979049473895e-03
-8.122530597109173939e-03
-8.660123082526597141e-03
-8.303425591477876788e-03
-8.306153499674288204e-03
-8.143481423340068887e-03
-8.459957532970968294e-03
-8.457913891682423274e-03
-8.258202089364145501e-03
-8.176317703801437922e-03
-8.181833507074983899e-03
-7.953849471790470221e-03
-8.329519784897505136e-03
-8.156185310895718715e-03
-8.148007590495052674e-03
-8.595446189340900239e-03
-8.384866631201842030e-03
-8.141734566307071846e-03
-8.765272131204268971e-03
-8.260466783707573826e-03
-8.546338678171718981e-03
-8.855111008038926007e-03
-8.527408019223079935e-03
-8.544854854292521437e-03
-8.415374475261184345e-03
-8.237438907972306421e-03
-8.627587083959570996e-03
-8.658015328636619462e-03
-8.258951349486133228e-03
-8.505620792489504770e-03
-8.150472852787211259e-03
-8.699457955574431064e-03
-8.707759133695156320e-03
-8.292930691515428693e-03
-8.107789480436684154e-03
-8.340667953113837380e-03
-8.306344825294530859e-03
-8.309062390057471437e-03
-8.089261081423788219e-03
-8.108931067548634866e-03
-8.322890051316969226e-03
-8.023742887062397869e-03
-8.083549894694126714e-03
-8.246661375230673538e-03
-8.317757138594774821e-03
-7.645154643215502054e-03
-8.475441721612164345e-03
-8.346776714834374181e-03
-8.206666123051840900e-03
-8.023087148467609661e-03
-8.044356631079351005e-03
-7.959766585074364020e-03
-8.270957695444213290e-03
-8.517066673796419921e-03
-8.448856515894111532e-03
-8.198161172869262991e-03
-8.158192138957243156e-03
-8.125482553264975344e-03
-8.103430969847611950e-03
-8.514461001389878742e-03
-8.118264306515394699e-03
-8.122109244640100464e-03
-8.277902384269246808e-03
-8.206305127367181582e-03
-8.366834021958407391e-03
-8.262056256825568018e-03
-8.188621639419539980e-03
-8.472789628406085516e-03
-8.184096330129328467e-03
-8.642829257548088201e-03
-8.418839046669294307e-03
-8.159678190856728061e-03
-7.981621682047137026e-03
-8.468892381415838583e-03
-8.054845286444079974e-03
-8.060105800174776833e-03
-8.503632574536455421e-03
-8.425230250552797825e-03
-8.524893152583531281e-03
-8.280391181823420696e-03
-8.435101912341992289e-03
-8.394763990524625394e-03
-8.276112398444683896e-03
-8.426926387453726602e-03
-8.710118387443756965e-03
-8.208234662561810988e-03
-8.178787405167598987e-03
-8.297179859622999532e-03
-8.105452654881401681e-03
-8.627218268440286358e-03
-7.975972495112853070e-03
-8.558779961508984277e-03
-8.315649903138098639e-03
-8.143195050941872890e-03
-8.228691915674268831e-03
-8.456447279368976486e-03
-8.244176193075726175e-03
-8.108162440245220842e-03
-7.922942886470205059e-03
-7.980405722750412781e-03
-8.465542369858360464e-03
-8.074152537080768119e-03
-8.437797591797994642e-03
-8.536105049204585279e-03
-8.038011276337382952e-03
-8.624526041376550170e-03
-8.446648666037399888e-03
-8.361340781831677615e-03
-7.914449659280514346e-03
-8.433641306099054491e-03
-8.238777924020531176e-03
-8.098054099780266010e-03
-8.281867952693975840e-03
-8.204065198088077160e-03
-8.517177125432071755e-03
-8.099509948098385786e-03
-8.178609769539013988e-03
-8.287315397664881886e-03
-8.575570377677409553e-03
-8.161105855736828715e-03
-8.290227270188374117e-03
-8.313482907515667292e-03
-8.320646761854353160e-03
-8.122294823113902079e-03
-8.319597792808905087e-03
-8.393492910013195668e-03
-8.553482440798178613e-03
-8.186801653172143603e-03
-8.315775261871990315e-03
-8.049469178369451222e-03
-8.438120494312322320e-03
-8.012388276139341056e-03
-8.262490863793903531e-03
-8.465631948977914850e-03
-8.318559746124014678e-03
-8.397714309692761586e-03
-8.004798605545301871e-03
-8.016817473175329514e-03
-8.279321913815697667e-03
-8.490530970609430975e-03
-8.176245795819004833e-03
-7.995094288665263033e-03
-8.162484038218264723e-03
-8.520499458017168418e-03
-8.274470029036570806e-03
-8.426442662038857029e-03
-8.095076085586584355e-03
-8.194607885003027045e-03
-8.169346805765332134e-03
-8.173516017529244143e-03
-8.396083677227023090e-03
-8.472119271588215636e-03
-8.216938670550984550e-03
-8.334593638119289563e-03
-8.433546761882636938e-03
-8.471786699559042885e-03
-8.063197375963280719e-03
-8.096298722726354494e-03
-8.502558728006896424e-03
-8.572646728782254769e-03
-8.286281551018884542e-03
-8.237755784190243374e-03
-8.335186858092129975e-03
-8.221866997337146446e-03
-8.786874818668580917e-03
-8.258468186612613962e-03
-8.300502905969791775e-03
-8.553008803075001429e-03
-8.348701750460957305e-03
-8.041962779397004990e-03
-8.234814511314234031e-03
-8.427326619506148378e-03
-8.145601809440338251e-03
-8.091099716340153028e-03
-8.106152454241575059e-03
-8.382832527506149656e-03
-8.429793458561611955e-03
-8.408741168749470085e-03
-8.178299693563850434e-03
-8.439943810976489186e-03
-8.207344148598524208e-03
-7.867355072400347357e-03
-8.252289342953215631e-03
-7.948863083359406639e-03
-8.185511449086932054e-03
-8.561914912550466078e-03
-8.194181830409765291e-03
-8.483706280434637897e-03
-8.236618393842392097e-03
-8.206819898183266224e-03
-8.045516296393205938e-03
-8.582244238911369144e-03
-8.227580100471594549e-03
-8.487246186759689684e-03
-8.180431924746090627e-03
-8.155475426125288405e-03
-8.274763210667231139e-03
-8.483752908474315527e-03
-8.127039680857787649e-03
-8.472614989440295161e-03
-8.092574934318958954e-03
-8.441578112141282300e-03
-8.048357049628728985e-03
-8.157217945040881948e-03
-7.997219041515174834e-03
-7.861121094249521810e-03
-8.392633980018845627e-03
-8.227853663306035348e-03
-8.494122248727965091e-03
-8.389590287629087803e-03
-8.127658203330499417e-03
-8.052117899915603103e-03
-8.317868407191383873e-03
-8.446253149998516133e-03
-7.934758165764258311e-03
-8.116688581580346756e-03
-8.309319156531677283e-03
-8.394692227367604384e-03
-8.236304459755023830e-03
-8.356480006971369126e-03
-8.843443460123601857e-03
-8.528668445815157026e-03
-8.989865681798601613e-03
-7.948066476701907274e-03
-8.265582866734311543e-03
-7.979863598515799655e-03
-8.325508640692145731e-03
-8.314646105983180754e-03
-8.047303773431496374e-03
-8.518039787900503340e-03
-8.263115794586262802e-03
-8.459563685755113957e-03
-8.328930048203534928e-03
-8.026820322205167543e-03
-8.183201365304832581e-03
-7.841288558063487860e-03
-8.402319519270709872e-03
-7.962731863091007320e-03
-8.252007339265380118e-03
-8.187995785512217767e-03
-8.403379112514472449e-03
-8.582967174272995714e-03
-8.584892685648307445e-03
-8.402484700535322454e-03
-8.182369644683327656e-03
-8.073344381265726982e-03
-8.319076978518318358e-03
-8.218481742156606706e-03
-8.123940570761527952e-03
-8.390382218962251157e-03
-8.326180993133416516e-03
-8.192479159654280155e-03
-8.133596753941959093e-03
-8.664551940670282490e-03
-8.283703227639386407e-03
-8.439306885001279443e-03
-8.225000468488733590e-03
-8.547533240518335670e-03
-8.339677798460792477e-03
-8.522485907204913405e-03
-8.201766785572179447e-03
-8.332897017639550111e-03
-8.103825209533926932e-03
-8.132696874698069206e-03
-8.403817801684651881e-03
-8.356625237449328766e-03
-8.239247325162634555e-03
-7.990121429584110674e-03
-8.424597033693550369e-03
-8.086857945497646569e-03
-8.367090910636686488e-03
-8.282472630472549960e-03
-8.235591978210925895e-03
-8.022187222387261452e-03
-8.158036632941444502e-03
-8.256590139942265524e-03
-8.117089098283935752e-03
-8.497646745506888186e-03
-8.332750554897051798e-03
-8.173769280465674122e-03
-8.008907355712092599e-03
-8.427620681255697938e-03
-8.032422024591649029e-03
-7.756560148763974247e-03
-8.550618958446446621e-03
-8.220884787900084936e-03
-7.999156526913053442e-03
-8.263942769363197965e-03
-8.624572022718469955e-03
-7.692854734237732951e-03
-8.215784269592863939e-03
-8.694982966123632889e-03
-8.315490141493915577e-03
-8.331543256031146219e-03
-8.231146592903079012e-03
-8.489815763846404045e-03
-8.412625133296311453e-03
-8.368046997276102489e-03
-7.915185892466135645e-03
-8.344521369136086858e-03
-8.692585302660402885e-03
-8.004097498261688801e-03
-8.521238694161275759e-03
-7.894212005986191855e-03
-8.374562332924060173e-03
-8.020775216590239620e-03
-8.240692508514198614e-03
-8.192003769036376032e-03
-8.185212276142817683e-03
-8.184858999753061304e-03
-8.045138458916859664e-03
-8.843646673092207117e-03
-8.384661360489967588e-03
-8.386551669859149821e-03
-8.343971668901974115e-03
-8.113247157299581860e-03
-8.471126402173670064e-03
-7.948762577061247586e-03
-7.838159498501374653e-03
-7.973612889729659453e-03
-8.035920665257861167e-03
-8.414894467197535019e-03
-7.969701463871881053e-03
-8.210857702464099267e-03
-8.344053531105294005e-03
-8.083495961343691721e-03
-8.204824168764316208e-03
-7.993990734259695877e-03
-8.715777728150613662e-03
-8.258324636988858408e-03
-8.177077331697894455e-03
-8.088200891262465123e-03
-7.850599311127359758e-03
-8.014991182885258109e-03
-8.345958535974621131e-03
-8.082208635944812883e-03
-8.148367212797434297e-03
-8.135849647163385934e-03
-8.118661819976873834e-03
-7.892656128284320297e-03
-8.035679253942573999e-03
-8.628619795477958376e-03
-8.679073076295862679e-03
-8.250054945380088170e-03
-7.874455298484463531e-03
-8.116916881772818018e-03
-8.171611725421874112e-03
-8.289404668827817999e-03
-8.236942398024384854e-03
-8.183638753560243742e-03
-8.560865726388453695e-03
-8.598111655817751095e-03
-8.301610316192326727e-03
-8.526069250828150620e-03
-8.446978035372889465e-03
-8.216176047907589736e-03
-8.185546406459612637e-03
-8.446575167135395371e-03
-8.348250948232266780e-03
-8.836705929626867059e-03
-7.840591924494665771e-03
-8.498768165762737165e-03
-8.188942306270000082e-03
-8.241833525677099564e-03
-8.117920908205128114e-03
-8.377749894327005120e-03
-8.616735102745199867e-03
-8.017733128398157535e-03
-7.972024404766190481e-03
-7.854844264844760421e-03
-8.049355497118033595e-03
-7.983625320546920007e-03
-7.992233547770257601e-03
-8.588988093103771745e-03
-8.855614288764667927e-03
-8.335105092001122637e-03
-7.924001569239653639e-03
-7.949993099561189838e-03
-8.281683085863281515e-03
-8.308596321642519600e-03
-8.131279436959275991e-03
-8.283125603812464127e-03
-8.622376487723777336e-03
-8.068536676646299172e-03
-8.443264660806092808e-03
-8.408810197653684287e-03
-8.217886912055518550e-03
-8.202373314462245088e-03
-8.144601175755534703e-03
-8.177731110025374811e-03
-7.978005426808444309e-03
-8.248070902429448584e-03
-8.045838856477856987e-03
-8.878751090894839229e-03
-8.171428398780168287e-03
-8.089482996652118743e-03
-8.251577402013848817e-03
-8.562443336203618208e-03
-8.402751915947926850e-03
-8.473467810951134521e-03
-8.506232016756249889e-03
-8.325740108642362344e-03
-8.410517527530999085e-03
-8.032185545336049601e-03
-8.180283738493943080e-03
-8.294228792862583591e-03
-8.288708825571528341e-03
-8.307342404841119507e-03
-8.344512045856693552e-03
-8.330393154367244854e-03
-8.158584443386556612e-03
-8.350947835640344305e-03
-8.413327678192226294e-03
-8.449396952123601826e-03
-7.754289293484940490e-03
-8.426382634822135453e-03
-8.000801679592408483e-03
-8.421431425613506300e-03
-7.935827122403831327e-03
-8.046151774452741171e-03
-8.594560088131962886e-03
-8.117785633539922538e-03
-8.431813015953601095e-03
-8.385366449278617781e-03
-8.391036856082723094e-03
-7.856652735483200811e-03
-8.480509288503253196e-03
-8.405077150772074027e-03
-8.155150113199177361e-03
-8.181531828440873760e-03
-8.234903163345732788e-03
-8.176162995744770332e-03
-7.858151993680517061e-03
-8.124571115658420911e-03
-8.554296142269766576e-03
-8.494516042999953123e-03
-8.430816587971179388e-03
-8.342296656298847646e-03
-8.728475027542901415e-03
-8.225076151747168218e-03
-8.236208633761843423e-03
-8.558684064623159685e-03
-8.146631050623768730e-03
-8.536691189150668116e-03
-8.208940943170634982e-03
-8.233451345046082989e-03
-8.432577151636618321e-03
-8.058610537223773185e-03
-8.237536510995078012e-03
-8.186875078059461380e-03
-8.165980899910160046e-03
-8.047023856152954457e-03
-8.513097299820016756e-03
-7.976379440560862552e-03
-8.080223780060893576e-03
-8.311786222660851389e-03
-8.325485764431716368e-03
-8.401012577046701457e-03
-8.296323476355397381e-03
-8.200217344885593271e-03
-8.270814561470345508e-03
-8.260656800861332014e-03
-8.400936228511906786e-03
-7.973408654443838936e-03
-8.221933500397061306e-03
-8.263394921481608327e-03
-8.277195171946296823e-03
-8.245412593538383947e-03
-8.184252684776818082e-03
-7.944475135822024955e-03
-8.467882484536721002e-03
-7.916728534935076750e-03
-8.028878533249128591e-03
-8.078993648975242928e-03
-8.188939743482065090e-03
-8.432224175305459701e-03
-8.175760675913712819e-03
-8.138869062259457970e-03
-7.952173370589324733e-03
-8.631224913523036571e-03
-8.183633619506072363e-03
-8.323007411651293236e-03
-8.369767463462466500e-03
-8.320277998582007936e-03
-8.040250714704787194e-03
-8.248527850089395000e-03
-8.226458907128388759e-03
-8.207255058221120739e-03
-8.476805701634157475e-03
-8.053275968732839102e-03
-8.133756282345180888e-03
-8.516036348343905202e-03
-8.121180030858987653e-03
-8.607423468903920363e-03
-8.662682962631508901e-03
-8.341131244385135285e-03
-8.003000166319570660e-03
-8.298089013409667286e-03
-8.393999076258372091e-03
-8.265953226232884352e-03
-8.494772932306647942e-03
-8.188020232424911629e-03
-7.973275794224207388e-03
-8.270327921496159820e-03
-8.281671102017185496e-03
-8.330970284924837238e-03
-8.746299514646326337e-03
-8.060297411517711522e-03
-8.347814229743771158e-03
-8.318830085708897593e-03
-9.423786301072061347e-03
-8.448022126907558590e-03
-8.297851689604073683e-03
-8.285288990376329585e-03
-7.993914694617739597e-03
-8.309073522925114821e-03
-8.375184776711256870e-03
-7.859517218172554567e-03
-8.615365485855034852e-03
-8.705602337422336384e-03
-8.224400938306671710e-03
-8.491855518928254076e-03
-8.191887674286989218e-03
-8.415981290459388642e-03
-8.151949115125884868e-03
-8.432699633996254898e-03
-7.991821803612917177e-03
-8.228854927764929841e-03
-8.153264647082561489e-03
-8.182168472411660218e-03
-8.279678521577774411e-03
-8.454661274594262727e-03
-8.302996368971938060e-03
-8.219792810470588282e-03
-8.516169667177412791e-03
-8.197006046554929787e-03
-8.148339835253176622e-03
-8.275739477422093884e-03
-7.914338774190581363e-03
-8.265056010782263762e-03
-8.211159153630322866e-03
-8.147438954046268972e-03
-8.190147635655495306e-03
-8.081052781191493464e-03
-8.120822944215387931e-03
-8.088468881872258945e-03
-8.069091485965051644e-03
-8.639926853962573428e-03
-8.246544515737154121e-03
-8.098574902679910731e-03
-8.196099491962224523e-03
-8.631941613442335737e-03
-8.080574470614576912e-03
-8.298212099845566833e-03
-8.695702234480556098e-03
-8.237644974303988746e-03
-8.491701741843894410e-03
-8.054016614938997939e-03
-8.048989036861084814e-03
-8.296831624896595578e-03
-8.212149940409597601e-03
-8.019704746689762867e-03
-8.292011734340338711e-03
-8.410151717505599464e-03
-8.223869123776709339e-03
-8.268204641679060066e-03
-8.040417934943967088e-03
-8.217551586992629872e-03
-8.153611488092574883e-03
-8.292980639971182094e-03
-8.068077161871490058e-03
-8.184152992563037063e-03
-8.040531031506597745e-03
-8.797880740180886311e-03
-8.216437430476642226e-03
-8.158565956122574778e-03
-8.209040933753216154e-03
-8.385871003096888668e-03
-8.189407775068728926e-03
-8.122212814120540261e-03
-7.697099788037417220e-03
-8.043561982629033116e-03
-8.755824526549419243e-03
-8.347281017209782009e-03
-8.319966801785634233e-03
-8.240147961647412492e-03
-8.010628993811341053e-03
-8.065842151723833300e-03
-8.321799254527391734e-03
-8.264889393564447614e-03
-7.779658311640185939e-03
-8.112883676732384960e-03
-8.331326235603581792e-03
-8.761287004547528567e-03
-8.221872295573483952e-03
-8.298898853985629473e-03
-8.318432044418610019e-03
-8.196113543189548559e-03
-8.666009549334805634e-03
-7.994819028234423711e-03
-8.084403204415183120e-03
-8.055374307599401373e-03
-8.084527152930323993e-03
-8.653258729403472127e-03
-8.270429499156625036e-03
-8.591684496158491502e-03
-8.544974760357856858e-03
-8.106555847125333086e-03
-8.124949113526822725e-03
-8.069247182633632054e-03
-8.212315512322727190e-03
-8.460200767930605575e-03
-8.174767499845428387e-03
-8.194890757332132583e-03
-8.047871194966039685e-03
-8.306045951687089993e-03
-8.535127762747616795e-03
-8.009333988192063325e-03
-8.303532966366823989e-03
-8.427252123313943785e-03
-8.385351321737830044e-03
-8.956630429188103606e-03
-8.202150892063291357e-03
-7.967132245293282247e-03
-8.105776503171574152e-03
-7.903727093210397014e-03
-8.281638806776205758e-03
-8.296636276547624672e-03
-8.156129881819778465e-03
-8.511970669811881954e-03
-8.281055614545890578e-03
-8.404834862115947991e-03
-8.292698036212485524e-03
-8.407051284803490274e-03
-8.006445357620952871e-03
-8.181413698712241070e-03
-8.444615975563686192e-03
-8.322195054649790882e-03
-8.247068350664148520e-03
-8.116785876442876232e-03
-8.137669920520626890e-03
-8.279946644560763971e-03
-8.528536462524886202e-03
-8.298367138236430185e-03
-7.996974097587759497e-03
-7.931428476849317760e-03
-8.312569223432719062e-03
-8.120248556365812845e-03
-8.031010124947860970e-03
-8.205413643929760151e-03
-8.071181279756102153e-03
-8.475615221536990720e-03
-8.077522764265071542e-03
-8.070040512173750138e-03
-8.183142708694118167e-03
-8.177127309789297693e-03
-8.181907984123229505e-03
-8.245625108201476774e-03
-8.098165915540392681e-03
-8.426578760502232909e-03
-8.385739714707494269e-03
-7.792338141672529826e-03
-8.372218952551278154e-03
-7.997076480912209892e-03
-8.001037018205084048e-03
-8.532907985389219171e-03
-8.204295658801536231e-03
-8.534831090577359516e-03
-7.897477685448595422e-03
-8.301149789225723691e-03
-8.324498425153632405e-03
-8.179518544508957226e-03
-7.998465379931552974e-03
-8.389445863663384448e-03
-8.310817610972926622e-03
-8.279212772153978980e-03
-7.736022599004029054e-03
-8.465309861212241133e-03
-8.695579446112326055e-03
-8.148463113255770968e-03
-8.263987152999512781e-03
-8.355487085573808440e-03
-8.214156692252269631e-03
-8.994769136284367153e-03
-8.328367272622667211e-03
-8.879632696053820634e-03
-8.149308333560773693e-03
-8.085509339049305397e-03
-8.106570049721052371e-03
-8.603080751382668687e-03
-8.347651624958802793e-03
-8.385849872294057206e-03
-8.355252291603726053e-03
-8.250445366260135416e-03
-8.799727932565708927e-03
-8.222760512811153749e-03
-8.078194320862059491e-03
-7.964537898475785790e-03
-8.208754931700526156e-03
-8.374139129980003385e-03
-8.132112669544668340e-03
-7.954847725999067420e-03
-8.017085857585025746e-03
-8.300099322759723480e-03
-8.445520686474248737e-03
-8.170318542643750445e-03
-8.191638545576602343e-03
-8.098382845173900807e-03
-8.471437610999424730e-03
-8.046580690630666596e-03
-8.313124462455618799e-03
-8.432256327120364603e-03
-7.900201814378657317e-03
-8.181081114238415372e-03
-8.305319747299189787e-03
-8.280503390002824995e-03
-8.309910430634309675e-03
-8.148645308620911312e-03
-8.720778322234003579e-03
-8.387141520389895105e-03
-8.258457068606369147e-03
-8.233686628219872433e-03
-8.515448957947037781e-03
-8.150683722083326005e-03
-8.344503774688911621e-03
-8.760934332810001515e-03
-8.691858810860030385e-03
-8.204350241262555951e-03
-8.242380475290033565e-03
-8.275111696988367987e-03
-8.341111784521447817e-03
-8.412778944266062139e-03
-8.733946136557575388e-03
-8.480755870970347471e-03
-8.326667363688370488e-03
-8.103784767514774987e-03
-8.317799496944019641e-03
-8.014719038162599826e-03
-8.143083923987520789e-03
-8.333778185281307677e-03
-8.110417481085121366e-03
-8.356032609179209897e-03
-8.305794570850061689e-03
-8.250155319099986354e-03
-8.564869780029370216e-03
-8.087300597865422491e-03
-8.295200531808306563e-03
-8.309011809638600782e-03
-7.896533690890347387e-03
-8.266024334155876868e-03
-8.220082651017184688e-03
-8.042941554805175391e-03
-8.725035884803864633e-03
-8.024224759243836144e-03
-8.310804660337359207e-03
-8.035462884618810656e-03
-8.192188912027017697e-03
-8.206133731810847168e-03
-8.221127990702277108e-03
-8.490769461322628109e-03
-8.082469879176551117e-03
-8.562014384721280610e-03
-8.098974407051940869e-03
-7.943918371269360207e-03
-7.907788843765691661e-03
-8.120264697548260774e-03
-8.018199132460013603e-03
-8.425576042098282051e-03
-8.220758344390408437e-03
-8.508469912173575664e-03
-8.004039724248471210e-03
-8.451948001839930044e-03
-8.188978303819297380e-03
-8.524962476535030698e-03
-8.229329544201590546e-03
-8.152598391446367124e-03
-8.850718859151129186e-03
-8.187854236749076559e-03
-8.176261375207251325e-03
-8.545226912657013715e-03
-8.301084899494718533e-03
-8.169986900620670664e-03
-8.143595936762912033e-03
-8.297028826687277356e-03
-8.416773668067359035e-03
-8.435947429632681058e-03
-8.347088734694909848e-03
-8.397512173680331607e-03
-8.059641941283574723e-03
-8.189144379193149734e-03
-8.360275294422290712e-03
-7.831379294356441423e-03
-8.509250791539937214e-03
-8.496663283888126333e-03
-8.153206204049809683e-03
-8.438158160321116916e-03
-7.937125341296856831e-03
-8.141889363537276048e-03
-8.212892729201890993e-03
-8.615575845969974944e-03
-8.175683711273844939e-03
-7.959757042588432377e-03
-8.296314954153382118e-03
-8.921705808493008913e-03
-7.690893298423188799e-03
-8.155487056541677049e-03
-8.258710668669365373e-03
-8.467102020419758554e-03
-8.372753591493210454e-03
-8.172199246920332921e-03
-8.796485029430685040e-03
-8.199330410731881999e-03
-8.124790288851286429e-03
-8.501013495815345350e-03
-8.360254751013125943e-03
-7.938751363073495715e-03
-8.410111236336068399e-03
-8.251748574417155924e-03
-8.469069917565689304e-03
-7.873391159222108138e-03
-8.037333126654952822e-03
-8.410890643796043245e-03
-7.850452933193469499e-03
-8.269531727520021760e-03
-8.464956398462135725e-03
-8.457528276551639843e-03
-8.117255243215756866e-03
-8.361057368058645925e-03
-8.447725567690101203e-03
-8.387981283523625667e-03
-8.694858443651551014e-03
-8.384273211320547245e-03
-8.331755997844912318e-03
-8.585128909185630458e-03
-8.094609150468492706e-03
-8.322623465515923899e-03
-8.246525548921546447e-03
-8.282304982435274507e-03
-8.654985281714325934e-03
-9.013153277722809470e-03
-8.576052967730698334e-03
-8.011750509799875700e-03
-7.803287141889421984e-03
-8.125218945424575456e-03
-8.332460047304836998e-03
-8.821044319132432393e-03
-8.602247783959902569e-03
-7.972488512006442249e-03
-8.002061639413466168e-03
-8.183420548064557556e-03
-8.352250418617892386e-03
-7.955065198745033331e-03
-8.061357160205753075e-03
-8.441954831211209015e-03
-8.396896692592161621e-03
-8.080014778360235586e-03
-7.977092355897701798e-03
-8.317643570366016134e-03
-8.309496090784370889e-03
-8.394364471063122182e-03
-8.641764028843533160e-03
-8.417691797497184325e-03
-7.969820300617833433e-03
-8.272611060371437910e-03
-8.316748597252720046e-03
-8.377360860433245848e-03
-8.687683702455263959e-03
-8.202689387097039306e-03
-8.578473287006638595e-03
-8.428279442784574957e-03
-8.275099023934827380e-03
-8.304495662269720246e-03
-8.329189616148197431e-03
-8.505117260816149466e-03
-8.266969352580028421e-03
-8.260461482194354083e-03
-8.053512754282106043e-03
-8.250984087502655565e-03
-8.485688341019880648e-03
-8.005047275597429804e-03
-8.182512834172319185e-03
-7.841614284139564531e-03
-8.142029879125434189e-03
-8.437849075381807437e-03
-8.223234539682931429e-03
-7.996965909532938524e-03
-8.316992183969034932e-03
-8.219482905744241938e-03
-8.188433121366743214e-03
-8.116047251726387496e-03
-8.184432840355623795e-03
-7.886556621292773600e-03
-8.846164079702418387e-03
-8.559489460005434772e-03
-8.300636914188964238e-03
-8.120442327047448436e-03
-8.367155706265698087e-03
-7.993698425942918559e-03
-8.363806993185942881e-03
-8.122875190254326069e-03
-8.729232791851756004e-03
-8.228340323897159747e-03
-8.233836738941749389e-03
-8.110651483441611367e-03
-8.280531305951610230e-03
-8.405874006710849569e-03
-8.267212686698647076e-03
-8.127093051543668803e-03
-8.110079978817841956e-03
-8.953625757206767552e-03
-8.926796257416302546e-03
-8.417381756079461014e-03
-8.503346304425318455e-03
-8.485112507661147010e-03
-8.051160206871089617e-03
-8.368220876739317429e-03
-7.835638587844154235e-03
-8.377605153360303397e-03
-8.538547989557797313e-03
-8.150707644210690092e-03
-8.240127867621472799e-03
-8.202196615003818844e-03
-8.539834131736340206e-03
-8.429746219596681231e-03
-8.096591612018524606e-03
-8.298118199335622822e-03
-8.090354196449890331e-03
-8.654792119707066869e-03
-8.156126053826274688e-03
-8.254654812594372157e-03
-8.614807350627326152e-03
-8.224989295030946113e-03
-8.106049649703394103e-03
-8.676374311444459350e-03
-8.643692237911473203e-03
-7.979129192657256203e-03
-7.834320994785298059e-03
-8.466268187731617462e-03
-8.040038280399491172e-03
-8.327658327149557380e-03
-8.567158131651530020e-03
-7.974322314208462034e-03
-8.006849183067252240e-03
-8.773772040348154500e-03
-7.905931827956404548e-03
-8.249714924542071379e-03
-7.736199807031736604e-03
-8.548919961314207366e-03
-8.472929444281856667e-03
-7.809742420319619113e-03
-8.230586352154612567e-03
-8.455149653514007144e-03
-8.133368756309560313e-03
-8.375586311773718790e-03
-8.081730423760750959e-03
-8.139674496061366851e-03
-8.233986861462859810e-03
-8.318425501421868387e-03
-8.768820872225914845e-03
-8.573654817568910139e-03
-8.469533921038479435e-03
-8.494366214874574453e-03
-8.056215704962272836e-03
-8.646775359508392447e-03
-8.394151827773249988e-03
-8.624824406104739799e-03
-7.891973258905197672e-03
-8.962863698343327343e-03
-7.982384985816584969e-03
-8.223218107844250044e-03
-8.342655040483102150e-03
-8.376912627012169862e-03
-8.771582793726586183e-03
-8.210555198885105890e-03
-8.314971291901143008e-03
-8.307835745795365961e-03
-8.768359011928735652e-03
-8.357840366962942732e-03
-8.411748088778370214e-03
-8.287445522914504287e-03
-8.170588583785467346e-03
-8.696705000331721516e-03
-8.574317408636572199e-03
-8.123382026064969799e-03
-8.103477312052588186e-03
-8.743358402747177308e-03
-8.288087251264271080e-03
-8.353728919879187947e-03
-8.255240644924667984e-03
-8.198451404631561593e-03
-8.333418802306783932e-03
-8.387635820440641696e-03
-8.090571738253893308e-03
-8.422081880955162650e-03
-8.388034432397526580e-03
-8.096137609282714337e-03
-8.204865377829271764e-03
-8.599773220477101646e-03
-8.244931434607988968e-03
-8.410610869385161739e-03
-8.312173137498870754e-03
-8.300970394387990545e-03
-8.883063177349909134e-03
-8.272604489024117450e-03
-8.363055259385134346e-03
-8.240379636526282137e-03
-8.558531106254348500e-03
-8.269405433392022428e-03
-8.381056990933308942e-03
-8.058243750507067607e-03
-8.252500778452308977e-03
-8.010440804957033936e-03
-8.984770971628747507e-03
-8.574737410449546557e-03
-8.345668506327523842e-03
-8.187232847523975496e-03
-8.759745308387693191e-03
-8.289543960385871435e-03
-8.640633138539185326e-03
-8.202668022226525940e-03
-8.509695916912321523e-03
-7.935789676975961784e-03
-8.358673442755960858e-03
-8.039429366933055834e-03
-7.875595425743219316e-03
-8.427793221753372005e-03
-8.207850944941372587e-03
-8.035083046924736822e-03
-8.231175007264324855e-03
-7.733178086823262395e-03
-8.185802459020608685e-03
-8.329670812333394084e-03
-8.484368179613703195e-03
-8.151913170967266600e-03
-8.260477223545626899e-03
-8.123822397495655476e-03
-8.279172156368469829e-03
-8.133119246602668259e-03
-8.245916442240859220e-03
-8.069930440061948151e-03
-8.292340353949548964e-03
-8.612685584707237621e-03
-8.280265826976319216e-03
-8.409105655075934521e-03
-8.101625487372419651e-03
-8.067689948646396964e-03
-8.426019324465327739e-03
-8.072377519482113947e-03
-8.225613908209059716e-03
-8.133664553501174233e-03
-8.298663934737814454e-03
-8.220222492712550566e-03
-9.551464875603769139e-03
-8.199126779199103834e-03
-8.263087419755383786e-03
-8.149126672212517880e-03
-7.600433289953680178e-03
-8.529641666495906341e-03
-8.463188263428397112e-03
-8.428632925524006531e-03
-8.374271315722396983e-03
-8.736847930044786686e-03
-8.310481398569335293e-03
-8.711000560108889818e-03
-7.776077090407563543e-03
-8.142289424095861330e-03
-8.124059801472379230e-03
-8.054741813504103301e-03
-8.287796660057232881e-03
-8.040308662102915380e-03
-8.512657311909558808e-03
-7.906375560195851721e-03
-8.110320887286888783e-03
-8.434479213614010096e-03
-8.401645391468516577e-03
-8.282064197901044950e-03
-8.241974326244523585e-03
-8.435150010287148503e-03
-8.317057026957187446e-03
-8.162494658429941818e-03
-7.996673557831257897e-03
-8.390474585971793853e-03
-8.276111201344051732e-03
-8.287216800291392210e-03
-8.008748113078310166e-03
-8.501192514109110615e-03
-8.317594308557441085e-03
-8.241037128727020031e-03
-8.089720601392121763e-03
-7.896958017008360795e-03
-8.156180080077063757e-03
-8.324525045420364672e-03
-8.045349896396155470e-03
-8.260867386622463074e-03
-8.227618939631229505e-03
-8.503441431744179074e-03
-8.182610805547734303e-03
-8.302000566740797005e-03
-8.271279909051163642e-03
-8.408452810280887812e-03
-7.994444494756846459e-03
-8.421573224837572078e-03
-8.009669709112854016e-03
-8.712243067368039690e-03
-8.079041491505825970e-03
-8.302542315563281664e-03
-8.145317329433300960e-03
-8.443067455609878230e-03
-8.193802315103514491e-03
-8.216869265184414267e-03
-8.144863449425642984e-03
-8.452460914618186924e-03
-8.225492559225902611e-03
-7.859386409399812118e-03
-8.167976141208874857e-03
-8.099926341341679228e-03
-8.086492814626941236e-03
-8.042603215775923770e-03
-8.116089258500434542e-03
-8.409035683348315901e-03
-8.269561875417507507e-03
-8.069210089757309495e-03
-8.314272552866777688e-03
-8.275652096933535512e-03
-8.310479999055235198e-03
-8.068179040306128202e-03
-8.271744252044868628e-03
-7.948337066954778291e-03
-8.013594876087016053e-03
-8.454893224163062895e-03
-8.482751606296039595e-03
-8.348186381353248087e-03
-8.267502369437173051e-03
-8.411345396259253468e-03
-8.587777348745117417e-03
-7.938086979698260465e-03
-7.905655015342277075e-03
-7.779720350235025395e-03
-8.129640843335207701e-03
-8.063365134687356175e-03
-8.263953772942072423e-03
-8.642470963229903144e-03
-8.417909881174452311e-03
-8.517364854292965720e-03
-8.130628877586811368e-03
-8.490826721109649353e-03
-8.350860307785229475e-03
-8.459946192708480556e-03
-8.137483638204712211e-03
-8.181196529782682955e-03
-8.300886221173383803e-03
-7.953973289712895633e-03
-8.457154611632046806e-03
-8.314890928813186213e-03
-8.136804344014361354e-03
-8.097303543025374806e-03
-8.510957595087390373e-03
-8.334425231322471067e-03
-8.039264074546971853e-03
-7.910486532561090273e-03
-8.657858846516004042e-03
-8.130818966827881369e-03
-8.174022787886947930e-03
-8.331539053641217121e-03
-8.473503403317737132e-03
-8.411424391154031718e-03
-8.298986536924001303e-03
-8.225289118536149857e-03
-8.166713258915511350e-03
-8.062072416303463912e-03
-8.199925061787589203e-03
-8.262808534345873063e-03
-8.336853651247810859e-03
-8.007998273376235390e-03
-8.470547515564820149e-03
-8.438001224578014700e-03
-8.121978369549271576e-03
-8.256717852345505163e-03
-8.297492255448703918e-03
-8.256113655553292893e-03
-8.156838253600503033e-03
-8.224859556959538548e-03
-8.286833481440302948e-03
-8.581860562801709932e-03
-8.122137614338185985e-03
-8.284661950623665311e-03
-8.487506207616726459e-03
-7.975042320419466896e-03
-8.135701930729271822e-03
-8.095518770378605858e-03
-8.219346364944689690e-03
-8.070027491684114013e-03
-8.452739996322396893e-03
-8.248942708363965134e-03
-7.767303222720493665e-03
-8.239839003719089811e-03
-8.182830003301446234e-03
-8.240371391996539202e-03
-8.458410285368655329e-03
-8.212788060515207808e-03
-7.951179846330791098e-03
-7.816109423814814744e-03
-8.122782270926512393e-03
-8.300400001355954724e-03
-8.622422133035398048e-03
-8.159166598067918788e-03
-8.248096337969400629e-03
-8.306059736134975210e-03
-7.999595651104281571e-03
-8.730456798843277272e-03
-8.569584256871386890e-03
-8.550827948027707112e-03
-8.373746280593627814e-03
-8.330857378773190436e-03
-8.381237157617618325e-03
-8.336499787159017474e-03
-8.059536919530787408e-03
-7.965693000139951671e-03
-8.325620192657302160e-03
-8.346190644979423895e-03
-7.950959527367832194e-03
-8.319698011894615872e-03
-8.104764062202838779e-03
-8.241696276889911785e-03
-8.453949004702417808e-03
-8.180256092247409697e-03
-8.401833450924678717e-03
-8.530530630590072924e-03
-8.378659918994477845e-03
-7.939273742686462840e-03
-8.220366785679269692e-03
-8.208122591402484264e-03
-8.300160400321303020e-03
-8.301364008821754403e-03
-8.449996754759995371e-03
-8.013570924379887980e-03
-8.599716703890552053e-03
-8.357853134652171515e-03
-8.399906565727916288e-03
-7.983992432445023019e-03
-8.073467402171146182e-03
-8.026763908129664477e-03
-7.997614721401457780e-03
-8.069416706994863089e-03
-8.343939313233546609e-03
-7.923244169110284230e-03
-8.149395869704239431e-03
-7.985009092263023120e-03
-8.153608513484313786e-03
-8.282262514568820150e-03
-8.238155763763466144e-03
-8.060370074994004791e-03
-8.309479543818882111e-03
-7.926125768920594741e-03
-8.383867336557439612e-03
-8.314356369672204483e-03
-8.463691606569076833e-03
-8.115076027227344224e-03
-7.958178785586406470e-03
-8.352289497640653232e-03
-8.127013577182906276e-03
-8.184388081543782917e-03
-8.487135821018685147e-03
-8.138401016709470581e-03
-8.267540521585335991e-03
-8.196999290656368717e-03
-8.251824919418105503e-03
-8.152425971842555685e-03
-8.741252388719675942e-03
-8.306109936023970894e-03
-8.448442379602219901e-03
-8.151554656273655303e-03
-8.092980808076848109e-03
-8.163583472770009203e-03
-8.490126252563614737e-03
-8.334414093128569151e-03
-8.397173541207548358e-03
-8.195835137294842435e-03
-8.074101588140905963e-03
-7.890563435926862060e-03
-8.360895299911106499e-03
-8.186000460018596700e-03
-8.228472362428419437e-03
-8.107445616179095177e-03
-8.366881372432629499e-03
-8.390951904720838836e-03
-8.329730937144457989e-03
-8.613302680022373245e-03
-8.238466508265993374e-03
-8.112570850706447498e-03
-8.347687836894686700e-03
-8.085750173383638231e-03
-8.391400495693836920e-03
-8.485019355875039401e-03
-8.563967405113859580e-03
-8.045872174972417551e-03
-8.197812328476482627e-03
-8.030219724881087345e-03
-7.942264529430585404e-03
-8.336321599804930385e-03
-8.498837934504975544e-03
-8.270433233235421205e-03
-8.026476806804331079e-03
-8.361551106175988193e-03
-8.836083576267399903e-03
-8.312837547304234923e-03
-8.521399547661614657e-03
-8.181785273710193845e-03
-8.097276473673913066e-03
-8.075109534881493717e-03
-8.271528777871014343e-03
-8.324755614578776414e-03
-8.207136506397157139e-03
-8.403632115943178091e-03
-8.093798780133281898e-03
-8.327499385870150428e-03
-8.371831191138557823e-03
-8.205346785088548506e-03
-8.025609613244326368e-03
-8.409129415035004190e-03
-7.952565080372831635e-03
-8.246314025168496875e-03
-8.401180202120474283e-03
-8.223256928077989428e-03
-8.687719769602074774e-03
-8.307968133617862211e-03
-8.189842747597844003e-03
-8.223988360228702554e-03
-8.698124416805518705e-03
-8.302518741073313877e-03
-8.032490259076577668e-03
-8.013199162905675424e-03
-8.450904448707368538e-03
-8.432291424234548277e-03
-7.999368280835418912e-03
-7.912275213429333098e-03
-8.250281258731744297e-03
-8.163984334485912056e-03
-7.852489332468950631e-03
-8.514534895991328692e-03
-8.313574625186974029e-03
-8.365496631496155758e-03
-8.074971760251998740e-03
-8.367211755178507668e-03
-8.648548287037200258e-03
-8.307379854596931568e-03
-8.468188776752134592e-03
-8.420646283452475414e-03
-7.803732919936963268e-03
-8.195175389175853725e-03
-8.029592760004717472e-03
-8.380832118350471302e-03
-8.471828529037458630e-03
-8.361313021619201646e-03
-8.132352193550131461e-03
-8.445517906718805548e-03
-8.081965206209195535e-03
-8.630859951971622465e-03
-8.156870147994398079e-03
-8.072846386037901140e-03
-8.300194083417786889e-03
-7.939552924926755739e-03
-8.505019565168778911e-03
-8.703986406619857938e-03
-8.205044703667117509e-03
-8.300758488772128768e-03
-8.414686960228521043e-03
-8.233192890389312915e-03
-8.233560942939949223e-03
-8.128567654287517999e-03
-8.415492531601221488e-03
-8.399252907246357314e-03
-8.370696417468409187e-03
-7.928809694421754678e-03
-8.018736009771909243e-03
-8.309931485618277797e-03
-8.267053274320120340e-03
-8.113148014817555750e-03
-8.523931803696331924e-03
-8.296621331713277189e-03
-8.380476302524570917e-03
-8.192177964049149677e-03
-8.820158762320659540e-03
-8.310995547856442345e-03
-8.640111340468843021e-03
-8.106788665059708882e-03
-8.640713537370553823e-03
-7.918937292386206417e-03
-8.147712797868734286e-03
-8.058286161726718397e-03
-8.065157940278669044e-03
-8.310601509417309476e-03
-8.271654464919895797e-03
-8.754915163853464050e-03
-8.633237372371730875e-03
-8.250689569082121991e-03
-8.296697073057609020e-03
-8.063056004523286996e-03
-8.153725339511048303e-03
-8.211277106989951086e-03
-8.388343398001391754e-03
-8.229195861432066217e-03
-8.040223947157261464e-03
-8.005332698397905900e-03
-8.185501574237230224e-03
-8.072559154045633872e-03
-7.791682752377630979e-03
-8.351835677154811552e-03
-8.015975582899561788e-03
-9.073468368406317069e-03
-8.224551035866120921e-03
-8.509425887685054951e-03
-8.403413809094472178e-03
-7.894697989146229333e-03
-8.033368619767892321e-03
-8.430241897881413093e-03
-8.403609871132797227e-03
-8.189980806897078150e-03
-7.784026718489434060e-03
-7.908634264015865917e-03
-8.139440293971221888e-03
-8.219532902269061428e-03
-8.246051432385664501e-03
-8.257410216318917390e-03
-8.560338752406661950e-03
-7.865946072721815077e-03
-8.300549524758492684e-03
-8.298707770678117462e-03
-8.236692689258527308e-03
-8.375291142541416156e-03
-8.099944389480270499e-03
-8.824192725756602185e-03
-8.005313823265391635e-03
-7.977132820667264673e-03
-8.336309474220310670e-03
-8.666776167103203837e-03
-8.029591572673076480e-03
-8.283778085958311971e-03
-8.394863791404614389e-03
-8.838828449986376248e-03
-8.256345039405428576e-03
-8.150870035665693653e-03
-8.259300123310745964e-03
-8.348241195683517302e-03
-8.365137079052958544e-03
-8.446685795266544242e-03
-8.907843209341173227e-03
-8.474406536288026440e-03
-8.530639965838674246e-03
-8.595720649040102315e-03
-8.129458810630877524e-03
-8.203011745829644208e-03
-8.245971336426098294e-03
-8.287962576787991781e-03
-8.527363506775883020e-03
-8.611640202913349584e-03
-8.199348664501270381e-03
-8.153579290908480673e-03
-8.261007081957474560e-03
-8.256716055731814011e-03
-8.039485790711614968e-03
-8.100418580600588295e-03
-8.226131266231983749e-03
-8.323719646193366434e-03
-8.025086488528461459e-03
-8.060788018153087695e-03
-8.448148964947556697e-03
-8.394754079715708792e-03
-8.797824998571384530e-03
-8.457106673594309496e-03
-8.567911343936874743e-03
-8.343941918285560991e-03
-8.131602681112546499e-03
-8.268444517948126890e-03
-8.379050446950048886e-03
-8.191741532134933987e-03
-8.154481503781950066e-03
-8.140814218820163067e-03
-8.253765821583994994e-03
-8.337385175025699771e-03
-8.258060401541167730e-03
-7.985000711812956578e-03
-8.150076592935120295e-03
-8.183713772637121395e-03
-8.313166390199312403e-03
-8.346839017654183665e-03
-7.916034710193229490e-03
-8.274950392493922446e-03
-7.842715036780380927e-03
-8.581037328705921549e-03
-7.939391712763480685e-03
-8.315512875574570043e-03
-8.131369777631099541e-03
-8.100601947510308737e-03
-8.347443887663981779e-03
-8.640132806619904571e-03
-9.069387153703830848e-03
-7.774726879937128403e-03
-8.608264809869358228e-03
-8.498889982908172311e-03
-8.219460806754364315e-03
-7.965605767098418374e-03
-8.497003640555120599e-03
-8.455270228116934170e-03
-8.475909562143580170e-03
-8.197173148093709477e-03
-8.302453092617328306e-03
-8.345255732473444085e-03
-7.722333627014041878e-03
-8.459058642682672907e-03
-7.859318208035551145e-03
-8.479715114277841179e-03
-8.626157067915597373e-03
-8.299412993545814132e-03
-8.242030716765347612e-03
-8.787476999155168986e-03
-8.691590378403309461e-03
-8.162248848277488603e-03
-8.249774976164272328e-03
-8.166414153784998936e-03
-7.982298222176220648e-03
-8.360992845524117117e-03
-7.872786948755735106e-03
-8.555048115303505452e-03
-8.149015764630026734e-03
-8.452108104269126163e-03
-8.028964242672907356e-03
-8.174493137774295135e-03
-8.035919484256349304e-03
-8.341323638022622028e-03
-8.308371444748090945e-03
-7.984473898413228105e-03
-8.310344744647783430e-03
-8.078540831613498924e-03
-8.285327961079239079e-03
-8.290789957883690567e-03
-8.440850752449310934e-03
-8.455813726554474094e-03
-8.382288232112632825e-03
-8.267418191206068676e-03
-8.240430943437387218e-03
-8.110252142369987413e-03
-8.320607537826919115e-03
-8.204938634789318494e-03
-7.870240167049808583e-03
-7.789525130012672771e-03
-8.190127657266106295e-03
-8.105431185094260846e-03
-8.353197878117304270e-03
-8.195190508585597014e-03
-8.851587414791911926e-03
-8.089635597635976699e-03
-8.311091814948776482e-03
-8.328949069504558780e-03
-8.251640847729196926e-03
-8.086213333569377062e-03
-8.418922468189038444e-03
-8.405271358216203845e-03
-7.835281256618878420e-03
-8.478020845763821131e-03
-8.378165655857122002e-03
-8.005571043280888810e-03
-8.545321044051050821e-03
-8.141979942087687952e-03
-7.831453925519017700e-03
-8.148844924631774497e-03
-8.273353365720046912e-03
-8.284885229540307414e-03
-8.400513470449798986e-03
-8.316889351350444451e-03
-8.511840981766627748e-03
