5.768603830807893518e-01
5.814051844818675097e-01
5.799601482160033905e-01
5.764656622321074897e-01
5.767654812276067355e-01
5.784435026161734994e-01
5.781574290129133376e-01
5.749841915418072436e-01
5.745412221244805551e-01
5.742073915538062900e-01
5.738714986507791327e-01
5.747462648373505845e-01
5.753491042676860401e-01
5.807961958945802028e-01
5.740929683843616349e-01
5.740830654212422113e-01
5.710746508384504372e-01
5.781195865621585606e-01
5.714733890019569884e-01
5.728513719452850150e-01
5.816518608134744195e-01
5.737200255433207996e-01
5.735701468443699103e-01
5.803217500340924762e-01
5.757264147623759598e-01
5.734769128155851048e-01
5.725527114222638270e-01
5.724432700821867614e-01
5.799165546927905757e-01
5.738729617087816592e-01
5.746159597682420905e-01
5.755214234158483322e-01
5.721798825479879058e-01
5.737189600344857476e-01
5.726416284593192074e-01
5.713657145455276476e-01
5.705184816495477707e-01
5.696175879155708222e-01
5.740526238365868394e-01
5.737441324353012018e-01
5.724817818862477647e-01
5.722153151195469301e-01
5.739092241840069164e-01
5.731715487511787055e-01
5.747392133503669287e-01
5.735808664095470855e-01
5.738521732289953992e-01
5.735081764094783763e-01
5.725732516227698410e-01
5.730350825543615301e-01
5.728976011456244910e-01
5.710844683558670143e-01
5.705275112381503755e-01
5.716635638641134332e-01
5.712177240085941632e-01
5.705636759138525971e-01
5.719270075955772414e-01
5.712256044195626048e-01
5.730270729059026014e-01
5.726694108503588287e-01
5.711371864926398922e-01
5.737868094941597219e-01
5.695942615996157921e-01
5.705538153340242724e-01
5.706010471224586267e-01
5.698291982332059913e-01
5.686217710182067675e-01
5.710802660599133551e-01
5.689382887103879849e-01
5.705118615392902326e-01
5.705415558044045765e-01
5.736088988342861184e-01
5.714108121733550982e-01
5.694855205632417539e-01
5.687258414926089634e-01
5.697894120379681793e-01
5.711980684648247930e-01
5.714338539768600844e-01
5.701236905715499903e-01
5.707794268241043190e-01
5.677140149576734851e-01
5.697291355412301694e-01
5.715554433208581697e-01
5.717221751226296833e-01
5.700195071957192550e-01
5.690773714228499758e-01
5.694294157366360798e-01
5.697291906143927553e-01
5.697105665671291508e-01
5.694475602632096400e-01
5.687105393799761766e-01
5.696584097020891413e-01
5.701451662926678710e-01
5.690649495863897567e-01
5.692684721533363135e-01
5.698532461598340149e-01
5.701343998611795305e-01
5.703179151785703338e-01
5.702657201359677686e-01
5.706652456766626580e-01
5.716097766477313824e-01
5.689117931968484809e-01
5.690697528495153312e-01
5.701905180089921199e-01
5.691033738186935809e-01
5.710488794887287334e-01
5.714015184598381092e-01
5.694768907179150741e-01
5.690867208651200215e-01
5.684702265229536478e-01
5.695803931160734468e-01
5.700195056413801531e-01
5.685095002804807507e-01
5.696309205290496225e-01
5.705351086968839525e-01
5.698257430385319511e-01
5.677613616570658106e-01
5.694555009650329458e-01
5.689436870992291562e-01
5.694431895908063090e-01
5.692927550225691524e-01
5.685185282503917303e-01
5.700488792351567913e-01
5.700594689057277842e-01
5.691376391362854559e-01
5.690942084586015914e-01
5.689055112849513707e-01
5.698561789073725015e-01
5.687282419446972881e-01
5.689150623936106710e-01
5.684890842526952870e-01
5.689052647609065261e-01
5.688649306389980120e-01
5.691094806242117388e-01
5.687815929697960238e-01
5.697073591638778245e-01
5.695477979838495797e-01
5.708594780502049826e-01
5.688129266395098860e-01
5.696685809799654221e-01
5.691165988692089561e-01
5.689137589397590400e-01
5.689900856795444550e-01
5.697860780678428716e-01
5.700628231999250728e-01
5.696153670128640822e-01
5.697837351026050490e-01
5.683518192541260339e-01
5.703856833577010121e-01
5.693343725441053493e-01
5.697186401518475884e-01
5.695875150138202114e-01
5.694065557299980984e-01
5.699679801040150595e-01
5.693688180536895516e-01
5.702345794452907679e-01
5.701884819178556496e-01
5.691926854528225332e-01
5.697334321241472876e-01
5.696951205169721311e-01
5.678473618001042000e-01
5.696167909322318312e-01
5.691981003514140491e-01
5.690944518873105595e-01
5.689605952910435915e-01
5.694248555286822722e-01
5.691161930121053647e-01
5.704491911409237392e-01
5.691617566598561329e-01
5.688585955073020006e-01
5.690658095961210750e-01
5.677698944263805947e-01
5.704167896442117192e-01
5.692324171667749733e-01
5.703910263125662183e-01
5.685617253048246278e-01
5.695501865012292386e-01
5.707145186490604205e-01
5.693456672454917378e-01
5.696695111630590835e-01
5.710318499409442472e-01
5.698421258407594392e-01
5.694551715952567150e-01
5.687473553120075964e-01
5.688431956116952737e-01
5.686190523032708111e-01
5.700359236162717558e-01
5.693144004511848655e-01
5.691241924238908956e-01
5.694494049899772037e-01
5.696393922823783651e-01
5.691247647279403798e-01
5.697192567770245075e-01
5.696187289973591028e-01
5.692349436937697016e-01
5.694132678491994337e-01
5.689388140191872223e-01
5.694811440667251201e-01
5.696128948244804091e-01
5.689469039426119368e-01
5.678666954053390725e-01
5.690913310243563838e-01
5.687840263724798229e-01
5.702946847429820609e-01
5.704228637391378642e-01
5.685420392707503101e-01
5.692037535439398166e-01
5.687862368550912207e-01
5.695777523361544858e-01
5.677782419691965732e-01
5.696927129304248938e-01
5.697501330807838160e-01
5.702977033663066964e-01
5.701124969235750184e-01
5.696635243707282026e-01
5.697829619504111154e-01
5.704236401828679526e-01
5.682668281871762206e-01
5.686457577617015646e-01
5.695929705563080869e-01
5.685199879846783988e-01
5.702868332743392665e-01
5.693945563780814512e-01
5.683170780861013238e-01
5.688142251909338309e-01
5.699720284611052845e-01
5.685974662538914037e-01
5.700166460417844805e-01
5.692119849974301982e-01
5.693384154534932851e-01
5.693197657438641146e-01
5.690959330768728952e-01
5.689165489555934041e-01
5.702199762669030170e-01
5.682080099582764721e-01
5.694022323768743732e-01
5.692945641956110858e-01
5.694426420099563124e-01
5.682768435817525665e-01
5.702308372112108170e-01
5.699038499491061449e-01
5.707948842017410707e-01
5.688867514131099590e-01
5.674087170189138218e-01
5.690251804324585327e-01
5.699357890866517673e-01
5.695326954655662854e-01
5.691760511520966848e-01
5.694115959062394650e-01
5.690448148654490002e-01
5.692763759768634246e-01
5.688671616503488959e-01
5.690800211926766439e-01
5.680614799426496608e-01
5.697062731694256810e-01
5.700472328651716714e-01
5.698790119897666484e-01
5.697809222714010913e-01
5.685676163016578633e-01
5.682136953802204848e-01
5.694951183058648558e-01
5.696780117501002438e-01
5.691899569464958786e-01
5.691516288216934560e-01
5.689741592186184915e-01
5.682467913087950739e-01
5.695972811932593638e-01
5.683679836551575049e-01
5.703104368899866161e-01
5.689619642344829753e-01
5.686081644189066031e-01
5.691914767305336076e-01
5.692562349355521079e-01
5.697512747781933173e-01
5.691614895087185877e-01
5.691978227650498212e-01
5.697574773299420858e-01
5.689136372496278460e-01
5.692497153601131510e-01
5.686741847831762176e-01
5.683962704091568563e-01
5.693712698990933685e-01
5.694298361591361157e-01
5.689521071533585328e-01
5.692686407457548947e-01
5.698597843217407810e-01
5.677060106461003786e-01
5.698011408215399864e-01
5.689489037078340194e-01
5.689811998182127128e-01
5.700200589475914459e-01
5.703557953574137640e-01
5.691445342520590200e-01
5.691881878247160298e-01
5.700862390983598704e-01
5.698520940875675400e-01
5.692671541946272562e-01
5.687117082704402637e-01
5.689064837559392185e-01
5.700399973627857664e-01
5.692304058644279685e-01
5.686642473789046415e-01
5.695380884833651791e-01
5.697077972497721632e-01
5.685308439017100479e-01
5.694879290985077613e-01
5.670498534482811825e-01
5.691768131001352371e-01
5.689598740530785737e-01
5.697581411169113652e-01
5.701855768660004653e-01
5.685166781661862290e-01
5.699685838808775662e-01
5.693443441926787640e-01
5.697467738884888222e-01
5.696688498473074791e-01
5.692770895293108868e-01
5.689891342963039333e-01
5.689540125601848519e-01
5.689459499185346436e-01
5.697657642339145623e-01
5.699068894658194662e-01
5.685644245332702740e-01
5.677594014932648703e-01
5.694451767954227250e-01
5.692991688713370246e-01
5.692114763218305562e-01
5.700744139718991743e-01
5.697225350810749545e-01
5.691976544583566833e-01
5.686182091849029119e-01
5.698321257049613342e-01
5.692521859499500847e-01
5.706779435401039269e-01
5.694513938586615032e-01
5.700959438867881923e-01
5.695191820055195420e-01
5.684974795255177682e-01
5.693166929379164243e-01
5.696366217772429463e-01
5.700257473107922523e-01
5.683055382328446870e-01
5.677840312629655051e-01
5.694756521977256680e-01
5.695893409397106977e-01
5.689927964302431418e-01
5.691378614892885768e-01
5.684903235160468915e-01
5.691890062935972550e-01
5.697118980483204531e-01
5.692288000418370686e-01
5.692673405627559635e-01
5.696567344614520412e-01
5.702470128025006746e-01
5.693259876656753260e-01
5.694710563145688464e-01
5.685291504699809817e-01
5.680265118700945637e-01
5.688790610993553765e-01
5.695588022249740145e-01
5.690208248713521932e-01
5.698003805732263505e-01
5.678083350732314738e-01
5.689216985644353075e-01
5.697305619117731812e-01
5.683152592270025449e-01
5.688883850769579364e-01
5.696699076750478818e-01
5.697248806580448299e-01
5.705994043196322973e-01
5.690569833844221215e-01
5.699943758058596543e-01
5.681937565522934275e-01
5.695202210349131766e-01
5.696380554923131667e-01
5.688607466505509747e-01
5.699485401555398623e-01
5.695615542298717582e-01
5.698079513883870240e-01
5.697868896111213388e-01
5.704155393762032622e-01
5.686986980222001886e-01
5.690007027828823949e-01
5.696636498435803109e-01
5.692759209367889150e-01
5.693620808951815881e-01
5.697790372314109897e-01
5.689779237191190386e-01
5.701798482731763595e-01
5.683382434630465108e-01
5.634931598727902502e-01
5.696792723166348438e-01
5.696754944872884918e-01
5.682437662024818481e-01
5.688718049483367789e-01
5.695014373707028010e-01
5.685297450156603372e-01
5.688467468398391569e-01
5.689427054593488853e-01
5.693924673852345242e-01
5.698720358800064556e-01
5.683946994076336523e-01
5.694069669288969182e-01
5.697336240739415691e-01
5.697389069458329569e-01
5.691333450584915576e-01
5.688023591540122270e-01
5.693373321729106040e-01
5.681948507919891700e-01
5.694446101520221903e-01
5.696977858572773723e-01
5.694256338025008857e-01
5.700126793967351668e-01
5.686013838171144474e-01
5.682951320979543475e-01
5.688232151160280692e-01
5.687614659627741043e-01
5.691323811647427400e-01
5.693548610494499895e-01
5.685539211134427173e-01
5.686600409766768838e-01
5.691187589401510705e-01
5.685134353929967022e-01
5.699951344234048811e-01
5.690902583556313177e-01
5.691382909708577742e-01
5.676476512189884138e-01
5.681724514965681427e-01
5.689337828639609018e-01
5.680916165951177543e-01
5.700378195809692183e-01
5.676050651958207682e-01
5.683037818986294010e-01
5.694998376899845782e-01
5.691018843138913041e-01
5.695009602681216920e-01
5.701544391316920590e-01
5.695948374928511138e-01
5.689428131408562628e-01
5.684374737583557380e-01
5.683829673258078419e-01
5.684397521851864976e-01
5.688904644295923463e-01
5.695175149305333751e-01
5.684295118898224919e-01
5.700288505080439716e-01
5.687388793837813150e-01
5.693474343828049955e-01
5.697136561192842619e-01
5.688740307855366662e-01
5.693511963885357074e-01
5.701968304262787779e-01
5.694043385914284716e-01
5.693706773772073682e-01
5.691728090304365439e-01
5.699041845982703025e-01
5.686273867856416198e-01
5.683280226785517586e-01
5.693545915032094396e-01
5.692675474234395461e-01
5.689575898554853906e-01
5.696904188744357223e-01
5.680129691250344059e-01
5.696852130796551394e-01
5.698623114793166522e-01
5.696542120802924325e-01
5.689917212062096663e-01
5.698497598335519054e-01
5.690507432277052136e-01
5.695109993225269118e-01
5.692251492601397844e-01
5.690118907061831877e-01
5.694040867267867734e-01
5.694768627721479293e-01
5.695262382225694253e-01
5.700105997785409606e-01
5.689936990102475445e-01
5.693356125570828707e-01
5.693359118504702776e-01
5.694835957335675491e-01
5.694493850750598218e-01
5.690288475263761692e-01
5.693903838278987495e-01
5.679533937829788215e-01
5.703117853021764105e-01
5.697309842798222723e-01
5.679483072251477749e-01
5.698093535258611508e-01
5.694360381515988223e-01
5.697949454858539653e-01
5.689246929787605822e-01
5.690886482285651971e-01
5.699849519706706724e-01
5.674843682926785648e-01
5.696637351157037843e-01
5.695455306624523928e-01
5.687512957772541400e-01
5.696757651133342870e-01
5.684255442121335378e-01
5.694332939685130546e-01
5.690585524592026712e-01
5.691933934493035308e-01
5.688412063181207401e-01
5.691241220003295798e-01
5.698199121778456666e-01
5.689228135235254724e-01
5.684383148674748698e-01
5.693869430604857618e-01
5.695617560492030051e-01
5.689597868244329337e-01
5.693443709531801344e-01
5.691749848057904293e-01
5.694431636153619580e-01
5.685168174854539069e-01
5.676312458129396665e-01
5.696091095838202722e-01
5.698913911230375495e-01
5.686179188588781352e-01
5.691232998999311565e-01
5.694214306517203505e-01
5.696265871500593159e-01
5.688466228923975132e-01
5.706573061038597849e-01
5.689514388851710791e-01
5.676712193624464664e-01
5.699508849193241078e-01
5.688796841606952315e-01
5.699463508664409650e-01
5.698280794227141843e-01
5.683177774312150321e-01
5.689557160770857269e-01
5.698975524637529544e-01
5.682436980232397072e-01
5.691601256405361964e-01
5.693478978589706641e-01
5.696806600322048553e-01
5.692840814427382323e-01
5.693381624401434582e-01
5.690178380250140444e-01
5.692385221029645503e-01
5.692021052165819883e-01
5.698622914655271376e-01
5.690272897946879738e-01
5.692970104048155067e-01
5.688599274251909810e-01
5.691908685667358414e-01
5.691825076557830432e-01
5.701021067160829681e-01
5.700269881626851554e-01
5.700001083575216843e-01
5.693199215667533730e-01
5.677468885898881990e-01
5.680837274070265064e-01
5.691052183662611563e-01
5.704668540681578914e-01
5.689509053250463300e-01
5.689071748729103151e-01
5.690009862410020380e-01
5.691749935423942031e-01
5.691355654413161602e-01
5.686216012053123547e-01
5.694963922358099451e-01
5.698899306509733753e-01
5.685428411946372718e-01
5.685091767467811419e-01
5.694141131170129544e-01
5.693786661005522109e-01
5.698302298977495628e-01
5.690861817213951346e-01
5.682987423570666774e-01
5.682036577979046044e-01
5.704787045772489185e-01
5.698793868574939525e-01
5.698186879001460037e-01
5.684972919542783387e-01
5.702057044163332256e-01
5.691123842435785729e-01
5.698310171403726532e-01
5.668554192340551356e-01
5.693263085059745432e-01
5.703186386278999986e-01
5.698026362942548717e-01
5.690466429227835077e-01
5.687827407235227506e-01
5.700565455781653190e-01
5.684936782066075667e-01
5.693145616939989662e-01
5.684183961086706205e-01
5.668319672405265353e-01
5.698016898600739566e-01
5.691088456713625510e-01
5.687711034256283105e-01
5.693477772978139395e-01
5.686381206303225966e-01
5.691249509074048918e-01
5.693049924984807664e-01
5.671701574631968779e-01
5.699489470232169674e-01
5.683320329038277219e-01
5.686246970313689753e-01
5.685318792592373160e-01
5.693651369283110331e-01
5.689563687460227337e-01
5.692727859106382349e-01
5.696652959684909145e-01
5.701688385125460723e-01
5.683058967581939847e-01
5.692112107162935475e-01
5.686676887106364431e-01
5.690509010302736703e-01
5.695407058436822156e-01
5.680052756186483309e-01
5.700002983449347083e-01
5.694566294525785777e-01
5.684020807660534746e-01
5.682628592247551680e-01
5.693771204638337080e-01
5.683574857001298941e-01
5.706219726666308389e-01
5.688444370453840104e-01
5.689267540404251422e-01
5.696516192614807794e-01
5.694632045297858269e-01
5.686340812704191450e-01
5.695114995226380206e-01
5.700829483225399175e-01
5.676977766892051802e-01
5.711943677494940586e-01
5.698105385537132195e-01
5.699953881394476118e-01
5.703501418093100961e-01
5.699036194788800191e-01
5.693179930181013759e-01
5.688559551395535596e-01
5.702101964816715940e-01
5.695885612252615804e-01
5.688799328253139054e-01
5.691292961374995185e-01
5.699128477205569476e-01
5.679370789081044091e-01
5.690288021393380413e-01
5.691022711941915446e-01
5.685923123661833500e-01
5.693836036668300515e-01
5.696553067186675978e-01
5.693013494121319518e-01
5.690986748136024342e-01
5.689119251692066337e-01
5.690643013073222178e-01
5.693046490377228208e-01
5.695271367287594311e-01
5.693275637924660737e-01
5.689870514130010992e-01
5.701820145896684400e-01
5.670788138055329330e-01
5.688383517337196604e-01
5.701570072664732258e-01
5.695003646079819237e-01
5.702293518700906061e-01
5.695814923991945333e-01
5.685444507896200150e-01
5.696141641737140215e-01
5.683941918992997389e-01
5.693083086187170627e-01
5.696701675536994802e-01
5.693788670354668069e-01
5.689799218759408195e-01
5.690067838551106094e-01
5.688837817139028585e-01
5.695774212749761256e-01
5.684384009410635707e-01
5.713886394919811540e-01
5.696488730509736698e-01
5.691362013220547800e-01
5.695347267854453666e-01
5.697469831204243773e-01
5.697301322791535894e-01
5.683880331068215108e-01
5.686766076476011955e-01
5.694931492189173605e-01
5.693385794317186166e-01
5.691174721435737771e-01
5.694921992989161463e-01
5.696811940317113576e-01
5.695070176706295006e-01
5.687997860376812209e-01
5.696930717963061275e-01
5.677263630143264406e-01
5.683646394093776477e-01
5.697195361581939288e-01
5.695855942353158508e-01
5.690116728048557615e-01
5.689516105991191397e-01
5.692983617404546726e-01
5.693360237746990515e-01
5.692245623160595569e-01
5.680913992292848658e-01
5.688945005445368297e-01
5.694137314991137844e-01
5.674328626186274649e-01
5.691314883017676296e-01
5.689947233850952690e-01
5.687481868773145433e-01
5.691518848115036944e-01
5.699940519992244825e-01
5.690757175389781208e-01
5.682120892833024683e-01
5.688731450065310780e-01
5.687476385943769364e-01
5.690303073413621737e-01
5.683250460169504414e-01
5.692598727061976005e-01
5.683766495958062492e-01
5.685893672933622911e-01
5.697453394155782558e-01
5.701717554870944227e-01
5.689793078091470724e-01
5.697862799114121746e-01
5.690821806653258985e-01
5.696529345784447917e-01
5.680491287147927393e-01
5.686110131882872176e-01
5.692848956606064714e-01
5.690047227678363129e-01
5.691737753269331401e-01
5.690453519374304436e-01
5.680034212253771697e-01
5.692526153255695887e-01
5.693702875232113936e-01
5.684198298951849138e-01
5.696658239161127568e-01
5.694336297685352877e-01
5.685757968471595314e-01
5.697303494491546827e-01
5.691100756443256969e-01
5.691532019737700621e-01
5.687318039677553561e-01
5.679015197298939999e-01
5.699091847169671654e-01
5.689761077405073308e-01
5.694625350101941708e-01
5.694199555243628641e-01
5.690970919272343442e-01
5.692043631203733689e-01
5.700943253913834941e-01
5.696452564576587330e-01
5.692917973335409609e-01
5.686248947353069738e-01
5.699413308248375554e-01
5.695232496255221433e-01
5.687357488642418302e-01
5.686314981889645237e-01
5.693894658204782244e-01
5.689611193208208295e-01
5.694053309916045080e-01
5.690432620780402351e-01
5.688638753343671084e-01
5.688695522348912181e-01
5.705464854274940878e-01
5.692572992325649617e-01
5.685474996908366219e-01
5.690439860615238432e-01
5.682394633731397970e-01
5.693427683011434981e-01
5.687705959988903492e-01
5.682262610064087172e-01
5.691804820970116641e-01
5.704734175936492235e-01
5.693833622664971061e-01
5.694992463215863276e-01
5.691611172802969465e-01
5.694786744199694661e-01
5.696330804001991099e-01
5.698457078206803361e-01
5.690798994199111061e-01
5.691007872220257280e-01
5.691254565251485653e-01
5.691087261619838245e-01
5.690051754753342461e-01
5.690255056365404185e-01
5.677174558263849979e-01
5.687042726913873469e-01
5.685386225711642760e-01
5.692813622172850918e-01
5.694623433908787558e-01
5.695567286735780943e-01
5.690448337695114267e-01
5.699537967509936687e-01
5.694057033819832636e-01
5.697293120247323150e-01
5.693079392389425175e-01
5.699729092275691578e-01
5.700995643535544666e-01
5.691923088124152263e-01
5.694385174710125952e-01
5.695540478274507823e-01
5.702913094545055683e-01
5.678915322886101125e-01
5.689699101895918654e-01
5.700979259381432351e-01
5.687228099511306700e-01
5.697208500534867159e-01
5.691910818723706633e-01
5.686503328068011065e-01
5.701846468946454305e-01
5.682677121931458686e-01
5.687854960893093947e-01
5.703082249410359461e-01
5.692381203208152218e-01
5.688348279560077048e-01
5.690580892382965938e-01
5.689144542027489981e-01
5.690700997123138150e-01
5.688746242380542384e-01
5.691937375586798575e-01
5.702265116561129332e-01
5.701482329351711398e-01
5.700293278188803825e-01
5.688945310153089574e-01
5.688471967962461795e-01
5.696105947014810100e-01
5.701524430286104561e-01
5.695658374958603165e-01
5.694905266043682746e-01
5.662557718303763421e-01
5.691675020217129566e-01
5.691945827850553030e-01
5.690388039147074029e-01
5.703050541810028573e-01
5.700222750504233549e-01
5.689243851886189862e-01
5.697008730077334215e-01
5.692502358485579395e-01
5.679055153973584513e-01
5.694571073986812726e-01
5.690669573343118959e-01
5.704085345410629948e-01
5.689244521113901998e-01
5.691985736751866698e-01
5.684638947603529724e-01
5.692134025226812666e-01
5.686034030027361519e-01
5.692127636903808741e-01
5.693735729388845757e-01
5.701130424125955276e-01
5.690435807161385862e-01
5.694321724261458550e-01
5.692589125101411573e-01
5.706488876559108192e-01
5.693137521836978410e-01
5.687250878008599519e-01
5.689972154130984450e-01
5.687639220578187826e-01
5.688997070104174769e-01
5.694300898704849345e-01
5.703640971426395812e-01
5.699712764120624664e-01
5.695143945382964423e-01
5.701014963895500998e-01
5.694774280617995732e-01
5.701175561403066805e-01
5.695818671431672753e-01
5.691637325465227493e-01
5.693334530950667771e-01
5.702098292083298547e-01
5.698654858886461616e-01
5.691852341690378791e-01
5.697542782048180543e-01
5.702449031420536718e-01
5.683693582941887756e-01
5.695058004789920192e-01
5.693255825609435661e-01
5.701081797691148756e-01
5.689971551469857891e-01
5.696427891616274719e-01
5.684509893644328349e-01
5.688920112302778831e-01
5.684996386248309941e-01
5.681689136705753151e-01
5.688122648151069383e-01
5.695203719357582184e-01
5.676269797446762411e-01
5.689283940618011792e-01
5.688126699261760733e-01
5.688366483235997029e-01
5.701957750761944554e-01
5.693162107493268120e-01
5.693420048443417203e-01
5.689008004233543359e-01
5.691296895806103873e-01
5.693778330938076282e-01
5.695561286483517005e-01
5.702951473262434234e-01
5.704085723036254052e-01
5.694212175543429399e-01
5.691359208541776349e-01
5.701901922627869990e-01
5.691931816001256639e-01
5.679460347159840383e-01
5.686954085110895729e-01
5.683791410417301515e-01
5.693698312552734064e-01
5.689848322240033118e-01
5.689825462884673390e-01
5.702068038324449306e-01
5.697799456030160359e-01
5.689629059007595968e-01
5.699510616224248150e-01
5.685619382911897279e-01
5.696320229737618090e-01
5.700622381510945802e-01
5.700551502213329069e-01
5.701258215447894129e-01
5.691594971006490589e-01
5.699065356814535521e-01
5.691111803233596111e-01
5.687673391747473106e-01
5.682659236109713907e-01
5.694064394055590173e-01
5.698207560478283362e-01
5.690232049238336254e-01
5.693253687661626872e-01
5.687526737039020341e-01
5.696862641342848033e-01
5.685764089535437771e-01
5.681888555432225152e-01
5.689647075701421697e-01
5.686491831260988006e-01
5.700359888378618844e-01
5.690410889968070540e-01
5.689415912349148341e-01
5.696105335809975578e-01
5.688728609264501745e-01
5.681520796845287435e-01
5.686787091071786593e-01
5.699439003697845951e-01
5.688977115216017344e-01
5.690261737890265348e-01
5.691111050232210422e-01
5.674797357481053961e-01
5.693803420410267213e-01
5.692440263799671829e-01
5.688794223662704264e-01
5.690961759299478784e-01
5.672901955832949650e-01
5.688455556801822466e-01
5.694493894342078644e-01
5.686581634641170169e-01
5.670553914894098657e-01
5.686090845782116876e-01
5.680716733405931640e-01
5.695052582409128039e-01
5.700196976477297506e-01
5.694015306345462379e-01
5.695459296221746515e-01
5.689486652147978107e-01
5.680837786566529379e-01
5.697197232130977174e-01
5.688853282050574389e-01
5.675368251427496125e-01
5.684262125072124805e-01
5.694665614166093404e-01
5.694520338309085883e-01
5.692179856726894416e-01
5.687227592639013674e-01
5.694719344104951508e-01
5.705919466662429107e-01
5.678187735685874538e-01
5.692977184985614780e-01
5.695223856493359937e-01
5.688632035806180376e-01
5.691883114470672744e-01
5.700127942002172210e-01
5.695750955907470381e-01
5.689867475823159326e-01
5.690929580755011985e-01
5.669708652327077880e-01
5.689924071565811703e-01
5.693029918547117818e-01
5.686490479096972805e-01
5.690041499783891066e-01
5.694475596818853180e-01
5.692083761969574107e-01
5.689189772336076256e-01
5.684018549093509121e-01
5.702449667067603922e-01
5.691037635235375314e-01
5.692364437594672477e-01
5.710397057792813147e-01
5.686790771688006174e-01
5.696349394126990484e-01
5.686297640387826258e-01
5.693613024546122503e-01
5.703067293774571889e-01
5.695848021335910838e-01
5.699539325645441856e-01
5.691987737349292198e-01
5.683309945388732576e-01
5.698088045889401210e-01
5.693503357487704752e-01
5.692068697861374371e-01
5.683594344743945204e-01
5.696818253310439450e-01
5.688860311297118111e-01
5.690501171221178378e-01
5.697492907335158785e-01
5.700653683586274223e-01
5.694375356722038983e-01
5.684462609423467372e-01
5.692213674590961281e-01
5.697391816742574111e-01
5.702089209927191371e-01
5.694458018012821254e-01
5.692734438239938077e-01
5.693835365913542113e-01
5.689441879466676788e-01
5.690369309632299366e-01
5.695664778357685254e-01
5.688700569386775374e-01
5.688208568870695148e-01
5.697317669759195402e-01
5.696051550508423045e-01
5.682126532420320730e-01
5.693901606488249723e-01
5.687223912960718275e-01
5.689058525397993060e-01
5.686408418943289522e-01
5.695597977179984728e-01
5.694907578998699149e-01
5.694820007099685721e-01
5.692841817440318364e-01
5.687555521940291792e-01
5.698007657716319674e-01
5.682320564622456160e-01
5.691625844292672598e-01
5.692473322399375091e-01
5.685711687139337611e-01
5.684062970268189963e-01
5.688058952882621977e-01
5.698155089027576725e-01
5.649511914445936034e-01
5.680510590558723871e-01
5.686296174216309840e-01
5.696307522915912136e-01
5.696734898658117885e-01
5.683951878876620789e-01
5.685193798875030069e-01
5.693329648247890118e-01
5.691277054599525043e-01
5.678403559320491789e-01
5.696155480031406260e-01
5.692296472998326085e-01
5.681303185126329591e-01
5.681304141211309666e-01
5.684521361930370276e-01
5.690941215711079471e-01
5.684282435371283970e-01
5.686147215583946535e-01
5.689020756834007875e-01
5.699219884796778990e-01
5.695551408623519274e-01
5.682678621146013409e-01
5.684613302183177952e-01
5.690022621336361386e-01
5.697448418912202106e-01
5.688832456139081284e-01
5.702747728931013560e-01
5.688406974131037241e-01
5.694151934355734523e-01
5.697244113726243064e-01
5.692893392952230736e-01
5.684792782690861745e-01
5.658549318255300387e-01
5.686863792434092568e-01
5.694258999178785086e-01
5.691614691848537744e-01
5.675586929030538297e-01
5.689271252721094241e-01
5.698778729129430065e-01
5.698193228005541400e-01
5.693182076352345522e-01
5.698153004537290789e-01
5.691299189531343616e-01
5.687500423947742245e-01
5.701076062836432090e-01
5.696358080127338352e-01
5.696067809998132114e-01
5.702008865567649298e-01
5.701000066928314514e-01
5.693230100718698061e-01
5.689827764713786262e-01
5.702748539791271387e-01
5.689363787993169108e-01
5.698041392879164002e-01
5.704846479406714410e-01
5.691246061378458787e-01
5.684658803582972597e-01
5.696379333808015977e-01
5.694111908691124047e-01
5.684789523520678012e-01
5.700243968346140333e-01
5.691290507396392639e-01
5.685410357859780328e-01
5.694337031635593460e-01
5.693232902967696463e-01
5.692968830293411164e-01
5.697612059980695642e-01
5.697283048324892629e-01
5.687686178917724655e-01
5.685823836478350879e-01
5.693223409138360447e-01
5.691610021305767431e-01
5.691858342693508765e-01
5.683464844452267295e-01
5.697889811017525785e-01
5.687936681418932494e-01
5.684620648625117179e-01
5.694451633340922303e-01
5.687809983733711494e-01
5.692708396597393472e-01
5.690621195133264143e-01
5.700064905448691821e-01
5.680617104962072395e-01
5.693209252341837612e-01
5.687375433918550049e-01
5.700533850946668535e-01
5.694348378918536735e-01
5.690246072664369992e-01
5.698634070544809083e-01
5.683747299117553053e-01
5.702719990503373193e-01
5.675645654902817805e-01
5.693229633978563742e-01
5.687147742440151754e-01
5.694258600722454933e-01
5.689417515038879269e-01
5.693795432183386129e-01
5.699566017581690902e-01
5.687691322613516176e-01
5.681610504834642139e-01
5.690659852830829424e-01
5.704474588651756717e-01
5.690058452191940619e-01
5.693620240396157772e-01
5.693444732402319630e-01
5.704224901519093782e-01
5.692778686978143821e-01
5.688305254063166227e-01
5.689944837238648523e-01
5.697355770198507807e-01
5.684663840501456011e-01
5.696856073723975955e-01
5.691125569712979226e-01
5.688762036944663425e-01
5.690970180498917674e-01
5.681441817656196491e-01
5.696035095188429764e-01
5.692534719805333321e-01
5.690048705077682678e-01
5.695062806862443150e-01
5.694322170548141715e-01
5.704163900601908477e-01
5.704384561622244387e-01
5.688430725838100610e-01
5.691119388677682300e-01
5.701034664385712381e-01
5.692409984380630839e-01
5.690148804727638288e-01
5.685030007081858239e-01
5.680017193890850580e-01
5.684491529658332043e-01
5.696047620246906806e-01
5.692607496871197048e-01
5.691770464999545975e-01
5.697290192942850995e-01
5.693017110379410273e-01
5.696727649748833944e-01
5.689468454165873545e-01
5.698592277093182945e-01
5.692334819342068641e-01
5.700734430483204163e-01
5.691642609031689615e-01
5.694478371278607343e-01
5.661805564283819425e-01
5.685832658954466101e-01
5.688406823110930821e-01
5.697930237909066831e-01
5.692353092926358826e-01
5.690284278759601966e-01
5.694040739860016798e-01
5.684795424763137150e-01
5.677040202479103348e-01
5.696218925090025254e-01
5.692482801854081842e-01
5.688544302977835976e-01
5.685315900685384838e-01
5.696046570751618354e-01
5.678056642956155198e-01
5.693056716521823768e-01
5.699582596458999673e-01
5.688155520374772456e-01
5.683946449035836013e-01
5.688830131545520308e-01
5.693306693365632887e-01
5.691772271270694183e-01
5.695153800129409971e-01
5.689204729030190588e-01
5.697629494178426679e-01
5.694925110201899399e-01
5.692427453948567528e-01
5.697632326085065868e-01
5.665370848341837462e-01
5.698334516931551352e-01
5.692613284473836410e-01
5.700640439445122665e-01
5.689494470086421396e-01
5.669402751963686926e-01
5.685453409548918424e-01
5.681998850712434157e-01
5.694498072059946958e-01
5.685933944810900309e-01
5.690075885702123859e-01
5.690410222125278361e-01
5.697166628454105597e-01
5.696020572807103388e-01
5.694269283168020834e-01
5.698888696326344094e-01
5.682494669868629611e-01
5.696745896171846457e-01
5.681435430953889476e-01
5.695599546158760518e-01
5.698850871140882512e-01
5.694031452182279907e-01
5.698193180382423728e-01
5.699601937257897655e-01
5.690941679186003466e-01
5.699547187276287064e-01
5.694227467430189593e-01
5.703280606296138311e-01
5.693623475092001174e-01
5.689784852652356451e-01
5.688833727588000766e-01
5.687225089130194533e-01
5.690870645938995720e-01
5.698771237185643601e-01
5.693652477802547685e-01
5.686755862329170297e-01
5.684690617487199171e-01
5.696127042924933326e-01
5.705711367551702384e-01
5.688479134344647248e-01
5.683577737413326725e-01
5.679966095959704253e-01
5.693225065675798779e-01
5.692994278519524221e-01
5.709149782570219767e-01
5.699361478997385655e-01
5.688809868779655110e-01
5.689060875952266505e-01
5.696247286255858855e-01
5.691383529182302281e-01
5.696698043687735691e-01
5.683727727166060228e-01
5.679790138588518555e-01
5.699116589223860441e-01
5.688290822654510359e-01
5.689125285478456862e-01
5.699685505706844069e-01
5.694300938800744838e-01
5.687542377954991624e-01
5.694859892802511814e-01
5.683980106785365694e-01
5.677642544201253472e-01
5.696091423579087154e-01
5.692157853242176824e-01
5.693101431607858753e-01
5.688680503771291752e-01
5.695602029143895795e-01
5.697903455885152679e-01
5.679992801246482870e-01
5.691944524164779251e-01
5.697706668440007949e-01
5.707093361121360342e-01
5.697455449275146133e-01
5.691308251441542509e-01
5.696164115981886544e-01
5.696181852568599213e-01
5.692078088886357579e-01
5.697898394867146887e-01
5.688417183162730595e-01
5.697137525094931876e-01
5.689237432973207609e-01
5.692582726420611916e-01
5.682683910349114464e-01
5.692638322460022993e-01
5.698881045966738279e-01
5.693884407608196252e-01
5.704587790776819434e-01
5.693100524068281931e-01
5.691399147664731872e-01
5.693547809984457198e-01
5.686885524041002116e-01
5.692266145559807811e-01
5.693722132233949296e-01
5.693996575422112238e-01
5.684108989472090867e-01
5.686570007901873280e-01
5.702643637121516118e-01
5.664883295426970111e-01
5.683042164311024047e-01
5.701245393123232086e-01
5.700710785687091997e-01
5.685993600857318642e-01
5.693565145899252000e-01
5.698371385855853788e-01
5.698588190654477748e-01
5.688760610943283114e-01
5.692853639931837462e-01
5.668300152753168453e-01
5.694905481507163136e-01
5.691516357934617298e-01
5.697308620285762570e-01
5.700468516499292981e-01
5.700032903601069956e-01
5.691891421147371455e-01
5.697080968220487041e-01
5.700850975285531863e-01
5.683229979106197982e-01
5.692858370348836683e-01
5.699247074441482486e-01
5.685398419956814164e-01
5.697823181700415462e-01
5.693053867338946361e-01
5.694147614322487838e-01
5.693597516652871837e-01
5.692275692856972880e-01
5.693784527720204824e-01
5.695691049777108494e-01
5.699659505888347022e-01
5.692347605861456383e-01
5.690151399182020731e-01
5.687932135605077155e-01
5.685611661423046748e-01
5.692177299478820007e-01
5.701758056754285819e-01
5.682707342157802266e-01
5.689322574582569292e-01
5.693220010221882177e-01
5.700319497215622366e-01
5.691937128090823750e-01
5.691288015457685034e-01
5.699681535810959820e-01
5.705484656819063138e-01
5.682148894181908716e-01
5.699872125329098482e-01
5.673694380588913955e-01
5.695845847015122976e-01
5.692029010420415203e-01
5.699306793422638240e-01
5.698976833563269562e-01
5.691368839906923993e-01
5.701100090436590495e-01
5.691483896095305139e-01
5.689068481400182398e-01
5.694457771303296223e-01
5.699284980862028283e-01
5.691140583801242991e-01
5.696374088039419803e-01
5.697706687539819681e-01
5.693317295443084403e-01
5.696814114275754459e-01
5.690610689147489465e-01
5.693636148385567974e-01
5.693909375379307969e-01
5.679682915007741029e-01
5.698521461374919106e-01
5.694268231940150526e-01
5.681433709443911573e-01
5.693163981050126665e-01
5.694636953623879450e-01
5.694032083415613288e-01
5.697641447882445531e-01
5.694903296365362300e-01
5.691015479377783404e-01
5.688967154906670043e-01
5.695486710336181702e-01
5.696594801574786926e-01
5.692837285769463129e-01
5.689541930767595401e-01
5.699653812226436189e-01
5.690549074371190619e-01
5.681554505225712148e-01
5.697020665425589492e-01
5.689561337229055438e-01
5.691580066255980119e-01
5.694401156316101220e-01
5.696318880307481569e-01
5.694710667621825095e-01
5.693253958424883132e-01
5.693349178276937428e-01
5.686354818984181714e-01
5.687231852491947404e-01
5.698017996432950261e-01
5.704634903496730303e-01
5.688177975494875804e-01
5.692346899524504122e-01
5.702520813848066528e-01
5.689024527679893417e-01
5.700699237370475680e-01
5.702470947269911994e-01
5.688483300182897162e-01
5.680276144174137842e-01
5.702074483794089543e-01
5.681769455370637711e-01
5.683468475034301193e-01
5.689858476388761632e-01
5.687001738371014747e-01
5.683016807321473740e-01
5.702750220802855763e-01
5.690366955507951685e-01
5.691467673298478136e-01
5.685954592782398453e-01
5.702700992149183357e-01
5.700040071739449488e-01
5.690416490153417106e-01
5.694997611294273510e-01
5.689134497715147010e-01
5.686320926038674894e-01
5.693542063800210995e-01
5.686848637952091057e-01
5.694841246945296920e-01
5.695558647391750773e-01
5.693205158166579904e-01
5.697461966148006374e-01
5.690715553830660856e-01
5.691811792103190770e-01
5.687395551156946283e-01
5.697610562367211307e-01
5.699340420550628172e-01
5.687281225179396937e-01
5.696742848200079257e-01
5.688304350708449642e-01
5.694675690496187048e-01
5.702480871942351426e-01
5.692192135625057103e-01
5.692551029355976677e-01
5.673452968230193738e-01
5.692713951617159873e-01
5.666104946342169768e-01
5.691666882528167992e-01
5.689301954573450226e-01
5.685655201321443419e-01
5.689824426542765545e-01
5.699390155995306406e-01
5.698363738360734398e-01
5.697052697433756530e-01
5.688771553268202608e-01
5.692074242267916029e-01
5.691003670426364458e-01
5.685306884808165595e-01
5.693374774135143701e-01
5.701447048995723632e-01
5.687409374556701147e-01
5.685141828433438738e-01
5.700113105802119273e-01
5.679645814796300263e-01
5.683318139682195236e-01
5.697980677905886138e-01
5.691325877355446483e-01
5.671534846303524224e-01
5.691987163937657357e-01
5.691052678656405295e-01
5.688759518607851007e-01
5.700260746101154519e-01
5.692254260559208578e-01
5.691871614692323167e-01
5.688637818668474955e-01
5.699271828915424276e-01
5.687798463342678135e-01
5.684500222595323393e-01
5.673728985543360359e-01
5.693461612240542369e-01
5.696396804663811375e-01
5.682184757559262112e-01
5.692552093681226832e-01
5.681957468414416956e-01
5.698210414403227508e-01
5.694598157130102978e-01
5.697666594683551411e-01
5.699410505062895149e-01
5.690392240249796396e-01
5.699805905019109664e-01
5.692615880029501252e-01
5.690493140708767772e-01
5.689110871395844926e-01
5.695558017357434943e-01
5.696997780399210010e-01
5.667839804568508555e-01
5.691512457613933096e-01
5.690125210957762691e-01
5.692003626744146505e-01
5.698906762816869920e-01
5.689635271567153874e-01
5.692535731828600731e-01
5.686504235628024873e-01
5.688980456972781985e-01
5.695957098387568474e-01
5.699985940078841073e-01
5.678256357236756147e-01
5.699479519094645674e-01
5.699803280470644440e-01
5.683173025139245382e-01
5.691893064879306463e-01
5.683074755861839966e-01
5.685732143655831683e-01
5.680222624454277502e-01
5.693901616661037890e-01
5.683840629252235876e-01
5.685642572218857493e-01
5.689748552914155599e-01
5.697142408439018757e-01
5.701019597310885700e-01
5.686852433342685087e-01
5.698345631347907503e-01
5.695539513060625669e-01
5.692532533071194001e-01
5.688208291551406504e-01
5.692003144725952257e-01
5.685669392874677097e-01
5.693044361780419393e-01
5.701008643576994661e-01
5.688138666416191480e-01
5.690090595128723949e-01
5.688838952583691322e-01
5.697581897863159828e-01
5.693688775552722126e-01
5.696836892622387793e-01
5.692332345179167419e-01
5.697582104620337873e-01
5.692159984076725632e-01
5.700684604560033453e-01
5.696498245967472895e-01
5.697586470110197476e-01
5.694738767958896775e-01
5.695362061077345883e-01
5.694203850045160831e-01
5.687375463056166813e-01
5.693336812714845374e-01
5.689595099585252891e-01
5.694602459028207386e-01
5.686866348447405795e-01
5.698761256522043572e-01
5.697655733235247322e-01
5.682738253926247207e-01
5.699545526817541008e-01
5.688088385240417377e-01
5.694422733860829977e-01
5.692314378984837386e-01
5.689034766023384204e-01
5.699955950211049727e-01
5.697696804294279938e-01
5.689459070921668582e-01
5.698675185615346139e-01
5.695009459800749463e-01
5.692165120727252781e-01
5.692804326137120841e-01
5.686158325929762114e-01
5.696428384005459700e-01
5.696730301605587021e-01
5.690163518796202968e-01
5.692540339503439073e-01
5.693164161009545143e-01
5.693440287365451047e-01
5.684654713938888104e-01
5.699934177668539714e-01
5.684400452798110681e-01
5.695912013100672411e-01
5.697129455469027715e-01
5.690879582593909580e-01
5.694684201111065436e-01
5.699480461315687974e-01
5.691289804442761779e-01
5.692015494416409194e-01
5.691023249536499851e-01
5.691536972866855226e-01
5.686532420220270501e-01
5.688270081422462932e-01
5.691390398436725340e-01
5.698592133053596021e-01
5.691413256624906492e-01
5.679592932796324600e-01
5.693787682927281546e-01
5.692641869487456985e-01
5.702301502366190489e-01
5.683085259230465924e-01
5.702050154509248348e-01
5.688784246121556532e-01
5.693932617744689173e-01
5.691850555871998951e-01
5.687910313126646189e-01
5.692270818448579295e-01
5.696445848363630438e-01
5.697343588034402551e-01
5.674746935754430011e-01
5.697509870728378889e-01
5.690019397648315991e-01
5.691643449535813692e-01
5.688049782861880344e-01
5.693734435735092747e-01
5.705350928018360079e-01
5.691714230314736112e-01
5.694618306052569023e-01
5.692443532181795662e-01
5.699956751514306807e-01
5.685656198415119933e-01
5.689223853624987282e-01
5.691342151430313079e-01
5.690869264518104709e-01
5.691972824371764883e-01
5.700329618174743151e-01
5.685196433571129138e-01
5.688401739931118195e-01
5.685346260914976302e-01
5.683159521575090745e-01
5.690490384573317906e-01
5.704816456754636667e-01
5.686568197154759918e-01
5.694099555295641935e-01
5.700990219730658337e-01
5.690963288585763058e-01
5.696832319994331595e-01
5.680120897747026332e-01
5.689891387303434023e-01
5.697192851255017398e-01
5.696691129790611985e-01
5.695194587835862299e-01
5.691288563172026693e-01
5.689866042628396459e-01
5.686412723052486351e-01
5.696251672152816692e-01
5.695712444040722522e-01
5.696244027806517396e-01
5.693116179843311642e-01
5.688951901636934982e-01
5.685534947157910857e-01
5.697180415698894773e-01
5.691831890106954228e-01
5.697811005801357576e-01
5.679753274785284134e-01
5.682414315043257114e-01
5.693894082667811940e-01
5.686006823095571816e-01
5.695108008054565740e-01
5.689141465088759508e-01
5.687954803583704644e-01
5.699334073831445746e-01
5.665801259190280659e-01
5.691590603017248062e-01
5.697522391986551415e-01
5.694270560055508801e-01
5.688093502778071020e-01
5.702845045684669101e-01
5.689010581014383172e-01
5.694328217501180012e-01
5.695748719968851681e-01
5.691542825695746766e-01
5.687255235328860792e-01
5.686767096234011110e-01
5.683124588151274859e-01
5.696693370370434772e-01
5.692031931962094893e-01
5.690909886286862340e-01
5.697029101416076768e-01
5.693803656441577266e-01
5.691293982258069928e-01
5.688516824374182379e-01
5.702936013141101101e-01
5.687158973077515167e-01
5.703669754793454505e-01
5.702603969068528178e-01
5.677946651361188701e-01
5.695679152393193778e-01
5.678793298418636226e-01
5.693554153796920314e-01
5.685131006695975930e-01
5.690473638889562702e-01
5.703441738332841737e-01
5.678451513652621463e-01
5.689358053712201269e-01
5.694529404470743961e-01
5.694526409313257487e-01
5.691327771644403288e-01
5.690966633921722417e-01
5.698055330513706052e-01
5.668347591530923379e-01
5.696154123512081613e-01
5.693885132006154537e-01
5.692132534868602489e-01
5.688670402633092538e-01
5.686326502273708616e-01
5.689977780185965228e-01
5.695892241698298220e-01
5.698987994133879464e-01
5.689960595442611346e-01
5.693075150531077266e-01
5.705713884404096659e-01
5.684307542332630581e-01
5.703144095739623998e-01
5.685656544577198934e-01
5.691149152571455261e-01
5.690972028715778341e-01
5.701758398962762930e-01
5.667490808309598727e-01
5.690627148879484620e-01
5.687703483090444934e-01
5.687748941024995952e-01
5.684482069236260759e-01
5.691564334429839445e-01
5.693781158100945650e-01
5.692582025827633840e-01
5.692393034531578744e-01
5.696287444246092013e-01
5.701067102339999471e-01
5.699163822245795208e-01
5.694467243845844351e-01
5.694896864556786564e-01
5.693976754839399357e-01
5.683448461868456647e-01
5.704129068798841073e-01
5.696501298321866580e-01
5.691556149641414653e-01
5.690383668070203571e-01
5.684370499400726029e-01
5.687144835548216815e-01
5.685373501255612805e-01
5.688288164494224031e-01
5.685818565684107595e-01
5.695819402124441266e-01
5.691448193586120530e-01
5.689585127313119273e-01
5.694468187105604651e-01
5.688174626180029225e-01
5.691727673768541829e-01
5.693388097451876906e-01
5.698310937567800938e-01
5.694497934087727753e-01
5.695918441053897663e-01
5.690716267797580885e-01
5.693947523012885537e-01
5.699570614656507272e-01
5.701154118463057641e-01
5.687699995921373652e-01
5.685725927780268529e-01
5.689494590112503802e-01
5.686027259514199184e-01
5.695438989439176591e-01
5.706976334965497832e-01
5.691976920497481274e-01
5.702047579256187548e-01
5.686093055871861424e-01
5.687958307888701937e-01
5.683558975086546727e-01
5.699900762257207321e-01
5.696124282220103030e-01
5.694134737503568910e-01
5.693527063318677417e-01
5.690343908275413698e-01
5.694023312291667249e-01
5.694098597458100430e-01
5.699428649846565165e-01
5.691287707747634261e-01
5.696469916774750120e-01
5.691392296048742860e-01
5.697157661001085449e-01
5.696435688979680778e-01
5.693604139487412619e-01
5.694189782161147573e-01
5.696200793189519773e-01
5.704373471550865382e-01
5.690521976294798945e-01
5.698997417631492812e-01
5.691602492787657397e-01
5.697227764888859181e-01
5.684385199683626988e-01
5.684539510655806094e-01
5.691858738404823592e-01
5.690700611841839063e-01
5.689040923422877816e-01
5.689350778015699328e-01
5.696255160744131407e-01
5.683203140892282290e-01
5.688670332174116107e-01
5.688032564564543536e-01
5.691707603768831891e-01
5.681132730555491506e-01
5.692809088247691163e-01
5.691785004247099655e-01
5.699690663504716204e-01
5.688309566776496018e-01
5.698033796977333143e-01
5.690943675742946573e-01
5.693829158544978508e-01
5.695843872245310857e-01
5.695011244700359798e-01
5.689667603172667842e-01
5.687090061940108798e-01
5.697233263498604483e-01
5.689575340181241003e-01
5.670271049898742977e-01
5.694084984786836889e-01
5.694444165621286302e-01
5.691517138341930515e-01
5.684414201396356114e-01
5.692157808937152730e-01
5.694395088923714932e-01
5.687858002350419939e-01
5.691950325796065746e-01
5.697658512005421283e-01
5.690792345253946616e-01
5.696497418160603177e-01
5.697280267836403178e-01
5.693791067446666299e-01
5.693471508202075926e-01
5.696414811945093026e-01
5.703776558329598512e-01
5.699358711069203443e-01
5.688518719007236157e-01
5.693639663928170558e-01
5.691101852731252908e-01
5.686039515948088097e-01
5.691482872507327428e-01
5.696531674642203447e-01
5.693339221033438813e-01
5.675069459935129235e-01
5.691692582644771736e-01
5.684121644955177910e-01
5.696294934902713658e-01
5.689321272235305926e-01
5.689085607399323452e-01
5.691565891016493461e-01
5.693071067844138744e-01
5.683224709114970130e-01
5.688890125051968560e-01
5.700364779091003919e-01
5.700789566123116714e-01
5.690296193698755056e-01
5.693125677793249295e-01
5.702239739231482751e-01
5.686183627678772501e-01
5.684918320821469306e-01
5.704432011243950607e-01
5.688473707687767833e-01
5.686305966318367933e-01
5.698888909009333092e-01
5.690197126630047730e-01
5.685056240705794739e-01
5.670499804439169678e-01
5.692420084648406320e-01
5.691423077810877640e-01
5.690023838404185685e-01
5.688742639955716163e-01
5.689230168335901450e-01
5.697482372857537447e-01
5.692405958255033482e-01
5.694915464920402570e-01
5.692370800795349961e-01
5.690810562210271151e-01
5.687454689008699660e-01
5.679603188191164609e-01
5.690514322374830014e-01
5.695253115458819293e-01
5.679417964118924633e-01
5.689472557570460776e-01
5.692932293895913709e-01
5.699324911227335866e-01
5.680171539734680808e-01
5.684224538867195253e-01
5.693731712607145168e-01
5.683959399012851188e-01
5.692346193817259259e-01
5.697421147765884264e-01
5.680191683897861665e-01
5.694886807082879532e-01
5.696753525042816957e-01
5.689728967986279473e-01
5.688695328062232104e-01
5.708832504202904223e-01
5.701437112204533753e-01
5.688150111290350974e-01
5.698294485285444466e-01
5.693763959367851291e-01
5.658525286164923784e-01
5.701030493594599902e-01
5.695301259906516700e-01
5.686283290847146121e-01
5.695177822085474295e-01
5.695753348310204078e-01
5.692695280827876347e-01
5.699948364041463877e-01
5.691445760417535027e-01
5.694985183916694282e-01
5.691093598304280965e-01
5.685690221143898659e-01
5.687384732278192301e-01
5.684926905953459064e-01
5.690526952923415926e-01
5.692642357806327880e-01
5.689263732969760401e-01
5.698185298673815735e-01
5.698148358173957817e-01
5.698191182143069744e-01
5.682349332554633703e-01
5.685350148088598177e-01
5.691709844013573827e-01
5.698454049241720165e-01
5.693869508611769659e-01
5.692357851660508894e-01
5.695987162658501246e-01
5.695614307292719003e-01
5.688684373061274613e-01
5.692857520149271489e-01
5.696580269899992333e-01
5.691038620043895602e-01
5.684683086243366157e-01
5.692530715397587926e-01
5.685188996757913893e-01
5.695184959071092345e-01
5.661299615135286789e-01
5.700698861105990556e-01
5.688972324587366902e-01
5.691611287857887280e-01
5.695019968946989364e-01
5.689424216491697495e-01
5.691695544607207058e-01
5.694297928962672728e-01
5.691999056873406904e-01
5.706316412882047606e-01
5.684273367826876422e-01
5.689165803658446929e-01
5.694906323220025879e-01
5.698895537969292935e-01
5.691026714964343425e-01
5.690457985345422909e-01
5.689195571863404632e-01
5.695511877191089534e-01
5.686430752699874747e-01
5.688131828322026129e-01
5.693469056662420202e-01
5.680399219580748449e-01
5.685054127004059987e-01
5.691196064302036506e-01
5.689725652751714824e-01
5.699387302122678189e-01
5.698008925621523835e-01
5.694289283552915748e-01
5.695132314837095810e-01
5.688041220751686167e-01
5.696033044451559446e-01
5.692893369453185803e-01
5.690441826334997621e-01
5.697698250694928079e-01
5.700990906823111271e-01
5.698525018992067759e-01
5.703192881485331656e-01
5.687796369901123583e-01
5.686238465985334889e-01
5.692148043377865951e-01
5.688485988273775940e-01
5.689525281833330839e-01
5.700979933531779009e-01
5.692532919676083214e-01
5.684500593528278856e-01
5.693173452712434468e-01
5.694764429690271079e-01
5.691998387781890267e-01
5.691493983267487122e-01
5.686370454292963839e-01
5.688735352107147092e-01
5.683704009851855421e-01
5.692933233712170749e-01
5.693682503825858721e-01
5.694951871434845714e-01
5.684222329956353237e-01
5.694205957443451149e-01
5.694740012011509922e-01
5.703334582807840780e-01
5.690234863992846837e-01
5.697717481415304208e-01
5.687737535135589662e-01
5.689632040102193811e-01
5.689932743428639528e-01
5.687616868081367683e-01
5.694334859863080522e-01
5.693647967050058378e-01
5.688774460086395424e-01
5.690656675648845253e-01
5.699914136831113476e-01
5.691352161338679716e-01
5.691743215116797927e-01
5.692490501429893213e-01
