-3.152537108230952373e-02
-3.146990034845241480e-02
-3.158156393511636628e-02
-3.158441901097303051e-02
-3.174378736928561845e-02
-3.156646629344568578e-02
-3.171107538616419613e-02
-3.181498255982104229e-02
-3.169705723834934791e-02
-3.188066145962769465e-02
-3.186628149380947572e-02
-3.198260832325562630e-02
-3.201553255071620113e-02
-3.201549808418415605e-02
-3.200327972787626873e-02
-3.205055718061838171e-02
-3.210809021164959254e-02
-3.211739297264037951e-02
-3.211887468701977305e-02
-3.214832617067411857e-02
-3.219834460631786771e-02
-3.216780982947075457e-02
-3.215873491481790331e-02
-3.215313713472563867e-02
-3.216895140964937810e-02
-3.213693856333695725e-02
-3.221917133011965861e-02
-3.219407723807392319e-02
-3.218274524435353612e-02
-3.217509708322389972e-02
-3.217810765875368101e-02
-3.219847888896175403e-02
-3.219904556833023956e-02
-3.220069810447638570e-02
-3.219403536020778306e-02
-3.223983978491229418e-02
-3.223520892766868623e-02
-3.224619392488942138e-02
-3.226253763464051461e-02
-3.222433507765620070e-02
-3.225481781784194507e-02
-3.224266905100101749e-02
-3.224964547014652627e-02
-3.225668609106346202e-02
-3.227435661841265846e-02
-3.223299167763552658e-02
-3.223640625391525905e-02
-3.227050939900284743e-02
-3.229566353544677942e-02
-3.227859400862337358e-02
-3.230071136173578994e-02
-3.230583472444475274e-02
-3.231485721510517217e-02
-3.230564981913507105e-02
-3.226679915703006135e-02
-3.227475728793963855e-02
-3.230183851005642703e-02
-3.232589102842049061e-02
-3.230578462683329072e-02
-3.227820583088251982e-02
-3.231218492462266390e-02
-3.232079066448324128e-02
-3.233779770143714594e-02
-3.234457564116786921e-02
-3.233997049235020488e-02
-3.230970942383931677e-02
-3.231697189152145377e-02
-3.232349115781735921e-02
-3.234339971634195982e-02
-3.231399812836098506e-02
-3.233906089989387056e-02
-3.230924735657975805e-02
-3.234739806970089726e-02
-3.233774174659521244e-02
-3.229751678645866042e-02
-3.235011031208725324e-02
-3.234432713593552583e-02
-3.230742236136478762e-02
-3.234761457554484465e-02
-3.234308042805731503e-02
-3.237017696619448603e-02
-3.234409675885458607e-02
-3.236905368837426217e-02
-3.234051491466585770e-02
-3.235380928643111914e-02
-3.235300217977100240e-02
-3.237187016599592237e-02
-3.236768760846661652e-02
-3.234809677214877527e-02
-3.236475229225276029e-02
-3.235641726954825020e-02
-3.236291306136233892e-02
-3.235205185049618709e-02
-3.234807785413736786e-02
-3.234488843011019965e-02
-3.235789673024642987e-02
-3.236353231821846588e-02
-3.235152302492300819e-02
-3.235282965078097039e-02
-3.239142299075086634e-02
-3.235375391004952084e-02
-3.238201301147003441e-02
-3.234165505380406924e-02
-3.232338988917795447e-02
-3.238507141463668748e-02
-3.238131012239339052e-02
-3.235234457442016931e-02
-3.232768396463087807e-02
-3.235329401270849864e-02
-3.236959482620073436e-02
-3.234846595091318833e-02
-3.239391983852822621e-02
-3.237197433345195136e-02
-3.234591160273733723e-02
-3.236254083100107565e-02
-3.236103172661566885e-02
-3.238000926110951722e-02
-3.237728669482564658e-02
-3.238562708640090049e-02
-3.237924955803486021e-02
-3.236651669678605736e-02
-3.236359573419721192e-02
-3.236094934578234023e-02
-3.237605526789738564e-02
-3.239686703857961453e-02
-3.236697467310794413e-02
-3.238922931209245459e-02
-3.236237663945322474e-02
-3.234979261176755549e-02
-3.239458681437116377e-02
-3.236369859897298557e-02
-3.238695628012426553e-02
-3.238165022797306891e-02
-3.240521985669273658e-02
-3.238887769170263609e-02
-3.237940566353675331e-02
-3.239221259938336595e-02
-3.238189924044872214e-02
-3.237364941340187957e-02
-3.238752979239761798e-02
-3.239199661926082247e-02
-3.237971278199661823e-02
-3.237800799007824887e-02
-3.236333699076936882e-02
-3.235829931746900950e-02
-3.235169983353496787e-02
-3.239305557615742431e-02
-3.236280057301537533e-02
-3.240380548430436825e-02
-3.238697431445233116e-02
-3.236348397237923807e-02
-3.238088323868414109e-02
-3.238573810957025984e-02
-3.236490452586328337e-02
-3.236654856493407367e-02
-3.237066114543121070e-02
-3.237850333859507157e-02
-3.237737619690055774e-02
-3.238799282186139578e-02
-3.237195459196147429e-02
-3.238733605114566677e-02
-3.237814189160683614e-02
-3.239063081985244646e-02
-3.235127210312820079e-02
-3.239281043989043068e-02
-3.238817408855157454e-02
-3.236762700973615237e-02
-3.239831725737380569e-02
-3.238099199377404702e-02
-3.239351726019779054e-02
-3.236980243895306447e-02
-3.238784553615214890e-02
-3.238502242138874970e-02
-3.237725536162492507e-02
-3.239135997162275599e-02
-3.238671216779145240e-02
-3.237926874898627155e-02
-3.239477008852158224e-02
-3.240234181673520841e-02
-3.239291970334434723e-02
-3.239785010405776128e-02
-3.239049172932265824e-02
-3.238987149950111472e-02
-3.237871345327959782e-02
-3.239583183617461559e-02
-3.239624501162036846e-02
-3.237166301143269004e-02
-3.238135670106400549e-02
-3.238679550488025166e-02
-3.241612136905136499e-02
-3.238780775071730539e-02
-3.238890781128660190e-02
-3.235887971484856240e-02
-3.238891136403813237e-02
-3.235633939300750633e-02
-3.239530316592666853e-02
-3.239466739414382374e-02
-3.237528174317405583e-02
-3.238389423412636747e-02
-3.240190133554375629e-02
-3.238684740666791795e-02
-3.239813337153033684e-02
-3.239256274956760218e-02
-3.237650034641105512e-02
-3.241617939406350735e-02
-3.237964404826378789e-02
-3.237838809459259864e-02
-3.238008811663142111e-02
-3.237516477006117249e-02
-3.237754025115915230e-02
-3.241538507826889626e-02
-3.239112632652158680e-02
-3.237452068375906017e-02
-3.238372417181518276e-02
-3.237500516461434136e-02
-3.235958868332040883e-02
-3.239603291782962302e-02
-3.239403776360478410e-02
-3.237828391394454580e-02
-3.239004358050205645e-02
-3.239588328088077035e-02
-3.235891305000753587e-02
-3.239816750159450753e-02
-3.240433183559700281e-02
-3.238112732315243797e-02
-3.238103081117286314e-02
-3.240890859229924453e-02
-3.237992918719215935e-02
-3.240310889873884714e-02
-3.236331819787904157e-02
-3.240334965940293993e-02
-3.241129564272148683e-02
-3.239756052129211944e-02
-3.236596108020237811e-02
-3.238433200455888977e-02
-3.239743062416330227e-02
-3.239396134822819517e-02
-3.240986060243317146e-02
-3.237959961811566478e-02
-3.237671599884055923e-02
-3.239575138238227209e-02
-3.239361249229825990e-02
-3.238561870990994823e-02
-3.240103471532992246e-02
-3.238495213462785211e-02
-3.239166325157231963e-02
-3.240639292430726182e-02
-3.239318292209247829e-02
-3.238400017064031744e-02
-3.238968368302638096e-02
-3.239347913880487317e-02
-3.238907843469129855e-02
-3.238176363057216484e-02
-3.238325132370882542e-02
-3.239886715221623054e-02
-3.239132337923662786e-02
-3.240226278816840666e-02
-3.237409321580388133e-02
-3.237173943992493336e-02
-3.239981021721467097e-02
-3.239608740852574498e-02
-3.238842622305911079e-02
-3.240429143164948178e-02
-3.240757815473598036e-02
-3.240594962487579334e-02
-3.238744122607883219e-02
-3.238834099090769081e-02
-3.237610778321887983e-02
-3.240905819402907506e-02
-3.239554805249046654e-02
-3.236616968059798788e-02
-3.240934424885823922e-02
-3.239972299584865933e-02
-3.238248996648676603e-02
-3.235850996991642553e-02
-3.239573735625689982e-02
-3.239074125199427334e-02
-3.239531068961146870e-02
-3.240357455489616817e-02
-3.239970021012934104e-02
-3.239972196325925646e-02
-3.239044558002634328e-02
-3.241190913398236256e-02
-3.239893290528050862e-02
-3.239776726998389034e-02
-3.237273863002748664e-02
-3.242187958921532304e-02
-3.238417095764992149e-02
-3.238334347957776832e-02
-3.240570536726083278e-02
-3.238892929215439476e-02
-3.239104970034525216e-02
-3.237454397665533168e-02
-3.239517947681905957e-02
-3.239378443985511252e-02
-3.239867274564128125e-02
-3.240918746347907359e-02
-3.239567718644075639e-02
-3.239608984374798412e-02
-3.240384930465787378e-02
-3.240608449739923458e-02
-3.241524864964416552e-02
-3.237620295901028761e-02
-3.240810314833215966e-02
-3.237476932704364679e-02
-3.240815725923635454e-02
-3.237729737623612492e-02
-3.240597370392143961e-02
-3.239169993414629800e-02
-3.239045369422396958e-02
-3.240268222731036013e-02
-3.240726938064700940e-02
-3.239970786830387306e-02
-3.241432988827930295e-02
-3.239825766803202528e-02
-3.238123317936190959e-02
-3.238393186738257323e-02
-3.240353363185173585e-02
-3.237425166924647046e-02
-3.239302291087982344e-02
-3.236183644337019272e-02
-3.239788807544805721e-02
-3.239267747540395398e-02
-3.239718141318065348e-02
-3.239593950336863704e-02
-3.239728763407916101e-02
-3.239929114765188051e-02
-3.241916149013785581e-02
-3.240490471289697583e-02
-3.242135215071281773e-02
-3.236286466724335592e-02
-3.240560761842792986e-02
-3.239011487989294086e-02
-3.241389136732305415e-02
-3.236613689795075216e-02
-3.238983094635981830e-02
-3.237002765465833709e-02
-3.238610401071720379e-02
-3.236728579183709154e-02
-3.241282824964596826e-02
-3.239766796952766453e-02
-3.240671594384796073e-02
-3.237326290098815895e-02
-3.240436366436313248e-02
-3.238416652740570140e-02
-3.242518528593411886e-02
-3.241293666617642982e-02
-3.239336990521085591e-02
-3.239540585208315615e-02
-3.239058907356952288e-02
-3.240017812194633667e-02
-3.239796345658797067e-02
-3.238888347126896161e-02
-3.239682720686005296e-02
-3.236374195357959865e-02
-3.239491972014880983e-02
-3.240000959461275531e-02
-3.238607770283443571e-02
-3.236389970360105395e-02
-3.240968615761539995e-02
-3.238236511947049229e-02
-3.239911492002357785e-02
-3.238695245244369025e-02
-3.239687195002905612e-02
-3.238901119779102195e-02
-3.239586535569571185e-02
-3.237919277072044688e-02
-3.239528417073331973e-02
-3.240786100835683914e-02
-3.237568891066839455e-02
-3.236933054021563783e-02
-3.240052266447475404e-02
-3.238683523938069853e-02
-3.239417872906329154e-02
-3.239910056907880503e-02
-3.242123327092950869e-02
-3.238773062479916032e-02
-3.241481705072356972e-02
-3.240098678449055553e-02
-3.241015304645002149e-02
-3.239673426645466037e-02
-3.240547764457631791e-02
-3.239498852296329029e-02
-3.239642522948226605e-02
-3.239811555482014632e-02
-3.239073831019856353e-02
-3.238369036472907303e-02
-3.237159344971007185e-02
-3.239068380880941178e-02
-3.240188995224292656e-02
-3.240372240105025142e-02
-3.240895627335957374e-02
-3.241000215544043855e-02
-3.241155839502922464e-02
-3.236774852355482623e-02
-3.240225939888406737e-02
-3.239454808030941407e-02
-3.239544816478979322e-02
-3.240186404728100794e-02
-3.240870123495267346e-02
-3.239418407320556609e-02
-3.238315821961967877e-02
-3.239363239655178306e-02
-3.239569437456866347e-02
-3.238959599946270723e-02
-3.238628425579426207e-02
-3.240524673429157759e-02
-3.240904855464245282e-02
-3.238187762234196604e-02
-3.240679259658253014e-02
-3.239117413467109546e-02
-3.240600193750851205e-02
-3.243041253192247703e-02
-3.239835042344296062e-02
-3.239269646250312468e-02
-3.239963156424281732e-02
-3.240035049413141771e-02
-3.238708489895558013e-02
-3.239451650425242274e-02
-3.237826202097026512e-02
-3.243106928697415958e-02
-3.239087074040412212e-02
-3.239652748250375358e-02
-3.237309664181598629e-02
-3.238675468288850640e-02
-3.237939067966106449e-02
-3.239331061973638876e-02
-3.236608661993479324e-02
-3.238860573027577822e-02
-3.240014216910559741e-02
-3.241162429456244387e-02
-3.240607303908911441e-02
-3.239319318859294750e-02
-3.241448816662183263e-02
-3.240164883273736335e-02
-3.238890056929820405e-02
-3.238569707263819902e-02
-3.237473513987847856e-02
-3.239582208203582031e-02
-3.238140963036434394e-02
-3.237809516616312056e-02
-3.238423102118972302e-02
-3.237974085856167028e-02
-3.238694645367930919e-02
-3.239962379575508228e-02
-3.239909497558039753e-02
-3.240011770840441063e-02
-3.239322930564992459e-02
-3.241077649947222972e-02
-3.242171548278068721e-02
-3.241898569927435109e-02
-3.238287872336758494e-02
-3.237496229234267803e-02
-3.242611509284134413e-02
-3.238956980529365121e-02
-3.238173574315948017e-02
-3.239461063972967625e-02
-3.239477915741392072e-02
-3.241793512416446532e-02
-3.237640490436834162e-02
-3.238719883347956907e-02
-3.239631595936038472e-02
-3.241532139177004390e-02
-3.241099145159499068e-02
-3.240552812918409686e-02
-3.240111705908464007e-02
-3.237299643089946305e-02
-3.241263192995470083e-02
-3.237832142498895532e-02
-3.239517774563387131e-02
-3.237904266164186307e-02
-3.240218253522401948e-02
-3.238646918319627172e-02
-3.240811423913947387e-02
-3.237958515561640410e-02
-3.238686840438748105e-02
-3.238586129517827261e-02
-3.238045476161483666e-02
-3.240391772414061289e-02
-3.238652746036153884e-02
-3.238812786544716105e-02
-3.238780371903494937e-02
-3.239058399809464223e-02
-3.240817793766294364e-02
-3.239530435199670932e-02
-3.238839542592184678e-02
-3.238769275701640360e-02
-3.240127522338710070e-02
-3.239283523561925504e-02
-3.238226178116735549e-02
-3.240251753904242749e-02
-3.238069111236507175e-02
-3.239638952580227438e-02
-3.238668979970669298e-02
-3.241829049367560278e-02
-3.239494662905341438e-02
-3.237331093197223092e-02
-3.242960375879622159e-02
-3.238023591422817260e-02
-3.238207804331306311e-02
-3.237888401798143939e-02
-3.240817958359572259e-02
-3.238478059385235808e-02
-3.241868200462954402e-02
-3.238917843735587831e-02
-3.236825295890497639e-02
-3.241897843126849421e-02
-3.240949655722053652e-02
-3.239323826507336385e-02
-3.241822423190677399e-02
-3.240697427311110129e-02
-3.240112221732466963e-02
-3.239973694216759237e-02
-3.239031086783673852e-02
-3.240507593103514328e-02
-3.238874386803523159e-02
-3.240935442351619566e-02
-3.237807299948974177e-02
-3.239112256295046538e-02
-3.237035691960980094e-02
-3.238905315544896718e-02
-3.238068192724700978e-02
-3.240241146605656736e-02
-3.241269479962247124e-02
-3.238090119347664109e-02
-3.237656525082136666e-02
-3.238056818798838721e-02
-3.240388956403332521e-02
-3.237834811132080104e-02
-3.237169644511130734e-02
-3.240232389381379058e-02
-3.240779055271115344e-02
-3.241339886415309929e-02
-3.239723155507684416e-02
-3.239071942656234632e-02
-3.239654881712996509e-02
-3.237936142534484502e-02
-3.241514980303737692e-02
-3.241341236084255284e-02
-3.240438538015519981e-02
-3.239432768460375617e-02
-3.240889846301335531e-02
-3.240066135939288078e-02
-3.236975186906595331e-02
-3.239328433591309730e-02
-3.238561537677108609e-02
-3.238164089127639617e-02
-3.240185236411399078e-02
-3.238157737989573459e-02
-3.238682606138244130e-02
-3.237896208542820342e-02
-3.238307666165617799e-02
-3.239512891832087293e-02
-3.241458866709694825e-02
-3.237054638652266808e-02
-3.240784230762937951e-02
-3.239009698254393527e-02
-3.237077482107366538e-02
-3.240785840644538202e-02
-3.242037808193624221e-02
-3.239542115218640300e-02
-3.238006561358058866e-02
-3.239739218496452688e-02
-3.240752267030979489e-02
-3.240453525926425410e-02
-3.237852039379902902e-02
-3.238985995984794419e-02
-3.239358100428226667e-02
-3.238932390900139957e-02
-3.238385636254840355e-02
-3.239659072714389659e-02
-3.238033991680746432e-02
-3.237988576476220209e-02
-3.240617866776678013e-02
-3.239202422890675309e-02
-3.240559279797607800e-02
-3.237372612010259998e-02
-3.239642432734422123e-02
-3.239195706992555740e-02
-3.239659971069769329e-02
-3.239781127577345127e-02
-3.237963970347711856e-02
-3.240895381776853768e-02
-3.239984798231005519e-02
-3.239443706843399967e-02
-3.238833972334860534e-02
-3.240577825754707708e-02
-3.240022492632825546e-02
-3.238750542011701455e-02
-3.239378328099378618e-02
-3.242973283270324941e-02
-3.238348428493668940e-02
-3.241025515086078806e-02
-3.239622033856923849e-02
-3.240492559534428885e-02
-3.238565437982200007e-02
-3.239376606752283200e-02
-3.239579815125908507e-02
-3.242181375881414418e-02
-3.242572585293863885e-02
-3.240830132281659337e-02
-3.240610829463314718e-02
-3.240672469490891300e-02
-3.238882090793550328e-02
-3.241823870336532631e-02
-3.240255665924652445e-02
-3.239819416805846813e-02
-3.238966441367887444e-02
-3.241988016186760080e-02
-3.240232926084827408e-02
-3.238356704842819400e-02
-3.240588437146720013e-02
-3.239353402390848097e-02
-3.239821783372830860e-02
-3.241936997541958188e-02
-3.241549658733234446e-02
-3.239855009052771545e-02
-3.240626798447066720e-02
-3.240669640995395145e-02
-3.241201633324280323e-02
-3.236254636195999568e-02
-3.239300246563111413e-02
-3.238185295673483982e-02
-3.242340649207890724e-02
-3.242079937100990350e-02
-3.238784653135657471e-02
-3.239065920087658146e-02
-3.240923523043482551e-02
-3.242146880094728262e-02
-3.237425825428885684e-02
-3.241689306850805558e-02
-3.238715173775393030e-02
-3.240268164981976312e-02
-3.238321167354628327e-02
-3.238163712449394077e-02
-3.238362669218199791e-02
-3.240829208021101665e-02
-3.239493762371216390e-02
-3.239213007771168940e-02
-3.242657716197703405e-02
-3.239530349310080354e-02
-3.239896552131497909e-02
-3.241600320550396680e-02
-3.239660858914928526e-02
-3.242348415889376168e-02
-3.239904510737623422e-02
-3.240043528993379746e-02
-3.237936286091350896e-02
-3.239271693966791488e-02
-3.240657134008905621e-02
-3.242124005857116575e-02
-3.240162310456112804e-02
-3.236226271854068109e-02
-3.239359003832979755e-02
-3.239309773714141999e-02
-3.237822149842552871e-02
-3.242396424344733130e-02
-3.239119931161570098e-02
-3.240161970655406481e-02
-3.238717400482454128e-02
-3.240072983836668474e-02
-3.238553127829203043e-02
-3.238866463496924836e-02
-3.238086166352135975e-02
-3.239145167157029409e-02
-3.238374294397172032e-02
-3.240198949577470511e-02
-3.239769544047306493e-02
-3.239110850423674443e-02
-3.239937705127230588e-02
-3.240874332269178676e-02
-3.238079016232332796e-02
-3.242794564904800253e-02
-3.239454877032597185e-02
-3.239021816957756567e-02
-3.241534822003542399e-02
-3.240292963099761225e-02
-3.241042979318815159e-02
-3.240266046421023255e-02
-3.240681624798567168e-02
-3.240896072704529257e-02
-3.239435347559390527e-02
-3.236961015004831410e-02
-3.240239696871806407e-02
-3.240705632035255357e-02
-3.239184653990332535e-02
-3.239251901046927978e-02
-3.239927938770632149e-02
-3.238024004093637692e-02
-3.240971415449143966e-02
-3.240040634381997214e-02
-3.239591727340552368e-02
-3.239882175418546534e-02
-3.239439700143120077e-02
-3.239901128649413931e-02
-3.240427887892308872e-02
-3.239561071743019688e-02
-3.239182424547306510e-02
-3.242226324596968884e-02
-3.239904147944538265e-02
-3.240953606784687663e-02
-3.240266105430793936e-02
-3.243354060886629447e-02
-3.238268048996727905e-02
-3.238473448568247176e-02
-3.238332710169947171e-02
-3.239537969587513028e-02
-3.240994454050682289e-02
-3.239922775393845600e-02
-3.240056479957493379e-02
-3.238132314027793168e-02
-3.238409721534983576e-02
-3.240074280022673531e-02
-3.239159586899090920e-02
-3.241985388517453631e-02
-3.240757869993077939e-02
-3.240755616673584444e-02
-3.238529253185369605e-02
-3.238741977642380782e-02
-3.239529987437248654e-02
-3.241138207681245470e-02
-3.238272820238887600e-02
-3.242563781275997065e-02
-3.240399897383409999e-02
-3.239523783972508147e-02
-3.239473398202923765e-02
-3.240603612200448902e-02
-3.237279721962147555e-02
-3.240191910001091052e-02
-3.239972390355828902e-02
-3.239480209985788617e-02
-3.240709657904307373e-02
-3.241195030970136365e-02
-3.239354869561276301e-02
-3.242273570305702346e-02
-3.240714787975546018e-02
-3.236797038224663997e-02
-3.242872640369284104e-02
-3.238169605429552095e-02
-3.241526720998143957e-02
-3.239362030182348084e-02
-3.237929355418207172e-02
-3.240147443160269758e-02
-3.239634654783530437e-02
-3.237087569185199271e-02
-3.239401861727479737e-02
-3.240822141119566874e-02
-3.238662601208926184e-02
-3.242079915359868253e-02
-3.239833588975898904e-02
-3.238345255222205982e-02
-3.240414003499635792e-02
-3.239676861491790766e-02
-3.238987729946787159e-02
-3.241164681755830806e-02
-3.240401818273790785e-02
-3.240476095236715509e-02
-3.240037635781096298e-02
-3.242530832731297524e-02
-3.236184628530461987e-02
-3.240521787510797919e-02
-3.239062596007579592e-02
-3.241069841762250076e-02
-3.239162660489661866e-02
-3.238887073973485686e-02
-3.239480898518650592e-02
-3.241279570014306277e-02
-3.238806488996345129e-02
-3.240099851066460118e-02
-3.239087441173506277e-02
-3.239835710319012574e-02
-3.240734587692565422e-02
-3.237637205182163774e-02
-3.243993960879380800e-02
-3.238696067349927654e-02
-3.240255172818309187e-02
-3.239603452780973059e-02
-3.242927179856996273e-02
-3.240896302914050148e-02
-3.238778946907449469e-02
-3.239614328363383394e-02
-3.239727098967042085e-02
-3.240739697458009522e-02
-3.240310271009195359e-02
-3.238076917146618522e-02
-3.236853289027199349e-02
-3.241357083066197242e-02
-3.240324765421123687e-02
-3.241141118264283250e-02
-3.239776642812498136e-02
-3.240857759293045565e-02
-3.238724839688371382e-02
-3.240752057128803293e-02
-3.239649009038470667e-02
-3.239570170835295165e-02
-3.237910236334386876e-02
-3.237468161882571527e-02
-3.241498403644586801e-02
-3.240615891921207192e-02
-3.244163929850887862e-02
-3.241041427173018546e-02
-3.241029345234995585e-02
-3.240999941138547613e-02
-3.238720831639597258e-02
-3.240029925069127376e-02
-3.238620498581724211e-02
-3.240487525729285334e-02
-3.240514916061266321e-02
-3.240878964061208456e-02
-3.241853682058799119e-02
-3.241963219924041267e-02
-3.240650328563475513e-02
-3.240110818175712809e-02
-3.239691584533795077e-02
-3.239795507541810143e-02
-3.240854269194039933e-02
-3.242327430113987885e-02
-3.240406323000045996e-02
-3.240650661285510853e-02
-3.240656820974781999e-02
-3.240201778756313794e-02
-3.238762216719023174e-02
-3.241500612067601400e-02
-3.241449630767142404e-02
-3.240805760582034928e-02
-3.240284944136148648e-02
-3.240440396280417495e-02
-3.239813028958447860e-02
-3.237778319579295155e-02
-3.238960799252361966e-02
-3.240683578794690406e-02
-3.238225891467844120e-02
-3.241141798352317055e-02
-3.240622074135309644e-02
-3.238025768879469746e-02
-3.241403912407474913e-02
-3.241192125413718678e-02
-3.240825444655929394e-02
-3.239147004755092707e-02
-3.238924065623145776e-02
-3.239420043663727988e-02
-3.238944396130651049e-02
-3.239822655208095259e-02
-3.240544742865807126e-02
-3.239189082418473392e-02
-3.240255229106518003e-02
-3.239964429732217904e-02
-3.239971782214163404e-02
-3.238647399038383640e-02
-3.238637065311046614e-02
-3.237143549290476957e-02
-3.240560193103310394e-02
-3.243475420926787700e-02
-3.242426858825186303e-02
-3.239607345631891067e-02
-3.241420068415303696e-02
-3.240348974864807469e-02
-3.239163439128421584e-02
-3.239770776486173426e-02
-3.241134746981699094e-02
-3.241519227466520964e-02
-3.239293779434521819e-02
-3.241333855945812553e-02
-3.240360297113620280e-02
-3.241328001056741764e-02
-3.241131579712042826e-02
-3.239199446316681080e-02
-3.240880755270821728e-02
-3.240426691838756840e-02
-3.240561206233322222e-02
-3.240778291468764810e-02
-3.239592197068107832e-02
-3.240773835750613424e-02
-3.242099877859494494e-02
-3.238800517231556209e-02
-3.240052864043926201e-02
-3.240912284542789984e-02
-3.239123425940344803e-02
-3.238926001955772654e-02
-3.239195526205582848e-02
-3.239138927960819730e-02
-3.238305823324354182e-02
-3.241209751769094649e-02
-3.241381486153308011e-02
-3.238446876424012910e-02
-3.240437490602274956e-02
-3.238412387874527176e-02
-3.240458483241841908e-02
-3.239194574163994922e-02
-3.238599586643841483e-02
-3.240275105177185117e-02
-3.239443807300491224e-02
-3.240526904509148653e-02
-3.240473907736949460e-02
-3.241153510802542714e-02
-3.239238158798331269e-02
-3.240010568192231571e-02
-3.238614488859339891e-02
-3.239919070721068717e-02
-3.241607193645489049e-02
-3.237903773076957620e-02
-3.241261953029887788e-02
-3.241504627620424989e-02
-3.236096821360408965e-02
-3.240758802025411889e-02
-3.239066635368016700e-02
-3.241172150557608544e-02
-3.239472980843209615e-02
-3.240600516803120168e-02
-3.238640493380322977e-02
-3.240251535833623547e-02
-3.238197616559056191e-02
-3.240373233079640175e-02
-3.239635866524353397e-02
-3.243159261699660872e-02
-3.240458514769440496e-02
-3.238994799959717119e-02
-3.241783631052136405e-02
-3.237048437873479151e-02
-3.240211359051459877e-02
-3.238492274606145915e-02
-3.241180138920694148e-02
-3.238694723252866919e-02
-3.243509548135321829e-02
-3.238254725343457652e-02
-3.241305332563455127e-02
-3.239751663994099029e-02
-3.240446219869237005e-02
-3.240602382019953931e-02
-3.238869182071653363e-02
-3.241064191899136609e-02
-3.242676964410762253e-02
-3.238960643023905406e-02
-3.240594193586510824e-02
-3.239253442285274648e-02
-3.240310991203850660e-02
-3.239560258204713522e-02
-3.238178163423732769e-02
-3.241173254427136968e-02
-3.241491464183308968e-02
-3.239665289435180590e-02
-3.241771627759971325e-02
-3.238773739457135453e-02
-3.239334854190493301e-02
-3.239172638528336340e-02
-3.241202030099495091e-02
-3.239570159824706891e-02
-3.241630125691400549e-02
-3.239653860089924953e-02
-3.237965727977386993e-02
-3.238005771914214542e-02
-3.240582274569730331e-02
-3.238942785284686099e-02
-3.242339921326932439e-02
-3.237297977029896662e-02
-3.239535071138876371e-02
-3.239284359383060030e-02
-3.240144515620681925e-02
-3.240455019485827953e-02
-3.242782657085279546e-02
-3.240861967410290506e-02
-3.242515520971343129e-02
-3.240426233194983185e-02
-3.241159208500125205e-02
-3.242926031505027201e-02
-3.241671942096183839e-02
-3.239289768434750610e-02
-3.240580912964195065e-02
-3.238526472647423882e-02
-3.238682178127542249e-02
-3.240391413900498702e-02
-3.240028474793447272e-02
-3.240185736633776487e-02
-3.242560032734924380e-02
-3.240354305745951624e-02
-3.239571737743700969e-02
-3.239808021016297307e-02
-3.239594047362339552e-02
-3.240764304643979632e-02
-3.240247719271736188e-02
-3.239142544300321197e-02
-3.240487890863914811e-02
-3.239620932533363723e-02
-3.238789940419047747e-02
-3.240616132516982439e-02
-3.238396714425478828e-02
-3.239432110617045807e-02
-3.239247317248430263e-02
-3.240038510530578869e-02
-3.239760595579480040e-02
-3.239805560312058325e-02
-3.239500979997445712e-02
-3.240212384819807223e-02
-3.241154441053022833e-02
-3.239301397457887421e-02
-3.238393175682575259e-02
-3.238957698962345588e-02
-3.242391347277304853e-02
-3.240662051774555186e-02
-3.241069125528021899e-02
-3.242500999424229730e-02
-3.239565632687380070e-02
-3.240594524584945041e-02
-3.240673084427329875e-02
-3.238991883649938036e-02
-3.240419809571952470e-02
-3.241881922736705030e-02
-3.238777676563653340e-02
-3.241199793730564077e-02
-3.240639167128063491e-02
-3.241211532187718292e-02
-3.239346905223718098e-02
-3.240763353521164403e-02
-3.240959534747587384e-02
-3.238452052410327464e-02
-3.240657373203996439e-02
-3.238534598256852942e-02
-3.239123991055719437e-02
-3.240455354074885802e-02
-3.238292181804987985e-02
-3.239755168674020996e-02
-3.239253751368631473e-02
-3.240835815116855506e-02
-3.240371667454240018e-02
-3.240735282859701777e-02
-3.239101984473594792e-02
-3.240862952322725449e-02
-3.238012482235489570e-02
-3.242239464269459914e-02
-3.241952113671178054e-02
-3.243041187813693743e-02
-3.240453787926258350e-02
-3.240041200836441676e-02
-3.239030565896076908e-02
-3.238925676441283680e-02
-3.236747520616846396e-02
-3.238454614424406824e-02
-3.240207398961270774e-02
-3.241435504366257242e-02
-3.240032566930207275e-02
-3.241301732387215362e-02
-3.239398705480722035e-02
-3.242129690607913062e-02
-3.237282211116011832e-02
-3.239774217942677920e-02
-3.241225239062738017e-02
-3.241264340268958793e-02
-3.239995276811694774e-02
-3.240656479619467151e-02
-3.240412986714562293e-02
-3.242908239541406057e-02
-3.241935915850452377e-02
-3.241459935236529200e-02
-3.240725395898712974e-02
-3.238496727494736410e-02
-3.242271407946301781e-02
-3.238756967415644394e-02
-3.241025860740488762e-02
-3.240651783757474147e-02
-3.240493557883431658e-02
-3.241118600892407831e-02
-3.241024370637802382e-02
-3.240412616800249918e-02
-3.241155228642998015e-02
-3.240048299875065985e-02
-3.240976352639150793e-02
-3.241901521923090668e-02
-3.240385722012861097e-02
-3.241116643407147141e-02
-3.241016786809684802e-02
-3.237816617894730825e-02
-3.241769843141688312e-02
-3.240080264996712117e-02
-3.242138010566932016e-02
-3.240184237192172967e-02
-3.241077398454774577e-02
-3.238544944410660931e-02
-3.240933512671510808e-02
-3.241437519381453608e-02
-3.238256243965231124e-02
-3.243887533430672016e-02
-3.241742571049071459e-02
-3.241981709675573198e-02
-3.242617379571383768e-02
-3.239935923013020913e-02
-3.239166455903465247e-02
-3.240006556959351691e-02
-3.238481183086899112e-02
-3.240503777041541661e-02
-3.240824892204403201e-02
-3.240628669601729878e-02
-3.240535776555566322e-02
-3.241006666728064173e-02
-3.239592530843186241e-02
-3.238906754152181405e-02
-3.241925649779441726e-02
-3.241132144806313509e-02
-3.239172488157467805e-02
-3.238216118695241147e-02
-3.240681803274776673e-02
-3.239489368839062328e-02
-3.240275584630643996e-02
-3.241518516880385892e-02
-3.239925564628014926e-02
-3.240250975073687145e-02
-3.238136403972195071e-02
-3.237949024838338019e-02
-3.241437945543129001e-02
-3.238526926970527325e-02
-3.242816387015388935e-02
-3.243588101103316024e-02
-3.240977735871004156e-02
-3.241943432828210681e-02
-3.240749671635063250e-02
-3.240253236801032138e-02
-3.239606864671766562e-02
-3.240894804080231284e-02
-3.238792248578054728e-02
-3.239999920225402480e-02
-3.240988296004673058e-02
-3.240387440973983846e-02
-3.241848435651941557e-02
-3.240653069938489311e-02
-3.237715311076003882e-02
-3.240259955962269955e-02
-3.240693744982974661e-02
-3.241619169601701184e-02
-3.241561218348902595e-02
-3.240523467832071708e-02
-3.238882042725492461e-02
-3.239676140130038490e-02
-3.241534214211667236e-02
-3.240375980630470082e-02
-3.239465423185264314e-02
-3.238114640612965028e-02
-3.238928835606607465e-02
-3.240056250453222930e-02
-3.242249014930669720e-02
-3.239458773153051224e-02
-3.238358116615005361e-02
-3.239610627437033985e-02
-3.240986502168551053e-02
-3.241129145836169068e-02
-3.239724286460596986e-02
-3.240155135240703477e-02
-3.241640912383333961e-02
-3.239181174835271265e-02
-3.241146912124557439e-02
-3.241677277525130407e-02
-3.238045445469061451e-02
-3.241722777933551264e-02
-3.241372249984075110e-02
-3.238686747209151146e-02
-3.239993128366479291e-02
-3.239847511093667948e-02
-3.239346617236843473e-02
-3.239371600687115244e-02
-3.237596989879058806e-02
-3.240463760127768739e-02
-3.239887354444978551e-02
-3.238543791024108692e-02
-3.240337764593882730e-02
-3.238954898296517865e-02
-3.236913578664184915e-02
-3.241124594143227761e-02
-3.240068760084451743e-02
-3.240882110202000788e-02
-3.238955645684506168e-02
-3.241046128587603964e-02
-3.240835308900905098e-02
-3.239717386716106651e-02
-3.239272428797436432e-02
-3.240563502362843462e-02
-3.240054491126766884e-02
-3.239421539728425115e-02
-3.239147830548292500e-02
-3.238734400128932128e-02
-3.239449568252809886e-02
-3.238852066433876853e-02
-3.240625913301752731e-02
-3.237201479592582976e-02
-3.239946090646280558e-02
-3.240474571778223511e-02
-3.241499455884933739e-02
-3.240087882331082331e-02
-3.243046779662205753e-02
-3.240278350320211637e-02
-3.240769156296043063e-02
-3.239972950282400677e-02
-3.240949670052443304e-02
-3.238730783310302119e-02
-3.240981729670359274e-02
-3.239222818276578375e-02
-3.239284279545946721e-02
-3.240483344932674342e-02
-3.238705003667651655e-02
-3.240667286837979610e-02
-3.241736934298845851e-02
-3.239307143070724315e-02
-3.239764543801678526e-02
-3.239571348456327798e-02
-3.240151164571488523e-02
-3.240180672871815354e-02
-3.241658582588463622e-02
-3.239682963611433680e-02
-3.239982530024660551e-02
-3.238823626962060442e-02
-3.241928443496572970e-02
-3.241142305294932024e-02
-3.239742122882239422e-02
-3.239834066019937897e-02
-3.239384867232577431e-02
-3.242494690010768593e-02
-3.242094745331260131e-02
-3.240124978207151174e-02
-3.238363471863569404e-02
-3.241820362649087267e-02
-3.240885725716614874e-02
-3.240780163600443659e-02
-3.241455261048804826e-02
-3.240026688833692881e-02
-3.240125273370221548e-02
-3.240903655427231772e-02
-3.239786302229546305e-02
-3.239966663048721857e-02
-3.238345693052013807e-02
-3.239478998502843404e-02
-3.239436031317016740e-02
-3.243122071875164519e-02
-3.238826871608886659e-02
-3.239323064192141388e-02
-3.240741613752112782e-02
-3.239916605358748175e-02
-3.239999013289372037e-02
-3.240138600052992063e-02
-3.239741867372582934e-02
-3.242542325560428956e-02
-3.240913199224535607e-02
-3.240283483332406095e-02
-3.240736254412581591e-02
-3.241093581745135843e-02
-3.239347106914945013e-02
-3.240874117523916825e-02
-3.237922619009003106e-02
-3.240746323120602401e-02
-3.240502834955040490e-02
-3.241281396981593454e-02
-3.241537193967281710e-02
-3.242777027605159984e-02
-3.239695947885447985e-02
-3.240751546822089740e-02
-3.240499397779011276e-02
-3.238044092933348855e-02
-3.240809407845172269e-02
-3.239494174950277583e-02
-3.240524947459576255e-02
-3.241032603146998259e-02
-3.241744300179315308e-02
-3.240053493527034201e-02
-3.240839238506963010e-02
-3.240067514819339883e-02
-3.241183071204090105e-02
-3.240877434598940510e-02
-3.238643718287043810e-02
-3.238940086952084990e-02
-3.239806967309476898e-02
-3.240950202989158896e-02
-3.239818757980513636e-02
-3.239346728746809317e-02
-3.237468880280376660e-02
-3.239737313139149505e-02
-3.241299769365700578e-02
-3.240477978841845713e-02
-3.239695736189552450e-02
-3.242856246578713214e-02
-3.241220984363475666e-02
-3.240978309010116021e-02
-3.239307180797625085e-02
-3.239705629585610397e-02
-3.239571110121463454e-02
-3.242746511681379035e-02
-3.240717456203719149e-02
-3.242433284839611740e-02
-3.241519824745054540e-02
-3.240461478077312496e-02
-3.238973998701272228e-02
-3.243049897745392540e-02
-3.240629474772873525e-02
-3.239941487475838516e-02
-3.240415846073959466e-02
-3.238483520980513924e-02
-3.238911150533772126e-02
-3.241350656887132670e-02
-3.241252491604152547e-02
-3.240011237295738200e-02
-3.240639829807864802e-02
-3.239509328605056498e-02
-3.239841023471074638e-02
-3.241563918984783493e-02
-3.239904362174026581e-02
-3.241663356532008960e-02
-3.241203171156114421e-02
-3.241942581631569037e-02
-3.240533713555519141e-02
-3.241059521950660771e-02
-3.240918909915334323e-02
-3.239410055135650418e-02
-3.239560673120005230e-02
-3.241298424094109926e-02
-3.241176795269327948e-02
-3.239645837163535047e-02
-3.240986637629855033e-02
-3.239491397305327425e-02
-3.242303815874651718e-02
-3.240488933848374026e-02
-3.240063231245100123e-02
-3.237980214544543267e-02
-3.241056835321877438e-02
-3.240544222697828991e-02
-3.242657605471422483e-02
-3.241802113746290737e-02
-3.242285186645199602e-02
-3.236713348355611114e-02
-3.240978685930490100e-02
-3.239030178826620560e-02
-3.241567635476502035e-02
-3.242009411152844967e-02
-3.241511905380929648e-02
-3.242831605353329455e-02
-3.240797584034314088e-02
-3.242257385615674586e-02
-3.239300183514467329e-02
-3.241741532964403233e-02
-3.240411012279414277e-02
-3.238614493729032040e-02
-3.239441824131478881e-02
-3.242600767605677975e-02
-3.238920002622919930e-02
-3.241334720124368352e-02
-3.239037788853331434e-02
-3.239228806717899672e-02
-3.237770982019381322e-02
-3.242225329910933956e-02
-3.241199027824197276e-02
-3.239193014114095243e-02
-3.240904807697642803e-02
-3.238622547029789550e-02
-3.240343663779482464e-02
-3.240713690414307596e-02
-3.240572999505246521e-02
-3.241331525537081981e-02
-3.239731898253982861e-02
-3.240364798479077046e-02
-3.240218434641019274e-02
-3.241496068600448199e-02
-3.241641660613571452e-02
-3.239830475389388759e-02
-3.241244889602112877e-02
-3.239582560685606849e-02
-3.240037997217664473e-02
-3.242180432323470834e-02
-3.241170729890315017e-02
-3.239805309545373130e-02
-3.241039427826580138e-02
-3.239881364017194176e-02
-3.237914778607058758e-02
-3.239982327013708058e-02
-3.240323612923067670e-02
-3.240911988291068913e-02
-3.239817135344678217e-02
-3.239775743008842246e-02
-3.240660900654396964e-02
-3.240807144150836816e-02
-3.238574176397020221e-02
-3.240673418876315048e-02
-3.241839016418369968e-02
-3.238971548911151466e-02
-3.241167231167997598e-02
-3.238248579743453759e-02
-3.239252403513415146e-02
-3.241071290706008801e-02
-3.240728305749027843e-02
-3.240949781727622131e-02
-3.240753552574362345e-02
-3.239117206386666475e-02
-3.238782831524476130e-02
-3.237966727608859729e-02
-3.241244418234499880e-02
-3.239573974618301100e-02
-3.241149670595581955e-02
-3.241792693508200457e-02
-3.238464181487952370e-02
-3.240459360599611677e-02
-3.239117418428715672e-02
-3.239281375877889335e-02
-3.241966166466477700e-02
-3.241769538253780336e-02
-3.241413154975034822e-02
-3.239380998519070937e-02
-3.240681595896233863e-02
-3.239386044090675210e-02
-3.242273379247767595e-02
-3.241101452347257966e-02
-3.241146502059220197e-02
-3.242181713932511256e-02
-3.241912982966712459e-02
-3.240927759906830907e-02
-3.239981937433565606e-02
-3.241441611659469368e-02
-3.240878583210177188e-02
-3.238680673685345734e-02
-3.241306090705631249e-02
-3.241295242742633226e-02
-3.238820609224886404e-02
-3.240737482117428403e-02
-3.240208545793946820e-02
-3.242003277182792242e-02
-3.241710874541878923e-02
-3.242299469782360805e-02
-3.239033561137556749e-02
-3.240579123568155390e-02
-3.240188344454095898e-02
-3.239978830246311586e-02
-3.239302117650440932e-02
-3.239667638035574615e-02
-3.240833160197426760e-02
-3.238741108702732074e-02
-3.241790786788197043e-02
-3.242389595713703748e-02
-3.241860175514212766e-02
-3.241256999123990484e-02
-3.240198699239111441e-02
-3.238581036161095744e-02
-3.241933531876890068e-02
-3.241113734840961325e-02
-3.241497029085122633e-02
-3.241093758312263429e-02
-3.238302678648632277e-02
-3.238843167581739041e-02
-3.237987746547497242e-02
-3.242129366461381917e-02
-3.239717427184081455e-02
-3.240271195926770764e-02
-3.237196111776395602e-02
-3.242047521271634175e-02
-3.241775371698716462e-02
-3.239702909062756181e-02
-3.239217433933217621e-02
-3.239722046121542437e-02
-3.238990071899713191e-02
-3.240285035362545918e-02
-3.239283743604647742e-02
-3.240418083182165787e-02
-3.240727084415279818e-02
-3.238722657858450482e-02
-3.239279450794767951e-02
-3.242348503142923610e-02
-3.241264368008146823e-02
-3.240973975815285985e-02
-3.239368867486588227e-02
-3.239558747605508771e-02
-3.240845838501849041e-02
-3.240837288715139181e-02
-3.241562547972785813e-02
-3.241254194695676605e-02
-3.240429370273694570e-02
-3.241171060391460218e-02
-3.243112391272513079e-02
-3.245587099068755060e-02
-3.240340146805056193e-02
-3.240610652075821829e-02
-3.239420257811671117e-02
-3.240805787889523837e-02
-3.241720037954561734e-02
-3.240841270763879234e-02
-3.239637194127361480e-02
-3.239485530797633211e-02
-3.239115439795956647e-02
-3.241301494117602294e-02
-3.241404087763335301e-02
-3.241146942869085890e-02
-3.238203823891428607e-02
-3.240695237020522340e-02
-3.238318574479850248e-02
-3.239065030029396330e-02
-3.240639783678407604e-02
-3.239799530282665152e-02
-3.238620397079490509e-02
-3.239656960480875869e-02
-3.243149355884612783e-02
-3.237754383642877515e-02
-3.239456206671453148e-02
-3.239908751210034132e-02
-3.240650083932591213e-02
-3.239484754888197204e-02
-3.240571712871065380e-02
-3.241855718816136905e-02
-3.239964755938216229e-02
-3.238319171420492304e-02
-3.242284655672016819e-02
-3.239769512925693568e-02
-3.240386251283509933e-02
-3.239732508492702140e-02
-3.238893779190071126e-02
-3.240339807147940565e-02
-3.240558353196789504e-02
-3.242316290565668002e-02
-3.241574587105063021e-02
-3.242370366076312294e-02
-3.240027429637289125e-02
-3.241733336646548252e-02
-3.241334739560194217e-02
-3.242083762034537325e-02
-3.240375609996200973e-02
-3.241043011933310986e-02
-3.240403908893069868e-02
-3.240578299182642064e-02
-3.239931007030062010e-02
-3.239640040501557544e-02
-3.239397254302179424e-02
-3.241497850150295429e-02
-3.240610334589607427e-02
-3.236614458911814263e-02
-3.240506466850159167e-02
-3.240541977078639085e-02
-3.242375433601899642e-02
-3.240161665752944176e-02
-3.239581713332408824e-02
-3.241544327428513145e-02
-3.240843300213278738e-02
-3.243372770611869377e-02
-3.239157179460843555e-02
-3.240214842027596548e-02
-3.238961026561526513e-02
-3.239483918557227449e-02
-3.238408911091651687e-02
-3.243200565086749171e-02
-3.238602818813402645e-02
-3.241998370154772907e-02
-3.238250702871198899e-02
-3.240317709304502830e-02
-3.243881934264077754e-02
-3.239736799488989599e-02
-3.241075903582488205e-02
-3.239126671737094926e-02
-3.238732039917408684e-02
-3.238792798587952770e-02
-3.237884090898021650e-02
-3.241037676786800298e-02
-3.240893095030149967e-02
-3.239712604675597935e-02
-3.242445812401674454e-02
-3.240514971807930550e-02
-3.239102920413559905e-02
-3.239281127088809026e-02
-3.242577342487577147e-02
-3.236668924954603371e-02
-3.241683473078688787e-02
-3.240325496326045690e-02
-3.240271670465372233e-02
-3.240764071002977947e-02
-3.240517180107956030e-02
-3.240933646399823953e-02
-3.239431210904505226e-02
-3.242407163879931081e-02
-3.240182217405661314e-02
-3.241261079268886042e-02
-3.238275935734646893e-02
-3.239385340027713805e-02
-3.238939048057808828e-02
-3.239059619735418227e-02
-3.239938508897023672e-02
-3.237536120663327827e-02
-3.240083278129499145e-02
-3.240755953715408061e-02
-3.239798880737187331e-02
-3.241262655604894988e-02
-3.241579759947103845e-02
-3.239792124327440376e-02
-3.241637541956816221e-02
-3.241985338407611661e-02
-3.240729013121155383e-02
-3.239364049078603813e-02
-3.237720668019781339e-02
-3.239232562360449402e-02
-3.239414632286291562e-02
-3.240601824738421899e-02
-3.241172709249719869e-02
-3.241094895206010629e-02
-3.240603693053741713e-02
-3.240854296706133925e-02
-3.239070267331860264e-02
-3.241739098584410506e-02
-3.239228338137135899e-02
-3.242314267035419084e-02
-3.242975206903385421e-02
-3.238638961601303379e-02
-3.239625450801451173e-02
-3.239147745778409720e-02
-3.239069117477137716e-02
-3.241772286004751535e-02
-3.240661667962975445e-02
-3.242432136754320321e-02
-3.242696160675017508e-02
-3.240707704878494078e-02
-3.239862278765716364e-02
-3.240652599608152135e-02
-3.239835234061692187e-02
-3.238945524123014452e-02
-3.239444686504943521e-02
-3.241203630609289926e-02
-3.238471175216651315e-02
-3.239522435451893528e-02
-3.239997348926034609e-02
-3.239946847126048968e-02
-3.239150876965939813e-02
-3.239263603052072032e-02
-3.241599947535055842e-02
-3.241089355218003398e-02
-3.239457477354047710e-02
-3.240352919262361187e-02
-3.240118229203648587e-02
-3.243492587246445125e-02
-3.241334658964457882e-02
-3.239967290598029515e-02
-3.238768073575546552e-02
-3.239185122139000284e-02
-3.241767679157318144e-02
-3.242826224572133154e-02
-3.239371030278909852e-02
-3.237489781613737960e-02
-3.240046500383061273e-02
-3.241270930494132008e-02
-3.238189190685306779e-02
-3.240435281092875902e-02
-3.239448497758785211e-02
-3.240468390145005706e-02
-3.240334166598241028e-02
-3.240234563622002018e-02
-3.243510423777592327e-02
-3.241640820302658932e-02
-3.240549224772482084e-02
-3.240866902832133939e-02
-3.239166282427027865e-02
-3.237829075283514546e-02
-3.240964359873300255e-02
-3.238957135566028489e-02
-3.241494787443803538e-02
-3.240240948285025291e-02
-3.241297136898889375e-02
-3.241385626806453368e-02
-3.235988714137818384e-02
-3.239532533899991407e-02
-3.237813497275115332e-02
-3.239737540130840920e-02
-3.239786260817025670e-02
-3.238698067782198875e-02
-3.239708505452787435e-02
-3.239370056686013272e-02
-3.238258764688055347e-02
-3.242679095879057866e-02
-3.241819345578066114e-02
-3.241136362861903042e-02
-3.240225601529394400e-02
-3.240446629124493078e-02
-3.241367495829058226e-02
-3.238935709089350856e-02
-3.239648469505747308e-02
-3.241215598946364101e-02
-3.239585731430454085e-02
-3.241879663051933091e-02
-3.238892961287050815e-02
-3.238503057707046995e-02
-3.240144440207425036e-02
-3.241881975993030768e-02
-3.241329886957265011e-02
-3.239585807545027757e-02
-3.239952494785906106e-02
-3.241281807171528945e-02
-3.240979641271798245e-02
-3.239916380847489286e-02
-3.238233447799978432e-02
-3.240726506707727189e-02
-3.241020443815272045e-02
-3.239608528988417724e-02
-3.240580556263925743e-02
-3.240898092267913838e-02
-3.239903806066225106e-02
-3.239837333550612403e-02
-3.241632949183462925e-02
-3.240559480936008180e-02
-3.241244628018592061e-02
-3.238515936305560311e-02
-3.241745386698795944e-02
-3.241843456094715969e-02
-3.239606284026379235e-02
-3.240606544510424986e-02
-3.240514493775525917e-02
-3.240818628817336566e-02
-3.239562307495678223e-02
-3.242132126098794948e-02
-3.241566795447791555e-02
-3.240105475096664855e-02
-3.240052211069081173e-02
-3.240738206363718427e-02
-3.238604868258305319e-02
-3.240675909436040864e-02
-3.239325076607351556e-02
-3.240810039502388384e-02
-3.244801156457389341e-02
-3.241094385734825944e-02
-3.239417988134513787e-02
-3.241219098543186156e-02
-3.240029687664845726e-02
-3.238287916610826239e-02
-3.240971251545916171e-02
-3.241261038525140165e-02
-3.241564891000454918e-02
-3.243112107111247727e-02
-3.239226811506100423e-02
-3.238309362590841706e-02
-3.238940836576754273e-02
-3.238571851233750659e-02
-3.239924463734839694e-02
-3.239369773001044700e-02
-3.240626686637023551e-02
-3.240208992691724632e-02
-3.241414685864008050e-02
-3.240853851254534707e-02
-3.240389941744568209e-02
-3.239895604555674546e-02
-3.240903881899356159e-02
-3.238851367489729849e-02
-3.241128277558893989e-02
-3.241844723415793911e-02
-3.241692754052129949e-02
-3.240166446847340953e-02
-3.239864068267620661e-02
-3.240632916113943274e-02
-3.239563692200064099e-02
-3.241489383241796807e-02
-3.242813139857602528e-02
-3.240992758852272171e-02
-3.240553193186088837e-02
-3.239299009227191578e-02
-3.241762635755898042e-02
-3.239216871103323819e-02
-3.241470626868239030e-02
-3.241372451661873877e-02
-3.240854990127813723e-02
-3.241298758198907226e-02
-3.238914500449031897e-02
-3.240643822890722225e-02
-3.240428161342052277e-02
-3.240141671674883622e-02
-3.239186305457172205e-02
-3.240031315626425851e-02
-3.240078175764067592e-02
-3.238999308108466563e-02
-3.240803865784216281e-02
-3.243035524907035561e-02
-3.239891692950584018e-02
-3.240864983694537182e-02
-3.240247962633421852e-02
-3.239578016540747146e-02
-3.239465650197957680e-02
-3.241349226763905189e-02
-3.241955764942039409e-02
-3.240089203526628353e-02
-3.240601788328383720e-02
-3.239361510414028034e-02
-3.240508339074826133e-02
-3.239423486535020213e-02
-3.238089873940763058e-02
-3.239063968320741310e-02
-3.239409527164392733e-02
-3.239479325442446572e-02
-3.236414360171098459e-02
-3.239790946460045784e-02
-3.238688988875724345e-02
-3.239041637983448851e-02
-3.239192102491524061e-02
-3.243469470306383634e-02
-3.241394870046438587e-02
-3.241651134969552456e-02
-3.242099383119380340e-02
-3.238988383300289015e-02
-3.240027553289061280e-02
-3.241266649619373164e-02
-3.240615664608606505e-02
-3.237412999951409104e-02
-3.242054256866090667e-02
-3.239804843275190943e-02
-3.241953608723772973e-02
-3.239590619243982311e-02
-3.240645483582650643e-02
-3.239496990268599802e-02
-3.240811642790002167e-02
-3.240572445466100016e-02
-3.238533905938362906e-02
-3.237856442882610514e-02
-3.242751977747521802e-02
-3.240024013028792310e-02
-3.239254718857755011e-02
-3.241604104226407379e-02
-3.240476391877992329e-02
-3.239713608327049466e-02
-3.239836927438819597e-02
-3.239667074143679631e-02
-3.239266849165919199e-02
-3.238571007939831242e-02
-3.241290269893086495e-02
-3.240587651299747102e-02
-3.242266762912109079e-02
-3.240405467278069385e-02
-3.241706656067622899e-02
-3.240610123625285027e-02
-3.242111532235748134e-02
-3.241830335748750042e-02
-3.240125994102556473e-02
-3.240543451123928387e-02
-3.241757989206955903e-02
-3.241151992837870699e-02
-3.240742003848558900e-02
-3.238284191294645703e-02
-3.240973655213084254e-02
-3.240737432946895480e-02
-3.238147328088770288e-02
-3.240561400393412311e-02
-3.242165041193970781e-02
-3.242256388769122061e-02
-3.240992379114280425e-02
-3.240823779137153721e-02
-3.240840153859896738e-02
-3.240318984352966863e-02
-3.240248021863796624e-02
-3.240949506973563737e-02
-3.241281025082109329e-02
-3.240673141902833398e-02
-3.239583170686492070e-02
-3.238127806338596953e-02
-3.239088178722983324e-02
-3.239491839866979334e-02
-3.239081022880589689e-02
-3.241489748390359582e-02
-3.240293185348679800e-02
-3.239570251418664310e-02
-3.240101392175182005e-02
-3.239351896614216936e-02
-3.241511443238097312e-02
-3.240249197591153762e-02
-3.236730966750876737e-02
-3.239856943150483393e-02
-3.240275047160685179e-02
-3.240541133069441831e-02
-3.239860216126939224e-02
-3.242795527558584717e-02
-3.240707111099293269e-02
-3.240364027239210631e-02
-3.240666931037820830e-02
-3.241527143413368978e-02
-3.241513342564624617e-02
-3.241690616119618368e-02
-3.239919531166957772e-02
-3.239997801561432522e-02
-3.241024711183722318e-02
-3.240818762624862043e-02
-3.241751354220175768e-02
-3.241644318000685282e-02
-3.240111216745392847e-02
-3.238427667931464277e-02
-3.240477952124556915e-02
-3.239860417264344566e-02
-3.239707186256962634e-02
-3.240677639244247954e-02
-3.238742107051336555e-02
-3.241544582725394696e-02
-3.240603305649033400e-02
-3.240874883497078113e-02
-3.241349036983975224e-02
-3.238612106488880649e-02
-3.240972631512250429e-02
-3.239514437978080474e-02
-3.241369713261653407e-02
-3.239388470316836161e-02
-3.241136893174114547e-02
-3.241512944834803317e-02
-3.240460442432294141e-02
-3.241211757956811990e-02
-3.239590046670143969e-02
-3.242647654437030152e-02
-3.239611640872221837e-02
-3.240364465224512130e-02
-3.238773801116857226e-02
-3.241963599472433982e-02
-3.241538692944011257e-02
-3.241059757231000427e-02
-3.237983047916014046e-02
-3.242576628038378039e-02
-3.239797846707893891e-02
-3.239623078334170209e-02
-3.237775801861658698e-02
-3.239980683551903912e-02
-3.240200174215780715e-02
-3.241220251326715901e-02
-3.239940084129740855e-02
-3.241993604372321591e-02
-3.240410141308063680e-02
-3.238511831421592158e-02
-3.240150094347327842e-02
-3.240639083643118840e-02
-3.242255930634593136e-02
-3.240143537977628607e-02
-3.240515506525165623e-02
-3.238996889648293465e-02
-3.240763114160071651e-02
-3.240090314413774514e-02
-3.240626929701640596e-02
-3.238375075094482303e-02
-3.239789619230395296e-02
-3.239335358309084617e-02
-3.239058281807334627e-02
-3.241179089424110066e-02
-3.241049321775495845e-02
-3.240184539410119469e-02
-3.238311919103913084e-02
-3.240202755286535757e-02
-3.239531606226309091e-02
-3.239943146709321764e-02
-3.241062755029393977e-02
-3.239935495179106784e-02
-3.242166689069844038e-02
-3.240602653945675454e-02
-3.238217816743883815e-02
-3.241373583617709192e-02
-3.241036939440607167e-02
-3.239747031719130560e-02
-3.239102326091673062e-02
-3.240358267903369754e-02
-3.240773249358260000e-02
-3.242425256982382070e-02
-3.240695507186434204e-02
-3.239999998389809371e-02
-3.238814182720470974e-02
-3.240655783953451385e-02
-3.240697444876926292e-02
-3.241541939000636835e-02
-3.239050458310386432e-02
-3.241212497782122032e-02
-3.241455506107936146e-02
-3.240644155089796724e-02
-3.243105486361630430e-02
-3.241192796286547495e-02
-3.241760286891482573e-02
-3.240834624991205393e-02
-3.240238809051203955e-02
-3.241018000324946691e-02
-3.240835830713779953e-02
-3.239015631528410072e-02
-3.243023893912598543e-02
-3.240737584455428283e-02
-3.240543781687521552e-02
-3.239686426084864568e-02
-3.237092552505808907e-02
-3.240735550776300405e-02
-3.241483331164113357e-02
-3.242150128244514207e-02
-3.240928544785078719e-02
-3.241246542825610560e-02
-3.239307768406906457e-02
-3.240184411595960906e-02
-3.239812650170720981e-02
-3.240054726233485699e-02
-3.240472927964973410e-02
-3.240348364953551247e-02
-3.240907319907558592e-02
-3.241302100053268520e-02
-3.242057865933394012e-02
-3.239654731846302455e-02
-3.240808768926202454e-02
-3.240874512444287536e-02
-3.240698839607118048e-02
-3.239744110301141788e-02
-3.242076039729933218e-02
-3.238788252890288655e-02
-3.241318721219033777e-02
-3.239911702205353072e-02
-3.239029024696295223e-02
-3.239372239577582163e-02
-3.240686307428310847e-02
-3.238493680756904247e-02
-3.239720945930445184e-02
-3.239544422189056389e-02
-3.239072681264015124e-02
-3.241660021816784865e-02
-3.240404111590289987e-02
-3.239987412209526657e-02
-3.242580859950325994e-02
-3.240783865445318740e-02
-3.240472345127283493e-02
