-1.965758763253688812e-02
-1.966007612645626068e-02
-1.966597698628902435e-02
-1.965883374214172363e-02
-1.965489983558654785e-02
-1.965769194066524506e-02
-1.965760439634323120e-02
-1.965768076479434967e-02
-1.965976320207118988e-02
-1.965589448809623718e-02
-1.965406164526939392e-02
-1.965397223830223083e-02
-1.965790428221225739e-02
-1.965759508311748505e-02
-1.965953409671783447e-02
-1.965641789138317108e-02
-1.965205371379852295e-02
-1.966071687638759613e-02
-1.965531520545482635e-02
-1.965517736971378326e-02
-1.965811103582382202e-02
-1.966176740825176239e-02
-1.965425722301006317e-02
-1.966128498315811157e-02
-1.965294778347015381e-02
-1.965892314910888672e-02
-1.965227723121643066e-02
-1.965320110321044922e-02
-1.965223997831344604e-02
-1.965523697435855865e-02
-1.965180411934852600e-02
-1.965796574950218201e-02
-1.965982094407081604e-02
-1.965689100325107574e-02
-1.965681277215480804e-02
-1.965779997408390045e-02
-1.965625025331974030e-02
-1.965778321027755737e-02
-1.965314149856567383e-02
-1.965409144759178162e-02
-1.965584419667720795e-02
-1.965408585965633392e-02
-1.965212821960449219e-02
-1.965732313692569733e-02
-1.965270005166530609e-02
-1.965699531137943268e-02
-1.965533196926116943e-02
-1.965891942381858826e-02
-1.965544186532497406e-02
-1.965464465320110321e-02
-1.965603791177272797e-02
-1.965356431901454926e-02
-1.965975388884544373e-02
-1.965823769569396973e-02
-1.965565793216228485e-02
-1.965285651385784149e-02
-1.965892314910888672e-02
-1.965276710689067841e-02
-1.965501904487609863e-02
-1.965789310634136200e-02
-1.965554803609848022e-02
-1.965613476932048798e-02
-1.965763606131076813e-02
-1.965928636491298676e-02
-1.965609006583690643e-02
-1.965670660138130188e-02
-1.965460181236267090e-02
-1.965651474893093109e-02
-1.965481042861938477e-02
-1.965394243597984314e-02
-1.965870335698127747e-02
-1.966004073619842529e-02
-1.965813152492046356e-02
-1.965696923434734344e-02
-1.965447515249252319e-02
-1.965626887977123260e-02
-1.965801231563091278e-02
-1.965339854359626770e-02
-1.965491846203804016e-02
-1.964954659342765808e-02
-1.966271549463272095e-02
-1.965566724538803101e-02
-1.965139247477054596e-02
-1.965481415390968323e-02
-1.965563744306564331e-02
-1.965634897351264954e-02
-1.966337300837039948e-02
-1.966107822954654694e-02
-1.965540647506713867e-02
-1.965818926692008972e-02
-1.965693943202495575e-02
-1.965613104403018951e-02
-1.966071687638759613e-02
-1.965889707207679749e-02
-1.965900324285030365e-02
-1.965539157390594482e-02
-1.965531334280967712e-02
-1.965531334280967712e-02
-1.965739950537681580e-02
-1.965488307178020477e-02
-1.965355500578880310e-02
-1.965230703353881836e-02
-1.965708099305629730e-02
-1.965658180415630341e-02
-1.965931989252567291e-02
-1.966217905282974243e-02
-1.966176368296146393e-02
-1.964738965034484863e-02
-1.965314522385597229e-02
-1.965520530939102173e-02
-1.965259388089179993e-02
-1.966167427599430084e-02
-1.965938135981559753e-02
-1.965344883501529694e-02
-1.966360956430435181e-02
-1.965414732694625854e-02
-1.965240016579627991e-02
-1.965506747364997864e-02
-1.965933851897716522e-02
-1.965351775288581848e-02
-1.965667679905891418e-02
-1.965918391942977905e-02
-1.965488120913505554e-02
-1.965653151273727417e-02
-1.965574361383914948e-02
-1.965341903269290924e-02
-1.965821348130702972e-02
-1.964880339801311493e-02
-1.965859532356262207e-02
-1.965696923434734344e-02
-1.965543627738952637e-02
-1.965903490781784058e-02
-1.965733803808689117e-02
-1.966231502592563629e-02
-1.965531334280967712e-02
-1.965311914682388306e-02
-1.965792290866374969e-02
-1.965678110718727112e-02
-1.965061761438846588e-02
-1.965818740427494049e-02
-1.965251564979553223e-02
-1.965311169624328613e-02
-1.965709403157234192e-02
-1.965999603271484375e-02
-1.966190151870250702e-02
-1.965545676648616791e-02
-1.965042948722839355e-02
-1.965545490384101868e-02
-1.965393126010894775e-02
-1.965339854359626770e-02
-1.964931003749370575e-02
-1.965397596359252930e-02
-1.965444348752498627e-02
-1.966559886932373047e-02
-1.965525373816490173e-02
-1.965561881661415100e-02
-1.965623348951339722e-02
-1.965549401938915253e-02
-1.965742744505405426e-02
-1.965440437197685242e-02
-1.965228654444217682e-02
-1.965699903666973114e-02
-1.966282725334167480e-02
-1.965950801968574524e-02
-1.965436153113842010e-02
-1.964901015162467957e-02
-1.965226233005523682e-02
-1.965302228927612305e-02
-1.966071128845214844e-02
-1.965834200382232666e-02
-1.966111734509468079e-02
-1.965542882680892944e-02
-1.966065727174282074e-02
-1.965757086873054504e-02
-1.965672895312309265e-02
-1.965815760195255280e-02
-1.965707354247570038e-02
-1.965176314115524292e-02
-1.965834014117717743e-02
-1.965564116835594177e-02
-1.965720206499099731e-02
-1.965558156371116638e-02
-1.965203322470188141e-02
-1.965448260307312012e-02
-1.964829489588737488e-02
-1.965375617146492004e-02
-1.965944282710552216e-02
-1.965340226888656616e-02
-1.965772733092308044e-02
-1.965149119496345520e-02
-1.965293288230895996e-02
-1.965765096247196198e-02
-1.965439133346080780e-02
-1.966072432696819305e-02
-1.965861767530441284e-02
-1.965444162487983704e-02
-1.966097578406333923e-02
-1.966011524200439453e-02
-1.965970546007156372e-02
-1.965851522982120514e-02
-1.966213434934616089e-02
-1.965899765491485596e-02
-1.965359784662723541e-02
-1.965621672570705414e-02
-1.965414360165596008e-02
-1.966447755694389343e-02
-1.965524628758430481e-02
-1.965883001685142517e-02
-1.965974085032939911e-02
-1.965593360364437103e-02
-1.965691894292831421e-02
-1.965610496699810028e-02
-1.965850219130516052e-02
-1.965711452066898346e-02
-1.966306194663047791e-02
-1.965858414769172668e-02
-1.965422742068767548e-02
-1.965823769569396973e-02
-1.965037733316421509e-02
-1.964974403381347656e-02
-1.964246481657028198e-02
-1.965600997209548950e-02
-1.965516805648803711e-02
-1.964709721505641937e-02
-1.965080946683883667e-02
-1.965410076081752777e-02
-1.965467073023319244e-02
-1.965481787919998169e-02
-1.966066472232341766e-02
-1.965240947902202606e-02
-1.966102980077266693e-02
-1.965711452066898346e-02
-1.965017430484294891e-02
-1.965328678488731384e-02
-1.965023949742317200e-02
-1.965218037366867065e-02
-1.965801790356636047e-02
-1.965764537453651428e-02
-1.965307258069515228e-02
-1.966127753257751465e-02
-1.965533010661602020e-02
-1.965457759797573090e-02
-1.965805888175964355e-02
-1.965450122952461243e-02
-1.964976638555526733e-02
-1.965369656682014465e-02
-1.965312473475933075e-02
-1.965294592082500458e-02
-1.965156756341457367e-02
-1.965959742665290833e-02
-1.965636946260929108e-02
-1.966219395399093628e-02
-1.965638250112533569e-02
-1.966097205877304077e-02
-1.965091191232204437e-02
-1.965745352208614349e-02
-1.965172216296195984e-02
-1.965795829892158508e-02
-1.965773664414882660e-02
-1.965571753680706024e-02
-1.965431310236454010e-02
-1.965855807065963745e-02
-1.965270005166530609e-02
-1.965453475713729858e-02
-1.965790614485740662e-02
-1.964936591684818268e-02
-1.965349540114402771e-02
-1.965923048555850983e-02
-1.965704560279846191e-02
-1.965702138841152191e-02
-1.966206170618534088e-02
-1.965823024511337280e-02
-1.965211145579814911e-02
-1.964835263788700104e-02
-1.965349912643432617e-02
-1.965634897351264954e-02
-1.964432746171951294e-02
-1.965432614088058472e-02
-1.965225115418434143e-02
-1.965839043259620667e-02
-1.965409331023693085e-02
-1.965602487325668335e-02
-1.966468431055545807e-02
-1.966237090528011322e-02
-1.966176927089691162e-02
-1.965235173702239990e-02
-1.965617574751377106e-02
-1.965547911822795868e-02
-1.965767703950405121e-02
-1.965863071382045746e-02
-1.964979805052280426e-02
-1.965365372598171234e-02
-1.965314149856567383e-02
-1.965610682964324951e-02
-1.965201459825038910e-02
-1.965512149035930634e-02
-1.965352147817611694e-02
-1.965407840907573700e-02
-1.965677738189697266e-02
-1.965252868831157684e-02
-1.965729147195816040e-02
-1.965104416012763977e-02
-1.965760439634323120e-02
-1.965506002306938171e-02
-1.964613609015941620e-02
-1.965563371777534485e-02
-1.965142413973808289e-02
-1.965325698256492615e-02
-1.965286768972873688e-02
-1.965316385030746460e-02
-1.965244859457015991e-02
-1.965240947902202606e-02
-1.965321041643619537e-02
-1.964995265007019043e-02
-1.965596526861190796e-02
-1.965145207941532135e-02
-1.964964345097541809e-02
-1.965148188173770905e-02
-1.965894177556037903e-02
-1.964869722723960876e-02
-1.965223997831344604e-02
-1.965125836431980133e-02
-1.965039223432540894e-02
-1.964498125016689301e-02
-1.965039223432540894e-02
-1.965492404997348785e-02
-1.965668424963951111e-02
-1.965184509754180908e-02
-1.965296268463134766e-02
-1.966079697012901306e-02
-1.965423859655857086e-02
-1.965655945241451263e-02
-1.965651474893093109e-02
-1.965951919555664062e-02
-1.965259760618209839e-02
-1.965293288230895996e-02
-1.965422742068767548e-02
-1.965771242976188660e-02
-1.964532211422920227e-02
-1.965904049575328827e-02
-1.964972727000713348e-02
-1.965074613690376282e-02
-1.965872384607791901e-02
-1.965059153735637665e-02
-1.965777017176151276e-02
-1.965240947902202606e-02
-1.966219395399093628e-02
-1.964959315955638885e-02
-1.964859664440155029e-02
-1.965516433119773865e-02
-1.965296268463134766e-02
-1.965945959091186523e-02
-1.965881697833538055e-02
-1.965213380753993988e-02
-1.966205239295959473e-02
-1.965449564158916473e-02
-1.965514756739139557e-02
-1.965394057333469391e-02
-1.965224742889404297e-02
-1.965311169624328613e-02
-1.965514756739139557e-02
-1.964828372001647949e-02
-1.965618133544921875e-02
-1.965445838868618011e-02
-1.965450868010520935e-02
-1.965473033487796783e-02
-1.965690590441226959e-02
-1.965053193271160126e-02
-1.965875923633575439e-02
-1.965321041643619537e-02
-1.965194940567016602e-02
-1.965030469000339508e-02
-1.965503208339214325e-02
-1.964909769594669342e-02
-1.965874992311000824e-02
-1.965028978884220123e-02
-1.964716054499149323e-02
-1.965220645070075989e-02
-1.965226046741008759e-02
-1.965709961950778961e-02
-1.966327428817749023e-02
-1.965938322246074677e-02
-1.965021900832653046e-02
-1.964839175343513489e-02
-1.965418085455894470e-02
-1.964946091175079346e-02
-1.965751498937606812e-02
-1.965039037168025970e-02
-1.965662091970443726e-02
-1.965411752462387085e-02
-1.966241560876369476e-02
-1.965979300439357758e-02
-1.965177990496158600e-02
-1.965311728417873383e-02
-1.965627446770668030e-02
-1.965614780783653259e-02
-1.965461112558841705e-02
-1.965541206300258636e-02
-1.965025812387466431e-02
-1.965118385851383209e-02
-1.965911127626895905e-02
-1.965199224650859833e-02
-1.965328305959701538e-02
-1.965262740850448608e-02
-1.965228095650672913e-02
-1.965080574154853821e-02
-1.965505629777908325e-02
-1.965795271098613739e-02
-1.965231634676456451e-02
-1.965696550905704498e-02
-1.965965144336223602e-02
-1.965399459004402161e-02
-1.965967379510402679e-02
-1.964597776532173157e-02
-1.965056173503398895e-02
-1.965341903269290924e-02
-1.966071873903274536e-02
-1.965809985995292664e-02
-1.965457014739513397e-02
-1.965304836630821228e-02
-1.965489238500595093e-02
-1.965771242976188660e-02
-1.965422742068767548e-02
-1.965283788740634918e-02
-1.965690962970256805e-02
-1.965208724141120911e-02
-1.965760812163352966e-02
-1.965305767953395844e-02
-1.964850164949893951e-02
-1.965282112360000610e-02
-1.965648494660854340e-02
-1.965727657079696655e-02
-1.965158805251121521e-02
-1.965130493044853210e-02
-1.965768076479434967e-02
-1.965590752661228180e-02
-1.965374499559402466e-02
-1.965766400098800659e-02
-1.965442858636379242e-02
-1.965794339776039124e-02
-1.965756155550479889e-02
-1.965128816664218903e-02
-1.964884810149669647e-02
-1.965418830513954163e-02
-1.965435966849327087e-02
-1.965329982340335846e-02
-1.965261064469814301e-02
-1.965798251330852509e-02
-1.965583115816116333e-02
-1.965951360762119293e-02
-1.965945214033126831e-02
-1.966106146574020386e-02
-1.965443044900894165e-02
-1.965313963592052460e-02
-1.964899525046348572e-02
-1.965192519128322601e-02
-1.965449005365371704e-02
-1.965637132525444031e-02
-1.965257897973060608e-02
-1.965604163706302643e-02
-1.965277269482612610e-02
-1.965084299445152283e-02
-1.965399086475372314e-02
-1.965133659541606903e-02
-1.965150795876979828e-02
-1.965278387069702148e-02
-1.965041272342205048e-02
-1.965387910604476929e-02
-1.964908279478549957e-02
-1.964705623686313629e-02
-1.965588890016078949e-02
-1.965586654841899872e-02
-1.965611428022384644e-02
-1.965056918561458588e-02
-1.965710334479808807e-02
-1.965101622045040131e-02
-1.965172588825225830e-02
-1.965104602277278900e-02
-1.964890211820602417e-02
-1.965254545211791992e-02
-1.965678296983242035e-02
-1.965477876365184784e-02
-1.964915357530117035e-02
-1.965633593499660492e-02
-1.964804343879222870e-02
-1.965696178376674652e-02
-1.965335756540298462e-02
-1.965081691741943359e-02
-1.966081187129020691e-02
-1.965504139661788940e-02
-1.965660788118839264e-02
-1.965858973562717438e-02
-1.966342329978942871e-02
-1.965191215276718140e-02
-1.965817250311374664e-02
-1.965388096868991852e-02
-1.965579949319362640e-02
-1.965221017599105835e-02
-1.965334080159664154e-02
-1.965576037764549255e-02
-1.966006122529506683e-02
-1.965110749006271362e-02
-1.965444535017013550e-02
-1.965332403779029846e-02
-1.965185999870300293e-02
-1.965264976024627686e-02
-1.965306513011455536e-02
-1.965500228106975555e-02
-1.965239644050598145e-02
-1.965876482427120209e-02
-1.965325884521007538e-02
-1.965422369539737701e-02
-1.965364813804626465e-02
-1.965297758579254150e-02
-1.965907029807567596e-02
-1.965345256030559540e-02
-1.965233311057090759e-02
-1.965342462062835693e-02
-1.965039782226085663e-02
-1.965020596981048584e-02
-1.965355500578880310e-02
-1.965487562119960785e-02
-1.965203136205673218e-02
-1.965746097266674042e-02
-1.965750753879547119e-02
-1.965576969087123871e-02
-1.965523138642311096e-02
-1.965075545012950897e-02
-1.966104842722415924e-02
-1.965959742665290833e-02
-1.965566724538803101e-02
-1.965527236461639404e-02
-1.965597271919250488e-02
-1.965324953198432922e-02
-1.965514384210109711e-02
-1.966066285967826843e-02
-1.965487934648990631e-02
-1.965312473475933075e-02
-1.965086162090301514e-02
-1.965316757559776306e-02
-1.965381205081939697e-02
-1.964977756142616272e-02
-1.965546235442161560e-02
-1.965884119272232056e-02
-1.965476945042610168e-02
-1.965160109102725983e-02
-1.965649798512458801e-02
-1.965687796473503113e-02
-1.965027861297130585e-02
-1.965765096247196198e-02
-1.965637877583503723e-02
-1.965910568833351135e-02
-1.964897289872169495e-02
-1.964963041245937347e-02
-1.965682022273540497e-02
-1.965107582509517670e-02
-1.965655013918876648e-02
-1.965154521167278290e-02
-1.965175569057464600e-02
-1.965352147817611694e-02
-1.964518427848815918e-02
-1.964665763080120087e-02
-1.965201459825038910e-02
-1.964863017201423645e-02
-1.964957080781459808e-02
-1.965240202844142914e-02
-1.965028606355190277e-02
-1.964867115020751953e-02
-1.965155638754367828e-02
-1.964911073446273804e-02
-1.965393498539924622e-02
-1.966008171439170837e-02
-1.965200342237949371e-02
-1.965137757360935211e-02
-1.965115778148174286e-02
-1.965605840086936951e-02
-1.965337246656417847e-02
-1.965264044702053070e-02
-1.965821348130702972e-02
-1.965245231986045837e-02
-1.965080760419368744e-02
-1.965232565999031067e-02
-1.964708231389522552e-02
-1.964822970330715179e-02
-1.965463161468505859e-02
-1.965448074042797089e-02
-1.966089941561222076e-02
-1.965209655463695526e-02
-1.965702325105667114e-02
-1.965322531759738922e-02
-1.966161280870437622e-02
-1.965703442692756653e-02
-1.965346187353134155e-02
-1.965020410716533661e-02
-1.965364068746566772e-02
-1.965311169624328613e-02
-1.965993270277976990e-02
-1.965532079339027405e-02
-1.965833455324172974e-02
-1.965621113777160645e-02
-1.965035311877727509e-02
-1.965378969907760620e-02
-1.966112852096557617e-02
-1.965187862515449524e-02
-1.965579949319362640e-02
-1.965822651982307434e-02
-1.964961364865303040e-02
-1.965393871068954468e-02
-1.965381950139999390e-02
-1.965046674013137817e-02
-1.965091936290264130e-02
-1.964817754924297333e-02
-1.964722387492656708e-02
-1.965541951358318329e-02
-1.964534260332584381e-02
-1.964879035949707031e-02
-1.965546607971191406e-02
-1.964913681149482727e-02
-1.965373754501342773e-02
-1.965706422924995422e-02
-1.965933665633201599e-02
-1.965511776506900787e-02
-1.965378969907760620e-02
-1.965431310236454010e-02
-1.964835822582244873e-02
-1.964955031871795654e-02
-1.964431256055831909e-02
-1.964980736374855042e-02
-1.965878345072269440e-02
-1.964988932013511658e-02
-1.965352706611156464e-02
-1.965481601655483246e-02
-1.964843645691871643e-02
-1.965353451669216156e-02
-1.965405978262424469e-02
-1.966063492000102997e-02
-1.965629868209362030e-02
-1.964895427227020264e-02
-1.965494826436042786e-02
-1.965672895312309265e-02
-1.965427026152610779e-02
-1.964976452291011810e-02
-1.965366303920745850e-02
-1.965511962771415710e-02
-1.965252496302127838e-02
-1.964985579252243042e-02
-1.965131983160972595e-02
-1.964907720685005188e-02
-1.965624466538429260e-02
-1.965410076081752777e-02
-1.964591816067695618e-02
-1.964872702956199646e-02
-1.965394616127014160e-02
-1.965177804231643677e-02
-1.965424977242946625e-02
-1.965654827654361725e-02
-1.965241506695747375e-02
-1.965408399701118469e-02
-1.965306513011455536e-02
-1.965094543993473053e-02
-1.965437643229961395e-02
-1.966104470193386078e-02
-1.965846866369247437e-02
-1.965133287012577057e-02
-1.964911632239818573e-02
-1.965694688260555267e-02
-1.965748518705368042e-02
-1.965061575174331665e-02
-1.965256407856941223e-02
-1.966219022870063782e-02
-1.965212821960449219e-02
-1.964715681970119476e-02
-1.965153962373733521e-02
-1.964932493865489960e-02
-1.965278200805187225e-02
-1.965761184692382812e-02
-1.964831724762916565e-02
-1.965120248496532440e-02
-1.965279690921306610e-02
-1.965225674211978912e-02
-1.965191215276718140e-02
-1.965004764497280121e-02
-1.964861154556274414e-02
-1.964501105248928070e-02
-1.965366117656230927e-02
-1.965185627341270447e-02
-1.965281367301940918e-02
-1.965309120714664459e-02
-1.965793408453464508e-02
-1.965863630175590515e-02
-1.965508796274662018e-02
-1.965708844363689423e-02
-1.965757459402084351e-02
-1.965540461242198944e-02
-1.964997313916683197e-02
-1.965453661978244781e-02
-1.964939571917057037e-02
-1.965272426605224609e-02
-1.965552195906639099e-02
-1.966267637908458710e-02
-1.966109126806259155e-02
-1.965303532779216766e-02
-1.965561136603355408e-02
-1.965512707829475403e-02
-1.965330354869365692e-02
-1.965401135385036469e-02
-1.965330913662910461e-02
-1.965370215475559235e-02
-1.965736597776412964e-02
-1.966077089309692383e-02
-1.965714804828166962e-02
-1.965179853141307831e-02
-1.964874006807804108e-02
-1.965226233005523682e-02
-1.965066790580749512e-02
-1.965439878404140472e-02
-1.965368539094924927e-02
-1.965260505676269531e-02
-1.965724490582942963e-02
-1.964980736374855042e-02
-1.964928023517131805e-02
-1.965210400521755219e-02
-1.965383253991603851e-02
-1.965620741248130798e-02
-1.965935155749320984e-02
-1.965350843966007233e-02
-1.964851096272468567e-02
-1.964947208762168884e-02
-1.965001225471496582e-02
-1.965072005987167358e-02
-1.966044306755065918e-02
-1.965463533997535706e-02
-1.965154148638248444e-02
-1.965374685823917389e-02
-1.964997686445713043e-02
-1.965082809329032898e-02
-1.965433172881603241e-02
-1.964638940989971161e-02
-1.965188235044479370e-02
-1.965030841529369354e-02
-1.965456083416938782e-02
-1.965591683983802795e-02
-1.965844444930553436e-02
-1.965802349150180817e-02
-1.965075358748435974e-02
-1.965613663196563721e-02
-1.965743303298950195e-02
-1.965516060590744019e-02
-1.965396851301193237e-02
-1.965347863733768463e-02
-1.965375989675521851e-02
-1.965522021055221558e-02
-1.965158432722091675e-02
-1.965840905904769897e-02
-1.965801790356636047e-02
-1.965282857418060303e-02
-1.965984329581260681e-02
-1.965099200606346130e-02
-1.964818686246871948e-02
-1.965612731873989105e-02
-1.965428330004215240e-02
-1.965234614908695221e-02
-1.964765414595603943e-02
-1.965370215475559235e-02
-1.965351961553096771e-02
-1.965194940567016602e-02
-1.965391263365745544e-02
-1.965451613068580627e-02
-1.965070515871047974e-02
-1.965791918337345123e-02
-1.965487375855445862e-02
-1.965058222413063049e-02
-1.965264044702053070e-02
-1.965900138020515442e-02
-1.965135708451271057e-02
-1.964918524026870728e-02
-1.965142041444778442e-02
-1.965619437396526337e-02
-1.965009048581123352e-02
-1.964972354471683502e-02
-1.965285651385784149e-02
-1.965287141501903534e-02
-1.965071260929107666e-02
-1.965045183897018433e-02
-1.964760385453701019e-02
-1.965416036546230316e-02
-1.965103112161159515e-02
-1.965156756341457367e-02
-1.965497247874736786e-02
-1.964976638555526733e-02
-1.965028047561645508e-02
-1.966175064444541931e-02
-1.965446211397647858e-02
-1.965344883501529694e-02
-1.965478621423244476e-02
-1.965331472456455231e-02
-1.965470425784587860e-02
-1.965212449431419373e-02
-1.965126954019069672e-02
-1.965214684605598450e-02
-1.965400390326976776e-02
-1.964549720287322998e-02
-1.964971423149108887e-02
-1.965141855180263519e-02
-1.965029910206794739e-02
-1.965393126010894775e-02
-1.964933611452579498e-02
-1.965422742068767548e-02
-1.965867355465888977e-02
-1.965494081377983093e-02
-1.965441182255744934e-02
-1.965352147817611694e-02
-1.965129002928733826e-02
-1.966108195483684540e-02
-1.965977624058723450e-02
-1.965819671750068665e-02
-1.965515688061714172e-02
-1.965573243796825409e-02
-1.965456269681453705e-02
-1.964722014963626862e-02
-1.965510845184326172e-02
-1.965378224849700928e-02
-1.965594664216041565e-02
-1.965694874525070190e-02
-1.965596154332160950e-02
-1.965568214654922485e-02
-1.965234987437725067e-02
-1.965420506894588470e-02
-1.965771056711673737e-02
-1.965745165944099426e-02
-1.965519785881042480e-02
-1.964946463704109192e-02
-1.965504884719848633e-02
-1.965561509132385254e-02
-1.965226791799068451e-02
-1.965517736971378326e-02
-1.965247839689254761e-02
-1.966046541929244995e-02
-1.965270377695560455e-02
-1.964962296187877655e-02
-1.965617015957832336e-02
-1.965071633458137512e-02
-1.965738646686077118e-02
-1.965228281915187836e-02
-1.965545490384101868e-02
-1.965505443513393402e-02
-1.965225301682949066e-02
-1.964885741472244263e-02
-1.965346932411193848e-02
-1.965265348553657532e-02
-1.965544931590557098e-02
-1.965184137225151062e-02
-1.965683326125144958e-02
-1.965490542352199554e-02
-1.965383253991603851e-02
-1.965214312076568604e-02
-1.965928077697753906e-02
-1.965424045920372009e-02
-1.964971050620079041e-02
-1.965696178376674652e-02
-1.965930871665477753e-02
-1.965649053454399109e-02
-1.965553686022758484e-02
-1.965662091970443726e-02
-1.965128444135189056e-02
-1.965302601456642151e-02
-1.965396478772163391e-02
-1.965483278036117554e-02
-1.965391635894775391e-02
-1.965606026351451874e-02
-1.965038478374481201e-02
-1.965267024934291840e-02
-1.965047232806682587e-02
-1.965581998229026794e-02
-1.965666748583316803e-02
-1.965443231165409088e-02
-1.965273730456829071e-02
-1.965407840907573700e-02
-1.965232565999031067e-02
-1.965504325926303864e-02
-1.964831911027431488e-02
-1.965335011482238770e-02
-1.965247839689254761e-02
-1.965259388089179993e-02
-1.965289935469627380e-02
-1.965165138244628906e-02
-1.965848729014396667e-02
-1.965461485087871552e-02
-1.965753361582756042e-02
-1.965475641191005707e-02
-1.965025812387466431e-02
-1.965327374637126923e-02
-1.964832656085491180e-02
-1.965552568435668945e-02
-1.966032944619655609e-02
-1.965882629156112671e-02
-1.965456828474998474e-02
-1.965861581265926361e-02
-1.965471729636192322e-02
-1.964882947504520416e-02
-1.964997500181198120e-02
-1.965688169002532959e-02
-1.965332403779029846e-02
-1.965126954019069672e-02
-1.965487003326416016e-02
-1.965722441673278809e-02
-1.965552940964698792e-02
-1.965057104825973511e-02
-1.965250819921493530e-02
-1.965651288628578186e-02
-1.965310610830783844e-02
-1.965449564158916473e-02
-1.965185441076755524e-02
-1.965103484690189362e-02
-1.964724436402320862e-02
-1.965604163706302643e-02
-1.966027729213237762e-02
-1.965902559459209442e-02
-1.965768449008464813e-02
-1.966163143515586853e-02
-1.964727975428104401e-02
-1.965624652802944183e-02
-1.966040208935737610e-02
-1.965855434536933899e-02
-1.965621858835220337e-02
-1.965383253991603851e-02
-1.965720765292644501e-02
-1.965675689280033112e-02
-1.965391263365745544e-02
-1.965235546231269836e-02
-1.965221203863620758e-02
-1.965188421308994293e-02
-1.965572498738765717e-02
-1.965834014117717743e-02
-1.965718902647495270e-02
-1.965977065265178680e-02
-1.965595595538616180e-02
-1.965457759797573090e-02
-1.965406164526939392e-02
-1.965082809329032898e-02
-1.964969187974929810e-02
-1.965490914881229401e-02
-1.965187862515449524e-02
-1.964867673814296722e-02
-1.965394057333469391e-02
-1.965610496699810028e-02
-1.965510845184326172e-02
-1.965418085455894470e-02
-1.965126954019069672e-02
-1.965584233403205872e-02
-1.965217664837837219e-02
-1.965489052236080170e-02
-1.966105774044990540e-02
-1.965226978063583374e-02
-1.965703628957271576e-02
-1.966183446347713470e-02
-1.966057531535625458e-02
-1.965204440057277679e-02
-1.964713633060455322e-02
-1.965170353651046753e-02
-1.964937895536422729e-02
-1.965301483869552612e-02
-1.965117081999778748e-02
-1.965676061809062958e-02
-1.965267211198806763e-02
-1.965420879423618317e-02
-1.966224610805511475e-02
-1.965620368719100952e-02
-1.965440809726715088e-02
-1.965340040624141693e-02
-1.965499855577945709e-02
-1.964990794658660889e-02
-1.965557411313056946e-02
-1.965367607772350311e-02
-1.964858546853065491e-02
-1.965228654444217682e-02
-1.965651474893093109e-02
-1.965482905507087708e-02
-1.964952796697616577e-02
-1.964995265007019043e-02
-1.964651420712471008e-02
-1.965588890016078949e-02
-1.965334266424179077e-02
-1.965163461863994598e-02
-1.965411379933357239e-02
-1.965179666876792908e-02
-1.965521089732646942e-02
-1.965443417429924011e-02
-1.965858414769172668e-02
-1.965288631618022919e-02
-1.965597271919250488e-02
-1.965006068348884583e-02
-1.965310797095298767e-02
-1.965112984180450439e-02
-1.965204812586307526e-02
-1.965207792818546295e-02
-1.965135149657726288e-02
-1.965233683586120605e-02
-1.965580321848392487e-02
-1.965031027793884277e-02
-1.965297013521194458e-02
-1.965473964810371399e-02
-1.964952796697616577e-02
-1.965246722102165222e-02
-1.965605840086936951e-02
-1.965729705989360809e-02
-1.965511403977870941e-02
-1.965123414993286133e-02
-1.965530030429363251e-02
-1.965329051017761230e-02
-1.965252868831157684e-02
-1.965624652802944183e-02
-1.965731941163539886e-02
-1.965827308595180511e-02
-1.965299993753433228e-02
-1.965710148215293884e-02
-1.965914480388164520e-02
-1.965626701712608337e-02
-1.965029910206794739e-02
-1.965468004345893860e-02
-1.965940557420253754e-02
-1.965991966426372528e-02
-1.964980736374855042e-02
-1.965549588203430176e-02
-1.965575292706489563e-02
-1.965067349374294281e-02
-1.965432241559028625e-02
-1.964729651808738708e-02
-1.965243928134441376e-02
-1.965676993131637573e-02
-1.965659298002719879e-02
-1.965044252574443817e-02
-1.966108195483684540e-02
-1.965478062629699707e-02
-1.966337114572525024e-02
-1.965902559459209442e-02
-1.965511403977870941e-02
-1.966015435755252838e-02
-1.965737901628017426e-02
-1.965882442891597748e-02
-1.965542137622833252e-02
-1.964999549090862274e-02
-1.965503953397274017e-02
-1.965612731873989105e-02
-1.965997554361820221e-02
-1.965316757559776306e-02
-1.965578272938728333e-02
-1.965875364840030670e-02
-1.965364813804626465e-02
-1.965497992932796478e-02
-1.965408958494663239e-02
-1.965980045497417450e-02
-1.965894177556037903e-02
-1.965649798512458801e-02
-1.965149864554405212e-02
-1.965789310634136200e-02
-1.965367235243320465e-02
-1.965362392365932465e-02
-1.965097896754741669e-02
-1.965632662177085876e-02
-1.965821720659732819e-02
-1.965322531759738922e-02
-1.965239271521568298e-02
-1.965284906327724457e-02
-1.965480484068393707e-02
-1.965484023094177246e-02
-1.966029964387416840e-02
-1.965290866792201996e-02
-1.965409144759178162e-02
-1.965738460421562195e-02
-1.965751498937606812e-02
-1.965474337339401245e-02
-1.965089514851570129e-02
-1.965042762458324432e-02
-1.965564861893653870e-02
-1.965365558862686157e-02
-1.964739523828029633e-02
-1.965508423745632172e-02
-1.965219341218471527e-02
-1.965571753680706024e-02
-1.965702883899211884e-02
-1.965295709669589996e-02
-1.964969933032989502e-02
-1.965728402137756348e-02
-1.965819858014583588e-02
-1.965241134166717529e-02
-1.965313777327537537e-02
-1.965023949742317200e-02
-1.964760571718215942e-02
-1.964850164949893951e-02
-1.965295895934104919e-02
-1.965507864952087402e-02
-1.964985579252243042e-02
-1.964998804032802582e-02
-1.965443231165409088e-02
-1.965339295566082001e-02
-1.964984275400638580e-02
-1.965327374637126923e-02
-1.964907348155975342e-02
-1.965647190809249878e-02
-1.965404860675334930e-02
-1.965267211198806763e-02
-1.965576782822608948e-02
-1.965252868831157684e-02
-1.965317130088806152e-02
-1.965327933430671692e-02
-1.964497566223144531e-02
-1.964722946286201477e-02
-1.965412497520446777e-02
-1.965664885938167572e-02
-1.965767703950405121e-02
-1.965584605932235718e-02
-1.965779066085815430e-02
-1.964771188795566559e-02
-1.965666748583316803e-02
-1.965521648526191711e-02
-1.965408772230148315e-02
-1.965112984180450439e-02
-1.965441741049289703e-02
-1.966277696192264557e-02
-1.964880339801311493e-02
-1.965721882879734039e-02
-1.965443044900894165e-02
-1.965520530939102173e-02
-1.965027302503585815e-02
-1.965568773448467255e-02
-1.965023204684257507e-02
-1.965905167162418365e-02
-1.965694874525070190e-02
-1.965411007404327393e-02
-1.966114342212677002e-02
-1.965755783021450043e-02
-1.965734362602233887e-02
-1.965211331844329834e-02
-1.965781673789024353e-02
-1.965240947902202606e-02
-1.965547539293766022e-02
-1.965530030429363251e-02
-1.966044679284095764e-02
-1.965492963790893555e-02
-1.965299248695373535e-02
-1.964785903692245483e-02
-1.965811476111412048e-02
-1.964887790381908417e-02
-1.964625343680381775e-02
-1.965415105223655701e-02
-1.964934542775154114e-02
-1.965274289250373840e-02
-1.965313032269477844e-02
-1.964815892279148102e-02
-1.964762620627880096e-02
-1.965257525444030762e-02
-1.965153962373733521e-02
-1.965258084237575531e-02
-1.965470425784587860e-02
-1.964837312698364258e-02
-1.965165138244628906e-02
-1.965744234621524811e-02
-1.965701021254062653e-02
-1.965679042041301727e-02
-1.965462788939476013e-02
-1.965251006186008453e-02
-1.965564116835594177e-02
-1.965243369340896606e-02
-1.965252123773097992e-02
-1.965892687439918518e-02
-1.965198852121829987e-02
-1.965547911822795868e-02
-1.965075731277465820e-02
-1.966056227684020996e-02
-1.965494453907012939e-02
-1.965253800153732300e-02
-1.965011470019817352e-02
-1.965024881064891815e-02
-1.964767277240753174e-02
-1.964542828500270844e-02
-1.965345256030559540e-02
-1.965346746146678925e-02
-1.965774595737457275e-02
-1.964576914906501770e-02
-1.964503526687622070e-02
-1.965076290071010590e-02
-1.965108141303062439e-02
-1.965270377695560455e-02
-1.965555548667907715e-02
-1.965063810348510742e-02
-1.965321414172649384e-02
-1.964842900633811951e-02
-1.964973844587802887e-02
-1.964823342859745026e-02
-1.965591311454772949e-02
-1.965471915900707245e-02
-1.965081319212913513e-02
-1.965808309614658356e-02
-1.965455152094364166e-02
-1.965052261948585510e-02
-1.965020969510078430e-02
-1.965229026973247528e-02
-1.964816078543663025e-02
-1.965103298425674438e-02
-1.964891701936721802e-02
-1.964771002531051636e-02
-1.965623721480369568e-02
-1.965177431702613831e-02
-1.964703202247619629e-02
-1.964641548693180084e-02
-1.964826881885528564e-02
-1.965231262147426605e-02
-1.965249516069889069e-02
-1.964711025357246399e-02
-1.965353824198246002e-02
-1.965548470616340637e-02
-1.964440569281578064e-02
-1.965325325727462769e-02
-1.964979618787765503e-02
-1.965761184692382812e-02
-1.965316757559776306e-02
-1.965503953397274017e-02
-1.965413615107536316e-02
-1.965080574154853821e-02
-1.964968070387840271e-02
-1.964820362627506256e-02
-1.964459381997585297e-02
-1.964795216917991638e-02
-1.965215802192687988e-02
-1.965007185935974121e-02
-1.964599452912807465e-02
-1.965340413153171539e-02
-1.964535191655158997e-02
-1.964836381375789642e-02
-1.965067535638809204e-02
-1.965071074664592743e-02
-1.965050958096981049e-02
-1.965313218533992767e-02
-1.965061388909816742e-02
-1.965266466140747070e-02
-1.965510845184326172e-02
-1.965629123151302338e-02
-1.965158805251121521e-02
-1.965138688683509827e-02
-1.965161412954330444e-02
-1.964892260730266571e-02
-1.964933611452579498e-02
-1.965146139264106750e-02
-1.964893750846385956e-02
-1.965137571096420288e-02
-1.965343207120895386e-02
-1.965401880443096161e-02
-1.964935287833213806e-02
-1.965088956058025360e-02
-1.965461671352386475e-02
-1.965204440057277679e-02
-1.965308748185634613e-02
-1.965397596359252930e-02
-1.965120434761047363e-02
-1.965250819921493530e-02
-1.964995265007019043e-02
-1.965387724339962006e-02
-1.966060139238834381e-02
-1.964996196329593658e-02
-1.964993588626384735e-02
-1.965769752860069275e-02
-1.965263113379478455e-02
-1.965142041444778442e-02
-1.965587586164474487e-02
-1.965885236859321594e-02
-1.965501904487609863e-02
-1.965580321848392487e-02
-1.965048164129257202e-02
-1.964951865375041962e-02
-1.965253986418247223e-02
-1.964635215699672699e-02
-1.964698731899261475e-02
-1.965118013322353363e-02
-1.965055428445339203e-02
-1.965291611850261688e-02
-1.965294592082500458e-02
-1.964407414197921753e-02
-1.964356377720832825e-02
-1.964951492846012115e-02
-1.964743994176387787e-02
-1.964913308620452881e-02
-1.965597085654735565e-02
-1.965322531759738922e-02
-1.965435594320297241e-02
-1.965244486927986145e-02
-1.965079456567764282e-02
-1.964690722525119781e-02
-1.964984275400638580e-02
-1.965372823178768158e-02
-1.964517682790756226e-02
-1.964934915304183960e-02
-1.965392380952835083e-02
-1.964851841330528259e-02
-1.964854449033737183e-02
-1.965269073843955994e-02
-1.964479684829711914e-02
-1.964627951383590698e-02
-1.964845508337020874e-02
-1.964396238327026367e-02
-1.965498737990856171e-02
-1.965167745947837830e-02
-1.964595355093479156e-02
-1.965397037565708160e-02
-1.965676806867122650e-02
-1.965017430484294891e-02
-1.964448392391204834e-02
-1.965076290071010590e-02
-1.964783482253551483e-02
-1.964644156396389008e-02
-1.965088210999965668e-02
-1.965098828077316284e-02
-1.965291611850261688e-02
-1.965749822556972504e-02
-1.965577714145183563e-02
-1.965681090950965881e-02
-1.965705677866935730e-02
-1.965732499957084656e-02
-1.965391635894775391e-02
-1.965849846601486206e-02
-1.965842396020889282e-02
-1.965639740228652954e-02
-1.965268328785896301e-02
-1.965819858014583588e-02
-1.964987069368362427e-02
-1.965229958295822144e-02
-1.965346559882164001e-02
-1.965371705591678619e-02
-1.965449564158916473e-02
-1.964899897575378418e-02
-1.965441554784774780e-02
-1.965478993952274323e-02
-1.965337432920932770e-02
-1.965122856199741364e-02
-1.965143531560897827e-02
-1.965867355465888977e-02
-1.965311728417873383e-02
-1.965507864952087402e-02
-1.964404433965682983e-02
-1.965169608592987061e-02
-1.965898647904396057e-02
-1.965568959712982178e-02
-1.965340785682201385e-02
-1.964556984603404999e-02
-1.964780502021312714e-02
-1.965223066508769989e-02
-1.965626515448093414e-02
-1.965192705392837524e-02
-1.965088956058025360e-02
-1.964823529124259949e-02
-1.965359412133693695e-02
-1.965442858636379242e-02
-1.965985447168350220e-02
-1.965811848640441895e-02
-1.965291425585746765e-02
-1.965525746345520020e-02
-1.965164020657539368e-02
-1.964887604117393494e-02
-1.964817382395267487e-02
-1.965291611850261688e-02
-1.965177059173583984e-02
-1.965129002928733826e-02
-1.965811103582382202e-02
-1.964589394629001617e-02
-1.965614780783653259e-02
-1.965485885739326477e-02
-1.965340226888656616e-02
-1.964771375060081482e-02
-1.964703574776649475e-02
-1.964975707232952118e-02
-1.965190842747688293e-02
-1.964985206723213196e-02
-1.964513957500457764e-02
-1.964697241783142090e-02
-1.965190470218658447e-02
-1.965274289250373840e-02
-1.965675316751003265e-02
-1.965164020657539368e-02
-1.965434849262237549e-02
-1.964954100549221039e-02
-1.965313404798507690e-02
-1.965280249714851379e-02
-1.965380646288394928e-02
-1.965377293527126312e-02
-1.964681968092918396e-02
-1.965459436178207397e-02
-1.964739337563514709e-02
-1.965324208140373230e-02
-1.964705251157283783e-02
-1.964733563363552094e-02
-1.965489424765110016e-02
-1.964833587408065796e-02
-1.965549215674400330e-02
-1.964814029633998871e-02
-1.965759694576263428e-02
-1.964795216917991638e-02
-1.964902691543102264e-02
-1.965689286589622498e-02
-1.964490488171577454e-02
-1.965015381574630737e-02
-1.965136639773845673e-02
-1.965253427624702454e-02
-1.965068839490413666e-02
-1.964895799756050110e-02
-1.965511217713356018e-02
-1.964471302926540375e-02
-1.965700648725032806e-02
-1.964831724762916565e-02
-1.965041831135749817e-02
-1.965501531958580017e-02
-1.965116709470748901e-02
-1.964842155575752258e-02
-1.964632980525493622e-02
-1.965466886758804321e-02
-1.965034566819667816e-02
-1.964773237705230713e-02
-1.964945346117019653e-02
-1.965179294347763062e-02
-1.965545862913131714e-02
-1.965162716805934906e-02
-1.965094916522502899e-02
-1.965614035725593567e-02
-1.964571326971054077e-02
-1.965117081999778748e-02
-1.965688541531562805e-02
-1.965997181832790375e-02
-1.965061388909816742e-02
-1.964927278459072113e-02
-1.965155452489852905e-02
-1.965285651385784149e-02
-1.965132169425487518e-02
-1.965109445154666901e-02
-1.964641734957695007e-02
-1.965207792818546295e-02
-1.965161785483360291e-02
-1.964804157614707947e-02
-1.964884251356124878e-02
-1.965192332863807678e-02
-1.964954845607280731e-02
-1.965503394603729248e-02
-1.965885236859321594e-02
-1.965461485087871552e-02
-1.965824700891971588e-02
-1.965504512190818787e-02
-1.965267024934291840e-02
-1.966051571071147919e-02
-1.965413428843021393e-02
-1.964828930795192719e-02
-1.965061202645301819e-02
-1.965043507516384125e-02
-1.964875310659408569e-02
-1.965999603271484375e-02
-1.964812353253364563e-02
-1.965301670134067535e-02
-1.965228468179702759e-02
-1.965199783444404602e-02
-1.964638940989971161e-02
-1.965006813406944275e-02
-1.964932493865489960e-02
-1.965307071805000305e-02
-1.965082809329032898e-02
-1.965015940368175507e-02
-1.965229026973247528e-02
-1.965503208339214325e-02
-1.965629123151302338e-02
-1.964952796697616577e-02
-1.965285837650299072e-02
-1.965072005987167358e-02
-1.965465769171714783e-02
-1.965600065886974335e-02
-1.965402439236640930e-02
-1.965560764074325562e-02
-1.965519785881042480e-02
-1.965440437197685242e-02
-1.965596713125705719e-02
-1.965455152094364166e-02
-1.965281181037425995e-02
-1.965804770588874817e-02
-1.965641044080257416e-02
-1.965392194688320160e-02
-1.964895240962505341e-02
-1.965593174099922180e-02
-1.965411379933357239e-02
-1.964740455150604248e-02
-1.965155825018882751e-02
-1.965898834168910980e-02
-1.965733245015144348e-02
-1.965015381574630737e-02
-1.965242251753807068e-02
-1.965051516890525818e-02
-1.964564621448516846e-02
-1.965771615505218506e-02
-1.965003833174705505e-02
-1.965436339378356934e-02
-1.965900883078575134e-02
-1.965471915900707245e-02
-1.965480111539363861e-02
-1.965280622243881226e-02
-1.965164020657539368e-02
-1.965022459626197815e-02
-1.965972036123275757e-02
-1.964926347136497498e-02
-1.965563744306564331e-02
-1.965498924255371094e-02
-1.965608261525630951e-02
-1.965867355465888977e-02
-1.965327002108097076e-02
-1.964595168828964233e-02
-1.964812725782394409e-02
-1.965040527284145355e-02
-1.964478753507137299e-02
-1.964885555207729340e-02
-1.965064369142055511e-02
-1.965237781405448914e-02
-1.964978687465190887e-02
-1.965160667896270752e-02
-1.965048164129257202e-02
-1.965478993952274323e-02
-1.965340599417686462e-02
-1.965600252151489258e-02
-1.965215429663658142e-02
-1.965304464101791382e-02
-1.965454593300819397e-02
-1.965014077723026276e-02
-1.965439319610595703e-02
-1.965188235044479370e-02
-1.965282298624515533e-02
-1.965060830116271973e-02
-1.965303160250186920e-02
-1.965311542153358459e-02
-1.965677179396152496e-02
-1.965261809527873993e-02
-1.965464092791080475e-02
-1.964752934873104095e-02
-1.965571753680706024e-02
-1.965216174721717834e-02
-1.964898966252803802e-02
-1.965483836829662323e-02
-1.965099945664405823e-02
-1.964950561523437500e-02
-1.964571140706539154e-02
-1.965276524424552917e-02
-1.965388283133506775e-02
-1.965342834591865540e-02
-1.965774036943912506e-02
-1.964787207543849945e-02
-1.965238153934478760e-02
-1.965133845806121826e-02
-1.965215802192687988e-02
-1.965880021452903748e-02
-1.965471915900707245e-02
-1.965296827256679535e-02
-1.964865438640117645e-02
-1.964695192873477936e-02
-1.964971050620079041e-02
-1.964406296610832214e-02
-1.965216547250747681e-02
-1.965350843966007233e-02
-1.965288072824478149e-02
-1.965526305139064789e-02
-1.965213194489479065e-02
-1.965097524225711823e-02
-1.965402439236640930e-02
-1.965054497122764587e-02
-1.965026929974555969e-02
-1.965751871466636658e-02
-1.965260878205299377e-02
-1.965665072202682495e-02
-1.965615712106227875e-02
-1.965258084237575531e-02
-1.964699849486351013e-02
-1.964956335723400116e-02
-1.965299248695373535e-02
-1.964684575796127319e-02
-1.965456828474998474e-02
-1.966015994548797607e-02
-1.964897662401199341e-02
-1.965132914483547211e-02
-1.965431123971939087e-02
-1.965295150876045227e-02
-1.964996568858623505e-02
-1.965336315333843231e-02
-1.965387538075447083e-02
-1.965866796672344208e-02
-1.965116709470748901e-02
-1.965095102787017822e-02
-1.965999603271484375e-02
-1.965055800974369049e-02
-1.964863762259483337e-02
-1.965169981122016907e-02
-1.964854821562767029e-02
-1.965565420687198639e-02
-1.965086907148361206e-02
-1.965367794036865234e-02
-1.965699158608913422e-02
-1.965036801993846893e-02
-1.965313777327537537e-02
-1.965011470019817352e-02
-1.964861154556274414e-02
-1.965514756739139557e-02
-1.965630985796451569e-02
-1.964870467782020569e-02
-1.964774727821350098e-02
-1.965158805251121521e-02
-1.964809373021125793e-02
-1.965031586587429047e-02
-1.965099573135375977e-02
-1.965195313096046448e-02
-1.965298131108283997e-02
-1.965407095849514008e-02
-1.965353451669216156e-02
-1.965094730257987976e-02
-1.965092495083808899e-02
-1.964971423149108887e-02
-1.965047419071197510e-02
-1.965349167585372925e-02
-1.964882947504520416e-02
-1.964762248098850250e-02
-1.965415105223655701e-02
-1.965211331844329834e-02
-1.965173147618770599e-02
-1.965648494660854340e-02
-1.965497247874736786e-02
-1.965157501399517059e-02
-1.965420693159103394e-02
-1.965323649346828461e-02
-1.965289935469627380e-02
-1.964940875768661499e-02
-1.965525746345520020e-02
-1.965027861297130585e-02
-1.965234242379665375e-02
-1.964902691543102264e-02
-1.965203136205673218e-02
-1.964845135807991028e-02
-1.965115964412689209e-02
-1.965294778347015381e-02
-1.965048164129257202e-02
-1.965139806270599365e-02
-1.965447887778282166e-02
-1.964888535439968109e-02
-1.964691281318664551e-02
-1.965257525444030762e-02
-1.965404860675334930e-02
-1.964951492846012115e-02
-1.964377984404563904e-02
-1.964724995195865631e-02
-1.965513080358505249e-02
-1.965242251753807068e-02
-1.965661719441413879e-02
-1.965472847223281860e-02
-1.965021155774593353e-02
-1.965669915080070496e-02
-1.965635269880294800e-02
-1.965752802789211273e-02
-1.965238898992538452e-02
-1.964935660362243652e-02
-1.965213753283023834e-02
-1.964944228529930115e-02
-1.964575983583927155e-02
-1.965124532580375671e-02
-1.965010911226272583e-02
-1.965063437819480896e-02
-1.965318433940410614e-02
-1.965351216495037079e-02
-1.965638250112533569e-02
-1.965610682964324951e-02
-1.965544186532497406e-02
-1.964478008449077606e-02
-1.965224184095859528e-02
-1.964647136628627777e-02
-1.965577341616153717e-02
-1.965660974383354187e-02
-1.965633034706115723e-02
-1.965520344674587250e-02
-1.965091004967689514e-02
-1.965694501996040344e-02
-1.964835822582244873e-02
-1.965617947280406952e-02
-1.965961791574954987e-02
-1.965613476932048798e-02
-1.965874992311000824e-02
-1.965168677270412445e-02
-1.965926960110664368e-02
-1.965498737990856171e-02
-1.965505443513393402e-02
-1.964744552969932556e-02
-1.964681968092918396e-02
-1.965317875146865845e-02
-1.965140178799629211e-02
-1.965026557445526123e-02
-1.965489611029624939e-02
-1.964784786105155945e-02
-1.964902319014072418e-02
-1.965402625501155853e-02
-1.965297013521194458e-02
-1.965508796274662018e-02
-1.965277269482612610e-02
-1.965682581067085266e-02
-1.965289190411567688e-02
-1.965631358325481415e-02
-1.965308748185634613e-02
-1.965370774269104004e-02
-1.965265907347202301e-02
-1.965496875345706940e-02
-1.965549588203430176e-02
-1.965428330004215240e-02
-1.965423487126827240e-02
-1.965767145156860352e-02
-1.965042576193809509e-02
-1.965318992733955383e-02
-1.966362446546554565e-02
-1.965848915278911591e-02
-1.965062692761421204e-02
-1.965535245835781097e-02
-1.965438574552536011e-02
-1.965325884521007538e-02
-1.964963786303997040e-02
-1.964679919183254242e-02
-1.965293847024440765e-02
-1.964533701539039612e-02
-1.964943856000900269e-02
-1.965269446372985840e-02
-1.965011097490787506e-02
-1.964661106467247009e-02
-1.965198852121829987e-02
-1.964949816465377808e-02
-1.964860036969184875e-02
-1.965687610208988190e-02
-1.965252310037612915e-02
-1.965525001287460327e-02
-1.965663582086563110e-02
-1.965330541133880615e-02
-1.965748146176338196e-02
-1.965348795056343079e-02
-1.964954100549221039e-02
-1.965219900012016296e-02
-1.965298876166343689e-02
-1.965294219553470612e-02
-1.965047977864742279e-02
-1.965131238102912903e-02
-1.965216547250747681e-02
-1.964614726603031158e-02
-1.965424418449401855e-02
-1.965085417032241821e-02
-1.966089941561222076e-02
-1.965357735753059387e-02
-1.965324580669403076e-02
-1.965280435979366302e-02
-1.965698227286338806e-02
-1.965354196727275848e-02
-1.964859291911125183e-02
-1.965361461043357849e-02
-1.965245604515075684e-02
-1.965370215475559235e-02
-1.965331844985485077e-02
-1.965311169624328613e-02
-1.965562440454959869e-02
-1.965322718024253845e-02
-1.964871399104595184e-02
-1.964677684009075165e-02
-1.965553872287273407e-02
-1.964759081602096558e-02
-1.965499483048915863e-02
-1.965471729636192322e-02
-1.965282112360000610e-02
-1.965192891657352448e-02
-1.964809000492095947e-02
-1.964756846427917480e-02
-1.964763365685939789e-02
-1.964936405420303345e-02
-1.964853517711162567e-02
-1.965477876365184784e-02
-1.965205185115337372e-02
-1.965405791997909546e-02
-1.965293847024440765e-02
-1.965397223830223083e-02
-1.965750567615032196e-02
-1.965215243399143219e-02
-1.965494267642498016e-02
-1.965545862913131714e-02
-1.964910142123699188e-02
-1.965138874948024750e-02
-1.965191215276718140e-02
-1.965562812983989716e-02
-1.965468749403953552e-02
-1.965659484267234802e-02
-1.964834146201610565e-02
-1.965634338557720184e-02
-1.965215057134628296e-02
-1.965143531560897827e-02
-1.965313404798507690e-02
-1.965497992932796478e-02
-1.965488307178020477e-02
-1.965159736573696136e-02
-1.964793726801872253e-02
-1.965556107461452484e-02
-1.965553499758243561e-02
-1.964600011706352234e-02
-1.965441927313804626e-02
-1.965424045920372009e-02
-1.965284161269664764e-02
-1.964977383613586426e-02
-1.965186931192874908e-02
-1.965095847845077515e-02
-1.965161785483360291e-02
-1.965202763676643372e-02
-1.965219713747501373e-02
-1.965318620204925537e-02
-1.964838616549968719e-02
-1.965440064668655396e-02
-1.965351775288581848e-02
-1.965358667075634003e-02
-1.965644396841526031e-02
-1.965571381151676178e-02
-1.965232007205486298e-02
-1.965446397662162781e-02
-1.965314522385597229e-02
-1.965444721281528473e-02
-1.964886859059333801e-02
-1.966094411909580231e-02
-1.964861713349819183e-02
-1.965398527681827545e-02
-1.965218782424926758e-02
-1.965924352407455444e-02
-1.965211331844329834e-02
-1.966078206896781921e-02
-1.965086720883846283e-02
-1.965244859457015991e-02
-1.965476013720035553e-02
-1.964891515672206879e-02
-1.965050771832466125e-02
-1.965295523405075073e-02
-1.964794471859931946e-02
-1.965019106864929199e-02
-1.965238153934478760e-02
-1.965285278856754303e-02
-1.965387724339962006e-02
-1.965255849063396454e-02
-1.965285278856754303e-02
-1.965406537055969238e-02
-1.964445039629936218e-02
-1.964768767356872559e-02
-1.965132355690002441e-02
-1.965725235641002655e-02
-1.965402811765670776e-02
-1.965257152915000916e-02
-1.965486817061901093e-02
-1.965870708227157593e-02
-1.964999176561832428e-02
-1.965546235442161560e-02
-1.965610496699810028e-02
-1.964830234646797180e-02
-1.965747587382793427e-02
-1.965301483869552612e-02
-1.965273730456829071e-02
-1.965576969087123871e-02
-1.965045742690563202e-02
-1.965519413352012634e-02
-1.964615099132061005e-02
-1.964584924280643463e-02
-1.965218596160411835e-02
-1.964920572936534882e-02
-1.965304091572761536e-02
-1.964799687266349792e-02
-1.965028792619705200e-02
-1.965268701314926147e-02
-1.964985951781272888e-02
-1.964818686246871948e-02
-1.965628378093242645e-02
-1.965777017176151276e-02
-1.965383626520633698e-02
-1.965820603072643280e-02
-1.965710520744323730e-02
-1.965651661157608032e-02
-1.965353451669216156e-02
-1.965171098709106445e-02
-1.965035125613212585e-02
-1.965244486927986145e-02
-1.965707167983055115e-02
-1.965117454528808594e-02
-1.965289376676082611e-02
-1.965021342039108276e-02
-1.965901255607604980e-02
-1.965274661779403687e-02
-1.966006495058536530e-02
-1.965349912643432617e-02
-1.965312100946903229e-02
-1.965181156992912292e-02
-1.965467073023319244e-02
-1.965357176959514618e-02
-1.965191774070262909e-02
-1.964799501001834869e-02
-1.965099200606346130e-02
-1.965741626918315887e-02
-1.964690536260604858e-02
-1.965478435158729553e-02
-1.964775659143924713e-02
-1.965735480189323425e-02
-1.965235546231269836e-02
-1.965189352631568909e-02
-1.964821293950080872e-02
-1.965283602476119995e-02
-1.964734122157096863e-02
-1.965090259909629822e-02
-1.965848915278911591e-02
-1.965977810323238373e-02
-1.965095475316047668e-02
-1.965111121535301208e-02
-1.965559273958206177e-02
-1.965965703129768372e-02
-1.965591870248317719e-02
-1.965178549289703369e-02
-1.965962350368499756e-02
-1.965169049799442291e-02
-1.964567601680755615e-02
-1.964991167187690735e-02
-1.965309120714664459e-02
-1.965040899813175201e-02
-1.965295709669589996e-02
-1.965278387069702148e-02
-1.965027302503585815e-02
-1.965645700693130493e-02
-1.965213939547538757e-02
-1.964886859059333801e-02
-1.965672336518764496e-02
-1.966064795851707458e-02
-1.965602114796638489e-02
-1.965760439634323120e-02
-1.965609565377235413e-02
-1.965336874127388000e-02
-1.965722069144248962e-02
-1.965865865349769592e-02
-1.966643892228603363e-02
-1.966129615902900696e-02
-1.965543068945407867e-02
-1.965939253568649292e-02
-1.966078020632266998e-02
-1.965893618762493134e-02
-1.965636014938354492e-02
-1.965726725757122040e-02
-1.965368166565895081e-02
-1.965753547847270966e-02
-1.965778507292270660e-02
-1.965766772627830505e-02
-1.965333335101604462e-02
-1.965121552348136902e-02
-1.964916102588176727e-02
-1.964931748807430267e-02
-1.965310797095298767e-02
-1.965313032269477844e-02
-1.965518668293952942e-02
-1.964449137449264526e-02
-1.964669302105903625e-02
-1.965583302080631256e-02
-1.965700462460517883e-02
-1.964882947504520416e-02
-1.965292356908321381e-02
-1.966034807264804840e-02
-1.965322159230709076e-02
-1.965646445751190186e-02
-1.965453848242759705e-02
-1.965378038585186005e-02
-1.965569891035556793e-02
-1.964871212840080261e-02
-1.965516619384288788e-02
-1.965495944023132324e-02
-1.965258084237575531e-02
-1.965182833373546600e-02
-1.965344883501529694e-02
-1.965165138244628906e-02
-1.965002529323101044e-02
-1.965134590864181519e-02
-1.964892260730266571e-02
-1.964602805674076080e-02
-1.965526305139064789e-02
-1.965489238500595093e-02
-1.965205930173397064e-02
-1.964969933032989502e-02
-1.965431123971939087e-02
-1.965676806867122650e-02
-1.964654959738254547e-02
-1.965191215276718140e-02
-1.965066045522689819e-02
-1.965335942804813385e-02
-1.965284720063209534e-02
-1.965545117855072021e-02
-1.965137198567390442e-02
-1.965078152716159821e-02
-1.965171471238136292e-02
-1.964847557246685028e-02
-1.965509168803691864e-02
-1.965508423745632172e-02
-1.965431682765483856e-02
-1.966290920972824097e-02
-1.965563371777534485e-02
-1.965401135385036469e-02
-1.965291611850261688e-02
-1.965170353651046753e-02
-1.964998804032802582e-02
-1.964688859879970551e-02
