-8.290548230723540982e-03
-8.295779259703582945e-03
-7.970887804103874916e-03
-8.152981530311567346e-03
-8.310508732330404089e-03
-7.896546471140115583e-03
-8.122225285425572344e-03
-8.899174396382629124e-03
-7.542590523156741077e-03
-8.635866450190012727e-03
-8.174105926474559483e-03
-7.928592736366353241e-03
-8.288332662087624994e-03
-8.131474767537422155e-03
-8.240305553622448084e-03
-8.234268282529428121e-03
-8.113990366454637213e-03
-8.798220202522660793e-03
-8.510037809604891618e-03
-8.386084934753859632e-03
-8.498964251418080276e-03
-8.147433731131626528e-03
-8.173927021892476649e-03
-8.235541425988462255e-03
-8.591792067074234193e-03
-7.829971318939605435e-03
-7.890356203601780680e-03
-8.359898306235359275e-03
-8.010080172624113939e-03
-7.942379538034335246e-03
-8.042301826393951497e-03
-8.156513070468843218e-03
-8.307462338983325617e-03
-8.271182496556818420e-03
-7.855946517132511228e-03
-8.304941704021948090e-03
-7.968628989699735529e-03
-8.134245172010796249e-03
-8.100041654251252665e-03
-8.333190990720282590e-03
-8.138886745857281876e-03
-8.232090132835202106e-03
-8.576862067633330561e-03
-8.752753936788209774e-03
-8.035828389886293457e-03
-8.331524828246084438e-03
-8.073309691393021695e-03
-8.612376619118015247e-03
-8.173254952373160825e-03
-9.071264508650150535e-03
-8.298498471448211705e-03
-8.315278771532057592e-03
-8.570798884705368992e-03
-8.122444064336334368e-03
-8.547186061741695109e-03
-8.848641463968315996e-03
-8.421287731245221883e-03
-7.881367664623262909e-03
-8.183423267682439148e-03
-8.339237346426000078e-03
-8.193698276167850000e-03
-8.449532670709945098e-03
-8.151273618078486508e-03
-7.815964078409893059e-03
-7.866813671167555838e-03
-8.708140691076038040e-03
-8.339067644601532228e-03
-8.408078930294918610e-03
-8.018682847768531657e-03
-8.106462373105008737e-03
-8.466938951363836910e-03
-7.981278109673783580e-03
-8.261795099235023573e-03
-8.260725682422757205e-03
-8.457505633914072854e-03
-8.122483720385665837e-03
-8.235892119548527193e-03
-8.224313897601285422e-03
-7.826789398855301880e-03
-8.322302111951960027e-03
-8.249527357236182898e-03
-8.186646415339657312e-03
-8.215332652580094666e-03
-8.027841715979698242e-03
-8.365937085053372704e-03
-7.846415386617558094e-03
-8.093095949916402285e-03
-8.309065809092413754e-03
-8.051100668919333389e-03
-8.045348793467736737e-03
-7.725005158514266883e-03
-8.303218830202371489e-03
-8.300478992646966384e-03
-7.811150299686674126e-03
-8.370097545056662952e-03
-8.445638335330633156e-03
-8.286276968600103307e-03
-8.365290343028391334e-03
-8.247033425261542094e-03
-7.963607481136950744e-03
-8.551968111951312873e-03
-7.916542064599064316e-03
-8.193400988860222861e-03
-8.215027628082504155e-03
-8.267659409359116168e-03
-7.931770673259602028e-03
-8.169468412785527156e-03
-8.035097871641557268e-03
-8.205952627762349780e-03
-8.193317110514594312e-03
-7.919624258145558857e-03
-8.326339359988957356e-03
-8.733242207500277812e-03
-8.143862262595075868e-03
-8.753317377926205997e-03
-8.693160979632420446e-03
-8.324901837651171518e-03
-8.542430662598627170e-03
-7.895664308055700895e-03
-8.116151474306542227e-03
-8.083437325590471859e-03
-7.904985756723745954e-03
-8.468243672387387386e-03
-8.849099916858910869e-03
-8.211800090580085101e-03
-7.772056001495725695e-03
-7.970738396881699162e-03
-8.167633683312374229e-03
-8.073461228512416113e-03
-8.452842368728272215e-03
-7.671733434349176442e-03
-8.315863022600757798e-03
-8.188079226742648112e-03
-8.051626846700934287e-03
-8.326144551810922209e-03
-8.369667971631159983e-03
-7.979207491557281304e-03
-8.134209671725557006e-03
-8.119287091323474162e-03
-7.898271749313397899e-03
-8.158152244882805118e-03
-8.082746613556979556e-03
-8.680888436366359165e-03
-8.181176357012745828e-03
-8.080784493165535029e-03
-8.428063000002986721e-03
-8.497565703307671109e-03
-8.513843087088681857e-03
-8.632998693354978700e-03
-8.010352503275360719e-03
-8.315466054205680399e-03
-8.508561509100060274e-03
-8.147172596124989050e-03
-7.911501889444502028e-03
-7.997819649227137090e-03
-8.563183757487833128e-03
-8.106388992358781048e-03
-7.951518429289223394e-03
-7.873116580047467838e-03
-8.219163503641383622e-03
-8.221049767198245276e-03
-8.103379240700198452e-03
-8.152673277552471495e-03
-8.282736233296780076e-03
-7.941081967549615955e-03
-8.178347858713998220e-03
-8.149218291549607113e-03
-8.170060128832739438e-03
-8.597919497773340650e-03
-8.032104384810811668e-03
-7.998460837296625034e-03
-8.516768322400794511e-03
-8.172467424025272459e-03
-7.874710527516873976e-03
-7.816363661796868825e-03
-7.931248691882939947e-03
-8.242196660916233444e-03
-8.276745797643307589e-03
-8.141613713618834833e-03
-8.160359585653522915e-03
-8.386924277632398436e-03
-8.062461119168860477e-03
-7.910484279958203066e-03
-8.089686953251375851e-03
-8.325382742329048152e-03
-8.192048540806707094e-03
-8.035982955367379499e-03
-8.116490585031794353e-03
-8.455071290618020735e-03
-7.714032599755908139e-03
-7.931157085803388143e-03
-8.065415428404765913e-03
-8.013152003742715287e-03
-8.101314711369652505e-03
-8.314723898482952527e-03
-7.830460212012205559e-03
-8.178883195564928474e-03
-8.030113241608646465e-03
-8.063867547177498360e-03
-8.141362019605460562e-03
-7.952451516165984224e-03
-8.149040773080417147e-03
-8.061888920448088969e-03
-8.268949290513697564e-03
-8.351883423348378105e-03
-7.850802231847349086e-03
-8.383745880765916536e-03
-8.067767066115989413e-03
-8.070472811095370097e-03
-8.018426520499024462e-03
-8.173771240730084986e-03
-8.008077439955216953e-03
-8.420226833636254918e-03
-7.888244117775927017e-03
-8.626215455196583129e-03
-8.528599985459286645e-03
-8.429994245515949267e-03
-7.976888006084164109e-03
-8.126522447734804699e-03
-8.537059233511492748e-03
-8.333321598354434881e-03
-8.167502386171894904e-03
-8.169938659826741709e-03
-8.527079454349972484e-03
-8.010990768238497942e-03
-8.255692491694882965e-03
-8.301930583175787942e-03
-8.251527310284429914e-03
-7.879333386191835972e-03
-8.177520009353620931e-03
-8.287934135401341454e-03
-7.856408414152494038e-03
-8.501146007557818310e-03
-8.237462559602717546e-03
-8.531306029766228330e-03
-8.285083284610665275e-03
-8.394710626390926647e-03
-8.525943324074322302e-03
-8.078843571761229123e-03
-8.176717374375362321e-03
-8.708053019645623991e-03
-8.460527434059079283e-03
-7.835553139867954334e-03
-8.032318375271118097e-03
-8.258333566404199230e-03
-7.937995867137153522e-03
-8.685306782029986183e-03
-8.051025301878364168e-03
-8.252969112945504268e-03
-8.520416357305651486e-03
-8.659736313408699510e-03
-8.424964871246793524e-03
-8.877609124470759935e-03
-7.965973990849861686e-03
-7.843154135569232674e-03
-8.346612076576068184e-03
-8.541343524302332305e-03
-8.205245846888212236e-03
-8.196159630823875511e-03
-8.355112417748129100e-03
-8.141581428639636103e-03
-8.056872427194248371e-03
-8.021304988195110744e-03
-8.183554574160688613e-03
-8.297220787898748964e-03
-8.217807295620998750e-03
-8.333954006625472061e-03
-8.372592451784054493e-03
-8.345245764828810794e-03
-8.168680526229462127e-03
-7.966416057682177213e-03
-8.322014345865843751e-03
-8.469459825918373985e-03
-7.940887685207211055e-03
-8.051053830692989077e-03
-8.081863389453708760e-03
-8.000830820766193299e-03
-8.373595807132341168e-03
-8.035168981755226245e-03
-8.114967252517462509e-03
-8.130955521999199548e-03
-8.015502157064620728e-03
-8.199419923899633339e-03
-8.260236174116027813e-03
-8.559709769825476350e-03
-7.728032272350045424e-03
-8.423010371155129072e-03
-8.255243675956994154e-03
-8.363274961220228815e-03
-8.157691751177699804e-03
-7.652281009475116365e-03
-7.987033528380193051e-03
-7.704438950153650288e-03
-8.464337128824753545e-03
-8.212336227902709493e-03
-8.085336408553581850e-03
-8.092253088261653834e-03
-8.173636134455713673e-03
-8.473698661180955466e-03
-8.174728762963937717e-03
-7.860598204678237791e-03
-8.509864984809694527e-03
-7.867330362452584075e-03
-8.045368879270778373e-03
-7.745078965767036513e-03
-8.389813160835332337e-03
-8.238283701992241137e-03
-8.110415668942614134e-03
-8.389197489713284828e-03
-7.911161307989692665e-03
-8.222600433478376505e-03
-8.287963167328661965e-03
-8.186188641381897738e-03
-8.068189487326273002e-03
-8.157777864590152681e-03
-8.311334009759502317e-03
-7.902907621899298365e-03
-8.245003376815881330e-03
-8.205661030185015456e-03
-8.245060694415480215e-03
-8.214002184511617552e-03
-8.226580681634811792e-03
-7.896350272915377694e-03
-8.547441520094168493e-03
-7.999741365872640661e-03
-8.621695894464832463e-03
-7.741589872075020813e-03
-8.018123241208938504e-03
-8.814153727113204634e-03
-8.291176337365037743e-03
-8.420966313147636509e-03
-7.731896689475463089e-03
-7.936087477816119659e-03
-8.335140230814814741e-03
-8.069443723540771496e-03
-8.365562237300972273e-03
-8.385522989404184738e-03
-8.384815751799419917e-03
-8.233174481307795056e-03
-8.040829259755492495e-03
-8.111269074082046865e-03
-8.041361723340427828e-03
-8.204498503835143050e-03
-8.104086251327038970e-03
-8.023962343900918961e-03
-8.490156523394755059e-03
-8.127595818817164725e-03
-7.890111376729864318e-03
-7.718302535746255320e-03
-8.076658331052670101e-03
-7.955764215976653814e-03
-7.963369620634130550e-03
-8.603707964075979139e-03
-8.291033352029878942e-03
-8.495801134860970355e-03
-8.253052171249232113e-03
-8.106926878885211546e-03
-8.280421672650131390e-03
-7.999034188541807519e-03
-8.451977706661050263e-03
-8.563248303349670770e-03
-8.535373738992628120e-03
-7.990815141548004291e-03
-8.104991360088121405e-03
-8.056289459520775062e-03
-7.958332667984313949e-03
-7.945958059385827346e-03
-6.873236228039173931e-03
-8.397396928743090794e-03
-8.430664088074735912e-03
-8.010875420213709949e-03
-8.337142081721680281e-03
-8.258173397267259616e-03
-8.345299629894173746e-03
-8.196074032851630511e-03
-7.925864443463074768e-03
-8.198320312311784333e-03
-8.515410104114841047e-03
-8.159943392583019275e-03
-7.944396653912269221e-03
-8.373098199355501550e-03
-8.490127218056879935e-03
-8.706430304413594404e-03
-8.711326458118234459e-03
-7.880376419947857439e-03
-7.722462438323407334e-03
-7.605633244301508375e-03
-7.835736861848848628e-03
-8.063720218208624696e-03
-8.180406418436095978e-03
-7.896056025119764163e-03
-7.797219906789327852e-03
-8.301054328523738146e-03
-8.056089520117904260e-03
-8.487831550668192837e-03
-8.071854960725528480e-03
-8.166682352172842732e-03
-8.240212240561780796e-03
-8.097060460803499199e-03
-7.983476131271214152e-03
-8.156333396840914282e-03
-8.303499874497691918e-03
-8.104553513700891304e-03
-8.124899920214095558e-03
-8.368868839376467431e-03
-8.074058205919835279e-03
-8.071795677729509330e-03
-7.942473919722898776e-03
-8.340053864254770230e-03
-8.387321531055190807e-03
-8.131557198191080929e-03
-8.018099859835191648e-03
-8.307798351501482353e-03
-7.899593669215826744e-03
-8.238675849933077902e-03
-8.179230389579766891e-03
-8.340135687825893721e-03
-8.054428430294285207e-03
-7.987383860144194395e-03
-8.095690116658718280e-03
-8.134949603959015438e-03
-8.283033985676755903e-03
-8.240070590758541424e-03
-7.986442024596885139e-03
-8.869071583928748309e-03
-8.427778731145909794e-03
-8.085217505107397326e-03
-7.860357946866047482e-03
-8.077447688224043479e-03
-8.184672919886048018e-03
-8.028071023753238430e-03
-8.128035173507340908e-03
-8.075083791558065882e-03
-8.415715116498388021e-03
-7.832346647740958540e-03
-8.076753927510180522e-03
-8.290513438532787563e-03
-8.253846140279718843e-03
-8.298442711865272950e-03
-8.230742959503326711e-03
-8.223926475970788283e-03
-7.971878649737678540e-03
-7.989988213571153769e-03
-8.063852492069650477e-03
-8.176390479512553322e-03
-7.997328049507685874e-03
-8.436613230422742443e-03
-8.000117377154560352e-03
-8.195138206621554317e-03
-8.090913557617925717e-03
-8.457319376958299245e-03
-8.116354991776139616e-03
-7.991241937275505094e-03
-8.370980728882019065e-03
-7.865349691471217736e-03
-8.061355232413204217e-03
-7.818042498709822444e-03
-8.322421091562200515e-03
-8.097365041969334723e-03
-8.200540934915888716e-03
-7.536760777296728706e-03
-8.188157407492527295e-03
-8.288291963393647557e-03
-8.024455901841203928e-03
-8.222778811870343554e-03
-8.004923607471335981e-03
-8.153690226021068077e-03
-8.639663534739024445e-03
-8.685848377192762620e-03
-8.257920798536971113e-03
-8.143288678397378466e-03
-8.452546597651888066e-03
-8.456756278982093672e-03
-8.185834020229222283e-03
-7.915873280651143304e-03
-8.180109183141669876e-03
-8.089125723466549650e-03
-8.479505286648446327e-03
-8.044484245913821607e-03
-8.238738527572430845e-03
-8.122555454958671484e-03
-8.055309573580022101e-03
-8.074957806879589847e-03
-8.253711466055064713e-03
-8.205456359827235577e-03
-8.122030953711638010e-03
-8.144958839595130284e-03
-8.136452113794320068e-03
-8.188137259201153442e-03
-8.249143311702426470e-03
-8.295877199889282322e-03
-8.297418266327859920e-03
-8.669834232308689173e-03
-8.216641762782733033e-03
-8.211320678725606351e-03
-8.108819442868510710e-03
-8.537103960270965922e-03
-8.749566709101864320e-03
-7.857745333349389072e-03
-7.792296463411312567e-03
-8.557779389195652869e-03
-7.974086962167833276e-03
-7.876335022527831964e-03
-7.874496172969666294e-03
-8.308095762281803368e-03
-7.989811191921518049e-03
-8.064454977978443434e-03
-7.910535202755744275e-03
-8.114790270134253705e-03
-7.921489164761225804e-03
-8.409098679316731606e-03
-8.378971966279801648e-03
-8.223057981291595486e-03
-8.048810202037905495e-03
-7.886338977129175865e-03
-7.952262486391538029e-03
-7.988134767246315993e-03
-8.353065568828031348e-03
-7.902599762448423576e-03
-8.327258830709494825e-03
-8.016557743587266957e-03
-8.368933072231323628e-03
-7.949289457636758358e-03
-8.164999623321613983e-03
-8.309054931979949557e-03
-8.026515972547510966e-03
-8.048570359370860877e-03
-8.190328643760683841e-03
-8.573327664884297303e-03
-8.010818762131369578e-03
-8.085922438002423121e-03
-8.362447764292466404e-03
-8.357046815083946437e-03
-8.334747396786180290e-03
-8.232215509995465322e-03
-8.159064624064423996e-03
-7.995389241735356006e-03
-8.015188915720200535e-03
-8.556715323340863960e-03
-8.578483764150384924e-03
-8.042595148674881039e-03
-8.497245419012257675e-03
-8.077214554894298140e-03
-8.428445076744147182e-03
-8.363301367006492973e-03
-8.035913183748216726e-03
-8.114909118895594770e-03
-8.486489697645592176e-03
-8.052586241254294785e-03
-8.018062933345993654e-03
-8.464923371019198936e-03
-7.913009681584837543e-03
-8.386737380630837624e-03
-8.219845302408825341e-03
-8.022364121543976850e-03
-8.249149381378474699e-03
-7.972839074646478896e-03
-8.426635425017498654e-03
-8.177972356154890668e-03
-8.065080341979478235e-03
-8.574561687931926343e-03
-8.627317213689098332e-03
-8.360443738733052549e-03
-7.856733696453789897e-03
-8.033664921734979397e-03
-8.221045504526890493e-03
-8.544433911165116163e-03
-8.082329514600302550e-03
-8.175312833180915437e-03
-8.176617980916579473e-03
-8.290100201460823617e-03
-8.050374427964791108e-03
-8.455935697882570670e-03
-8.080354384210276103e-03
-8.132992764439728878e-03
-8.411847066773532958e-03
-8.161822162320867685e-03
-8.378856589610142458e-03
-8.077182714876427611e-03
-8.413995497127070913e-03
-7.878139343390985067e-03
-8.011791038448854221e-03
-8.429777993144040374e-03
-7.445288825267445953e-03
-8.304347386546485910e-03
-7.951903934945410771e-03
-8.039518853242921467e-03
-8.070240783120982350e-03
-8.219988960860074786e-03
-8.147659847695496935e-03
-8.043477654561476467e-03
-8.416885945613841388e-03
-8.132546370492569829e-03
-8.264473787907015284e-03
-8.403002850130689497e-03
-8.108779216909741891e-03
-8.244479511342614822e-03
-8.155078972561669720e-03
-8.057372209800172172e-03
-7.861556788104370405e-03
-8.341028260418577658e-03
-7.894991281114189727e-03
-8.118668271547760731e-03
-8.180361874274616821e-03
-7.932238010943684636e-03
-8.707402365590640597e-03
-8.310132539762220619e-03
-8.221632682048186577e-03
-7.815879864351333098e-03
-8.053959094097857402e-03
-8.357035844897551732e-03
-8.217451502509567560e-03
-8.080663820686850157e-03
-7.734185725922685870e-03
-8.238353075460733491e-03
-7.991578621511384942e-03
-8.643233848030061270e-03
-8.010719099686374953e-03
-8.430433476533900211e-03
-8.238082283905634115e-03
-7.899828088545005761e-03
-8.309152879975089528e-03
-8.321737990568730398e-03
-8.253761744789853139e-03
-9.398552493876975028e-03
-8.589383767655162441e-03
-8.444867219350591508e-03
-7.787072989000261812e-03
-8.516184566238812342e-03
-8.476606099275623557e-03
-9.163171615695768144e-03
-8.410049708112621661e-03
-7.868497722373104380e-03
-7.724876338485455254e-03
-8.131513861137697544e-03
-7.099931419457518496e-03
-8.185689130496222668e-03
-8.055159329442312943e-03
-8.087041981711685576e-03
-8.541552428587237747e-03
-7.946289188272087634e-03
-7.939516112855239671e-03
-8.056055425649893270e-03
-8.137676595322929779e-03
-8.249898587599394789e-03
-8.220855548183194153e-03
-8.662299338909730181e-03
-8.423923451836139512e-03
-7.788272496688032447e-03
-8.349562673188714451e-03
-8.010500587193795582e-03
-8.015122685248600443e-03
-8.402518463651394501e-03
-7.911531195511160505e-03
-8.317753247741576164e-03
-7.682008447839084979e-03
-8.585060922541956283e-03
-8.355632160923349289e-03
-8.188550955685587260e-03
-8.002591376667620576e-03
-8.188082814718430913e-03
-8.235968436568376697e-03
-7.976465492274060348e-03
-8.290562534880901308e-03
-7.917718678720939499e-03
-7.791343009684544886e-03
-8.082172683520181741e-03
-7.839275254936975759e-03
-8.216441404422755376e-03
-8.100970883365034639e-03
-7.875219947390666927e-03
-8.222332102539231177e-03
-9.067328425717667215e-03
-7.598994105901191003e-03
-8.078590664322107817e-03
-7.941846681130146010e-03
-8.197905467817382177e-03
-8.342955192324261540e-03
-8.287586667129752047e-03
-8.337881030063439697e-03
-8.421869208622085115e-03
-8.379825974231392208e-03
-8.297625031505218018e-03
-7.973003167043508574e-03
-8.055727209615578741e-03
-8.590241872878127613e-03
-7.978676876150741018e-03
-8.314405803113909116e-03
-8.213219205994059385e-03
-8.495740038838586750e-03
-8.089851553877883128e-03
-8.284898362921230136e-03
-7.923762488167332071e-03
-8.058315202009757802e-03
-8.258741018053798039e-03
-8.545244212012600635e-03
-8.589891033555304908e-03
-8.042794773068764197e-03
-8.161063474493888276e-03
-8.055249214131294730e-03
-8.334632219884782062e-03
-8.490238689620189724e-03
-8.198428430249761825e-03
-8.480039540405968218e-03
-8.119183547155054206e-03
-8.508313157259630652e-03
-8.040899598905890816e-03
-8.298454285543195239e-03
-8.288766540788449974e-03
-8.524243145777847183e-03
-8.423418495534410605e-03
-7.818196619325302327e-03
-8.273269525101578301e-03
-8.037733635369066418e-03
-8.034503200206981333e-03
-8.232814780486114731e-03
-8.399056410733390238e-03
-8.154158045151557732e-03
-8.156274344174267027e-03
-8.268621146997013824e-03
-8.177696405478164857e-03
-8.187299627187314549e-03
-8.357930574102700669e-03
-8.373972678046204612e-03
-8.407376209612444848e-03
-8.146120007116829445e-03
-7.911302200389965303e-03
-7.864135840502094535e-03
-8.159189900938250070e-03
-8.052811689101184098e-03
-8.223903598038267634e-03
-8.418933169046101742e-03
-8.172732385865567190e-03
-8.381314524824707082e-03
-8.024005799549279935e-03
-7.994308316885903251e-03
-8.297749354073404374e-03
-8.091558545674474787e-03
-8.465457610401443816e-03
-8.535911060881085088e-03
-8.471704483461668309e-03
-8.633614186494170326e-03
-8.319769024753783521e-03
-8.456557409278305654e-03
-8.301505611560974426e-03
-8.867844336347826054e-03
-8.283333522165075430e-03
-8.137276663913759617e-03
-8.320475034107549170e-03
-8.258021482165164504e-03
-8.351165882944645152e-03
-8.065377854744230565e-03
-8.118997174372420342e-03
-8.317383979941566502e-03
-8.644580921295174497e-03
-8.470899076827657567e-03
-8.113492529567837425e-03
-7.892384402435417140e-03
-7.972912083828453261e-03
-8.194805835972280433e-03
-7.895843586941429099e-03
-8.251711832035714747e-03
-8.066361761317338355e-03
-8.151341539233027469e-03
-8.091325585935348758e-03
-8.440533147795555372e-03
-8.259032602135637710e-03
-8.339414474721877982e-03
-8.055959807866717656e-03
-8.226677204327764725e-03
-7.807002108446051136e-03
-8.336150159518605426e-03
-8.331136298067148491e-03
-8.356677313294603657e-03
-8.382186566000725259e-03
-7.833642167620386357e-03
-8.290796589946677897e-03
-8.381744688767815352e-03
-8.227817723559724405e-03
-8.285374376507798760e-03
-8.231798448595607082e-03
-7.943603138093358398e-03
-8.340438498336986625e-03
-8.325851054864023479e-03
-8.291413276427003765e-03
-8.390193015160866269e-03
-8.160294690416531466e-03
-7.873218572750561792e-03
-8.251649117004421566e-03
-8.279676200499561101e-03
-8.283998171557224038e-03
-8.272446531604582542e-03
-8.213082688239127169e-03
-8.335213745220690015e-03
-8.212002638738950117e-03
-8.187113354722290806e-03
-8.160241394095267206e-03
-7.910261429927319468e-03
-7.557153559514816037e-03
-8.320117650506563683e-03
-8.032390926738302780e-03
-8.437296698688891844e-03
-8.380361902319744330e-03
-8.127028425632881053e-03
-7.652544709003732300e-03
-8.697748946031057249e-03
-8.194413578805556653e-03
-8.107011671670443995e-03
-7.994904830332447490e-03
-7.729478573252139897e-03
-8.156492906979872712e-03
-8.049779316046208263e-03
-8.012105407660907036e-03
-8.173613518354083327e-03
-7.931258207007428618e-03
-8.512726070330257216e-03
-7.974272103618533156e-03
-8.442433394854235301e-03
-8.572118503214615909e-03
-8.428704446882154949e-03
-8.375263967374150381e-03
-8.195243829526317053e-03
-8.196421533010088065e-03
-8.381212652404572069e-03
-8.059133173310422879e-03
-8.344845378574314299e-03
-8.386538794201323435e-03
-7.985986575087030553e-03
-8.135913163433495729e-03
-7.942636005547931352e-03
-8.378439485227505423e-03
-8.936837862476671238e-03
-8.073121699980118082e-03
-8.150884521858138901e-03
-8.052228728332796667e-03
-8.307359962824905145e-03
-7.975110981325228207e-03
-7.944756464029442342e-03
-8.018207874055724785e-03
-8.255285681590623578e-03
-8.072654163679899783e-03
-7.995301661970224960e-03
-8.498097496899927050e-03
-8.347463886916489315e-03
-8.300417436835101984e-03
-7.677347257303969962e-03
-8.712304713423648858e-03
-7.955771620626810731e-03
-8.027440855763906188e-03
-8.024496065313748219e-03
-8.400810749027610644e-03
-8.295550356777101411e-03
-8.456511509770354290e-03
-8.321518729508857806e-03
-7.995718758451795041e-03
-7.933994156522905516e-03
-7.677061718875901296e-03
-7.984621006042599486e-03
-8.359967036292305365e-03
-8.157632883935913778e-03
-8.387888872810615043e-03
-7.957736004560752793e-03
-8.500914944444834878e-03
-8.477770267731761164e-03
-8.123431050541475920e-03
-8.128454312162327472e-03
-8.411185889033957405e-03
-8.464160875811017545e-03
-8.167542224839117668e-03
-8.272001971233925929e-03
-8.194353597488487212e-03
-8.091810438233527220e-03
-8.105577723557385109e-03
-8.428812568517423179e-03
-8.232548802553035436e-03
-8.254886699431238095e-03
-8.394133829800042718e-03
-8.357791277746887820e-03
-8.491916412443763565e-03
-8.305379806915362539e-03
-8.389110876659725685e-03
-8.171227924835360729e-03
-7.853967864354152381e-03
-8.392139748828523343e-03
-8.086242821767956196e-03
-8.122099710209267076e-03
-8.122375401195310735e-03
-8.195333324658203925e-03
-9.229785174191517880e-03
-8.146989796823220567e-03
-8.053144962819464708e-03
-8.124027242934215090e-03
-8.043962078712855665e-03
-8.003787972965506828e-03
-8.648054990520319049e-03
-8.409875412888279805e-03
-7.979988998953963311e-03
-8.339241659740131291e-03
-8.181510296491265044e-03
-8.289061811928477921e-03
-8.128036708030932436e-03
-8.327740169220014879e-03
-8.500504974721403290e-03
-7.865445995152278713e-03
-8.020799924071151527e-03
-8.620732732377954163e-03
-8.368823971217713084e-03
-8.017125578594063232e-03
-8.128256076816203074e-03
-8.356413021349441347e-03
-8.056546456111080695e-03
-8.052301639957553520e-03
-8.175806155720246465e-03
-8.276612961370355750e-03
-7.887849211904119848e-03
-8.234848643525579520e-03
-8.275963123797625692e-03
-8.223606668622299512e-03
-8.324213603982897128e-03
-8.264433944693424031e-03
-8.120057317787350223e-03
-7.990234996004425341e-03
-7.897089386463400709e-03
-8.320821414455130752e-03
-8.211326858860180586e-03
-8.101696242363882680e-03
-8.189459127782679898e-03
-8.100589878306535194e-03
-8.417383740451506169e-03
-8.142290366896514850e-03
-7.948244748700402165e-03
-8.424710476088713776e-03
-8.199085598269080163e-03
-7.997896311489911120e-03
-8.687879065670740461e-03
-8.295933758577015565e-03
-8.258588279007026550e-03
-8.409180394376459047e-03
-8.263204971509219982e-03
-7.843542767379462280e-03
-8.173678947193483563e-03
-8.418547794224028741e-03
-8.106152860873799479e-03
-8.344298645064968448e-03
-8.016151931923403903e-03
-8.230177345459692081e-03
-8.447096400523960644e-03
-8.064648579285417160e-03
-8.217227369237673981e-03
-8.381498239037540876e-03
-7.973561353462752660e-03
-8.132871802822443791e-03
-8.182870613230105658e-03
-8.255855027584498365e-03
-8.638673631448453780e-03
-8.483968872619297719e-03
-8.092802020121473566e-03
-8.202525769581789361e-03
-7.666097318521634604e-03
-7.952770516713588214e-03
-8.236848149674857317e-03
-8.390913254805013738e-03
-8.337932417696789639e-03
-8.363465098206651627e-03
-8.441959458207904526e-03
-8.185921789516823963e-03
-8.091157498013810609e-03
-8.285006042489216280e-03
-8.202544161185532784e-03
-8.141430307612522108e-03
-8.302657240036672576e-03
-8.081832117256418715e-03
-8.632484987807102772e-03
-7.705898960492546697e-03
-8.369540253927065104e-03
-8.257669414504760844e-03
-8.108615662915433925e-03
-8.050586229428224883e-03
-8.352027857234347458e-03
-8.332411019437333324e-03
-8.649943236570823910e-03
-8.652153644656478473e-03
-8.333261905248686569e-03
-8.154015295364625687e-03
-8.031195915531893006e-03
-7.696637656247563332e-03
-8.031573948122762777e-03
-7.929804633978201900e-03
-8.322640180018011855e-03
-8.211808807243771088e-03
-8.481260103723438706e-03
-8.454557400412610751e-03
-8.247281816067814422e-03
-8.381456906118509020e-03
-8.720299314086341069e-03
-8.070233623613205787e-03
-8.109445487387704696e-03
-7.989113736505046998e-03
-8.231293249264260911e-03
-8.505574420745821984e-03
-8.419762956533903206e-03
-8.132530672503298502e-03
-7.814845279942571679e-03
-7.968871253613530117e-03
-8.481813711606630765e-03
-7.923255458554599381e-03
-8.187755711814851539e-03
-8.436821691296784304e-03
-7.800044467996885070e-03
-8.551138797311534298e-03
-8.305286066734692690e-03
-8.313300612115784305e-03
-8.081621488912678342e-03
-8.415949473719926827e-03
-8.395777535287652846e-03
-8.036718997080874449e-03
-8.308908288555100219e-03
-8.258204761874800987e-03
-8.331186980388859478e-03
-8.163410564522599958e-03
-8.154153076966581468e-03
-8.280476169569932904e-03
-8.229473409962776570e-03
-8.080148616595317010e-03
-8.134309974241530489e-03
-8.129514402632223580e-03
-8.109474997039815489e-03
-8.432650326083273098e-03
-8.002743950467980025e-03
-8.604127289901300490e-03
-8.228762945218652189e-03
-8.308629295572364862e-03
-8.021510139210328086e-03
-7.968777632040405928e-03
-7.855507615387214565e-03
-7.827654169349457930e-03
-8.178880516241193374e-03
-8.346738774027726709e-03
-8.149835507559832076e-03
-8.268563660162164125e-03
-8.432543907082328330e-03
-8.349335125758743092e-03
-7.817988045452932758e-03
-8.316880008019214218e-03
-8.412114663247807420e-03
-7.797444271606323966e-03
-8.333940614067603808e-03
-8.011099576212446505e-03
-8.197832795545660980e-03
-8.088904096847340103e-03
-8.714337586143932821e-03
-8.367354993401640920e-03
-8.509021948767190105e-03
-8.345656510325632355e-03
-8.173694646368865127e-03
-8.302955984340883860e-03
-8.357380953317504121e-03
-8.439769836680715773e-03
-7.996568350114757404e-03
-8.261094934085121827e-03
-8.028904227739335972e-03
-8.648515995434261777e-03
-8.423445492842452503e-03
-8.428200043600467262e-03
-8.364769302160037640e-03
-8.041354620247175358e-03
-8.196716360300438514e-03
-7.933616422263018927e-03
-8.194986610163792345e-03
-8.019573945859241951e-03
-8.569678984014702031e-03
-8.173854786902471498e-03
-8.441129437900016935e-03
-8.398434251467232214e-03
-8.471213013794587007e-03
-8.334601070367163994e-03
-8.520515790783981039e-03
-8.450983792578681958e-03
-8.491530631790037559e-03
-8.235086993461452828e-03
-7.868538531476763215e-03
-8.298868915666056043e-03
-8.150205808363118407e-03
-8.551445408709232657e-03
-8.084038759076274047e-03
-8.273513937903953855e-03
-8.338471376560770490e-03
-8.122182368722726323e-03
-8.108832909766825955e-03
-8.081867888899614896e-03
-7.975050596646503925e-03
-8.289462392271119279e-03
-8.417155736426351273e-03
-8.507768661091621304e-03
-8.078595134368288244e-03
-8.143601118490965615e-03
-8.321430548257081547e-03
-8.162277317710226951e-03
-8.366359286753321037e-03
-8.061202343084310912e-03
-8.394237466795991323e-03
-8.157627780044198265e-03
-8.184033524670493095e-03
-8.340871852965637059e-03
-8.273827108603712052e-03
-8.100324556842605772e-03
-8.203729201383097580e-03
-7.981787915399298633e-03
-8.163417406143952740e-03
-8.709339278415330690e-03
-8.292333102687947377e-03
-8.627497603772359830e-03
-8.302051578470154986e-03
-8.233639225350489199e-03
-8.188847715050304524e-03
-8.515109736421850456e-03
-8.071263722414885253e-03
-7.963810601182912466e-03
-8.192044536394754023e-03
-8.171574414612230858e-03
-8.288186261421821160e-03
-8.221437596059113367e-03
-8.418626662802831950e-03
-8.145633923767632914e-03
-7.976284902955071976e-03
-8.794862895556723043e-03
-8.074525311669229419e-03
-8.114651850288326362e-03
-7.968345894610014482e-03
-8.609962810835449648e-03
-8.189231059289942688e-03
-8.143658900830779562e-03
-8.506205425360862174e-03
-8.045217513512238280e-03
-8.317929370829727984e-03
-8.207895735200889525e-03
-8.025348593504299383e-03
-8.369717754185657110e-03
-7.988834380290131196e-03
-7.875286657732882487e-03
-8.223907126794336234e-03
-8.192096793343222119e-03
-7.946446570878968468e-03
-7.550612828590275334e-03
-8.013398188676384981e-03
-8.010121384615131665e-03
-8.297883938030787415e-03
-8.284580108302037199e-03
-7.761484166489610211e-03
-8.390713051774984638e-03
-8.285324998400374688e-03
-8.069228148122348926e-03
-8.408161272461212379e-03
-8.084019838887034071e-03
-8.089740499177138638e-03
-8.743503325809399984e-03
-8.184916786171569231e-03
-8.321559076533802807e-03
-8.353390908309657123e-03
-8.325178572865269896e-03
-7.999406463375239792e-03
-8.357866047966920620e-03
-8.308631906388575655e-03
-8.182187253677570757e-03
-8.017046057924382199e-03
-8.414250016149567649e-03
-8.230836550056731121e-03
-8.237675604466880921e-03
-8.082028719918307041e-03
-8.386804641353069051e-03
-8.141233671654210871e-03
-7.835087150981065451e-03
-8.197227867808297083e-03
-8.175712620373018491e-03
-8.631344668970714756e-03
-8.129112766404896981e-03
-8.030963022108379701e-03
-8.515984823320608618e-03
-7.764879007595254859e-03
-8.102469796543285488e-03
-7.866862313045560468e-03
-8.496424568816237852e-03
-8.333028558790358739e-03
-7.940753682158758348e-03
-9.153193931962174540e-03
-8.775606212852038110e-03
-8.645003314630705232e-03
-8.206907491969329255e-03
-8.040223305295041839e-03
-7.986833162700558361e-03
-8.034143746620153390e-03
-8.217166077571983265e-03
-7.936416902522216640e-03
-8.223875576820739025e-03
-8.011912043869985275e-03
-8.133051699064369408e-03
-8.470959071002943236e-03
-8.070125326767403975e-03
-8.060356580167835072e-03
-7.941127857589564548e-03
-8.285530018795311813e-03
-8.405904815541525438e-03
-7.855428310761853120e-03
-8.157578077360125648e-03
-9.474016134029830671e-03
-8.413124405185334193e-03
-7.789003447827053291e-03
-7.975617166355872603e-03
-8.343740721610629421e-03
-8.100016417249961825e-03
-8.557057653936810809e-03
-8.075301862773238276e-03
-8.133536323639637897e-03
-8.106831829455566837e-03
-7.663676748368898443e-03
-8.392540627642287518e-03
-8.458490315851706701e-03
-8.090316701683751208e-03
-8.091244489337512391e-03
-8.119661605240333785e-03
-8.631909810568791017e-03
-7.903396958550702386e-03
-8.060761376966181849e-03
-8.457022473175711957e-03
-7.829066586229650737e-03
-8.014597671293843470e-03
-8.357231803711112975e-03
-7.990615787662646435e-03
-8.151102948379300786e-03
-8.344516007632361496e-03
-8.111502235015350531e-03
-8.245617091979091234e-03
-8.038750344692828856e-03
-8.277478302539843444e-03
-8.167294922543201843e-03
-8.369617961756906088e-03
-8.094622324434367494e-03
-8.422438713929126727e-03
-8.167480182376498851e-03
-8.156285830532085043e-03
-8.403902594304598142e-03
-7.905825365330531457e-03
-8.469655065239523398e-03
-8.067543517292451866e-03
-8.142595512725371576e-03
-8.320164968195681299e-03
-8.552170553944487066e-03
-8.319224654090864868e-03
-8.628919843406902129e-03
-7.737004387868277010e-03
-8.577871769217938411e-03
-8.506798846455502355e-03
-8.282887714552943786e-03
-8.652356580644643413e-03
-8.529957316300643133e-03
-8.293727756407914473e-03
-7.883701719659392745e-03
-8.234555825453670000e-03
-8.057765315746787810e-03
-8.415557660635232876e-03
-8.312530752617798210e-03
-7.782132292624384558e-03
-8.056209607577571527e-03
-8.145778846268460910e-03
-8.253391955471542710e-03
-8.045353584391191568e-03
-8.263315066987424531e-03
-8.289741226218097850e-03
-7.871399688880151985e-03
-8.124549538880612015e-03
-7.942192885001312513e-03
-8.371096683667436644e-03
-8.065028082716346053e-03
-8.213543940106305535e-03
-8.672272311394160424e-03
-8.345144072520434622e-03
-7.941998764584297377e-03
-8.235394898567151289e-03
-8.233332123293702828e-03
-7.874158527786770043e-03
-8.448160326489038627e-03
-8.275120620685198075e-03
-8.266336549412344609e-03
-8.404552011493791192e-03
-8.411193671116505219e-03
-8.171251458645180030e-03
-8.186896959728431206e-03
-8.271280096708777049e-03
-8.059111578418503077e-03
-8.263692314250893969e-03
-8.524950139989776604e-03
-8.205075003625205213e-03
-8.034769445774430155e-03
-8.127821375927105768e-03
-8.306772729405127037e-03
-8.312547199346367530e-03
-8.170522073346573114e-03
-8.083641850177408425e-03
-7.857858620146750475e-03
-8.089144093003404826e-03
-8.435806042442041755e-03
-8.050339252430661549e-03
-8.254950968472092934e-03
-8.223523537228636521e-03
-8.178643145532089181e-03
-8.023822633789411476e-03
-8.342774842886377731e-03
-8.600676746795443001e-03
-8.132422282355149940e-03
-7.986338635332934643e-03
-8.306040323135187656e-03
-8.342422524629177286e-03
-8.177322242060292706e-03
-8.420649734038906584e-03
-8.001454231499099262e-03
-8.468128824575036837e-03
-8.338214079908817453e-03
-8.064486012495786574e-03
-8.316960630442567920e-03
-8.274527438028842635e-03
-7.914555930525314989e-03
-8.485317432956497943e-03
-7.891159598367072925e-03
-8.246467482209612898e-03
-8.210297000774973916e-03
-7.828897203895976084e-03
-7.686551526326969655e-03
-8.085477318793268461e-03
-7.761045351050789402e-03
-7.863826225140332568e-03
-8.523644192770669578e-03
-8.338046108562249467e-03
-8.512620816908416169e-03
-8.140854309074505024e-03
-8.125354842049020351e-03
-7.816305713917930803e-03
-7.855236290119754425e-03
-8.554654420094431541e-03
-7.904071936183396790e-03
-7.956436246670471266e-03
-8.429895159705149896e-03
-7.960463625663981649e-03
-8.326162612400236224e-03
-8.218471257639097319e-03
-8.164333180771390225e-03
-8.130172511556151352e-03
-8.414725393524672553e-03
-8.111912465911972833e-03
-7.940903822388132444e-03
-8.252368024950211545e-03
-7.974351782682461559e-03
-8.144171505327611749e-03
-8.343461603158387752e-03
-8.326037427700844901e-03
-8.319088796966106480e-03
-8.511994583381652171e-03
-8.484994492983321743e-03
-7.961096198610030303e-03
-8.524928011203409053e-03
-7.937399428737756599e-03
-8.215323935986883555e-03
-8.045827879838382893e-03
-8.208044785408799907e-03
-8.957763925509161160e-03
-8.955916206614036174e-03
-8.249106410353921823e-03
-8.375656529501762301e-03
-7.944840360394805900e-03
-8.168783338323092405e-03
-8.340974778200617792e-03
-8.279983023374166626e-03
-8.311828355320464295e-03
-8.390273405595014347e-03
-7.824041213189135077e-03
-7.735819662570231868e-03
-7.927462217249848023e-03
-7.975182742734735625e-03
-8.210270261724666660e-03
-8.321309622027036473e-03
-8.173150591097409420e-03
-8.315583898195491597e-03
-8.129132370677553607e-03
-8.467338449386890148e-03
-8.248424424652043424e-03
-7.935883320096598012e-03
-7.962439511965195907e-03
-8.187717910418081807e-03
-7.965552404037954878e-03
-8.318940202214032340e-03
-8.043154851077091022e-03
-8.030127484417330652e-03
-8.973842106627652124e-03
-8.065523258865520823e-03
-8.400265431763226376e-03
-8.073588752640543237e-03
-8.201186676943601067e-03
-8.089331890613149154e-03
-8.193730663515108939e-03
-8.159906169732425787e-03
-8.145858980289270510e-03
-8.451616108274559794e-03
-8.268419904662935652e-03
-8.185166731483515049e-03
-8.389628717592537144e-03
-8.313828001600192738e-03
-8.328211051625527064e-03
-8.004836394241432451e-03
-8.476800744753699296e-03
-8.101989276910496682e-03
-7.853879098895736460e-03
-8.361666987463786324e-03
-7.787920314759129610e-03
-8.299994249990018044e-03
-8.255178732727283530e-03
-8.124859700095419038e-03
-8.470396613091516619e-03
-7.851118269585141349e-03
-8.150937903719296038e-03
-8.027836549096108859e-03
-8.089059843050982329e-03
-8.248054378877250209e-03
-8.572186241615114069e-03
-8.078887241564872146e-03
-7.917064153161134515e-03
-8.321011997230860074e-03
-8.293763641013814081e-03
-7.916967665756082656e-03
-7.802678387772445621e-03
-8.043430176024570638e-03
-8.181685733385919007e-03
-8.223124802031068353e-03
-8.173449974035294427e-03
-8.122740990662119867e-03
-8.470191156267450547e-03
-8.701505262692602050e-03
-8.131771653286880633e-03
-8.211243327036200218e-03
-8.250066236646674822e-03
-7.934225495452546656e-03
-7.881951568104565015e-03
-8.639168587369962585e-03
-7.961067033324765313e-03
-8.463756342779035421e-03
-8.258675278248117299e-03
-8.000094518027156890e-03
-7.574723774304599824e-03
-8.366671164969969113e-03
-8.351156957793046468e-03
-7.813591330279059249e-03
-9.346436397944553678e-03
-7.705831385485627585e-03
-8.398020173121191825e-03
-8.811246764832459527e-03
-8.042059525542764528e-03
-8.598664608540505100e-03
-8.111090414542618601e-03
-8.430496601053086639e-03
-8.582455216323845240e-03
-8.073530375846420595e-03
-8.241925608120459143e-03
-8.140415097940242525e-03
-8.060783931377702577e-03
-8.109569046452189817e-03
-8.153000858101300610e-03
-7.900520741341799866e-03
-8.170368964611636128e-03
-8.254406883777111112e-03
-8.228153292919888201e-03
-8.238785805088197703e-03
-8.189938257060888974e-03
-7.953701125616927103e-03
-8.096119342773220109e-03
-8.371465549179217536e-03
-8.176323961904151047e-03
-8.294322568164246359e-03
-8.259276331532824922e-03
-8.453050425623788097e-03
-8.323674437681382113e-03
-8.560516709457136053e-03
-8.234709750120288579e-03
-8.249829262730162469e-03
-7.839286518364506698e-03
-8.429686265031641201e-03
-8.125666032953627813e-03
-8.052525170214788058e-03
-8.554170892936209178e-03
-7.747707064122553132e-03
-8.220552865984361371e-03
-8.358106370327970241e-03
-8.228132472303814962e-03
-8.129234790621012174e-03
-8.220571902254615940e-03
-8.555658287720953672e-03
-8.481198008574494102e-03
-8.087719337469264497e-03
-8.611688579594127188e-03
-7.932094007581384082e-03
-8.009553705401734405e-03
-7.974339185124339896e-03
-8.185901807194837648e-03
-7.827919942261759093e-03
-8.455680846555287816e-03
-8.066648693192705541e-03
-8.035731824305818866e-03
-8.270766993990394042e-03
-9.028606226870036430e-03
-8.147681313271301629e-03
-8.239202222326248715e-03
-8.324555881195846302e-03
-8.399181885423951527e-03
-7.973957361430380683e-03
-8.623867517137532787e-03
-8.184019059490385550e-03
-8.581637047725654624e-03
-8.835327528571999128e-03
-8.238716011216416779e-03
-7.691675922847105405e-03
-8.199356392237910213e-03
-8.179170134435514300e-03
-8.246520861210870218e-03
-7.869842790536242527e-03
-8.408322290815851627e-03
-8.184255180846632463e-03
-8.366192064273436993e-03
-8.065660015468992944e-03
-8.048035070251221765e-03
-8.174173576949630288e-03
-8.029000682993297014e-03
-7.980017320848501253e-03
-8.365247123499123388e-03
-7.936007453321616487e-03
-7.944288687427839349e-03
-8.234665900571097250e-03
-8.352591793523982122e-03
-8.283928383907443460e-03
-8.328163713504468588e-03
-8.163225946285285889e-03
-8.545404528880947218e-03
-8.370127612945357440e-03
-8.020803291917464120e-03
-8.233836481797627421e-03
-8.356647020440786250e-03
-7.996547928078563336e-03
-8.076650618982810642e-03
-8.212088704593504401e-03
-8.205034727585465773e-03
-8.415076586311178927e-03
-8.274943818656285005e-03
-8.137956248737353640e-03
-8.391359192166329001e-03
-8.236077411508580318e-03
-8.312325307279998937e-03
-8.239365350699532145e-03
-8.339979008554357712e-03
-8.564467442513783516e-03
-8.233398887754966172e-03
-8.224200735717227678e-03
-8.293354508761891300e-03
-8.481055265009352501e-03
-7.724207327548217143e-03
-8.294188048397502233e-03
-8.342482635585676126e-03
-8.122968638593974083e-03
-7.960150382844978847e-03
-8.123835966768340119e-03
-8.711867486972241920e-03
-7.936126069017701221e-03
-8.070518235030228402e-03
-7.835895405440534284e-03
-8.124149068313804914e-03
-8.529202319012654451e-03
-8.227733166837412904e-03
-8.032937834432384711e-03
-8.233379465526489624e-03
-8.034521554447648581e-03
-8.133268699010378147e-03
-8.231049241981772124e-03
-8.407838438790116165e-03
-7.849500140646531454e-03
-8.242348533252208051e-03
-8.238873764579707562e-03
-8.157392260704271827e-03
-8.193453657661772110e-03
-8.493192757398409717e-03
-8.251886043823717168e-03
-8.572106504511343636e-03
-8.278037779924871456e-03
-7.959522558184330479e-03
-8.270364505913525149e-03
-8.267070172393097688e-03
-8.227253866490489079e-03
-8.192976426924732797e-03
-8.442626797245495265e-03
-7.856371499866444258e-03
-8.032649691428072128e-03
-8.261866642431071536e-03
-8.172765537373125402e-03
-8.592168404162254733e-03
-8.183601966621576601e-03
-7.858720477350391448e-03
-8.000160666545866328e-03
-8.322766699130406884e-03
-8.005414383085246444e-03
-8.072830911122003822e-03
-8.062443655012130339e-03
-9.304815186840108623e-03
-8.196085169817004731e-03
-7.990617283293411505e-03
-7.863450495297606008e-03
-8.273274473989929503e-03
-8.394035794689450741e-03
-8.596448848069123197e-03
-8.107977309085264914e-03
-7.951612466259753292e-03
-8.526469205074107063e-03
-8.443440989737854147e-03
-8.764446469080625426e-03
-8.359866737677332932e-03
-8.383931934046490175e-03
-8.102410223469743572e-03
-7.837893317723143224e-03
-7.858419042538858021e-03
-8.078597552826098996e-03
-8.032397927420371550e-03
-8.126465522781284659e-03
-8.271672426396021668e-03
-8.129700297568117837e-03
-8.171374491695413897e-03
-8.245484756757308700e-03
-8.521094931285635304e-03
-7.851860383400549592e-03
-8.059131435739625565e-03
-8.303022665267474969e-03
-8.465329242452702616e-03
-8.320116968112068606e-03
-8.333978884833575032e-03
-8.114505477844974682e-03
-8.132180532500881201e-03
-8.091599180977607567e-03
-7.941446740580957245e-03
-8.371419425755049007e-03
-7.949385908719219448e-03
-8.176693071003960159e-03
-8.293572816812528128e-03
-8.601115801944090450e-03
-8.283569390349913159e-03
-8.411948360763794527e-03
-8.694324534840204913e-03
-7.940309478935401316e-03
-8.078437806730256326e-03
-8.771014733600897631e-03
-7.494300569431566750e-03
-8.058227635131361838e-03
-8.381383605229430003e-03
-8.085083740704266872e-03
-7.842592107086187800e-03
-8.166503567944653416e-03
-8.369274830119307826e-03
-8.340005347174115138e-03
-8.579401758237995348e-03
-8.190702839741267199e-03
-7.820196307797542407e-03
-8.712154243582990315e-03
-8.347367437560435435e-03
-8.511970596831983787e-03
-8.603685921798935599e-03
-8.260732254500701560e-03
-8.329368057009669743e-03
-8.735785659602857828e-03
-8.376006577062989483e-03
-7.871867608813289119e-03
-7.925873386242147586e-03
-7.871326225089325321e-03
-8.285324352659684602e-03
-8.162211519355973971e-03
-8.057827533361408903e-03
-8.124572882949683897e-03
-8.290854342246380820e-03
-8.163828544493784839e-03
-7.946553522699765712e-03
-8.159962282013379434e-03
-8.378455428101732813e-03
-8.229603849530902487e-03
-8.333189786776691935e-03
-8.276465565695414334e-03
-8.350150980299585191e-03
-8.424823810949905872e-03
-8.275128675135511383e-03
-8.299204783297806087e-03
-8.391220834326654221e-03
-8.273744033879057089e-03
-8.198228174095883655e-03
-8.461284126849105344e-03
-8.331642875726174083e-03
-8.358796540537309291e-03
-8.062290391003951173e-03
-8.207348266322101252e-03
-8.251192118111889268e-03
-8.093402492391571501e-03
-8.167757069217388213e-03
-8.142921206584613145e-03
-8.362214775100376002e-03
-8.400798564012698644e-03
-8.075578101009723078e-03
-8.416407303666967321e-03
-8.294958336752509404e-03
-8.598253802611916310e-03
-7.959189705677471513e-03
-8.172031127188209357e-03
-8.171449050368592010e-03
-8.277564935314013148e-03
-8.022333679592626512e-03
-8.307657690482672316e-03
-8.156653340404995678e-03
-8.300261957160529405e-03
-8.525997469760142680e-03
-7.868187261998246460e-03
-7.951608116448702010e-03
-8.449854347334643384e-03
-8.224016057579728103e-03
-8.253945484799265347e-03
-8.016466325614490102e-03
-7.960188067271207688e-03
-8.314638428104504167e-03
-7.938344058685438409e-03
-7.927610416255911549e-03
-8.201477181908023786e-03
-8.075127979787948343e-03
-8.236568108764708712e-03
-8.200217657784772060e-03
-8.157430941241524194e-03
-8.058794163820203263e-03
-8.163319924354719981e-03
-8.216878813325010147e-03
-8.545578115105766787e-03
-8.457177333645655992e-03
-8.337552571264627427e-03
-8.245676483939558959e-03
-8.040901599826597718e-03
-7.723305813922560180e-03
-8.105390730271147884e-03
-7.897473648676421945e-03
-8.566025862571538182e-03
-8.184016502550271049e-03
-7.839422207260400219e-03
-8.088950121807795754e-03
-8.228219301333166910e-03
-8.507759346141086435e-03
-8.157846249673467512e-03
-8.071723059939096487e-03
-8.483372502430306869e-03
-8.654616851197080227e-03
-8.262714704880392766e-03
-8.625976228955414132e-03
-8.190268582795453070e-03
-8.389211216668319288e-03
-8.188284041630324722e-03
-8.249190320727479292e-03
-7.960586739338007881e-03
-7.989902863371749209e-03
-8.049303044906199259e-03
-7.975599191977588223e-03
-8.246009336679262919e-03
-8.388457605421150917e-03
-8.403741525448232830e-03
-8.348703099452100054e-03
-8.379377582110747111e-03
-8.591835299749248783e-03
-8.029548469774652406e-03
-7.884483566614577596e-03
-8.174744516296591698e-03
-8.743809585102750928e-03
-7.828973912370770435e-03
-8.309664225707429769e-03
-8.223192033697502082e-03
-8.158264589014500509e-03
-8.415730417720469064e-03
-8.287324173854141579e-03
-8.171254440629679636e-03
-8.130886099786445095e-03
-8.235212670274156058e-03
-8.310584009217957327e-03
-8.870721667530433521e-03
-8.066116955014112841e-03
-7.897206867427106203e-03
-8.311470145892502562e-03
-7.867681343289653281e-03
-8.439626630869749221e-03
-8.143909566988833879e-03
-8.079082629520241074e-03
-8.442388720253362483e-03
-8.142388744193972475e-03
-7.997748137486004189e-03
-8.109097941836311205e-03
-7.939150008526069460e-03
-8.282512834876309266e-03
-8.034888712154604831e-03
-8.325464716276514965e-03
-8.394171738281486911e-03
-8.279392491223279069e-03
-8.273588996319613739e-03
-8.358504991205110285e-03
-8.068236887057723614e-03
-8.459798414812078060e-03
-8.479313461025371132e-03
-8.102406837856526711e-03
-8.305642956703298413e-03
-8.483730006073690252e-03
-7.933296232693561739e-03
-8.336813925763981309e-03
-8.263821479887757324e-03
-8.079333442717157379e-03
-8.229029133428931650e-03
-8.360760099340206267e-03
-8.206469230946207560e-03
-8.385369136447501023e-03
-8.032050989742665209e-03
-8.397464099659536149e-03
-8.421839374707112968e-03
-8.284956039618995155e-03
-8.400976542027442998e-03
-8.183584593843142019e-03
-8.280925444745628958e-03
-8.361511507865314330e-03
-8.428408469503581926e-03
-7.883242363690026386e-03
-7.952424920489392646e-03
-8.036843013466344471e-03
-7.767758011468435184e-03
-8.062348026368876264e-03
-8.275729018036966783e-03
-8.691208219699821449e-03
-8.084427281391718886e-03
-8.159527384192623647e-03
-8.126924289849025637e-03
-8.431606632940376669e-03
-7.837692839751029400e-03
-7.926787251818683336e-03
-8.224859664301855874e-03
-8.351682648656552979e-03
-8.307169187067493105e-03
-8.531749116316043532e-03
-8.340072642866822733e-03
-7.938413950589067597e-03
-8.451393160841548166e-03
-8.580256395024165803e-03
-8.142717593169179410e-03
-8.480304018376407307e-03
-8.327162646843024388e-03
-8.173802458172863342e-03
-8.421441944326504142e-03
-8.300188222190571508e-03
-8.142077591439540740e-03
-8.539712063064445677e-03
-8.160350287726145235e-03
-8.128089800365950399e-03
-7.885535827363189185e-03
-8.144277694867819647e-03
-8.317948214480308869e-03
-8.430190050877396646e-03
-8.135412808006512245e-03
-8.150609478919244172e-03
-8.076867602405279900e-03
-7.693010357635421403e-03
-8.594102262420664357e-03
-8.207770714266640275e-03
-8.268116264270059662e-03
-8.069338129161617718e-03
-8.057264695628337664e-03
-8.285311391619193735e-03
-8.071876377305537906e-03
-8.316547334796997940e-03
-8.538456687792213631e-03
-8.195024078080365496e-03
-8.281337963595482646e-03
-8.393710944108146235e-03
-8.080160937107198557e-03
-8.477903952489681053e-03
-7.711597009805318606e-03
-8.309672765124823460e-03
-8.368637172776473634e-03
-8.230088843891219044e-03
-7.716772204978558647e-03
-8.378548526380796141e-03
-8.197169485961219859e-03
-8.082457418358512252e-03
-8.424438902700250725e-03
-7.888514605901451524e-03
-8.205009621913500820e-03
-8.265001505260150677e-03
-7.974198223448318926e-03
-8.238144307169315353e-03
-8.413931290417217546e-03
-8.477629301836939538e-03
-8.025640649443947089e-03
-8.086534976157761651e-03
-8.282020641790446489e-03
-7.963688493970885046e-03
-7.976547880804717855e-03
-8.042873762714751462e-03
-7.926314426865886664e-03
-8.419637272680672094e-03
-8.322751701750206316e-03
-8.475628826690237774e-03
-8.505002507750873686e-03
-8.257618323282752554e-03
-8.443848353870572060e-03
-8.503821672233744314e-03
-8.458253162058124511e-03
-8.597636116537115542e-03
-8.031160223645689503e-03
-8.053622011509475528e-03
-8.142269290804126161e-03
-8.057302342048147312e-03
-8.081554486166745224e-03
-7.881514340998516804e-03
-8.151010020655496610e-03
-8.562515816389329112e-03
-8.344519731658745637e-03
-8.252450548658942647e-03
-8.346598703059310634e-03
-8.472211658346556415e-03
-8.756497115446541454e-03
-8.139369412151748959e-03
-8.252011660422534436e-03
-8.027366899914642126e-03
-8.395027399616577027e-03
-7.830754945814533130e-03
-8.563688951166973165e-03
-7.956132557417455384e-03
-8.251818233339605624e-03
-8.258548430594153320e-03
-8.197365316327328774e-03
-8.259169641336829362e-03
-8.087859579640045357e-03
-8.458751699403603205e-03
-8.338255380807468170e-03
-8.472693427689406351e-03
-8.338096375671124119e-03
-8.319571748823530524e-03
-8.190261640376457486e-03
-7.977782611946152708e-03
-8.101757961292982077e-03
-8.356234422497865397e-03
-8.135325346580459319e-03
-8.403668059159635079e-03
-8.120091608401235062e-03
-8.220468851854517353e-03
-8.003186294179188628e-03
-8.079604219273403901e-03
-8.351471859249873578e-03
-8.272021542653410983e-03
-8.325789890432944498e-03
-8.025526305262839152e-03
-8.307549750132269678e-03
-8.085141684110841442e-03
-7.971001935986569628e-03
-8.440253093694673539e-03
-8.159044061852489121e-03
-8.244697682221479446e-03
-8.454718524115950248e-03
-8.014871007867675062e-03
-8.137926048038052890e-03
-8.489490844963580585e-03
-8.427136325722452484e-03
-7.987408535990553685e-03
-8.106522510129521644e-03
-8.316696154645203051e-03
-8.240437130799709367e-03
-8.121135246997342530e-03
-8.254333612085324248e-03
-8.198158680988002628e-03
-8.027040221858018978e-03
-8.565992351506268240e-03
-8.364490282879335006e-03
-8.289994466755930963e-03
-8.233989924394301274e-03
-8.133978457278824223e-03
-8.411110886376766543e-03
-8.254596086758037715e-03
-8.300683255101031985e-03
-8.334438784730979419e-03
-7.977795526052499503e-03
-8.282675930138014980e-03
-8.077641564120819490e-03
-8.431633003763209372e-03
-8.480197511010050329e-03
-8.138048531733046639e-03
-8.109909854785339947e-03
-8.464404055699115484e-03
-8.510270528619095012e-03
-8.357884189601557864e-03
-8.068864598712746292e-03
-8.712825480226834424e-03
-7.940880412131607474e-03
-7.796900558280354943e-03
-8.350201610017935275e-03
-8.263418639867346413e-03
-8.199767366138917962e-03
-8.532835972190877180e-03
