-2.424373105168342590e-02
-2.424296364188194275e-02
-2.423890680074691772e-02
-2.424220554530620575e-02
-2.424160204827785492e-02
-2.423669770359992981e-02
-2.424295991659164429e-02
-2.424640022218227386e-02
-2.424504235386848450e-02
-2.423817850649356842e-02
-2.423748932778835297e-02
-2.424739673733711243e-02
-2.424907311797142029e-02
-2.424783818423748016e-02
-2.423995546996593475e-02
-2.423234656453132629e-02
-2.424868568778038025e-02
-2.424962446093559265e-02
-2.424623817205429077e-02
-2.424205094575881958e-02
-2.425104752182960510e-02
-2.424185909330844879e-02
-2.423804253339767456e-02
-2.424747124314308167e-02
-2.424558065831661224e-02
-2.424705214798450470e-02
-2.424091473221778870e-02
-2.424990572035312653e-02
-2.424489706754684448e-02
-2.424244023859500885e-02
-2.423890680074691772e-02
-2.424036711454391479e-02
-2.424397319555282593e-02
-2.424452826380729675e-02
-2.424519695341587067e-02
-2.424512431025505066e-02
-2.424245327711105347e-02
-2.424168027937412262e-02
-2.424523793160915375e-02
-2.424730919301509857e-02
-2.423947304487228394e-02
-2.423739992082118988e-02
-2.424783818423748016e-02
-2.423962019383907318e-02
-2.424054220318794250e-02
-2.424719557166099548e-02
-2.424192614853382111e-02
-2.424447797238826752e-02
-2.424301393330097198e-02
-2.424605935811996460e-02
-2.424787357449531555e-02
-2.424335852265357971e-02
-2.424729429185390472e-02
-2.424720115959644318e-02
-2.424677461385726929e-02
-2.424311824142932892e-02
-2.424950152635574341e-02
-2.423868514597415924e-02
-2.422822080552577972e-02
-2.424178831279277802e-02
-2.424815110862255096e-02
-2.424534410238265991e-02
-2.424452826380729675e-02
-2.425454929471015930e-02
-2.424339763820171356e-02
-2.424523420631885529e-02
-2.425246126949787140e-02
-2.424795366823673248e-02
-2.423938550055027008e-02
-2.423828095197677612e-02
-2.424488030374050140e-02
-2.424111589789390564e-02
-2.424605004489421844e-02
-2.424848638474941254e-02
-2.424603328108787537e-02
-2.424154244363307953e-02
-2.424283139407634735e-02
-2.424833737313747406e-02
-2.424903586506843567e-02
-2.423834428191184998e-02
-2.424814552068710327e-02
-2.424866519868373871e-02
-2.424729242920875549e-02
-2.423892356455326080e-02
-2.424500696361064911e-02
-2.424344979226589203e-02
-2.425015904009342194e-02
-2.423941344022750854e-02
-2.425405569374561310e-02
-2.424394525587558746e-02
-2.424070797860622406e-02
-2.423905581235885620e-02
-2.424267865717411041e-02
-2.423554472625255585e-02
-2.424547262489795685e-02
-2.424322627484798431e-02
-2.424766495823860168e-02
-2.425223216414451599e-02
-2.425146847963333130e-02
-2.424718625843524933e-02
-2.424299158155918121e-02
-2.424154616892337799e-02
-2.423982694745063782e-02
-2.424285002052783966e-02
-2.423787675797939301e-02
-2.424376457929611206e-02
-2.425084821879863739e-02
-2.424480579793453217e-02
-2.425849623978137970e-02
-2.424652315676212311e-02
-2.424664236605167389e-02
-2.424894832074642181e-02
-2.424776740372180939e-02
-2.424849756062030792e-02
-2.423984743654727936e-02
-2.423899993300437927e-02
-2.424249611794948578e-02
-2.424442954361438751e-02
-2.424691431224346161e-02
-2.424218133091926575e-02
-2.424710616469383240e-02
-2.425407990813255310e-02
-2.424184046685695648e-02
-2.424380928277969360e-02
-2.424734458327293396e-02
-2.423549257218837738e-02
-2.424251288175582886e-02
-2.423780597746372223e-02
-2.424823865294456482e-02
-2.424718067049980164e-02
-2.424339018762111664e-02
-2.424773015081882477e-02
-2.424355223774909973e-02
-2.424278296530246735e-02
-2.424959279596805573e-02
-2.425267919898033142e-02
-2.424762956798076630e-02
-2.423795312643051147e-02
-2.424198575317859650e-02
-2.424471452832221985e-02
-2.425078116357326508e-02
-2.425482124090194702e-02
-2.425396814942359924e-02
-2.426127903163433075e-02
-2.425649389624595642e-02
-2.425027079880237579e-02
-2.426269277930259705e-02
-2.425197511911392212e-02
-2.425151690840721130e-02
-2.425726503133773804e-02
-2.425178699195384979e-02
-2.425362542271614075e-02
-2.426543086767196655e-02
-2.425775490701198578e-02
-2.426647767424583435e-02
-2.425490505993366241e-02
-2.425778657197952271e-02
-2.426065877079963684e-02
-2.426574937999248505e-02
-2.426249533891677856e-02
-2.425810322165489197e-02
-2.426408044993877411e-02
-2.426225692033767700e-02
-2.426889911293983459e-02
-2.425894699990749359e-02
-2.426351420581340790e-02
-2.426275424659252167e-02
-2.426100708544254303e-02
-2.426375262439250946e-02
-2.426821552217006683e-02
-2.427020855247974396e-02
-2.426403388381004333e-02
-2.427125349640846252e-02
-2.426478825509548187e-02
-2.427026256918907166e-02
-2.426632493734359741e-02
-2.426292374730110168e-02
-2.426418289542198181e-02
-2.426254563033580780e-02
-2.426865138113498688e-02
-2.426599338650703430e-02
-2.426519617438316345e-02
-2.426148019731044769e-02
-2.426411397755146027e-02
-2.426100708544254303e-02
-2.426308579742908478e-02
-2.427366934716701508e-02
-2.427300997078418732e-02
-2.427142113447189331e-02
-2.426938526332378387e-02
-2.426059916615486145e-02
-2.426529861986637115e-02
-2.426170185208320618e-02
-2.427036128938198090e-02
-2.426004596054553986e-02
-2.426430769264698029e-02
-2.426744066178798676e-02
-2.426341734826564789e-02
-2.426782809197902679e-02
-2.426993474364280701e-02
-2.427008561789989471e-02
-2.427025511860847473e-02
-2.427691034972667694e-02
-2.427788451313972473e-02
-2.427009120583534241e-02
-2.427541464567184448e-02
-2.427407912909984589e-02
-2.427133545279502869e-02
-2.427130751311779022e-02
-2.427532151341438293e-02
-2.427581138908863068e-02
-2.427872642874717712e-02
-2.427768521010875702e-02
-2.427747473120689392e-02
-2.428101934492588043e-02
-2.427974529564380646e-02
-2.427668124437332153e-02
-2.428018674254417419e-02
-2.427945472300052643e-02
-2.427716925740242004e-02
-2.427433989942073822e-02
-2.427806146442890167e-02
-2.428092621266841888e-02
-2.428029850125312805e-02
-2.428176254034042358e-02
-2.428134344518184662e-02
-2.427379973232746124e-02
-2.428240142762660980e-02
-2.427519299089908600e-02
-2.427672035992145538e-02
-2.427722327411174774e-02
-2.427754364907741547e-02
-2.427972480654716492e-02
-2.428304217755794525e-02
-2.427801117300987244e-02
-2.427888102829456329e-02
-2.428484335541725159e-02
-2.428608387708663940e-02
-2.429160661995410919e-02
-2.428195811808109283e-02
-2.428417466580867767e-02
-2.428221330046653748e-02
-2.429088205099105835e-02
-2.428082749247550964e-02
-2.428684569895267487e-02
-2.428571321070194244e-02
-2.428506501019001007e-02
-2.428776212036609650e-02
-2.429110556840896606e-02
-2.428605407476425171e-02
-2.427929826080799103e-02
-2.428378909826278687e-02
-2.428736165165901184e-02
-2.428554370999336243e-02
-2.428711019456386566e-02
-2.429617010056972504e-02
-2.429022639989852905e-02
-2.428998239338397980e-02
-2.429232187569141388e-02
-2.430307678878307343e-02
-2.429886907339096069e-02
-2.429346926510334015e-02
-2.429441548883914948e-02
-2.429591678082942963e-02
-2.428733557462692261e-02
-2.429405041038990021e-02
-2.429785579442977905e-02
-2.430311776697635651e-02
-2.429323643445968628e-02
-2.430019341409206390e-02
-2.430272847414016724e-02
-2.429986186325550079e-02
-2.429920807480812073e-02
-2.429648116230964661e-02
-2.430676482617855072e-02
-2.429989725351333618e-02
-2.429891191422939301e-02
-2.431366778910160065e-02
-2.430434711277484894e-02
-2.430603280663490295e-02
-2.430320344865322113e-02
-2.430991455912590027e-02
-2.430325374007225037e-02
-2.431062795221805573e-02
-2.430058829486370087e-02
-2.430737949907779694e-02
-2.431268058717250824e-02
-2.430443651974201202e-02
-2.431521750986576080e-02
-2.431572042405605316e-02
-2.431274577975273132e-02
-2.431008778512477875e-02
-2.431001141667366028e-02
-2.430662140250205994e-02
-2.431067079305648804e-02
-2.432047948241233826e-02
-2.431712858378887177e-02
-2.431509830057621002e-02
-2.431809343397617340e-02
-2.431166730821132660e-02
-2.432026714086532593e-02
-2.431771345436573029e-02
-2.431555464863777161e-02
-2.431092970073223114e-02
-2.431930787861347198e-02
-2.431743964552879333e-02
-2.432271093130111694e-02
-2.431902848184108734e-02
-2.432227507233619690e-02
-2.432390302419662476e-02
-2.432257123291492462e-02
-2.432303503155708313e-02
-2.432247623801231384e-02
-2.431622333824634552e-02
-2.432356402277946472e-02
-2.431585639715194702e-02
-2.432450279593467712e-02
-2.432449907064437866e-02
-2.431651204824447632e-02
-2.432458661496639252e-02
-2.432158030569553375e-02
-2.433427795767784119e-02
-2.432803437113761902e-02
-2.432412654161453247e-02
-2.431951090693473816e-02
-2.432675100862979889e-02
-2.432031556963920593e-02
-2.432948537170886993e-02
-2.432385645806789398e-02
-2.432599291205406189e-02
-2.432849258184432983e-02
-2.432553842663764954e-02
-2.432487346231937408e-02
-2.432310767471790314e-02
-2.432685717940330505e-02
-2.432641200721263885e-02
-2.433079108595848083e-02
-2.432732470333576202e-02
-2.432839944958686829e-02
-2.432519756257534027e-02
-2.432820387184619904e-02
-2.432420477271080017e-02
-2.432393096387386322e-02
-2.432909421622753143e-02
-2.432934753596782684e-02
-2.433095686137676239e-02
-2.432949654757976532e-02
-2.433221973478794098e-02
-2.432999946177005768e-02
-2.433143742382526398e-02
-2.433471754193305969e-02
-2.433725073933601379e-02
-2.433541789650917053e-02
-2.433478459715843201e-02
-2.433509938418865204e-02
-2.433853596448898315e-02
-2.433517202734947205e-02
-2.433603629469871521e-02
-2.433789148926734924e-02
-2.433567121624946594e-02
-2.433151379227638245e-02
-2.433328703045845032e-02
-2.433972619473934174e-02
-2.434001304209232330e-02
-2.434004656970500946e-02
-2.434358559548854828e-02
-2.433911524713039398e-02
-2.433926798403263092e-02
-2.434599213302135468e-02
-2.435107901692390442e-02
-2.433991059660911560e-02
-2.434407733380794525e-02
-2.434299327433109283e-02
-2.434243634343147278e-02
-2.434399351477622986e-02
-2.434573508799076080e-02
-2.434826083481311798e-02
-2.434262260794639587e-02
-2.434427849948406219e-02
-2.434880845248699188e-02
-2.435060963034629822e-02
-2.435120753943920135e-02
-2.434743568301200867e-02
-2.434821240603923798e-02
-2.435651794075965881e-02
-2.434867247939109802e-02
-2.435075864195823669e-02
-2.435020543634891510e-02
-2.434954792261123657e-02
-2.435259334743022919e-02
-2.435528114438056946e-02
-2.435288019478321075e-02
-2.434612996876239777e-02
-2.435723133385181427e-02
-2.434925548732280731e-02
-2.435638755559921265e-02
-2.435425668954849243e-02
-2.435905113816261292e-02
-2.435331419110298157e-02
-2.435556240379810333e-02
-2.435793355107307434e-02
-2.435327135026454926e-02
-2.435280755162239075e-02
-2.435424551367759705e-02
-2.435218356549739838e-02
-2.435504458844661713e-02
-2.435966208577156067e-02
-2.435859292745590210e-02
-2.435915730893611908e-02
-2.436061017215251923e-02
-2.435965649783611298e-02
-2.436680160462856293e-02
-2.435950748622417450e-02
-2.436864934861660004e-02
-2.436489425599575043e-02
-2.436141483485698700e-02
-2.436274848878383636e-02
-2.436411567032337189e-02
-2.436040714383125305e-02
-2.436942048370838165e-02
-2.436742372810840607e-02
-2.436437830328941345e-02
-2.436112985014915466e-02
-2.436689473688602448e-02
-2.436461113393306732e-02
-2.437225542962551117e-02
-2.436956390738487244e-02
-2.436646074056625366e-02
-2.437107078731060028e-02
-2.436889149248600006e-02
-2.436836436390876770e-02
-2.436917647719383240e-02
-2.436488494277000427e-02
-2.437395416200160980e-02
-2.437316067516803741e-02
-2.436932548880577087e-02
-2.437343075871467590e-02
-2.437436021864414215e-02
-2.436909824609756470e-02
-2.437582239508628845e-02
-2.437113597989082336e-02
-2.438163384795188904e-02
-2.436934225261211395e-02
-2.437192387878894806e-02
-2.437205053865909576e-02
-2.437525242567062378e-02
-2.437825314700603485e-02
-2.437386102974414825e-02
-2.437477186322212219e-02
-2.437896840274333954e-02
-2.437388710677623749e-02
-2.437691204249858856e-02
-2.437768690288066864e-02
-2.438355796039104462e-02
-2.438102103769779205e-02
-2.437615953385829926e-02
-2.437865361571311951e-02
-2.438352070748806000e-02
-2.437755092978477478e-02
-2.438256330788135529e-02
-2.437748387455940247e-02
-2.437820658087730408e-02
-2.437666989862918854e-02
-2.437328174710273743e-02
-2.437940798699855804e-02
-2.437920309603214264e-02
-2.438378520309925079e-02
-2.438243292272090912e-02
-2.438030578196048737e-02
-2.438219264149665833e-02
-2.438013628125190735e-02
-2.438182570040225983e-02
-2.437919937074184418e-02
-2.438005059957504272e-02
-2.437860146164894104e-02
-2.438086830079555511e-02
-2.438100054860115051e-02
-2.438176982104778290e-02
-2.438363619148731232e-02
-2.438512630760669708e-02
-2.438148483633995056e-02
-2.438074909150600433e-02
-2.438173256814479828e-02
-2.438686229288578033e-02
-2.438122592866420746e-02
-2.438671141862869263e-02
-2.437978237867355347e-02
-2.438483946025371552e-02
-2.438562549650669098e-02
-2.438936196267604828e-02
-2.438337169587612152e-02
-2.438859082758426666e-02
-2.438603155314922333e-02
-2.438943274319171906e-02
-2.438549511134624481e-02
-2.439020387828350067e-02
-2.438796870410442352e-02
-2.438896521925926208e-02
-2.438841201364994049e-02
-2.438961714506149292e-02
-2.438988909125328064e-02
-2.438845857977867126e-02
-2.438875660300254822e-02
-2.438552863895893097e-02
-2.437440864741802216e-02
-2.437564171850681305e-02
-2.437601052224636078e-02
-2.437671646475791931e-02
-2.437332831323146820e-02
-2.436713315546512604e-02
-2.437176555395126343e-02
-2.437109127640724182e-02
-2.437047101557254791e-02
-2.437217347323894501e-02
-2.436960302293300629e-02
-2.437379769980907440e-02
-2.437233552336692810e-02
-2.437405474483966827e-02
-2.438056655228137970e-02
-2.437932230532169342e-02
-2.437982335686683655e-02
-2.438123337924480438e-02
-2.438667044043540955e-02
-2.438141033053398132e-02
-2.438857033848762512e-02
-2.438882552087306976e-02
-2.438836544752120972e-02
-2.438581176102161407e-02
-2.438993565738201141e-02
-2.438447996973991394e-02
-2.438576892018318176e-02
-2.438918501138687134e-02
-2.438744157552719116e-02
-2.438969351351261139e-02
-2.438847534358501434e-02
-2.438728883862495422e-02
-2.438848093152046204e-02
-2.438624016940593719e-02
-2.438327483832836151e-02
-2.438446693122386932e-02
-2.437933161854743958e-02
-2.437741868197917938e-02
-2.437366358935832977e-02
-2.437555417418479919e-02
-2.437052316963672638e-02
-2.437165938317775726e-02
-2.437383681535720825e-02
-2.437879890203475952e-02
-2.437162213027477264e-02
-2.437132410705089569e-02
-2.437448129057884216e-02
-2.437465265393257141e-02
-2.437236160039901733e-02
-2.437145076692104340e-02
-2.437436208128929138e-02
-2.437465824186801910e-02
-2.437147684395313263e-02
-2.437024563550949097e-02
-2.437855675816535950e-02
-2.437639050185680389e-02
-2.437672391533851624e-02
-2.438067644834518433e-02
-2.437985502183437347e-02
-2.437908761203289032e-02
-2.437823079526424408e-02
-2.437802590429782867e-02
-2.437727525830268860e-02
-2.438099309802055359e-02
-2.437707409262657166e-02
-2.438289858400821686e-02
-2.438294515013694763e-02
-2.438690513372421265e-02
-2.437830530107021332e-02
-2.437544427812099457e-02
-2.437471598386764526e-02
-2.437918260693550110e-02
-2.437605336308479309e-02
-2.437498793005943298e-02
-2.437262050807476044e-02
-2.437936514616012573e-02
-2.437084354460239410e-02
-2.437420561909675598e-02
-2.437939867377281189e-02
-2.437991835176944733e-02
-2.437935210764408112e-02
-2.437644451856613159e-02
-2.437997981905937195e-02
-2.438311092555522919e-02
-2.438326738774776459e-02
-2.438148111104965210e-02
-2.438270300626754761e-02
-2.438605017960071564e-02
-2.438377216458320618e-02
-2.438612468540668488e-02
-2.438356168568134308e-02
-2.437851391732692719e-02
-2.437774650752544403e-02
-2.436549589037895203e-02
-2.436433173716068268e-02
-2.436211518943309784e-02
-2.434542961418628693e-02
-2.433520741760730743e-02
-2.433439344167709351e-02
-2.433294989168643951e-02
-2.433636412024497986e-02
-2.433460205793380737e-02
-2.433012798428535461e-02
-2.433624118566513062e-02
-2.433965913951396942e-02
-2.433037385344505310e-02
-2.433495409786701202e-02
-2.433471009135246277e-02
-2.432256378233432770e-02
-2.430958300828933716e-02
-2.431677654385566711e-02
-2.431165240705013275e-02
-2.431695535778999329e-02
-2.431678399443626404e-02
-2.431015856564044952e-02
-2.431710250675678253e-02
-2.430585958063602448e-02
-2.431111782789230347e-02
-2.431044727563858032e-02
-2.431236952543258667e-02
-2.431922964751720428e-02
-2.432295866310596466e-02
-2.432726696133613586e-02
-2.433348819613456726e-02
-2.433830127120018005e-02
-2.434477768838405609e-02
-2.434545382857322693e-02
-2.434872463345527649e-02
-2.435644716024398804e-02
-2.435264736413955688e-02
-2.435426227748394012e-02
-2.435971237719058990e-02
-2.436002716422080994e-02
-2.435807324945926666e-02
-2.436252869665622711e-02
-2.436791732907295227e-02
-2.436164766550064087e-02
-2.436547167599201202e-02
-2.436577528715133667e-02
-2.436592243611812592e-02
-2.436542324721813202e-02
-2.437204495072364807e-02
-2.437517978250980377e-02
-2.437754347920417786e-02
-2.438338287174701691e-02
-2.438016422092914581e-02
-2.437866292893886566e-02
-2.438245154917240143e-02
-2.437842451035976410e-02
-2.438141219317913055e-02
-2.437844499945640564e-02
-2.438110299408435822e-02
-2.438541129231452942e-02
-2.438751049339771271e-02
-2.438398823142051697e-02
-2.438954450190067291e-02
-2.438756078481674194e-02
-2.438969723880290985e-02
-2.438880689442157745e-02
-2.438958920538425446e-02
-2.439435012638568878e-02
-2.439201623201370239e-02
-2.439039200544357300e-02
-2.439030818641185760e-02
-2.438806369900703430e-02
-2.438957802951335907e-02
-2.439282275736331940e-02
-2.438945136964321136e-02
-2.438726648688316345e-02
-2.438881807029247284e-02
-2.439861372113227844e-02
-2.439153566956520081e-02
-2.439639531075954437e-02
-2.439204417169094086e-02
-2.439386956393718719e-02
-2.439288608729839325e-02
-2.438911423087120056e-02
-2.439149469137191772e-02
-2.439331635832786560e-02
-2.439288049936294556e-02
-2.439165301620960236e-02
-2.439308352768421173e-02
-2.439039573073387146e-02
-2.439008466899394989e-02
-2.439825609326362610e-02
-2.438832446932792664e-02
-2.439706400036811829e-02
-2.439194545149803162e-02
-2.438876591622829437e-02
-2.439755573868751526e-02
-2.439235523343086243e-02
-2.439641579985618591e-02
-2.439369075000286102e-02
-2.439587749540805817e-02
-2.439516037702560425e-02
-2.439282275736331940e-02
-2.439453825354576111e-02
-2.439568564295768738e-02
-2.439207956194877625e-02
-2.439912036061286926e-02
-2.439783886075019836e-02
-2.439632639288902283e-02
-2.439441904425621033e-02
-2.439380809664726257e-02
-2.439640276134014130e-02
-2.439706772565841675e-02
-2.439698763191699982e-02
-2.439299412071704865e-02
-2.439452148973941803e-02
-2.440237253904342651e-02
-2.439838275313377380e-02
-2.439803816378116608e-02
-2.439572848379611969e-02
-2.440135739743709564e-02
-2.439906261861324310e-02
-2.439768984913825989e-02
-2.439662441611289978e-02
-2.440067939460277557e-02
-2.439364418387413025e-02
-2.439905144274234772e-02
-2.439830638468265533e-02
-2.440265007317066193e-02
-2.439855225384235382e-02
-2.440045028924942017e-02
-2.440149895846843719e-02
-2.439949288964271545e-02
-2.440232969820499420e-02
-2.439726702868938446e-02
-2.439865842461585999e-02
-2.440058812499046326e-02
-2.439705096185207367e-02
-2.440409734845161438e-02
-2.440062537789344788e-02
-2.439936622977256775e-02
-2.440176159143447876e-02
-2.439464814960956573e-02
-2.439725585281848907e-02
-2.440278604626655579e-02
-2.440140396356582642e-02
-2.440219745039939880e-02
-2.439727820456027985e-02
-2.440094575285911560e-02
-2.439645864069461823e-02
-2.439768426120281219e-02
-2.440087683498859406e-02
-2.439905516803264618e-02
-2.439792267978191376e-02
-2.439780347049236298e-02
-2.439570799469947815e-02
-2.440096810460090637e-02
-2.439701370894908905e-02
-2.439553104341030121e-02
-2.439550869166851044e-02
-2.439639903604984283e-02
-2.439607493579387665e-02
-2.439985051751136780e-02
-2.439380995929241180e-02
-2.439999021589756012e-02
-2.439602650701999664e-02
-2.439997158944606781e-02
-2.439679577946662903e-02
-2.439967729151248932e-02
-2.439739555120468140e-02
-2.440079301595687866e-02
-2.439679577946662903e-02
-2.440054528415203094e-02
-2.440473996102809906e-02
-2.440075390040874481e-02
-2.440374903380870819e-02
-2.440189570188522339e-02
-2.439749613404273987e-02
-2.440005168318748474e-02
-2.440150454640388489e-02
-2.439825795590877533e-02
-2.440239302814006805e-02
-2.440138906240463257e-02
-2.440244145691394806e-02
-2.440464869141578674e-02
-2.439851686358451843e-02
-2.440275996923446655e-02
-2.440009824931621552e-02
-2.439967170357704163e-02
-2.440544590353965759e-02
-2.440333925187587738e-02
-2.440491132438182831e-02
-2.440301142632961273e-02
-2.440532296895980835e-02
-2.440203540027141571e-02
-2.440307103097438812e-02
-2.439986728131771088e-02
-2.440605871379375458e-02
-2.440294250845909119e-02
-2.440319024026393890e-02
-2.440249733626842499e-02
-2.440179325640201569e-02
-2.440419048070907593e-02
-2.440386265516281128e-02
-2.440061792731285095e-02
-2.440040558576583862e-02
-2.440257743000984192e-02
-2.440253831446170807e-02
-2.440324053168296814e-02
-2.440234646201133728e-02
-2.440147660672664642e-02
-2.439961209893226624e-02
-2.440567128360271454e-02
-2.440691739320755005e-02
-2.440446056425571442e-02
-2.440403960645198822e-02
-2.440351992845535278e-02
-2.440093271434307098e-02
-2.440175972878932953e-02
-2.440336905419826508e-02
-2.440495043992996216e-02
-2.440467290580272675e-02
-2.439896389842033386e-02
-2.440254762768745422e-02
-2.440469898283481598e-02
-2.440250851213932037e-02
-2.440079301595687866e-02
-2.440425381064414978e-02
-2.440382353961467743e-02
-2.440117113292217255e-02
-2.440314367413520813e-02
-2.440571412444114685e-02
-2.440329082310199738e-02
-2.440414018929004669e-02
-2.440396882593631744e-02
-2.440203540027141571e-02
-2.439995296299457550e-02
-2.440810017287731171e-02
-2.440402098000049591e-02
-2.440165914595127106e-02
-2.440266124904155731e-02
-2.440275624394416809e-02
-2.440276369452476501e-02
-2.440712042152881622e-02
-2.440467290580272675e-02
-2.440417371690273285e-02
-2.440520003437995911e-02
-2.440181560814380646e-02
-2.440617233514785767e-02
-2.440555579960346222e-02
-2.440289594233036041e-02
-2.440799027681350708e-02
-2.440500631928443909e-02
-2.440355159342288971e-02
-2.440210431814193726e-02
-2.440533600747585297e-02
-2.440411970019340515e-02
-2.440257929265499115e-02
-2.440794929862022400e-02
-2.440739050507545471e-02
-2.440770529210567474e-02
-2.440402284264564514e-02
-2.440668828785419464e-02
-2.440476976335048676e-02
-2.440456859767436981e-02
-2.440385892987251282e-02
-2.439952641725540161e-02
-2.440468408167362213e-02
-2.440395578742027283e-02
-2.440359815955162048e-02
-2.440896444022655487e-02
-2.440361492335796356e-02
-2.440689876675605774e-02
-2.440591901540756226e-02
-2.440282329916954041e-02
-2.440522052347660065e-02
-2.440341562032699585e-02
-2.440155297517776489e-02
-2.440140582621097565e-02
-2.440657094120979309e-02
-2.440331317484378815e-02
-2.440265566110610962e-02
-2.440501935780048370e-02
-2.440283261239528656e-02
-2.440359070897102356e-02
-2.440352551639080048e-02
-2.440539188683032990e-02
-2.440333925187587738e-02
-2.440391294658184052e-02
-2.440376952290534973e-02
-2.440170198678970337e-02
-2.440367452800273895e-02
-2.440295927226543427e-02
-2.440159395337104797e-02
-2.440599910914897919e-02
-2.440501190721988678e-02
-2.440376207232475281e-02
-2.440411224961280823e-02
-2.440471388399600983e-02
-2.440083213150501251e-02
-2.440690807998180389e-02
-2.439994923770427704e-02
-2.440445311367511749e-02
-2.439867332577705383e-02
-2.440356463193893433e-02
-2.440594881772994995e-02
-2.440869435667991638e-02
-2.440444193780422211e-02
-2.440579421818256378e-02
-2.440282888710498810e-02
-2.440686896443367004e-02
-2.440678514540195465e-02
-2.440282888710498810e-02
-2.440633252263069153e-02
-2.440430968999862671e-02
-2.440404146909713745e-02
-2.440546825528144836e-02
-2.441041916608810425e-02
-2.440303191542625427e-02
-2.440477721393108368e-02
-2.440353669226169586e-02
-2.440253831446170807e-02
-2.440725639462471008e-02
-2.440336532890796661e-02
-2.440430037677288055e-02
-2.440402470529079437e-02
-2.440872043371200562e-02
-2.440578863024711609e-02
-2.440513484179973602e-02
-2.440619841217994690e-02
-2.440255135297775269e-02
-2.440194226801395416e-02
-2.440508827567100525e-02
-2.440751157701015472e-02
-2.440317906439304352e-02
-2.440231293439865112e-02
-2.440686710178852081e-02
-2.440748922526836395e-02
-2.440911717712879181e-02
-2.440709434449672699e-02
-2.440268732607364655e-02
-2.440277859568595886e-02
-2.440569736063480377e-02
-2.440510503947734833e-02
-2.440278045833110809e-02
-2.440373413264751434e-02
-2.440550550818443298e-02
-2.440436556935310364e-02
-2.440184541046619415e-02
-2.440235950052738190e-02
-2.440213970839977264e-02
-2.440044097602367401e-02
-2.440612949430942535e-02
-2.440663799643516541e-02
-2.440471388399600983e-02
-2.440686896443367004e-02
-2.440549060702323914e-02
-2.440598048269748688e-02
-2.440079674124717712e-02
-2.440276928246021271e-02
-2.440637536346912384e-02
-2.440643869340419769e-02
-2.440310083329677582e-02
-2.440442703664302826e-02
-2.440203912556171417e-02
-2.440321631729602814e-02
-2.440312132239341736e-02
-2.440795861184597015e-02
-2.440418861806392670e-02
-2.440467663109302521e-02
-2.440357580780982971e-02
-2.440127544105052948e-02
-2.440514788031578064e-02
-2.440196834504604340e-02
-2.439876459538936615e-02
-2.440417557954788208e-02
-2.440327964723110199e-02
-2.440251037478446960e-02
-2.440301515161991119e-02
-2.440499514341354370e-02
-2.440326288342475891e-02
-2.440867945551872253e-02
-2.440636046230792999e-02
-2.440568991005420685e-02
-2.440745756030082703e-02
-2.440378628671169281e-02
-2.440614439547061920e-02
-2.440552972257137299e-02
-2.440544590353965759e-02
-2.440404705703258514e-02
-2.440375275909900665e-02
-2.440489456057548523e-02
-2.440716698765754700e-02
-2.440421655774116516e-02
-2.440736256539821625e-02
-2.440517395734786987e-02
-2.440652810037136078e-02
-2.440776303410530090e-02
-2.440370060503482819e-02
-2.440823055803775787e-02
-2.440937235951423645e-02
-2.440556697547435760e-02
-2.440508082509040833e-02
