-4.591542368234913241e-02
-4.592326624827314241e-02
-4.594752230817290839e-02
-4.591750942989052120e-02
-4.591483386999901939e-02
-4.592377204552982456e-02
-4.592931215199039935e-02
-4.593129401474559115e-02
-4.591885412352022383e-02
-4.591523397706697568e-02
-4.591505143658466265e-02
-4.591918017361257959e-02
-4.589632489975390556e-02
-4.592033713964224079e-02
-4.592811074862384463e-02
-4.593052454841983073e-02
-4.592051481922675843e-02
-4.591564403490268342e-02
-4.593471324964160107e-02
-4.592616970409864330e-02
-4.594444189848458093e-02
-4.591770375364935541e-02
-4.589757726418509931e-02
-4.591851441389481481e-02
-4.594191125836744050e-02
-4.593553550885355607e-02
-4.593867455035340053e-02
-4.592179442515492011e-02
-4.595109608150737407e-02
-4.592957285867960149e-02
-4.593441874703881045e-02
-4.590798771278015861e-02
-4.591893142548911927e-02
-4.593059790868729564e-02
-4.592307981436053593e-02
-4.592383978204122447e-02
-4.592776898247013379e-02
-4.593741839821875034e-02
-4.593986598800087889e-02
-4.592378454673411853e-02
-4.592970553859070104e-02
-4.593100234478104948e-02
-4.593168803796266603e-02
-4.591935534227861021e-02
-4.592582872140143352e-02
-4.591597638121967806e-02
-4.595076109757630090e-02
-4.594074734916369501e-02
-4.593460675859813158e-02
-4.593150704787406224e-02
-4.593075674753643867e-02
-4.592873827567970496e-02
-4.594911835910314019e-02
-4.593514282338072297e-02
-4.593372021229967517e-02
-4.591736385951304678e-02
-4.592757005349907412e-02
-4.589148585097702765e-02
-4.593575000005899189e-02
-4.595151370555645293e-02
-4.591602866578219783e-02
-4.592179111113074003e-02
-4.593566913313075484e-02
-4.592835577089852961e-02
-4.592975499158773872e-02
-4.592471843236996948e-02
-4.590487201917207993e-02
-4.593353312509300401e-02
-4.594448129755130533e-02
-4.592838913476057078e-02
-4.591080858992141467e-02
-4.594581440700917785e-02
-4.592972733178090489e-02
-4.592642877189920952e-02
-4.591863580356995295e-02
-4.593233086544441096e-02
-4.594497181996926027e-02
-4.592610841034562574e-02
-4.592193876188339213e-02
-4.592028982318322600e-02
-4.592676676793738116e-02
-4.594392785246711325e-02
-4.592009081457477937e-02
-4.592780524777505952e-02
-4.592920491520503801e-02
-4.592719570365277199e-02
-4.592207329917996628e-02
-4.592830769778653843e-02
-4.592093129559203513e-02
-4.593663347828464555e-02
-4.591089095960786820e-02
-4.592193780327100822e-02
-4.591928590476116595e-02
-4.592709531123327638e-02
-4.593095454143644035e-02
-4.593823201353453706e-02
-4.594591323294536928e-02
-4.590237486358523383e-02
-4.591963392079499023e-02
-4.594192482445576958e-02
-4.593805690101606526e-02
-4.591357110943627279e-02
-4.593116435996729557e-02
-4.593328838890087251e-02
-4.593612989406570257e-02
-4.592962355830756266e-02
-4.593339886997256649e-02
-4.592407501908456202e-02
-4.592850985357026239e-02
-4.592539031055014459e-02
-4.593936160652795780e-02
-4.592084139847914942e-02
-4.592439327659030013e-02
-4.591829867497132511e-02
-4.593218406108296598e-02
-4.590233939148253423e-02
-4.591214587626426397e-02
-4.593885817857038673e-02
-4.593365099902637499e-02
-4.591460613610106462e-02
-4.591526945119780295e-02
-4.593027470624915648e-02
-4.591958796583472252e-02
-4.591649875445465850e-02
-4.593778075300226915e-02
-4.591941818469971043e-02
-4.592310306963078015e-02
-4.591912772103571433e-02
-4.592831570053924894e-02
-4.593488845453809477e-02
-4.590971125630348426e-02
-4.592303517568308013e-02
-4.591660072236875695e-02
-4.590906512435936199e-02
-4.591594954730943839e-02
-4.591749754587638732e-02
-4.592057867830828116e-02
-4.590944757962359818e-02
-4.592260839252652188e-02
-4.593015996040474003e-02
-4.594633563214193389e-02
-4.590922218076642219e-02
-4.593978385494613959e-02
-4.591921109634359427e-02
-4.592589479246585865e-02
-4.591706356034917780e-02
-4.593328270471371683e-02
-4.592519653386976930e-02
-4.594265770653264275e-02
-4.592873408495742188e-02
-4.592161246055866813e-02
-4.591347070311060236e-02
-4.592380651508287670e-02
-4.592013169785722632e-02
-4.593421455494477862e-02
-4.591808074097401132e-02
-4.592515917211231063e-02
-4.590183013532860706e-02
-4.593506522034405959e-02
-4.591770653845656663e-02
-4.592003352562264162e-02
-4.593016902823400527e-02
-4.593263476128769257e-02
-4.591806154055472905e-02
-4.591962486635071949e-02
-4.593877094040612480e-02
-4.591147056834852386e-02
-4.593130852798755354e-02
-4.591616790382622992e-02
-4.593002077428761515e-02
-4.594315989490915103e-02
-4.594403408539672606e-02
-4.592646243934618566e-02
-4.591488457865968570e-02
-4.590136194087977850e-02
-4.593252797475434746e-02
-4.592647907751949005e-02
-4.593651647566907720e-02
-4.593812166657853385e-02
-4.591247308974748947e-02
-4.592828537320631926e-02
-4.591624378573588849e-02
-4.592748364345252549e-02
-4.593502224743023499e-02
-4.593242705578443746e-02
-4.591842664380777622e-02
-4.593469445680643803e-02
-4.592914838068717920e-02
-4.592824099461868814e-02
-4.591604769745184778e-02
-4.592772509585685281e-02
-4.591887494733928182e-02
-4.592535262481004660e-02
-4.592345964803195429e-02
-4.592557798655979434e-02
-4.594187143609967938e-02
-4.591689897747338461e-02
-4.590786473166921094e-02
-4.591346373394574604e-02
-4.591282332237069108e-02
-4.593326109638037197e-02
-4.592141261114785628e-02
-4.592826004046329097e-02
-4.594723738072255953e-02
-4.591983883429249375e-02
-4.590959326695463749e-02
-4.591613229144376335e-02
-4.591864748942704744e-02
-4.592077750213104798e-02
-4.592001696763111512e-02
-4.592910247482556024e-02
-4.595096000652005436e-02
-4.593090906600587331e-02
-4.593356257005109383e-02
-4.593170413586550316e-02
-4.594402533795345633e-02
-4.592602210678009556e-02
-4.590926383298699065e-02
-4.590321740400554046e-02
-4.592406737254447341e-02
-4.592052849649638085e-02
-4.593916378022621511e-02
-4.592880021185104938e-02
-4.592977529368648393e-02
-4.591547738944391777e-02
-4.591574071441199140e-02
-4.591619833955572216e-02
-4.593338738919717362e-02
-4.592452283958393250e-02
-4.593143678660966539e-02
-4.594647598087060053e-02
-4.590409305246555272e-02
-4.593210902556669334e-02
-4.593660688408433140e-02
-4.592131642720035517e-02
-4.591786823172161469e-02
-4.594687064430715007e-02
-4.591651061872838169e-02
-4.592180466789776844e-02
-4.592760297583200341e-02
-4.593535471324493302e-02
-4.594193761210767918e-02
-4.593592917139235204e-02
-4.589895855322342205e-02
-4.593479729209280771e-02
-4.593300576228338122e-02
-4.593992415524351947e-02
-4.590457955998002854e-02
-4.591623787353982244e-02
-4.592394741985724588e-02
-4.592768725550851888e-02
-4.591768134066948753e-02
-4.593408067405101158e-02
-4.590911413022196602e-02
-4.590512967123731164e-02
-4.592355141586214329e-02
-4.588475511031892690e-02
-4.590689342857828120e-02
-4.592728077461738501e-02
-4.589678811717674140e-02
-4.592353118182224136e-02
-4.592191079149847421e-02
-4.593205886234980745e-02
-4.592657635965297774e-02
-4.592901468738987136e-02
-4.593131761513139649e-02
-4.592450228731034118e-02
-4.592220544587782144e-02
-4.591541493352695874e-02
-4.592081017453670394e-02
-4.592744228640930487e-02
-4.591302510205862164e-02
-4.593291437220189261e-02
-4.590636869092621503e-02
-4.592222602371291013e-02
-4.592865779650778801e-02
-4.592756367903816361e-02
-4.591136073740965245e-02
-4.592512683851738414e-02
-4.593607609356618882e-02
-4.593391871294472129e-02
-4.591870814977305065e-02
-4.590317553510515902e-02
-4.591534615608732633e-02
-4.592410065431752619e-02
-4.591681651383282270e-02
-4.592687799439624380e-02
-4.594887848339038877e-02
-4.593592455042093403e-02
-4.594044563563319528e-02
-4.592429872542740793e-02
-4.591136280206177533e-02
-4.591519678258416948e-02
-4.593952326337041175e-02
-4.592657962402032362e-02
-4.594522465996111332e-02
-4.589784397654311093e-02
-4.590763907866013405e-02
-4.591442997071602805e-02
-4.592946950042326587e-02
-4.592846591611147306e-02
-4.592232585077905826e-02
-4.591768372432424028e-02
-4.594074923947225747e-02
-4.594996368784039914e-02
-4.593556233482957302e-02
-4.594714301879911089e-02
-4.592190787618521952e-02
-4.592181373338748845e-02
-4.593224757901365196e-02
-4.592743073788038005e-02
-4.591792996814577504e-02
-4.591212711201560909e-02
-4.592077631788461789e-02
-4.590520196938969316e-02
-4.592192334846129098e-02
-4.590973296747635074e-02
-4.592799827904962134e-02
-4.592736933777952224e-02
-4.592803109110886461e-02
-4.592013416361197253e-02
-4.594483324642387873e-02
-4.593964245048539480e-02
-4.590695449234486608e-02
-4.593865211177829144e-02
-4.592289302461903533e-02
-4.592248038724152520e-02
-4.592783181403329446e-02
-4.593705438296558086e-02
-4.591537176550899296e-02
-4.591986594872613653e-02
-4.594682765367839872e-02
-4.594060379347592732e-02
-4.592349467437884664e-02
-4.591656906340255834e-02
-4.592224243097434849e-02
-4.592607488606786220e-02
-4.592255127464178049e-02
-4.590904388943847086e-02
-4.593955384154169846e-02
-4.592478710604135789e-02
-4.592790393590662212e-02
-4.593517067520459796e-02
-4.592509871436761815e-02
-4.593166471839556925e-02
-4.593203995320806893e-02
-4.590877476221624093e-02
-4.590978575248953059e-02
-4.591678972112563789e-02
-4.592035307087346391e-02
-4.592356622756642304e-02
-4.591449623030312288e-02
-4.593594561585058467e-02
-4.591143752642711656e-02
-4.593324591055840400e-02
-4.590555305452248547e-02
-4.593052960831790765e-02
-4.588090874141455972e-02
-4.593412284894620584e-02
-4.593172523599416135e-02
-4.592525460918427116e-02
-4.591684160468723075e-02
-4.593877536598355710e-02
-4.592617069527545753e-02
-4.590671002746605361e-02
-4.591074002481179001e-02
-4.592022709909359540e-02
-4.590507858897196342e-02
-4.590145323760425750e-02
-4.594912581539959545e-02
-4.590134486437437433e-02
-4.592307457957040678e-02
-4.594689042717391841e-02
-4.590021297863283722e-02
-4.591374552423631988e-02
-4.593997119961928249e-02
-4.592241356152183124e-02
-4.590464628894326549e-02
-4.592231853484026599e-02
-4.594096293855076674e-02
-4.592725833278298725e-02
-4.592419299959303591e-02
-4.592795602526639903e-02
-4.592344717740504123e-02
-4.594086127292534155e-02
-4.591531648976689139e-02
-4.591046313697485365e-02
-4.593054604372120292e-02
-4.591695691352432745e-02
-4.593676367676625960e-02
-4.593062742642773505e-02
-4.592964639093314455e-02
-4.590777693718232216e-02
-4.592488323600772693e-02
-4.591957431796125227e-02
-4.593189671596525220e-02
-4.592609504468065512e-02
-4.593156658718885316e-02
-4.593855215450245305e-02
-4.592730622573149013e-02
-4.591602129053294623e-02
-4.592924216490563288e-02
-4.591783439893104557e-02
-4.592883280400798796e-02
-4.593789726705447413e-02
-4.593086807125534160e-02
-4.592513805100378876e-02
-4.593880347250822727e-02
-4.591156360245037676e-02
-4.592525629373426371e-02
-4.592379649545056536e-02
-4.594721226582747925e-02
-4.593477899447563628e-02
-4.592846285598702755e-02
-4.591495671994724054e-02
-4.592223273915458509e-02
-4.591890579046742360e-02
-4.592670610148615745e-02
-4.591540513370347826e-02
-4.590695280705071879e-02
-4.592002775724306207e-02
-4.592162028137041635e-02
-4.594168563470601985e-02
-4.591964858730378241e-02
-4.592676598076891187e-02
-4.592893441339986060e-02
-4.593609413449132456e-02
-4.590683496940500125e-02
-4.590799759813320863e-02
-4.591246328865150605e-02
-4.592808697584710442e-02
-4.594897517364215228e-02
-4.593669859731799171e-02
-4.592575369222103715e-02
-4.592271720667574081e-02
-4.591929865231325625e-02
-4.592944385132791130e-02
-4.593105587109248822e-02
-4.592913382483129053e-02
-4.592277811678807664e-02
-4.590951284633922741e-02
-4.590299137851309302e-02
-4.592388684377474856e-02
-4.594582530205028326e-02
-4.593217146880975571e-02
-4.593673598099737992e-02
-4.592888142863118389e-02
-4.591823761439904616e-02
-4.592175371208857132e-02
-4.592292598320587421e-02
-4.591639814388426277e-02
-4.592214521165328273e-02
-4.590930328008304556e-02
-4.593635066914092402e-02
-4.592406776197856255e-02
-4.593942723447957260e-02
-4.593687475744873128e-02
-4.591286064367039454e-02
-4.593727188362591030e-02
-4.593604989867760419e-02
-4.593795448564508277e-02
-4.592781399583756308e-02
-4.591542495446821609e-02
-4.593245081622510106e-02
-4.593154266961196885e-02
-4.595031246135004854e-02
-4.591173704800263072e-02
-4.594540637469437389e-02
-4.593854025731516216e-02
-4.591579788061261880e-02
-4.591860415886152985e-02
-4.593922700126183700e-02
-4.591748871914260594e-02
-4.592751763802439824e-02
-4.591679173667919528e-02
-4.593252356493388727e-02
-4.592503880980818715e-02
-4.592939971623707235e-02
-4.592428577664225270e-02
-4.593714474181761348e-02
-4.591520489918431841e-02
-4.592459382392918149e-02
-4.592583448757605463e-02
-4.594054589196031740e-02
-4.592065052457600799e-02
-4.591736526560014769e-02
-4.593209515494247469e-02
-4.592191314776804950e-02
-4.593111978030544468e-02
-4.587800169016366392e-02
-4.591840154176044658e-02
-4.591683881809170698e-02
-4.593579201827385078e-02
-4.591573089957671355e-02
-4.592091610052097261e-02
-4.594012527022689474e-02
-4.593488302691571545e-02
-4.592925707444212718e-02
-4.594836780437842189e-02
-4.593309672650579267e-02
-4.592912236068572712e-02
-4.593947729590393964e-02
-4.594249375078951481e-02
-4.593041208175669549e-02
-4.592535533442362178e-02
-4.594357816967976904e-02
-4.593329648017073497e-02
-4.593612981568873793e-02
-4.593498799841882335e-02
-4.591271743431538793e-02
-4.591774859673704301e-02
-4.592050093207126343e-02
-4.591130485618234724e-02
-4.591735580217064933e-02
-4.593827870786153927e-02
-4.592988178711743252e-02
-4.591705968323343823e-02
-4.592925017886184680e-02
-4.593274473394809432e-02
-4.591149136824680677e-02
-4.590130198472756190e-02
-4.593453667126000395e-02
-4.592987405411885771e-02
-4.592910095991469682e-02
-4.592747493243026086e-02
-4.594038723969895432e-02
-4.592558493369355149e-02
-4.592953946629672879e-02
-4.591814760973661480e-02
-4.590759975034678503e-02
-4.593832201920807629e-02
-4.590531207023761107e-02
-4.591267138329477998e-02
-4.593444556935844664e-02
-4.592316897055402636e-02
-4.594027450377668326e-02
-4.593417091777587252e-02
-4.589932363296471418e-02
-4.592684031201980238e-02
-4.594008630738338067e-02
-4.591773768911511233e-02
-4.591262090843496041e-02
-4.593790101856879554e-02
-4.591914731103559355e-02
-4.591773175220993652e-02
-4.590034813806347785e-02
-4.593119582434530834e-02
-4.593154473224126538e-02
-4.590599094521970874e-02
-4.593065511066087014e-02
-4.591056269395910050e-02
-4.592705283451802012e-02
-4.590981223123177107e-02
-4.591243409855493007e-02
-4.592830951611232698e-02
-4.594367086117182725e-02
-4.591537914800547515e-02
-4.593399756961647623e-02
-4.591381743600964072e-02
-4.593298308169718042e-02
-4.591382564616729167e-02
-4.591443386174728220e-02
-4.591343378561425770e-02
-4.591405271603953009e-02
-4.593399938622644979e-02
-4.591718553221508375e-02
-4.592253505598366259e-02
-4.590039055323485995e-02
-4.593452037293466184e-02
-4.593064800754563526e-02
-4.592229861928863455e-02
-4.592107149094974000e-02
-4.592908962833097686e-02
-4.590318696731728043e-02
-4.592367707461791210e-02
-4.590712800541608962e-02
-4.592549206906108156e-02
-4.589870527565385883e-02
-4.591233277398465429e-02
-4.593024545905095152e-02
-4.591933046283042802e-02
-4.592618860255127944e-02
-4.593289899960262268e-02
-4.593802299816180518e-02
-4.592541989518409556e-02
-4.592221584052361832e-02
-4.591000349621411625e-02
-4.590726246833733148e-02
-4.592203903724707131e-02
-4.593349766042985338e-02
-4.592574668832243717e-02
-4.593524466695121655e-02
-4.592994897842191809e-02
-4.592309049096715556e-02
-4.594032681775915561e-02
-4.593278332589762619e-02
-4.592715157308678575e-02
-4.592765021456147317e-02
-4.593154237569542497e-02
-4.592740231949472840e-02
-4.594081455551941168e-02
-4.592960913891432073e-02
-4.592260279992242678e-02
-4.590405803522822764e-02
-4.592763144905660094e-02
-4.591737448894983586e-02
-4.592209713649299252e-02
-4.593001715756482584e-02
-4.593078721055925823e-02
-4.592170200212792458e-02
-4.592736316135086205e-02
-4.591654541142960871e-02
-4.590967897262881320e-02
-4.592713661004867165e-02
-4.592614283671062753e-02
-4.593736733277514056e-02
-4.591022495460702485e-02
-4.592400878830327215e-02
-4.594181488174366168e-02
-4.591347253807643441e-02
-4.593532491696135367e-02
-4.593621925345037910e-02
-4.593088397686719004e-02
-4.593984777982491191e-02
-4.592314563227587604e-02
-4.591903650736165604e-02
-4.591023098761033705e-02
-4.590396525776851977e-02
-4.590495206853787563e-02
-4.593372770009861161e-02
-4.592752643070122792e-02
-4.592848533344220247e-02
-4.592537583104182308e-02
-4.591451071901083564e-02
-4.590878894702624807e-02
-4.595299991192362127e-02
-4.592789544463239670e-02
-4.591681900361967161e-02
-4.589882365078179483e-02
-4.593248804570298355e-02
-4.593590414232236879e-02
-4.590555448516026038e-02
-4.592593529823369575e-02
-4.594540198909979889e-02
-4.590691276139425431e-02
-4.592778579493316665e-02
-4.589888393843048059e-02
-4.592159399141960280e-02
-4.590101236759764475e-02
-4.592038974555027325e-02
-4.591545183535000046e-02
-4.595772894878559500e-02
-4.591539636223050669e-02
-4.592194519275998726e-02
-4.592004919675174435e-02
-4.593214744709157860e-02
-4.592759358760811067e-02
-4.592963917474728736e-02
-4.591580126534685474e-02
-4.592636214284192414e-02
-4.593884458629536593e-02
-4.591899808730978000e-02
-4.593049253351173117e-02
-4.591308483025809822e-02
-4.594468403975342924e-02
-4.592450661367813297e-02
-4.592207933089497568e-02
-4.594081762482837145e-02
-4.590994342937910339e-02
-4.591888972848595651e-02
-4.591522879107558935e-02
-4.592799123900194458e-02
-4.591172374698994363e-02
-4.591875362395204940e-02
-4.591845195979511046e-02
-4.592042149175838001e-02
-4.592095328981353475e-02
-4.590919196761248516e-02
-4.589885345007770068e-02
-4.592101012552697592e-02
-4.590433138471916585e-02
-4.591811877669311343e-02
-4.590975427258923991e-02
-4.590710036463986621e-02
-4.593278281717703970e-02
-4.592788468954176612e-02
-4.593744034761044343e-02
-4.591909466739196866e-02
-4.593623604265065913e-02
-4.594203872052769061e-02
-4.592747503667458930e-02
-4.592128373254167339e-02
-4.591604330363086017e-02
-4.591295616675651614e-02
-4.592180398045059980e-02
-4.591750746624149310e-02
-4.592119716106348587e-02
-4.592598643730449320e-02
-4.591949700507823307e-02
-4.590894188986600205e-02
-4.595375820178031895e-02
-4.594384158958509518e-02
-4.592041222226112690e-02
-4.592544091210532670e-02
-4.591209386089808303e-02
-4.591258882399666674e-02
-4.592700068910302719e-02
-4.592291624636986314e-02
-4.592728393432499862e-02
-4.592170458621971235e-02
-4.590094249043130681e-02
-4.593002982578055921e-02
-4.590841790883797707e-02
-4.591315958586884849e-02
-4.591983655039710149e-02
-4.591688269304170650e-02
-4.590006256376392285e-02
-4.590031196146677345e-02
-4.591557916954512597e-02
-4.592783274085010525e-02
-4.593572922750784743e-02
-4.594920113198434214e-02
-4.590758006697515797e-02
-4.592544273115157366e-02
-4.592187243394024732e-02
-4.592958203733386868e-02
-4.592280713185355884e-02
-4.593688462378495846e-02
-4.592955879802619601e-02
-4.594341873040641566e-02
-4.592689586779861999e-02
-4.592863690760969758e-02
-4.590893204748134476e-02
-4.590513844359894041e-02
-4.590113779025839502e-02
-4.590456693904676477e-02
-4.593443581483457050e-02
-4.591360998348408690e-02
-4.590515210199538204e-02
-4.592819383200556771e-02
-4.594154734134323764e-02
-4.592101298285622413e-02
-4.592721217677415285e-02
-4.591058074423587376e-02
-4.591376959872058017e-02
-4.592043144417234934e-02
-4.591682328099339072e-02
-4.592692804171240317e-02
-4.592339972573509371e-02
-4.591537182427826019e-02
-4.591024673593504385e-02
-4.592279758721183602e-02
-4.592895712397536412e-02
-4.591509111282195826e-02
-4.593383743977681039e-02
-4.594302240200257709e-02
-4.592219057316892367e-02
-4.593606481775658334e-02
-4.592375837213763523e-02
-4.591910520327170675e-02
-4.593145810160564196e-02
-4.593166555828853692e-02
-4.593153529714900929e-02
-4.594144317049640713e-02
-4.593182981514255803e-02
-4.591906195663604529e-02
-4.593093692776611947e-02
-4.593506128528380972e-02
-4.591481167356819409e-02
-4.591322663393636316e-02
-4.591481031331642176e-02
-4.594074034854871147e-02
-4.593019242215982956e-02
-4.594099182648893331e-02
-4.593125869652723431e-02
-4.590093194736281218e-02
-4.592301323236933769e-02
-4.591870764529380755e-02
-4.590543284061269352e-02
-4.593059936770566010e-02
-4.592947750196022666e-02
-4.593048969447356689e-02
-4.590520843582412969e-02
-4.590394021606551689e-02
-4.593149160916615986e-02
-4.593641648032039532e-02
-4.591250815400643032e-02
-4.590348098220044942e-02
-4.593384841787412354e-02
-4.592933471958171587e-02
-4.591859618372383378e-02
-4.591460292834613488e-02
-4.591738154511417619e-02
-4.592560796172191762e-02
-4.591370503958750598e-02
-4.589965899685440748e-02
-4.592573823649074433e-02
-4.594399107495657913e-02
-4.593123734563399341e-02
-4.593079442126383333e-02
-4.593078373844504403e-02
-4.592845012076631622e-02
-4.591978386321906441e-02
-4.592876462889485673e-02
-4.594688235359152551e-02
-4.591127840920843084e-02
-4.592395937756468122e-02
-4.592889001729516529e-02
-4.593710724433902604e-02
-4.592614714021884398e-02
-4.592553484802062991e-02
-4.593701500728441384e-02
-4.593975965786015886e-02
-4.591635368615024776e-02
-4.592743152524141753e-02
-4.591033756475541155e-02
-4.589898831671860441e-02
-4.591136003461045167e-02
-4.589753346243457405e-02
-4.592832941479477876e-02
-4.591869205232083223e-02
-4.591369081812789882e-02
-4.593788786839851646e-02
-4.592103692070947929e-02
-4.590599137219729398e-02
-4.590756798708590242e-02
-4.590793981982675687e-02
-4.590543539624918762e-02
-4.592515836764484577e-02
-4.592094309574901168e-02
-4.590822383529913342e-02
-4.592037782829724163e-02
-4.591146390076832756e-02
-4.591967941588205593e-02
-4.592026678074440788e-02
-4.592277242054289277e-02
-4.593348107038756206e-02
-4.593751850914362667e-02
-4.592670165276952626e-02
-4.593658418350886341e-02
-4.590684017130665373e-02
-4.592498285020068377e-02
-4.593031825531782714e-02
-4.591725240726272916e-02
-4.593119687526520806e-02
-4.592227391209147136e-02
-4.590756090033597248e-02
-4.592891617584070330e-02
-4.591578453904619078e-02
-4.591955584569930998e-02
-4.593392856218988379e-02
-4.592088324352382872e-02
-4.592333064277086263e-02
-4.592423458291444022e-02
-4.592115221857800272e-02
-4.592263927227079046e-02
-4.590657794835202588e-02
-4.593541739639454141e-02
-4.592180286621816432e-02
-4.592292684825348414e-02
-4.590137956070857589e-02
-4.592201686114771864e-02
-4.591715914633535262e-02
-4.591458950036223646e-02
-4.590407783057556118e-02
-4.592000026855157929e-02
-4.591480904455989831e-02
-4.592211081248934873e-02
-4.591168542098016808e-02
-4.591539600752904404e-02
-4.592270529938581591e-02
-4.593904735225472213e-02
-4.590720580259589900e-02
-4.593648881624328578e-02
-4.593793349734826698e-02
-4.592801333759290172e-02
-4.591797381258547889e-02
-4.593741825058848816e-02
-4.592631473705192230e-02
-4.591840442115261572e-02
-4.591236283087866965e-02
-4.592878574278137088e-02
-4.592967822671330247e-02
-4.592966360291329819e-02
-4.593682702209270913e-02
-4.592191876375971427e-02
-4.590770905133646773e-02
-4.594596291775143032e-02
-4.592348911041517490e-02
-4.592174486983622433e-02
-4.594954834920009917e-02
-4.592876471372775438e-02
-4.590728067410906194e-02
-4.591061991379311730e-02
-4.591509022413125390e-02
-4.593045966139651382e-02
-4.590680398199807610e-02
-4.592973401488130436e-02
-4.594327059571011451e-02
-4.593951305846937644e-02
-4.591833373013844144e-02
-4.591535886511920184e-02
-4.592159526536988834e-02
-4.593240134208258912e-02
-4.592823230205612256e-02
-4.589489363075657108e-02
-4.592676826387270123e-02
-4.593965475050380137e-02
-4.593649039609394580e-02
-4.594785970522333868e-02
-4.593285274572050936e-02
-4.593719417848959180e-02
-4.591979040158421232e-02
-4.589477417421399669e-02
-4.591757820904172893e-02
-4.592982142000667789e-02
-4.590394704538712511e-02
-4.592126685865930563e-02
-4.590990122006244345e-02
-4.591151538727940989e-02
-4.592717286998632825e-02
-4.594957172745543078e-02
-4.594903405045226014e-02
-4.590297385634879018e-02
-4.590838237488271967e-02
-4.592515973887968672e-02
-4.590051511610477447e-02
-4.592475062375310502e-02
-4.591140044673671511e-02
-4.591561361555075715e-02
-4.591371078522293175e-02
-4.592887318426743665e-02
-4.593422186771816546e-02
-4.593937257325626106e-02
-4.591568164053193984e-02
-4.591264697850529902e-02
-4.593141981309295518e-02
-4.594170341420052844e-02
-4.592000542815895259e-02
-4.593054590217954952e-02
-4.591450543660397648e-02
-4.592005912415055013e-02
-4.590932648932050109e-02
-4.591958839883455296e-02
-4.589966025703377112e-02
-4.591897539303649994e-02
-4.592302838304413576e-02
-4.593408371241093635e-02
-4.591063913258497386e-02
-4.593294567685580337e-02
-4.592185687696352658e-02
-4.591367187642082098e-02
-4.591586684682524844e-02
-4.592302401431735959e-02
-4.591575961264983408e-02
-4.593850460096203514e-02
-4.591775113812094494e-02
-4.590998663531448837e-02
-4.590225289130735187e-02
-4.590189726874046444e-02
-4.593752130580504300e-02
-4.590447847290411720e-02
-4.591520719481474028e-02
-4.592291883199341868e-02
-4.590679234742282150e-02
-4.591944718710248841e-02
-4.590858401595993704e-02
-4.594013606337858657e-02
-4.591249368719384910e-02
-4.589940960080487325e-02
-4.589110780954335639e-02
-4.591854820587297492e-02
-4.594673829476341592e-02
-4.592360305277963517e-02
-4.591229227251192313e-02
-4.594406393372566649e-02
-4.594257245088097241e-02
-4.592970988021438661e-02
-4.593204404767233656e-02
-4.592294075870907710e-02
-4.592925012477189900e-02
-4.591932795546698615e-02
-4.591774150358502588e-02
-4.592255183969411181e-02
-4.593383678928995156e-02
-4.591206828241102544e-02
-4.590916831199439579e-02
-4.591202474167043607e-02
-4.592559958730322439e-02
-4.591292377260280944e-02
-4.592332296516594276e-02
-4.591621008675418614e-02
-4.593181054405259811e-02
-4.593355574180692236e-02
-4.592285751302617458e-02
-4.592465814470417934e-02
-4.591750764314263267e-02
-4.592323317951634010e-02
-4.590909152753806094e-02
-4.591769484836496357e-02
