-4.577099531888961792e-02
-4.536307230591773987e-02
-4.497294127941131592e-02
-4.491288587450981140e-02
-4.502543434500694275e-02
-4.513485357165336609e-02
-4.526074603199958801e-02
-4.534029215574264526e-02
-4.541963711380958557e-02
-4.544706270098686218e-02
-4.551433399319648743e-02
-4.553941637277603149e-02
-4.553123563528060913e-02
-4.554314538836479187e-02
-4.554486647248268127e-02
-4.557058587670326233e-02
-4.559668526053428650e-02
-4.561350867152214050e-02
-4.564232006669044495e-02
-4.562577232718467712e-02
-4.564634338021278381e-02
-4.564087837934494019e-02
-4.563869908452033997e-02
-4.566134884953498840e-02
-4.568075016140937805e-02
-4.568849876523017883e-02
-4.567463323473930359e-02
-4.566331207752227783e-02
-4.566340148448944092e-02
-4.565220326185226440e-02
-4.565557464957237244e-02
-4.568611085414886475e-02
-4.566314443945884705e-02
-4.569331184029579163e-02
-4.567402973771095276e-02
-4.566492140293121338e-02
-4.567506536841392517e-02
-4.568691551685333252e-02
-4.568764194846153259e-02
-4.568301141262054443e-02
-4.570008441805839539e-02
-4.570148512721061707e-02
-4.567525535821914673e-02
-4.569669440388679504e-02
-4.569933563470840454e-02
-4.570697993040084839e-02
-4.571937024593353271e-02
-4.572178795933723450e-02
-4.571050778031349182e-02
-4.572328552603721619e-02
-4.573165997862815857e-02
-4.570769146084785461e-02
-4.573688656091690063e-02
-4.571194201707839966e-02
-4.570176824927330017e-02
-4.569807276129722595e-02
-4.572777077555656433e-02
-4.569596797227859497e-02
-4.569222405552864075e-02
-4.571444913744926453e-02
-4.571058973670005798e-02
-4.572786763310432434e-02
-4.576222598552703857e-02
-4.575341194868087769e-02
-4.573739692568778992e-02
-4.574731364846229553e-02
-4.574855417013168335e-02
-4.575271159410476685e-02
-4.577232152223587036e-02
-4.574529081583023071e-02
-4.573315754532814026e-02
-4.573775827884674072e-02
-4.574455693364143372e-02
-4.574727267026901245e-02
-4.574491083621978760e-02
-4.576062411069869995e-02
-4.576780647039413452e-02
-4.573415592312812805e-02
-4.574789106845855713e-02
-4.575472325086593628e-02
-4.576926305890083313e-02
-4.577036947011947632e-02
-4.576623067259788513e-02
-4.577375948429107666e-02
-4.579596966505050659e-02
-4.576963558793067932e-02
-4.578768461942672729e-02
-4.577136784791946411e-02
-4.576422646641731262e-02
-4.577349498867988586e-02
-4.575743153691291809e-02
-4.578606411814689636e-02
-4.578820988535881042e-02
-4.578814283013343811e-02
-4.580047354102134705e-02
-4.579911381006240845e-02
-4.579330235719680786e-02
-4.579835012555122375e-02
-4.576779901981353760e-02
-4.578254744410514832e-02
-4.582666605710983276e-02
-4.579247906804084778e-02
-4.580520093441009521e-02
-4.580264165997505188e-02
-4.580602794885635376e-02
-4.580608755350112915e-02
-4.581648483872413635e-02
-4.579197242856025696e-02
-4.580510035157203674e-02
-4.580847173929214478e-02
-4.581188410520553589e-02
-4.581890255212783813e-02
-4.582534730434417725e-02
-4.582504928112030029e-02
-4.581424221396446228e-02
-4.581736773252487183e-02
-4.582966491580009460e-02
-4.582686722278594971e-02
-4.584912955760955811e-02
-4.584118351340293884e-02
-4.580996930599212646e-02
-4.580320045351982117e-02
-4.580452665686607361e-02
-4.583043977618217468e-02
-4.580726101994514465e-02
-4.582031443715095520e-02
-4.581408202648162842e-02
-4.583139345049858093e-02
-4.583091661334037781e-02
-4.583963379263877869e-02
-4.583435505628585815e-02
-4.583419486880302429e-02
-4.581312835216522217e-02
-4.583794251084327698e-02
-4.581299051642417908e-02
-4.583641514182090759e-02
-4.583676531910896301e-02
-4.583565890789031982e-02
-4.581867530941963196e-02
-4.584747925400733948e-02
-4.586820304393768311e-02
-4.584886506199836731e-02
-4.583237320184707642e-02
-4.583559185266494751e-02
-4.584611579775810242e-02
-4.584868624806404114e-02
-4.584984481334686279e-02
-4.585867002606391907e-02
-4.586043208837509155e-02
-4.585384204983711243e-02
-4.586681351065635681e-02
-4.583559557795524597e-02
-4.587064310908317566e-02
-4.585248604416847229e-02
-4.583510383963584900e-02
-4.585904255509376526e-02
-4.587569460272789001e-02
-4.585611075162887573e-02
-4.586761444807052612e-02
-4.586407169699668884e-02
-4.586188122630119324e-02
-4.586638882756233215e-02
-4.585766047239303589e-02
-4.587524384260177612e-02
-4.587000980973243713e-02
-4.585973918437957764e-02
-4.584995284676551819e-02
-4.584771767258644104e-02
-4.584996402263641357e-02
-4.586778581142425537e-02
-4.586177319288253784e-02
-4.585978761315345764e-02
-4.587427526712417603e-02
-4.586813226342201233e-02
-4.589583352208137512e-02
-4.590239375829696655e-02
-4.588023200631141663e-02
-4.588362947106361389e-02
-4.587791115045547485e-02
-4.584367573261260986e-02
-4.585964232683181763e-02
-4.588588699698448181e-02
-4.587956145405769348e-02
-4.590176790952682495e-02
-4.588493332266807556e-02
-4.589350894093513489e-02
-4.586013406515121460e-02
-4.588135704398155212e-02
-4.588717967271804810e-02
-4.590063914656639099e-02
-4.587133601307868958e-02
-4.587335512042045593e-02
-4.589072614908218384e-02
-4.588518291711807251e-02
-4.589511826634407043e-02
-4.590494558215141296e-02
-4.589686542749404907e-02
-4.587537422776222229e-02
-4.590005800127983093e-02
-4.589018598198890686e-02
-4.589226096868515015e-02
-4.589325562119483948e-02
-4.589210450649261475e-02
-4.589311406016349792e-02
-4.590056464076042175e-02
-4.590925946831703186e-02
-4.588938131928443909e-02
-4.590342193841934204e-02
-4.588830843567848206e-02
-4.591052979230880737e-02
-4.592641070485115051e-02
-4.589878767728805542e-02
-4.589964449405670166e-02
-4.591283947229385376e-02
-4.592193290591239929e-02
-4.589604213833808899e-02
-4.592924565076828003e-02
-4.590844362974166870e-02
-4.588894173502922058e-02
-4.590262100100517273e-02
-4.590557515621185303e-02
-4.590093344449996948e-02
-4.590914025902748108e-02
-4.591229930520057678e-02
-4.592781141400337219e-02
-4.592188075184822083e-02
-4.591471329331398010e-02
-4.590458795428276062e-02
-4.591854289174079895e-02
-4.592033103108406067e-02
-4.592472687363624573e-02
-4.591422528028488159e-02
-4.592790454626083374e-02
-4.591544345021247864e-02
-4.592747613787651062e-02
-4.592169448733329773e-02
-4.592082649469375610e-02
-4.591592773795127869e-02
-4.591327160596847534e-02
-4.592072218656539917e-02
-4.594044014811515808e-02
-4.591832682490348816e-02
-4.591136798262596130e-02
-4.593115299940109253e-02
-4.591844230890274048e-02
-4.590402543544769287e-02
-4.592302069067955017e-02
-4.592641070485115051e-02
-4.591545090079307556e-02
-4.591485485434532166e-02
-4.592223837971687317e-02
-4.594157636165618896e-02
-4.593975096940994263e-02
-4.592234268784523010e-02
-4.590885341167449951e-02
-4.592372104525566101e-02
-4.591255262494087219e-02
-4.592737182974815369e-02
-4.592832550406455994e-02
-4.589952901005744934e-02
-4.591473564505577087e-02
-4.589679092168807983e-02
-4.591331630945205688e-02
-4.591753706336021423e-02
-4.591451212763786316e-02
-4.592247679829597473e-02
-4.593751579523086548e-02
-4.591704532504081726e-02
-4.592633619904518127e-02
-4.592726379632949829e-02
-4.592560604214668274e-02
-4.592580348253250122e-02
-4.592781513929367065e-02
-4.592586681246757507e-02
-4.592826589941978455e-02
-4.592786729335784912e-02
-4.591947421431541443e-02
-4.594187438488006592e-02
-4.593523219227790833e-02
-4.593582823872566223e-02
-4.592237621545791626e-02
-4.593224823474884033e-02
-4.592243582010269165e-02
-4.593643173575401306e-02
-4.592892155051231384e-02
-4.593031853437423706e-02
-4.592257365584373474e-02
-4.591510072350502014e-02
-4.593948274850845337e-02
-4.591741040349006653e-02
-4.591838270425796509e-02
-4.592896997928619385e-02
-4.594227299094200134e-02
-4.591803997755050659e-02
-4.590662196278572083e-02
-4.590248316526412964e-02
-4.591190069913864136e-02
-4.593024775385856628e-02
-4.592945426702499390e-02
-4.593380913138389587e-02
-4.594166204333305359e-02
-4.592992365360260010e-02
-4.592411220073699951e-02
-4.592764005064964294e-02
-4.595252498984336853e-02
-4.593667015433311462e-02
-4.592126980423927307e-02
-4.594141617417335510e-02
-4.592367261648178101e-02
-4.594442993402481079e-02
-4.593354091048240662e-02
-4.594092071056365967e-02
-4.593313112854957581e-02
-4.592566937208175659e-02
-4.594920575618743896e-02
-4.591488093137741089e-02
-4.594502598047256470e-02
-4.595198854804039001e-02
-4.594854637980461121e-02
-4.593478143215179443e-02
-4.594887793064117432e-02
-4.595126584172248840e-02
-4.593721777200698853e-02
-4.593505337834358215e-02
-4.593633115291595459e-02
-4.593872651457786560e-02
-4.593568667769432068e-02
-4.592792689800262451e-02
-4.594360291957855225e-02
-4.593934118747711182e-02
-4.594447091221809387e-02
-4.594498127698898315e-02
-4.592915996909141541e-02
-4.594352468848228455e-02
-4.593623057007789612e-02
-4.593471065163612366e-02
-4.594871029257774353e-02
-4.595548287034034729e-02
-4.593576118350028992e-02
-4.592828452587127686e-02
-4.592854157090187073e-02
-4.591723158955574036e-02
-4.592777788639068604e-02
-4.593100771307945251e-02
-4.592366144061088562e-02
-4.593179002404212952e-02
-4.593093320727348328e-02
-4.591796547174453735e-02
-4.591094329953193665e-02
-4.593277350068092346e-02
-4.595107957720756531e-02
-4.591615870594978333e-02
-4.593039676547050476e-02
-4.593065753579139709e-02
-4.594189301133155823e-02
-4.592294618487358093e-02
-4.593052715063095093e-02
-4.593314975500106812e-02
-4.593126475811004639e-02
-4.592665657401084900e-02
-4.593336954712867737e-02
-4.593984782695770264e-02
-4.593307897448539734e-02
-4.592207446694374084e-02
-4.596580937504768372e-02
-4.593840613961219788e-02
-4.591131582856178284e-02
-4.591921716928482056e-02
-4.593407362699508667e-02
-4.593989998102188110e-02
-4.594163596630096436e-02
-4.592300578951835632e-02
-4.594660922884941101e-02
-4.592146351933479309e-02
-4.592074081301689148e-02
-4.594300687313079834e-02
-4.593225568532943726e-02
-4.593126103281974792e-02
-4.594930633902549744e-02
-4.592913016676902771e-02
-4.591177403926849365e-02
-4.595627263188362122e-02
-4.593025892972946167e-02
-4.594685882329940796e-02
-4.595548287034034729e-02
-4.593824967741966248e-02
-4.593653604388237000e-02
-4.594058543443679810e-02
-4.593959823250770569e-02
-4.594789445400238037e-02
-4.593630507588386536e-02
-4.594101384282112122e-02
-4.593705013394355774e-02
-4.593727737665176392e-02
-4.595882073044776917e-02
-4.596314579248428345e-02
-4.593569412827491760e-02
-4.592185467481613159e-02
-4.595083743333816528e-02
-4.592883214354515076e-02
-4.592837393283843994e-02
-4.593798890709877014e-02
-4.593917354941368103e-02
-4.593233019113540649e-02
-4.594273120164871216e-02
-4.595205932855606079e-02
-4.595414176583290100e-02
-4.595438390970230103e-02
-4.595218598842620850e-02
-4.594873264431953430e-02
-4.594517499208450317e-02
-4.591266810894012451e-02
-4.594188183546066284e-02
-4.596661031246185303e-02
-4.594117775559425354e-02
-4.596648365259170532e-02
-4.595481604337692261e-02
-4.596321284770965576e-02
-4.594745859503746033e-02
-4.594378918409347534e-02
-4.594543203711509705e-02
-4.595913365483283997e-02
-4.596169292926788330e-02
-4.594660177826881409e-02
-4.596060886979103088e-02
-4.594496637582778931e-02
-4.594811052083969116e-02
-4.593875631690025330e-02
-4.594415798783302307e-02
-4.594548419117927551e-02
-4.593892022967338562e-02
-4.594923928380012512e-02
-4.594703391194343567e-02
-4.596809297800064087e-02
-4.595376178622245789e-02
-4.595170915126800537e-02
-4.596588760614395142e-02
-4.597004130482673645e-02
-4.596478864550590515e-02
-4.595643654465675354e-02
-4.593709483742713928e-02
-4.593476280570030212e-02
-4.596323892474174500e-02
-4.595085605978965759e-02
-4.594647139310836792e-02
-4.594432562589645386e-02
-4.595642909407615662e-02
-4.596144333481788635e-02
-4.596235975623130798e-02
-4.595190659165382385e-02
-4.596976563334465027e-02
-4.596193507313728333e-02
-4.594505578279495239e-02
-4.595743119716644287e-02
-4.593782871961593628e-02
-4.594450443983078003e-02
-4.594884440302848816e-02
-4.596651718020439148e-02
-4.596857726573944092e-02
-4.593301936984062195e-02
-4.595838487148284912e-02
-4.593174904584884644e-02
-4.594809189438819885e-02
-4.595153033733367920e-02
-4.594806581735610962e-02
-4.595572873950004578e-02
-4.594494029879570007e-02
-4.595371335744857788e-02
-4.595794156193733215e-02
-4.594565555453300476e-02
-4.593415930867195129e-02
-4.593812674283981323e-02
-4.593972116708755493e-02
-4.595041647553443909e-02
-4.595452174544334412e-02
-4.596405476331710815e-02
-4.595135152339935303e-02
-4.593709856271743774e-02
-4.595501348376274109e-02
-4.595363885164260864e-02
-4.594558849930763245e-02
-4.595635831356048584e-02
-4.595556110143661499e-02
-4.596574231982231140e-02
-4.595677554607391357e-02
-4.593571275472640991e-02
-4.595639929175376892e-02
-4.595626890659332275e-02
-4.595612362027168274e-02
-4.596064984798431396e-02
-4.597739875316619873e-02
-4.595347866415977478e-02
-4.593365266919136047e-02
-4.594090208411216736e-02
-4.593547061085700989e-02
-4.595940932631492615e-02
-4.594257101416587830e-02
-4.596259072422981262e-02
-4.594798758625984192e-02
-4.594270884990692139e-02
-4.594483599066734314e-02
-4.591224342584609985e-02
-4.593795910477638245e-02
-4.596211761236190796e-02
-4.596551880240440369e-02
-4.594485089182853699e-02
-4.593608528375625610e-02
-4.594117775559425354e-02
-4.592947661876678467e-02
-4.594637081027030945e-02
-4.595710709691047668e-02
-4.594921320676803589e-02
-4.594223946332931519e-02
-4.596260562539100647e-02
-4.594292119145393372e-02
-4.594950750470161438e-02
-4.595288261771202087e-02
-4.595113918185234070e-02
-4.596762359142303467e-02
-4.596615210175514221e-02
-4.596538841724395752e-02
-4.595340788364410400e-02
-4.594005271792411804e-02
-4.594524577260017395e-02
-4.595928266644477844e-02
-4.597278311848640442e-02
-4.596825316548347473e-02
-4.596028476953506470e-02
-4.597904905676841736e-02
-4.595511406660079956e-02
-4.596854001283645630e-02
-4.595809802412986755e-02
-4.594986885786056519e-02
-4.596085846424102783e-02
-4.596602171659469604e-02
-4.595586284995079041e-02
-4.596818611025810242e-02
-4.596822708845138550e-02
-4.595539718866348267e-02
-4.595517367124557495e-02
-4.596718773245811462e-02
-4.596466198563575745e-02
-4.595206677913665771e-02
-4.596824571490287781e-02
-4.596998170018196106e-02
-4.594859108328819275e-02
-4.595313221216201782e-02
-4.596377536654472351e-02
-4.594638571143150330e-02
-4.596600681543350220e-02
-4.595006629824638367e-02
-4.595781862735748291e-02
-4.596136137843132019e-02
-4.594620689749717712e-02
-4.596290737390518188e-02
-4.595648497343063354e-02
-4.596160352230072021e-02
-4.597855359315872192e-02
-4.595845192670822144e-02
-4.596805945038795471e-02
-4.595642164349555969e-02
-4.595579579472541809e-02
-4.596073552966117859e-02
-4.596631973981857300e-02
-4.595531895756721497e-02
-4.597690328955650330e-02
-4.597185552120208740e-02
-4.598375037312507629e-02
-4.597765952348709106e-02
-4.597075283527374268e-02
-4.597094282507896423e-02
-4.595415666699409485e-02
-4.594976082444190979e-02
-4.594800621271133423e-02
-4.594872146844863892e-02
-4.595733806490898132e-02
-4.594825580716133118e-02
-4.597755894064903259e-02
-4.595594853162765503e-02
-4.595442488789558411e-02
-4.594479873776435852e-02
-4.595188796520233154e-02
-4.597054794430732727e-02
-4.595955833792686462e-02
-4.596076160669326782e-02
-4.596570506691932678e-02
-4.596133530139923096e-02
-4.595699161291122437e-02
-4.595318064093589783e-02
-4.597295448184013367e-02
-4.596303775906562805e-02
-4.595173522830009460e-02
-4.597012326121330261e-02
-4.596344381570816040e-02
-4.596962407231330872e-02
-4.596432298421859741e-02
-4.595036059617996216e-02
-4.594576731324195862e-02
-4.596289619803428650e-02
-4.595958814024925232e-02
-4.595009982585906982e-02
-4.598235711455345154e-02
-4.594976082444190979e-02
-4.595020040869712830e-02
-4.596089571714401245e-02
-4.594897851347923279e-02
-4.593986645340919495e-02
-4.596636071801185608e-02
-4.595853760838508606e-02
-4.595402255654335022e-02
-4.596229270100593567e-02
-4.597274586558341980e-02
-4.597088322043418884e-02
-4.597162455320358276e-02
-4.595552384853363037e-02
-4.593846946954727173e-02
-4.596770927309989929e-02
-4.596659168601036072e-02
-4.595227912068367004e-02
-4.596840590238571167e-02
-4.595983400940895081e-02
-4.597804322838783264e-02
-4.595283791422843933e-02
-4.595060646533966064e-02
-4.595062881708145142e-02
-4.593586176633834839e-02
-4.595148935914039612e-02
-4.595503583550453186e-02
-4.596898704767227173e-02
-4.596562311053276062e-02
-4.595936462283134460e-02
-4.596378654241561890e-02
-4.596148431301116943e-02
-4.595920816063880920e-02
-4.594964161515235901e-02
-4.594757780432701111e-02
-4.595876485109329224e-02
-4.596467688679695129e-02
-4.596416652202606201e-02
-4.595004767179489136e-02
-4.595478996634483337e-02
-4.596450179815292358e-02
-4.595700651407241821e-02
-4.597618803381919861e-02
-4.595590755343437195e-02
-4.597724601626396179e-02
-4.597781598567962646e-02
-4.597114771604537964e-02
-4.597009345889091492e-02
-4.596655815839767456e-02
-4.597441107034683228e-02
-4.595647752285003662e-02
-4.595445096492767334e-02
-4.596216604113578796e-02
-4.597371071577072144e-02
-4.596095904707908630e-02
-4.595993086695671082e-02
-4.595334455370903015e-02
-4.595652967691421509e-02
-4.595319926738739014e-02
-4.596481844782829285e-02
-4.594973102211952209e-02
-4.595806077122688293e-02
-4.596813395619392395e-02
-4.597072303295135498e-02
-4.596310481429100037e-02
-4.596919193863868713e-02
-4.598616063594818115e-02
-4.599241539835929871e-02
-4.597850888967514038e-02
-4.598052427172660828e-02
-4.596268758177757263e-02
-4.595346748828887939e-02
-4.595769941806793213e-02
-4.598183929920196533e-02
-4.596380889415740967e-02
-4.597537964582443237e-02
-4.596715047955513000e-02
-4.595772922039031982e-02
-4.597848281264305115e-02
-4.596212133765220642e-02
-4.595390707254409790e-02
-4.597709327936172485e-02
-4.596701636910438538e-02
-4.595888778567314148e-02
-4.597235843539237976e-02
-4.595833644270896912e-02
-4.597160965204238892e-02
-4.597384110093116760e-02
-4.594495147466659546e-02
-4.598464816808700562e-02
-4.597402364015579224e-02
-4.596156254410743713e-02
-4.596123471856117249e-02
-4.595245793461799622e-02
-4.596671089529991150e-02
-4.596891254186630249e-02
-4.595925286412239075e-02
-4.594266787171363831e-02
-4.596827551722526550e-02
-4.598896577954292297e-02
-4.597529023885726929e-02
-4.595217853784561157e-02
-4.596755653619766235e-02
-4.596631228923797607e-02
-4.595237225294113159e-02
-4.596595838665962219e-02
-4.597153887152671814e-02
-4.597254469990730286e-02
-4.597286880016326904e-02
-4.596326500177383423e-02
-4.596458375453948975e-02
-4.596237838268280029e-02
-4.596416279673576355e-02
-4.596302285790443420e-02
-4.596350714564323425e-02
-4.594860970973968506e-02
-4.597450047731399536e-02
-4.595567658543586731e-02
-4.595570638775825500e-02
-4.596851766109466553e-02
-4.595074802637100220e-02
-4.597127810120582581e-02
-4.596270248293876648e-02
-4.597036167979240417e-02
-4.595957696437835693e-02
-4.596104845404624939e-02
-4.597805440425872803e-02
-4.594476148486137390e-02
-4.595887288451194763e-02
-4.594215378165245056e-02
-4.595685377717018127e-02
-4.596541821956634521e-02
-4.595466330647468567e-02
-4.596916213631629944e-02
-4.594839364290237427e-02
-4.596569016575813293e-02
-4.597087576985359192e-02
-4.597225412726402283e-02
-4.596400633454322815e-02
-4.596685618162155151e-02
-4.595419391989707947e-02
-4.595910385251045227e-02
-4.596219211816787720e-02
-4.595981538295745850e-02
-4.597728699445724487e-02
-4.596861824393272400e-02
-4.595379531383514404e-02
-4.596744850277900696e-02
-4.594998061656951904e-02
-4.595258459448814392e-02
-4.597853496670722961e-02
-4.599167034029960632e-02
-4.596681520342826843e-02
-4.597470909357070923e-02
-4.597938433289527893e-02
-4.597623273730278015e-02
-4.596639424562454224e-02
-4.597345739603042603e-02
-4.597542434930801392e-02
-4.597147181630134583e-02
-4.597291722893714905e-02
-4.597886651754379272e-02
-4.596631973981857300e-02
-4.598759859800338745e-02
-4.595045000314712524e-02
-4.598327353596687317e-02
-4.596664011478424072e-02
-4.599062353372573853e-02
-4.594699293375015259e-02
-4.595673456788063049e-02
-4.597199708223342896e-02
-4.596311971545219421e-02
-4.595800116658210754e-02
-4.596343263983726501e-02
-4.597268998622894287e-02
-4.597188904881477356e-02
-4.597505554556846619e-02
-4.596883431077003479e-02
-4.596338793635368347e-02
-4.597198218107223511e-02
-4.597257450222969055e-02
-4.596849903464317322e-02
-4.596925899386405945e-02
-4.595183581113815308e-02
-4.597987979650497437e-02
-4.596832022070884705e-02
-4.594827070832252502e-02
-4.595503583550453186e-02
-4.596576467156410217e-02
-4.597767814993858337e-02
-4.596208408474922180e-02
-4.597807303071022034e-02
-4.596326872706413269e-02
-4.597485810518264771e-02
-4.596935212612152100e-02
-4.595667496323585510e-02
-4.597578197717666626e-02
-4.596350342035293579e-02
-4.598436132073402405e-02
-4.597453027963638306e-02
-4.597344622015953064e-02
-4.598518088459968567e-02
-4.597067087888717651e-02
-4.596287384629249573e-02
-4.597721248865127563e-02
-4.596992954611778259e-02
-4.597664996981620789e-02
-4.597259312868118286e-02
-4.597423225641250610e-02
-4.596172273159027100e-02
-4.596731811761856079e-02
-4.597287625074386597e-02
-4.596669599413871765e-02
-4.598111286759376526e-02
-4.597045481204986572e-02
-4.596238955855369568e-02
-4.595522210001945496e-02
-4.596669599413871765e-02
-4.595716297626495361e-02
-4.597565904259681702e-02
-4.595576226711273193e-02
-4.597556963562965393e-02
-4.597387462854385376e-02
-4.596612602472305298e-02
-4.596557095646858215e-02
-4.596461355686187744e-02
-4.598949477076530457e-02
-4.597619548439979553e-02
-4.597259312868118286e-02
-4.597235843539237976e-02
-4.596954211592674255e-02
-4.597196727991104126e-02
-4.598254337906837463e-02
-4.597362503409385681e-02
-4.597734659910202026e-02
-4.597241058945655823e-02
-4.597729817032814026e-02
-4.597036540508270264e-02
-4.597539082169532776e-02
-4.598477110266685486e-02
-4.598421975970268250e-02
-4.595565050840377808e-02
-4.596608132123947144e-02
-4.595172032713890076e-02
-4.596782103180885315e-02
-4.598348960280418396e-02
-4.598668962717056274e-02
-4.598907008767127991e-02
-4.596914350986480713e-02
-4.598071053624153137e-02
-4.598275572061538696e-02
-4.598697647452354431e-02
-4.596098884940147400e-02
-4.595137014985084534e-02
-4.598104208707809448e-02
-4.595929756760597229e-02
-4.594920575618743896e-02
-4.598028957843780518e-02
-4.596928879618644714e-02
-4.598200693726539612e-02
-4.596268385648727417e-02
-4.596686735749244690e-02
-4.597721621394157410e-02
-4.598500207066535950e-02
-4.597220942378044128e-02
-4.596598073840141296e-02
-4.596377164125442505e-02
-4.595768079161643982e-02
-4.596618935465812683e-02
-4.597016051411628723e-02
-4.595362767577171326e-02
-4.595263302326202393e-02
-4.596518725156784058e-02
-4.595825821161270142e-02
-4.596669971942901611e-02
-4.598815366625785828e-02
-4.596217349171638489e-02
-4.597913473844528198e-02
-4.596754163503646851e-02
-4.597028717398643494e-02
-4.597190394997596741e-02
-4.597227647900581360e-02
-4.596889391541481018e-02
-4.597470536828041077e-02
-4.598394781351089478e-02
-4.598109424114227295e-02
-4.596764221787452698e-02
-4.597069695591926575e-02
-4.597084224224090576e-02
-4.597126692533493042e-02
-4.597179964184761047e-02
-4.597975313663482666e-02
-4.598111286759376526e-02
-4.597469791769981384e-02
-4.596691951155662537e-02
-4.596002027392387390e-02
-4.596323892474174500e-02
-4.597162455320358276e-02
-4.598395526409149170e-02
-4.597286134958267212e-02
-4.597837850451469421e-02
-4.596874490380287170e-02
-4.595732316374778748e-02
-4.596600681543350220e-02
-4.598040506243705750e-02
-4.597333818674087524e-02
-4.594998806715011597e-02
-4.595734551548957825e-02
-4.596281796693801880e-02
-4.595840722322463989e-02
-4.595556482672691345e-02
-4.596763104200363159e-02
-4.597957804799079895e-02
-4.597137868404388428e-02
-4.597485437989234924e-02
-4.596291482448577881e-02
-4.596975073218345642e-02
-4.597332328557968140e-02
-4.594308510422706604e-02
-4.597691446542739868e-02
-4.597239941358566284e-02
-4.597331210970878601e-02
-4.597825184464454651e-02
-4.596912115812301636e-02
-4.597257450222969055e-02
-4.594851657748222351e-02
-4.597194492816925049e-02
-4.595877602696418762e-02
-4.597742110490798950e-02
-4.595879465341567993e-02
-4.597295448184013367e-02
-4.597470909357070923e-02
-4.595397412776947021e-02
-4.596982151269912720e-02
-4.596498236060142517e-02
-4.598143324255943298e-02
-4.596818238496780396e-02
-4.598192498087882996e-02
-4.598291218280792236e-02
-4.597448557615280151e-02
-4.597002640366554260e-02
-4.596852883696556091e-02
-4.596720635890960693e-02
-4.595859721302986145e-02
-4.597949236631393433e-02
-4.597764462232589722e-02
-4.595216736197471619e-02
-4.598148539662361145e-02
-4.597206786274909973e-02
-4.595673829317092896e-02
-4.597385600209236145e-02
-4.596576839685440063e-02
-4.597920924425125122e-02
-4.597996920347213745e-02
-4.597373306751251221e-02
-4.598471149802207947e-02
-4.596727713942527771e-02
-4.598042741417884827e-02
-4.595599323511123657e-02
-4.597218707203865051e-02
-4.598116129636764526e-02
-4.597561806440353394e-02
-4.596563801169395447e-02
-4.598543792963027954e-02
-4.596566036343574524e-02
-4.596579447388648987e-02
-4.595984518527984619e-02
-4.596424475312232971e-02
-4.597477242350578308e-02
-4.595427215099334717e-02
-4.597834870219230652e-02
-4.597265645861625671e-02
-4.596170410513877869e-02
-4.597703367471694946e-02
-4.597160592675209045e-02
-4.596691951155662537e-02
-4.597248882055282593e-02
-4.597062990069389343e-02
-4.598042741417884827e-02
-4.599089547991752625e-02
-4.597930982708930969e-02
-4.596348479390144348e-02
-4.596612602472305298e-02
-4.598746821284294128e-02
-4.597229883074760437e-02
-4.597216099500656128e-02
-4.597410187125205994e-02
-4.596998170018196106e-02
-4.596405476331710815e-02
-4.594821110367774963e-02
-4.595930501818656921e-02
-4.597334191203117371e-02
-4.598246887326240540e-02
-4.596843942999839783e-02
-4.598100110888481140e-02
-4.597533121705055237e-02
-4.595524817705154419e-02
-4.597958549857139587e-02
-4.598462954163551331e-02
-4.598749801516532898e-02
-4.597537964582443237e-02
-4.595828428864479065e-02
-4.599253088235855103e-02
-4.597664251923561096e-02
-4.597691446542739868e-02
-4.596789553761482239e-02
-4.597016796469688416e-02
-4.598505795001983643e-02
-4.597398266196250916e-02
-4.598318785429000854e-02
-4.598220810294151306e-02
-4.598313197493553162e-02
-4.595626145601272583e-02
-4.596307501196861267e-02
-4.598816484212875366e-02
-4.597108811140060425e-02
-4.596290737390518188e-02
-4.597936570644378662e-02
-4.598785936832427979e-02
-4.598679766058921814e-02
-4.597615450620651245e-02
-4.596802219748497009e-02
-4.597372189164161682e-02
-4.596113413572311401e-02
-4.597708210349082947e-02
-4.597442224621772766e-02
-4.595597460865974426e-02
-4.596068337559700012e-02
-4.597607627511024475e-02
-4.598150402307510376e-02
-4.598070308566093445e-02
-4.597565159201622009e-02
-4.597906768321990967e-02
-4.596645757555961609e-02
-4.597366228699684143e-02
-4.597099870443344116e-02
-4.596589505672454834e-02
-4.597555100917816162e-02
-4.597816243767738342e-02
-4.598108679056167603e-02
-4.597128927707672119e-02
-4.598793014883995056e-02
-4.598763957619667053e-02
-4.597155749797821045e-02
-4.598705843091011047e-02
-4.595661908388137817e-02
-4.596110060811042786e-02
-4.597280174493789673e-02
-4.595648869872093201e-02
-4.598098620772361755e-02
-4.597909748554229736e-02
-4.597407951951026917e-02
-4.597849398851394653e-02
-4.597951099276542664e-02
-4.597292840480804443e-02
-4.597137123346328735e-02
-4.597859457135200500e-02
-4.599107429385185242e-02
-4.598705470561981201e-02
-4.596349224448204041e-02
-4.597468301653862000e-02
-4.597920551896095276e-02
-4.596713557839393616e-02
-4.597831889986991882e-02
-4.598618671298027039e-02
-4.598148167133331299e-02
-4.597806558012962341e-02
-4.597024992108345032e-02
-4.597774893045425415e-02
-4.599639400839805603e-02
-4.598234221339225769e-02
-4.598428681492805481e-02
-4.599604755640029907e-02
-4.599643871188163757e-02
-4.598154872655868530e-02
-4.597648233175277710e-02
-4.596387594938278198e-02
-4.598168283700942993e-02
-4.596912115812301636e-02
-4.599255695939064026e-02
-4.598987475037574768e-02
-4.598829895257949829e-02
-4.597876220941543579e-02
-4.598531872034072876e-02
-4.597683623433113098e-02
-4.598807543516159058e-02
-4.597033187747001648e-02
-4.597938433289527893e-02
-4.597068950533866882e-02
-4.597982391715049744e-02
-4.597001522779464722e-02
-4.596098884940147400e-02
-4.597260430455207825e-02
-4.598269611597061157e-02
-4.598995298147201538e-02
-4.595962539315223694e-02
-4.596136510372161865e-02
-4.595577344298362732e-02
-4.597104713320732117e-02
-4.599738493561744690e-02
-4.595771804451942444e-02
-4.596662893891334534e-02
-4.599059373140335083e-02
-4.600160196423530579e-02
-4.598401486873626709e-02
-4.598623886704444885e-02
-4.597791284322738647e-02
-4.600026085972785950e-02
-4.598542302846908569e-02
-4.598256573081016541e-02
-4.596051946282386780e-02
-4.600175842642784119e-02
-4.597790166735649109e-02
-4.599296674132347107e-02
-4.597323760390281677e-02
-4.598715528845787048e-02
-4.599427431821823120e-02
-4.596966877579689026e-02
-4.598008468747138977e-02
-4.597643762826919556e-02
-4.596371576189994812e-02
-4.597779735922813416e-02
-4.596743360161781311e-02
-4.596305266022682190e-02
-4.595114663243293762e-02
-4.596165567636489868e-02
-4.598398134112358093e-02
-4.596436396241188049e-02
-4.597765579819679260e-02
-4.599127918481826782e-02
-4.597549140453338623e-02
-4.599500820040702820e-02
-4.596874862909317017e-02
-4.597319290041923523e-02
-4.597197100520133972e-02
-4.596897587180137634e-02
-4.596261680126190186e-02
-4.598454385995864868e-02
-4.596168175339698792e-02
-4.599584639072418213e-02
-4.596985504031181335e-02
-4.595510661602020264e-02
-4.598072916269302368e-02
-4.598673060536384583e-02
-4.596729949116706848e-02
-4.598065838217735291e-02
-4.598162323236465454e-02
-4.597331210970878601e-02
-4.599473625421524048e-02
-4.596965759992599487e-02
-4.597428813576698303e-02
-4.598418995738029480e-02
-4.599035903811454773e-02
-4.596759751439094543e-02
-4.597995057702064514e-02
-4.597029834985733032e-02
-4.598489031195640564e-02
-4.597469046711921692e-02
-4.596755653619766235e-02
-4.599047079682350159e-02
-4.599004238843917847e-02
-4.598938301205635071e-02
-4.599140584468841553e-02
-4.598044976592063904e-02
-4.599414765834808350e-02
-4.597306996583938599e-02
-4.598366469144821167e-02
-4.598344117403030396e-02
-4.598628357052803040e-02
-4.597638174891471863e-02
-4.598492756485939026e-02
-4.598863795399665833e-02
-4.599465802311897278e-02
-4.596594348549842834e-02
-4.597123339772224426e-02
-4.598683863878250122e-02
-4.597472399473190308e-02
-4.598179832100868225e-02
-4.596276208758354187e-02
-4.596764966845512390e-02
-4.597513377666473389e-02
-4.596723243594169617e-02
-4.597387462854385376e-02
-4.597795382142066956e-02
-4.596539959311485291e-02
-4.598816856741905212e-02
-4.597831889986991882e-02
-4.597444459795951843e-02
-4.600000008940696716e-02
-4.598052427172660828e-02
-4.597935825586318970e-02
-4.600133374333381653e-02
-4.599062725901603699e-02
-4.597768560051918030e-02
-4.597545787692070007e-02
-4.598595201969146729e-02
-4.598493874073028564e-02
-4.597437009215354919e-02
-4.597629979252815247e-02
-4.599208384752273560e-02
-4.596496745944023132e-02
-4.597393423318862915e-02
-4.596382752060890198e-02
-4.598239436745643616e-02
-4.597215354442596436e-02
-4.597141593694686890e-02
-4.597593843936920166e-02
-4.597409442067146301e-02
-4.597428068518638611e-02
-4.597352445125579834e-02
-4.598496481776237488e-02
-4.596625268459320068e-02
-4.598787799477577209e-02
-4.598012194037437439e-02
-4.597342759370803833e-02
-4.598417505621910095e-02
-4.597711190581321716e-02
-4.597612842917442322e-02
-4.597173631191253662e-02
-4.599152505397796631e-02
-4.595864191651344299e-02
-4.599078744649887085e-02
-4.598490521311759949e-02
-4.599590227007865906e-02
-4.595620930194854736e-02
-4.596563801169395447e-02
-4.596990719437599182e-02
-4.597236216068267822e-02
-4.597055166959762573e-02
-4.599715769290924072e-02
-4.598689451813697815e-02
-4.599387571215629578e-02
-4.597966000437736511e-02
-4.598578438162803650e-02
-4.596355929970741272e-02
-4.597413912415504456e-02
-4.599117115139961243e-02
-4.597295448184013367e-02
-4.597465693950653076e-02
-4.598253592848777771e-02
-4.597317427396774292e-02
-4.599483683705329895e-02
-4.597874358296394348e-02
-4.597363248467445374e-02
-4.596633836627006531e-02
-4.599917307496070862e-02
-4.598169773817062378e-02
-4.597895964980125427e-02
-4.600187018513679504e-02
-4.596244916319847107e-02
-4.598673805594444275e-02
-4.597592726349830627e-02
-4.598383978009223938e-02
-4.598646610975265503e-02
-4.599097743630409241e-02
-4.598211497068405151e-02
-4.598946496844291687e-02
-4.596420750021934509e-02
-4.597855731844902039e-02
-4.597192257642745972e-02
-4.598378390073776245e-02
-4.598835855722427368e-02
-4.597079008817672729e-02
-4.599127918481826782e-02
-4.596761986613273621e-02
-4.597426205873489380e-02
-4.596726223826408386e-02
-4.595655575394630432e-02
-4.598609358072280884e-02
-4.598591476678848267e-02
-4.597364738583564758e-02
-4.596915468573570251e-02
-4.598487541079521179e-02
-4.597140476107597351e-02
-4.597876220941543579e-02
-4.598937183618545532e-02
-4.597146064043045044e-02
-4.597537964582443237e-02
-4.597636312246322632e-02
-4.599292203783988953e-02
-4.598321393132209778e-02
-4.597474262118339539e-02
-4.598189517855644226e-02
-4.599025100469589233e-02
-4.599778354167938232e-02
-4.597954079508781433e-02
-4.599438607692718506e-02
-4.598634690046310425e-02
-4.599310085177421570e-02
-4.598416760563850403e-02
-4.597977548837661743e-02
-4.600010812282562256e-02
-4.597957804799079895e-02
-4.598774388432502747e-02
-4.598541930317878723e-02
-4.597251117229461670e-02
-4.596899077296257019e-02
-4.597867652773857117e-02
-4.596608132123947144e-02
-4.598502814769744873e-02
-4.599124565720558167e-02
-4.599263146519660950e-02
-4.598809406161308289e-02
-4.599041119217872620e-02
-4.600806906819343567e-02
-4.598747938871383667e-02
-4.598378390073776245e-02
-4.600207880139350891e-02
-4.598322883248329163e-02
-4.598047956824302673e-02
-4.599248245358467102e-02
-4.600530490279197693e-02
-4.599928110837936401e-02
-4.597773402929306030e-02
-4.600258544087409973e-02
-4.595331847667694092e-02
-4.598790034651756287e-02
-4.596777260303497314e-02
-4.598570242524147034e-02
-4.598429426550865173e-02
-4.597017914056777954e-02
-4.600041359663009644e-02
-4.598254710435867310e-02
-4.598151147365570068e-02
-4.596972092986106873e-02
-4.597898945212364197e-02
-4.598119482398033142e-02
-4.597533494234085083e-02
-4.597186297178268433e-02
-4.597924649715423584e-02
-4.599191248416900635e-02
-4.595820605754852295e-02
-4.595710709691047668e-02
-4.596695676445960999e-02
-4.598807543516159058e-02
-4.597919806838035583e-02
-4.596827924251556396e-02
-4.598139971494674683e-02
-4.598604887723922729e-02
-4.597388207912445068e-02
-4.597388952970504761e-02
-4.597894847393035889e-02
-4.597068578004837036e-02
-4.597535356879234314e-02
-4.597840458154678345e-02
-4.596294090151786804e-02
-4.597506299614906311e-02
-4.599509388208389282e-02
-4.598330333828926086e-02
-4.597695171833038330e-02
-4.595456644892692566e-02
-4.596320539712905884e-02
-4.598142579197883606e-02
-4.596441611647605896e-02
-4.597934707999229431e-02
-4.595567658543586731e-02
-4.597175866365432739e-02
-4.599482938647270203e-02
-4.598199576139450073e-02
-4.598315060138702393e-02
-4.596947133541107178e-02
-4.600002244114875793e-02
-4.597638919949531555e-02
-4.598059132695198059e-02
-4.597263410687446594e-02
-4.597089439630508423e-02
-4.597000777721405029e-02
-4.596514627337455750e-02
-4.596288129687309265e-02
-4.594809934496879578e-02
-4.595701396465301514e-02
-4.597019404172897339e-02
-4.597213119268417358e-02
-4.596961662173271179e-02
-4.598005861043930054e-02
-4.599123075604438782e-02
-4.598643630743026733e-02
-4.598600789904594421e-02
-4.596776515245437622e-02
-4.596072062849998474e-02
-4.596696048974990845e-02
-4.598088189959526062e-02
-4.595804959535598755e-02
-4.599038511514663696e-02
-4.597690328955650330e-02
-4.598588123917579651e-02
-4.597371071577072144e-02
-4.596723243594169617e-02
-4.597746580839157104e-02
-4.599264636635780334e-02
-4.598651081323623657e-02
-4.597163572907447815e-02
-4.598694294691085815e-02
-4.599138721823692322e-02
-4.597529023885726929e-02
-4.597973078489303589e-02
-4.598151892423629761e-02
-4.597466066479682922e-02
-4.597995802760124207e-02
-4.598372057080268860e-02
-4.597505554556846619e-02
-4.599617794156074524e-02
-4.595996811985969543e-02
-4.596406966447830200e-02
-4.596026614308357239e-02
-4.598008841276168823e-02
-4.599725455045700073e-02
-4.598341882228851318e-02
-4.597423225641250610e-02
-4.596148803830146790e-02
-4.597844555974006653e-02
-4.598027095198631287e-02
-4.599271714687347412e-02
-4.597419872879981995e-02
-4.600673168897628784e-02
-4.597546532750129700e-02
-4.596896842122077942e-02
-4.598514735698699951e-02
-4.597468301653862000e-02
-4.598218575119972229e-02
-4.598369821906089783e-02
-4.597986862063407898e-02
-4.598565027117729187e-02
-4.596200212836265564e-02
-4.598620161414146423e-02
-4.598344489932060242e-02
-4.599129781126976013e-02
-4.597615450620651245e-02
-4.597155004739761353e-02
-4.596442356705665588e-02
-4.598147049546241760e-02
-4.597245529294013977e-02
-4.596598073840141296e-02
-4.596981778740882874e-02
-4.597845301032066345e-02
-4.598718136548995972e-02
-4.597694799304008484e-02
-4.598254710435867310e-02
-4.597649723291397095e-02
-4.598717391490936279e-02
-4.597849026322364807e-02
-4.598319903016090393e-02
-4.598136618733406067e-02
-4.597559943795204163e-02
-4.598535224795341492e-02
-4.597483202815055847e-02
-4.597823321819305420e-02
-4.599160701036453247e-02
-4.596547037363052368e-02
-4.597845301032066345e-02
-4.598473012447357178e-02
-4.598445817828178406e-02
-4.599689692258834839e-02
-4.600455984473228455e-02
-4.600057750940322876e-02
-4.601649940013885498e-02
-4.599657282233238220e-02
-4.599434882402420044e-02
-4.600078985095024109e-02
-4.596744850277900696e-02
-4.598585516214370728e-02
-4.599305614829063416e-02
-4.598564654588699341e-02
-4.597189649939537048e-02
-4.597698897123336792e-02
-4.598633199930191040e-02
-4.598633944988250732e-02
-4.596958309412002563e-02
-4.597339406609535217e-02
-4.599206522107124329e-02
-4.597577080130577087e-02
-4.597765952348709106e-02
-4.598970338702201843e-02
-4.597448930144309998e-02
-4.600027948617935181e-02
-4.597990587353706360e-02
-4.596815258264541626e-02
-4.598177596926689148e-02
-4.598316177725791931e-02
-4.599198326468467712e-02
-4.599799215793609619e-02
-4.597904533147811890e-02
-4.596864804625511169e-02
-4.597915336489677429e-02
-4.596642032265663147e-02
-4.598094895482063293e-02
-4.596165195107460022e-02
-4.597111791372299194e-02
-4.597688466310501099e-02
-4.598944634199142456e-02
-4.598192498087882996e-02
-4.599142819643020630e-02
-4.597785696387290955e-02
-4.598949104547500610e-02
-4.599400237202644348e-02
-4.598011448979377747e-02
-4.600109532475471497e-02
-4.598761722445487976e-02
-4.598286002874374390e-02
-4.596620053052902222e-02
-4.597000405192375183e-02
-4.599037021398544312e-02
-4.599092528223991394e-02
-4.598455876111984253e-02
-4.597510769963264465e-02
-4.598837345838546753e-02
-4.598590359091758728e-02
-4.598274081945419312e-02
-4.598511382937431335e-02
-4.597942158579826355e-02
-4.598887637257575989e-02
-4.598198831081390381e-02
-4.597659409046173096e-02
-4.599028080701828003e-02
-4.598227888345718384e-02
-4.598061740398406982e-02
-4.598327726125717163e-02
-4.599168524146080017e-02
-4.599465802311897278e-02
-4.597434774041175842e-02
-4.597844555974006653e-02
-4.598443210124969482e-02
-4.599161818623542786e-02
-4.597967118024826050e-02
-4.598687589168548584e-02
-4.598473384976387024e-02
-4.600306600332260132e-02
-4.599404707551002502e-02
-4.599595814943313599e-02
-4.599321261048316956e-02
-4.598886892199516296e-02
-4.597056284546852112e-02
-4.598354548215866089e-02
-4.597726836800575256e-02
-4.595933854579925537e-02
-4.598007723689079285e-02
-4.597111791372299194e-02
-4.597816616296768188e-02
-4.598716646432876587e-02
-4.599780961871147156e-02
-4.599009081721305847e-02
-4.599513113498687744e-02
-4.599803313612937927e-02
-4.599581658840179443e-02
-4.597733542323112488e-02
-4.596500098705291748e-02
-4.597088322043418884e-02
-4.597412049770355225e-02
-4.596532508730888367e-02
-4.598237201571464539e-02
-4.598723351955413818e-02
-4.597251862287521362e-02
-4.597747698426246643e-02
-4.598987475037574768e-02
-4.599149152636528015e-02
-4.598133265972137451e-02
-4.598579555749893188e-02
-4.597126692533493042e-02
-4.597090929746627808e-02
-4.598686471581459045e-02
-4.598881304264068604e-02
-4.598362371325492859e-02
-4.597756639122962952e-02
-4.598334059119224548e-02
-4.596186429262161255e-02
-4.599298164248466492e-02
-4.598535224795341492e-02
-4.596046358346939087e-02
-4.597438499331474304e-02
-4.596780240535736084e-02
-4.597641155123710632e-02
-4.598051682114601135e-02
-4.597721248865127563e-02
-4.597479850053787231e-02
-4.598972946405410767e-02
-4.598588496446609497e-02
-4.595676809549331665e-02
-4.597807303071022034e-02
-4.599391669034957886e-02
-4.597453027963638306e-02
-4.597103968262672424e-02
-4.598123207688331604e-02
-4.599057137966156006e-02
-4.598247632384300232e-02
-4.598079621791839600e-02
-4.595940932631492615e-02
-4.598083347082138062e-02
-4.596809297800064087e-02
-4.599184915423393250e-02
-4.598768427968025208e-02
-4.599549993872642517e-02
-4.598326236009597778e-02
-4.598195105791091919e-02
-4.598218575119972229e-02
-4.598425328731536865e-02
-4.597487673163414001e-02
-4.596551880240440369e-02
-4.596935957670211792e-02
-4.598281532526016235e-02
-4.598813876509666443e-02
-4.598224535584449768e-02
-4.597686231136322021e-02
-4.596443101763725281e-02
-4.596666246652603149e-02
-4.598204419016838074e-02
-4.598590359091758728e-02
-4.597257077693939209e-02
-4.598493129014968872e-02
-4.598294571042060852e-02
-4.598993435502052307e-02
-4.596356302499771118e-02
-4.599322006106376648e-02
-4.597705975174903870e-02
-4.598031193017959595e-02
-4.599247872829437256e-02
-4.596772417426109314e-02
-4.597476869821548462e-02
-4.597588256001472473e-02
-4.597650468349456787e-02
-4.599441215395927429e-02
-4.597717896103858948e-02
-4.598673805594444275e-02
-4.596650972962379456e-02
-4.598737508058547974e-02
-4.598183184862136841e-02
-4.598407074809074402e-02
-4.597064480185508728e-02
-4.596423357725143433e-02
-4.599758237600326538e-02
-4.596283659338951111e-02
-4.598437994718551636e-02
-4.600243270397186279e-02
-4.598169773817062378e-02
-4.597022384405136108e-02
-4.597114771604537964e-02
-4.597180336713790894e-02
-4.597817361354827881e-02
-4.599537327885627747e-02
-4.599390178918838501e-02
-4.598927870392799377e-02
-4.599146917462348938e-02
-4.600420966744422913e-02
-4.598017409443855286e-02
-4.598281532526016235e-02
-4.598204791545867920e-02
-4.596955701708793640e-02
-4.597486928105354309e-02
-4.597605392336845398e-02
-4.602516070008277893e-02
-4.599032178521156311e-02
-4.599486663937568665e-02
-4.598554596304893494e-02
-4.598184302449226379e-02
-4.598299413919448853e-02
-4.598747938871383667e-02
-4.597960412502288818e-02
-4.597360268235206604e-02
-4.598442465066909790e-02
-4.596759378910064697e-02
-4.599123075604438782e-02
-4.597895219922065735e-02
-4.598046466708183289e-02
-4.598938673734664917e-02
-4.598789662122726440e-02
-4.598917439579963684e-02
-4.599184170365333557e-02
-4.596826061606407166e-02
-4.597945883870124817e-02
-4.598974436521530151e-02
-4.599129781126976013e-02
-4.598562419414520264e-02
-4.597984999418258667e-02
-4.599557071924209595e-02
-4.597474262118339539e-02
-4.598214849829673767e-02
-4.599871858954429626e-02
-4.599263891577720642e-02
-4.598957672715187073e-02
-4.598266258835792542e-02
-4.597176238894462585e-02
-4.598879441618919373e-02
-4.598524421453475952e-02
-4.598477110266685486e-02
-4.599224776029586792e-02
-4.596898704767227173e-02
-4.599645361304283142e-02
-4.597256332635879517e-02
-4.596724733710289001e-02
-4.598256573081016541e-02
-4.597751051187515259e-02
-4.596165567636489868e-02
-4.598267748951911926e-02
-4.600900039076805115e-02
-4.598214477300643921e-02
-4.600937291979789734e-02
-4.598680883646011353e-02
-4.598502814769744873e-02
-4.596243798732757568e-02
-4.597099870443344116e-02
-4.597913473844528198e-02
-4.600040242075920105e-02
-4.598710685968399048e-02
-4.598789662122726440e-02
-4.599405452609062195e-02
-4.597026854753494263e-02
-4.598451405763626099e-02
-4.598576575517654419e-02
-4.598890244960784912e-02
-4.597812145948410034e-02
-4.599185660481452942e-02
-4.599065333604812622e-02
-4.598819091916084290e-02
-4.598532989621162415e-02
-4.599301517009735107e-02
-4.596947878599166870e-02
-4.600064828991889954e-02
-4.599778354167938232e-02
-4.597903788089752197e-02
-4.599908739328384399e-02
-4.599767178297042847e-02
-4.596788808703422546e-02
-4.598809406161308289e-02
-4.598282277584075928e-02
-4.601140692830085754e-02
-4.599219933152198792e-02
-4.599983617663383484e-02
-4.599712789058685303e-02
-4.600129276514053345e-02
-4.599770531058311462e-02
-4.600439965724945068e-02
-4.598676785826683044e-02
-4.597360640764236450e-02
-4.598705843091011047e-02
-4.599643871188163757e-02
-4.598082974553108215e-02
-4.598775133490562439e-02
-4.598655924201011658e-02
-4.596675559878349304e-02
-4.598992317914962769e-02
-4.599151760339736938e-02
-4.598633199930191040e-02
-4.597273096442222595e-02
-4.599510878324508667e-02
-4.598788172006607056e-02
-4.598758369684219360e-02
-4.598929733037948608e-02
-4.600114747881889343e-02
-4.597997292876243591e-02
-4.598171263933181763e-02
-4.599765315651893616e-02
-4.598347842693328857e-02
-4.597554728388786316e-02
-4.599101096391677856e-02
-4.598365724086761475e-02
-4.598324000835418701e-02
-4.599728435277938843e-02
-4.598768800497055054e-02
-4.598755016922950745e-02
-4.599243775010108948e-02
-4.598302766680717468e-02
-4.599341377615928650e-02
-4.598565772175788879e-02
-4.599359259009361267e-02
-4.598652571439743042e-02
-4.598101601004600525e-02
-4.599927738308906555e-02
-4.597897455096244812e-02
-4.599510878324508667e-02
-4.598399251699447632e-02
-4.596184194087982178e-02
-4.597483202815055847e-02
-4.598433896899223328e-02
-4.597594216465950012e-02
-4.599027335643768311e-02
-4.598112776875495911e-02
-4.597175493836402893e-02
-4.599411413073539734e-02
-4.598687961697578430e-02
-4.599094763398170471e-02
-4.599722847342491150e-02
-4.598919302225112915e-02
-4.597528651356697083e-02
-4.599218070507049561e-02
-4.598135128617286682e-02
-4.598645120859146118e-02
-4.597454518079757690e-02
-4.598345980048179626e-02
-4.598348587751388550e-02
-4.597233235836029053e-02
-4.599029570817947388e-02
-4.598317295312881470e-02
-4.598917439579963684e-02
-4.597646370530128479e-02
-4.599265754222869873e-02
-4.597084969282150269e-02
-4.597224667668342590e-02
-4.599516093730926514e-02
-4.597865790128707886e-02
-4.599005356431007385e-02
-4.597041755914688110e-02
-4.599824175238609314e-02
-4.597931727766990662e-02
-4.598928615450859070e-02
-4.599939286708831787e-02
-4.599267616868019104e-02
-4.598697647452354431e-02
-4.600065201520919800e-02
-4.598720744252204895e-02
-4.599259048700332642e-02
-4.600153118371963501e-02
-4.599654302000999451e-02
-4.599767550826072693e-02
-4.598990455269813538e-02
-4.597182571887969971e-02
-4.598188027739524841e-02
-4.598597064614295959e-02
-4.599492251873016357e-02
-4.597808048129081726e-02
-4.596219211816787720e-02
-4.598973691463470459e-02
-4.598318412899971008e-02
-4.598795622587203979e-02
-4.598863422870635986e-02
-4.600002989172935486e-02
-4.597378894686698914e-02
-4.598739370703697205e-02
-4.597722366452217102e-02
-4.598248377442359924e-02
-4.598463699221611023e-02
-4.598074406385421753e-02
-4.597185552120208740e-02
-4.597760364413261414e-02
-4.597876965999603271e-02
-4.598428681492805481e-02
-4.598559811711311340e-02
-4.600569978356361389e-02
-4.599737375974655151e-02
-4.596915468573570251e-02
-4.599198326468467712e-02
-4.599054902791976929e-02
-4.597383365035057068e-02
-4.598015174269676208e-02
-4.599199444055557251e-02
-4.599510133266448975e-02
-4.599670693278312683e-02
-4.600108042359352112e-02
-4.599580541253089905e-02
-4.599181562662124634e-02
-4.597952216863632202e-02
-4.600055143237113953e-02
-4.600054398179054260e-02
-4.598538577556610107e-02
-4.598022624850273132e-02
-4.598563537001609802e-02
-4.598201811313629150e-02
-4.597749188542366028e-02
-4.599136859178543091e-02
-4.598469659686088562e-02
-4.597718641161918640e-02
-4.598407074809074402e-02
-4.599099978804588318e-02
-4.599718004465103149e-02
-4.598350822925567627e-02
-4.599495977163314819e-02
-4.600967094302177429e-02
-4.599310085177421570e-02
-4.600212723016738892e-02
-4.598644748330116272e-02
-4.600052163004875183e-02
-4.598579555749893188e-02
-4.598311707377433777e-02
-4.598437249660491943e-02
-4.598606750369071960e-02
-4.599910229444503784e-02
-4.599063843488693237e-02
-4.597055539488792419e-02
-4.599196463823318481e-02
-4.598765075206756592e-02
-4.598959907889366150e-02
-4.598213359713554382e-02
-4.598807543516159058e-02
-4.598100110888481140e-02
-4.598031193017959595e-02
-4.600163176655769348e-02
-4.598394408822059631e-02
-4.599709063768386841e-02
-4.599538072943687439e-02
-4.598222672939300537e-02
-4.599264636635780334e-02
-4.600083082914352417e-02
-4.597764834761619568e-02
-4.596792906522750854e-02
-4.598867520689964294e-02
-4.599928110837936401e-02
-4.599481076002120972e-02
-4.597796499729156494e-02
-4.598809406161308289e-02
-4.597315564751625061e-02
-4.598163813352584839e-02
-4.598358646035194397e-02
-4.599292576313018799e-02
-4.599489271640777588e-02
-4.600178450345993042e-02
-4.599745199084281921e-02
-4.597930610179901123e-02
-4.598804563283920288e-02
-4.597500711679458618e-02
-4.597256332635879517e-02
-4.599581658840179443e-02
-4.598565027117729187e-02
-4.598188772797584534e-02
-4.598648473620414734e-02
-4.597007855772972107e-02
-4.599092155694961548e-02
-4.598011448979377747e-02
-4.598436504602432251e-02
-4.600381478667259216e-02
-4.598901048302650452e-02
-4.599760845303535461e-02
-4.599338397383689880e-02
-4.598255828022956848e-02
-4.598705470561981201e-02
-4.599182307720184326e-02
-4.599853232502937317e-02
-4.598085954785346985e-02
-4.598402231931686401e-02
-4.599665850400924683e-02
-4.600002989172935486e-02
-4.598924145102500916e-02
-4.599625244736671448e-02
-4.598417505621910095e-02
-4.599035903811454773e-02
-4.599412158131599426e-02
-4.597001895308494568e-02
-4.598144069314002991e-02
-4.598665609955787659e-02
-4.597302898764610291e-02
-4.598559066653251648e-02
-4.599158838391304016e-02
-4.599539935588836670e-02
-4.598345234990119934e-02
-4.599274322390556335e-02
-4.601369053125381470e-02
-4.599419981241226196e-02
-4.598865658044815063e-02
-4.598010703921318054e-02
-4.598325863480567932e-02
-4.600213095545768738e-02
-4.599347338080406189e-02
-4.600157588720321655e-02
-4.599187150597572327e-02
-4.598552733659744263e-02
-4.600231349468231201e-02
-4.597381129860877991e-02
-4.599098488688468933e-02
-4.598803073167800903e-02
-4.597963765263557434e-02
-4.597770050168037415e-02
-4.599410668015480042e-02
-4.599232599139213562e-02
-4.600084200501441956e-02
-4.599349200725555420e-02
-4.599483683705329895e-02
-4.597357660531997681e-02
-4.600083082914352417e-02
-4.600841179490089417e-02
-4.598597437143325806e-02
-4.598958417773246765e-02
-4.599449783563613892e-02
-4.597949236631393433e-02
-4.598008841276168823e-02
-4.599164426326751709e-02
-4.599649086594581604e-02
-4.598043859004974365e-02
-4.598398879170417786e-02
-4.598977044224739075e-02
-4.598702117800712585e-02
-4.599132761359214783e-02
-4.598084464669227600e-02
-4.598582535982131958e-02
-4.598129168152809143e-02
-4.598692432045936584e-02
-4.597609490156173706e-02
-4.596994817256927490e-02
-4.597068578004837036e-02
-4.598511382937431335e-02
-4.598784819245338440e-02
-4.599016159772872925e-02
-4.597905650734901428e-02
-4.598781093955039978e-02
-4.599076136946678162e-02
-4.597157984972000122e-02
-4.598597809672355652e-02
-4.597571119666099548e-02
-4.599586874246597290e-02
-4.599433392286300659e-02
-4.598411545157432556e-02
-4.597086831927299500e-02
-4.598749056458473206e-02
