-1.965943440250223634e-02
-1.966091625449236865e-02
-1.965282058480370339e-02
-1.965310751462133118e-02
-1.965171453684602318e-02
-1.965189677656431488e-02
-1.965744305550182550e-02
-1.966295201141630630e-02
-1.965666848283321305e-02
-1.965836984492497219e-02
-1.966351204393520027e-02
-1.965980269431498104e-02
-1.965759802978643209e-02
-1.966054403515246629e-02
-1.965981382147853965e-02
-1.965804909564415268e-02
-1.965379169251130209e-02
-1.965745052708705448e-02
-1.965594772300727211e-02
-1.965754644269998228e-02
-1.965555339606370883e-02
-1.965408947230973952e-02
-1.965515163366407178e-02
-1.965703137725954147e-02
-1.966008672310478808e-02
-1.965688763036720771e-02
-1.965472091104223176e-02
-1.965788696887727990e-02
-1.965260293627856675e-02
-1.966188610423657418e-02
-1.965789785322690636e-02
-1.965904891065546958e-02
-1.965887751722949703e-02
-1.966538606072601447e-02
-1.966497621668729032e-02
-1.966140218548042412e-02
-1.966538115186183822e-02
-1.966304630728803876e-02
-1.966200195002298923e-02
-1.965613658530005262e-02
-1.965670673241040611e-02
-1.965850567895979437e-02
-1.966509627666625584e-02
-1.966377069789884344e-02
-1.966670848218796466e-02
-1.966831468034835328e-02
-1.967417582214336588e-02
-1.966760199390563818e-02
-1.967196982060555668e-02
-1.967397533160154463e-02
-1.967281528389731513e-02
-1.967547615615166876e-02
-1.967092945348095784e-02
-1.968153227856059631e-02
-1.968038238606004825e-02
-1.968147432569548536e-02
-1.968590056614892211e-02
-1.968634707706254372e-02
-1.968605678016636593e-02
-1.968495891221483385e-02
-1.969324206970620231e-02
-1.969027097065191231e-02
-1.968990315743037595e-02
-1.968943819294450767e-02
-1.969701108962758698e-02
-1.969590348998868229e-02
-1.969354651730859801e-02
-1.969176402214634775e-02
-1.969883396420253965e-02
-1.969477506312676887e-02
-1.970101102153188136e-02
-1.970336731623661269e-02
-1.970254642970912032e-02
-1.970583317534007131e-02
-1.970131158774602459e-02
-1.970386265698983660e-02
-1.970630464411337462e-02
-1.970235517320353610e-02
-1.970687839548044759e-02
-1.970994017983488181e-02
-1.970782372754912790e-02
-1.970589138542183302e-02
-1.971015627890454480e-02
-1.971494833348980125e-02
-1.971389593320800951e-02
-1.970878916656146687e-02
-1.970948616489328134e-02
-1.971523989277373934e-02
-1.970896696475648441e-02
-1.971594175288996637e-02
-1.971243008477836442e-02
-1.971361323341603092e-02
-1.971534063844241486e-02
-1.971659404023330328e-02
-1.971695222892148533e-02
-1.972020589367624172e-02
-1.971038401381131761e-02
-1.971799070367207668e-02
-1.971559170484349366e-02
-1.972040606220362008e-02
-1.971454830822514173e-02
-1.971943067435261154e-02
-1.972232518561279832e-02
-1.972257411553187539e-02
-1.971659930522875331e-02
-1.971531633036257766e-02
-1.971678832501361223e-02
-1.972136274563976097e-02
-1.971871165722095115e-02
-1.971920410227324602e-02
-1.971781406457701752e-02
-1.971802707212214067e-02
-1.972252394993420990e-02
-1.971546761035974926e-02
-1.972524828120874457e-02
-1.972185935930577047e-02
-1.972085117532130366e-02
-1.972791657952069691e-02
-1.972006935268225125e-02
-1.971655761884761465e-02
-1.971958427487394139e-02
-1.971702627813593650e-02
-1.972745784170811326e-02
-1.972026895548069717e-02
-1.971873875800252487e-02
-1.972033231817799798e-02
-1.971837550085255367e-02
-1.971971798528295711e-02
-1.972038055531166734e-02
-1.972203799706078592e-02
-1.972095926483895950e-02
-1.971963784124026661e-02
-1.972358714847661024e-02
-1.972026244906793790e-02
-1.971874124897546668e-02
-1.972478531944264063e-02
-1.971965323791026112e-02
-1.971910438796342646e-02
-1.971704151945699243e-02
-1.971734279722088187e-02
-1.972105886914141473e-02
-1.972291315850275076e-02
-1.972100822497930422e-02
-1.972022123697542498e-02
-1.972298312114971128e-02
-1.972395188182913053e-02
-1.971638359686664690e-02
-1.972131313931897376e-02
-1.971609050455366483e-02
-1.971440813919905430e-02
-1.972060820719844648e-02
-1.972302956406132499e-02
-1.972253776079454027e-02
-1.972130839288310789e-02
-1.971703565596266694e-02
-1.971985784399582151e-02
-1.972673059831649492e-02
-1.972083472939148083e-02
-1.972449858482382828e-02
-1.972296825905651280e-02
-1.972853271084421337e-02
-1.972733487029069629e-02
-1.972671850146072089e-02
-1.972617006474669185e-02
-1.972748807944746732e-02
-1.972424687474344865e-02
-1.972471179942381775e-02
-1.972371461704073084e-02
-1.972756648809443486e-02
-1.973048245391118699e-02
-1.972831597321489730e-02
-1.972784299192248403e-02
-1.972262475253066735e-02
-1.972698412614538183e-02
-1.972949215219589950e-02
-1.972797245109372821e-02
-1.972545125965580182e-02
-1.972201796788466965e-02
-1.973188077929209985e-02
-1.972617603465957187e-02
-1.972459183551881698e-02
-1.972655705788648253e-02
-1.972482193237694997e-02
-1.973205043299291334e-02
-1.972932544694783880e-02
-1.972935985394385847e-02
-1.973389011267399559e-02
-1.972884912681624123e-02
-1.972927771133040770e-02
-1.973430184398132156e-02
-1.973197264680078347e-02
-1.973298860016771059e-02
-1.973196896749493043e-02
-1.973458296954590588e-02
-1.973348191962681977e-02
-1.973540531958295485e-02
-1.973861736319096338e-02
-1.973189205656713033e-02
-1.973567879986002846e-02
-1.973369023182961965e-02
-1.973573987663422916e-02
-1.973949380045791555e-02
-1.973340501976337744e-02
-1.973509774201362768e-02
-1.973559894884662630e-02
-1.973307450564976140e-02
-1.974247686088084069e-02
-1.974279180271383896e-02
-1.974453373451549171e-02
-1.974286119342773607e-02
-1.973953834395652390e-02
-1.974661704215311189e-02
-1.974484414160321971e-02
-1.974398902092017877e-02
-1.974560002095348404e-02
-1.974033632180141606e-02
-1.974013023606074543e-02
-1.974282287133406061e-02
-1.974482252743397365e-02
-1.974256457736759535e-02
-1.974275570788184067e-02
-1.974424644331452053e-02
-1.974859694105531374e-02
-1.974679811708190263e-02
-1.974416479036522620e-02
-1.974525429653698275e-02
-1.974703988152889250e-02
-1.975212159241968718e-02
-1.974692902476513773e-02
-1.974774256218750357e-02
-1.974684969988311709e-02
-1.975079493566837471e-02
-1.974660102898662811e-02
-1.975018910334698855e-02
-1.974984834265209460e-02
-1.974810179203865396e-02
-1.974972037157630284e-02
-1.975291370371818483e-02
-1.975748807277394672e-02
-1.975476040319368992e-02
-1.975516523339412508e-02
-1.975909970802366966e-02
-1.975921330348397870e-02
-1.975812504576253056e-02
-1.976246288763498435e-02
-1.976012405092059804e-02
-1.976014848023989814e-02
-1.976509745452264405e-02
-1.976232890698196784e-02
-1.976708068014864511e-02
-1.976460577810846414e-02
-1.976247435997224161e-02
-1.976821120154015690e-02
-1.976614939069570170e-02
-1.977019235767983260e-02
-1.976690420005071044e-02
-1.977394959029242158e-02
-1.977006050280118860e-02
-1.977067971098389956e-02
-1.977059195069904088e-02
-1.976925708136719265e-02
-1.977155559444488189e-02
-1.977240906347804694e-02
-1.976833753430610671e-02
-1.976796764121415903e-02
-1.977185179673955281e-02
-1.977427511332737961e-02
-1.977530435330593708e-02
-1.977680739888999090e-02
-1.977492500998751651e-02
-1.977199625571180244e-02
-1.977374692691784980e-02
-1.977490330004825006e-02
-1.977843477964165778e-02
-1.977625788186705355e-02
-1.977366515175468797e-02
-1.977826297645907463e-02
-1.977950237192038774e-02
-1.978253388582144542e-02
-1.977929140940204444e-02
-1.977889397570115754e-02
-1.977667390178075579e-02
-1.977843041492782783e-02
-1.977757209168574254e-02
-1.977944705010581741e-02
-1.978183260803509022e-02
-1.977998819587933887e-02
-1.977841625781763188e-02
-1.977639951911152466e-02
-1.977801042931829484e-02
-1.977784398980512656e-02
-1.977899938489427120e-02
-1.978058350178072897e-02
-1.977923593030492602e-02
-1.977992419634018798e-02
-1.978197664036451114e-02
-1.978065269461374079e-02
-1.978151378400576713e-02
-1.978157829014997107e-02
-1.978490604136446535e-02
-1.978220377236907315e-02
-1.978286221342890824e-02
-1.978038565624653383e-02
-1.978114902569678285e-02
-1.978273271899430238e-02
-1.978092686142625747e-02
-1.978311112984874193e-02
-1.978537064961774852e-02
-1.978272885337651471e-02
-1.978331803336638717e-02
-1.978026502415263649e-02
-1.978124823863445722e-02
-1.978319325416894731e-02
-1.978369659306856640e-02
-1.977975503189478151e-02
-1.978457372937980630e-02
-1.978489705160696097e-02
-1.978276405748518110e-02
-1.978213090579657510e-02
-1.978443523596551401e-02
-1.978279050107090153e-02
-1.978250912000878436e-02
-1.978411639962246796e-02
-1.978360664291805085e-02
-1.978291887293259083e-02
-1.978298930200981381e-02
-1.978290429035028941e-02
-1.978335857653839083e-02
-1.978315554373315938e-02
-1.978499957875805987e-02
-1.978300215682078991e-02
-1.978850237372369730e-02
-1.978717581247734641e-02
-1.978803244763832625e-02
-1.978607448066241684e-02
-1.978691185535329591e-02
-1.978748072978298717e-02
-1.978643725997184660e-02
-1.978829993731532830e-02
-1.978961056354686457e-02
-1.978535345855716651e-02
-1.978680034948984354e-02
-1.978741621447551932e-02
-1.978970005047419461e-02
-1.978615892901004411e-02
-1.978658519746856123e-02
-1.978606156865623036e-02
-1.978599659156905083e-02
-1.978656087850760165e-02
-1.978286776450659951e-02
-1.978611797248480686e-02
-1.978631444049330432e-02
-1.978639524762636909e-02
-1.978533624843887423e-02
-1.978845512280415567e-02
-1.978583269927642468e-02
-1.978725091491572927e-02
-1.978929917193829671e-02
-1.978794025357575107e-02
-1.978877891746271683e-02
-1.978749023978335422e-02
-1.979038244953135878e-02
-1.978618454767372761e-02
-1.978889299139607871e-02
-1.978690902063778845e-02
-1.978764129165461877e-02
-1.978532650731460937e-02
-1.978598297581101589e-02
-1.978762185305952409e-02
-1.978807466735967371e-02
-1.978595424869376493e-02
-1.978706641989826445e-02
-1.979042263640751545e-02
-1.978774213434481011e-02
-1.978874528262521831e-02
-1.978706761675380968e-02
-1.978689576462731511e-02
-1.979028275154092603e-02
-1.978804825651819116e-02
-1.978930652510883445e-02
-1.978874213347339359e-02
-1.978751867500722766e-02
-1.978966408551339692e-02
-1.978739060349002724e-02
-1.978978812896885903e-02
-1.978881621328021714e-02
-1.978994824833419860e-02
-1.979049167705436083e-02
-1.978993207410344873e-02
-1.978916985250343125e-02
-1.978723053847258190e-02
-1.978568203521796284e-02
-1.978792984242554870e-02
-1.979062907622819792e-02
-1.978943145584655811e-02
-1.978744483463381471e-02
-1.978875884303655033e-02
-1.979047283077081318e-02
-1.978801251717029683e-02
-1.978907213142222857e-02
-1.978594470730375005e-02
-1.978911516785462552e-02
-1.979015165509998356e-02
-1.978673278271803754e-02
-1.979029279758416984e-02
-1.979029979767779265e-02
-1.978879326686630233e-02
-1.979070189756644213e-02
-1.978850462296643381e-02
-1.979008961846001613e-02
-1.979191745235927072e-02
-1.978963248762972277e-02
-1.979032870279914466e-02
-1.978887593586594468e-02
-1.979086437713875948e-02
-1.978929694997304950e-02
-1.978747333756393847e-02
-1.979003101392420860e-02
-1.978833194335081688e-02
-1.979083829598050556e-02
-1.978782956905941401e-02
-1.978874176175569530e-02
-1.978833232325162908e-02
-1.979108049660932567e-02
-1.978948998688230196e-02
-1.978797145676989416e-02
-1.978699946443351551e-02
-1.978849354563276194e-02
-1.978945663453849160e-02
-1.979000997418460181e-02
-1.978910299367042311e-02
-1.978934017216655086e-02
-1.979008037207549697e-02
-1.978689848262673093e-02
-1.978988115360372224e-02
-1.978903874189185189e-02
-1.978897563432124168e-02
-1.978831300619879677e-02
-1.978927229265991378e-02
-1.979104053157902318e-02
-1.978877079389928378e-02
-1.978992633058555481e-02
-1.979336690673935348e-02
-1.978749305966254202e-02
-1.979041189133232473e-02
-1.978992925756675389e-02
-1.978772297758485746e-02
-1.978978817852340352e-02
-1.978742685381078975e-02
-1.979059267198017211e-02
-1.979143518455939166e-02
-1.978994898269478483e-02
-1.978777431099986578e-02
-1.978900610508519536e-02
-1.979182772699086476e-02
-1.978837316876659938e-02
-1.978936187040871569e-02
-1.979049267096856871e-02
-1.978664973084729578e-02
-1.979064751191027607e-02
-1.979040422777362737e-02
-1.978915859663517990e-02
-1.979074244462312657e-02
-1.979008281929733881e-02
-1.978977602858975407e-02
-1.979140897746400896e-02
-1.978967036542909202e-02
-1.978886185703549599e-02
-1.979341144719319254e-02
-1.978843126583903697e-02
-1.978894078168681042e-02
-1.978922085163463060e-02
-1.979036994339577679e-02
-1.978876352394275465e-02
-1.979246702307061595e-02
-1.979022104692736844e-02
-1.979094474676055745e-02
-1.979195014619618623e-02
-1.979126050465761927e-02
-1.978961832559058068e-02
-1.979079599399733227e-02
-1.978968781874059987e-02
-1.978848018349424823e-02
-1.978799832263850728e-02
-1.978925765634673498e-02
-1.979035037844854503e-02
-1.979051607489334952e-02
-1.979011366851197648e-02
-1.979050162172573540e-02
-1.979105207376068848e-02
-1.979181345066948622e-02
-1.978998700304798047e-02
-1.979173603786313004e-02
-1.979054961922018310e-02
-1.979097219821359874e-02
-1.979171402017080791e-02
-1.979148926783386164e-02
-1.979096761762911758e-02
-1.979032188865498601e-02
-1.979128959058903611e-02
-1.979091830659017101e-02
-1.979328419134944103e-02
-1.978874584130744727e-02
-1.979191593485383691e-02
-1.979107055922086494e-02
-1.979080289068374521e-02
-1.979071439448574707e-02
-1.978812803990227451e-02
-1.979048313297125314e-02
-1.979147637311992614e-02
-1.979149252377314025e-02
-1.978982616991173740e-02
-1.979010466793397829e-02
-1.978932896051846871e-02
-1.979111771877074474e-02
-1.979123617639751490e-02
-1.979362769385905468e-02
-1.979170146658790555e-02
-1.978959667005967399e-02
-1.979132966659161511e-02
-1.979235660721267998e-02
-1.979029257273192885e-02
-1.979101176863574257e-02
-1.979108944412439133e-02
-1.979259664942108893e-02
-1.979377425780611335e-02
-1.979255275844796907e-02
-1.979150800845444133e-02
-1.979241608796938889e-02
-1.979036458357888786e-02
-1.979062539265744741e-02
-1.979074208867772841e-02
-1.979107909978809407e-02
-1.979171203015452768e-02
-1.979106863119841145e-02
-1.979028470740304066e-02
-1.978615967712240090e-02
-1.979205128229757221e-02
-1.979151719682706659e-02
-1.979068846277883334e-02
-1.979272224903804583e-02
-1.978945525601112990e-02
-1.978881849826940459e-02
-1.979205729323057356e-02
-1.978952436941793305e-02
-1.979134418376940832e-02
-1.979326239193723511e-02
-1.978960041705457931e-02
-1.978916901468335057e-02
-1.978991542060309569e-02
-1.979196160216882203e-02
-1.978845850898500874e-02
-1.979096278670202172e-02
-1.979221543029803174e-02
-1.979079878841617096e-02
-1.979210124174697952e-02
-1.979062518003910087e-02
-1.978854454031002061e-02
-1.978997017106921483e-02
-1.979040812462418142e-02
-1.979016074693109792e-02
-1.979307832593196065e-02
-1.979409757006758003e-02
-1.979159926982112030e-02
-1.979029339663185977e-02
-1.979036502542188061e-02
-1.979116320835627024e-02
-1.979398036717798862e-02
-1.979135929962244633e-02
-1.979189197076435675e-02
-1.978975734806368361e-02
-1.979264410493136728e-02
-1.979160061780014385e-02
-1.979180910018292841e-02
-1.979336737403094779e-02
-1.979122795772583765e-02
-1.979170821062880420e-02
-1.978919449015284840e-02
-1.979225268596999238e-02
-1.979059501892633383e-02
-1.979195822587976467e-02
-1.979121195120992979e-02
-1.979235197197558999e-02
-1.978970808092549855e-02
-1.979163966234640665e-02
-1.979189432033213319e-02
-1.979264199135603516e-02
-1.979002257604991002e-02
-1.979008465112719328e-02
-1.979215911553795088e-02
-1.979269517053367650e-02
-1.979148553353593520e-02
-1.979225684519738890e-02
-1.979314697638883194e-02
-1.979292640363420133e-02
-1.979054460759896092e-02
-1.979011266072746439e-02
-1.978865539299035081e-02
-1.979186680107149557e-02
-1.979425932647418604e-02
-1.979138033498144614e-02
-1.979412096156358061e-02
-1.979225311129118037e-02
-1.979076386613896205e-02
-1.979136607067857184e-02
-1.979179544540997024e-02
-1.979039977237630546e-02
-1.979551870968034380e-02
-1.979228737314184597e-02
-1.979007613221406281e-02
-1.979120935664277839e-02
-1.979047899980924258e-02
-1.978851954022437659e-02
-1.978934686264669299e-02
-1.979469877060187691e-02
-1.979225401967605463e-02
-1.979345487362435194e-02
-1.979344573531966259e-02
-1.979355039506406830e-02
-1.979352428588621038e-02
-1.979174817768645719e-02
-1.979427284742645704e-02
-1.979237555811716801e-02
-1.978989601297593756e-02
-1.978856431658237644e-02
-1.979033727418824315e-02
-1.979353247401812940e-02
-1.979297561911506562e-02
-1.979244021808570717e-02
-1.979269138992341068e-02
-1.979202459544883788e-02
-1.979175949300287715e-02
-1.979116199187030273e-02
-1.979089287159562296e-02
-1.978966581828207200e-02
-1.979276647697195135e-02
-1.979307147180339385e-02
-1.979245591282390374e-02
-1.979259269356950166e-02
-1.979467927234282790e-02
-1.979245528820666039e-02
-1.979042225802957189e-02
-1.979008434034887701e-02
-1.979175183413608985e-02
-1.979141070310182562e-02
-1.979133430441710681e-02
-1.979334822980854253e-02
-1.979416108487186063e-02
-1.979027716744599999e-02
-1.979090524677532686e-02
-1.979155273690090186e-02
-1.979141427153966251e-02
-1.978991409704869767e-02
-1.979371915465420045e-02
-1.979259298779118686e-02
-1.979095177455511903e-02
-1.979171142218982826e-02
-1.979293537880238638e-02
-1.979143887281758357e-02
-1.979117820709155526e-02
-1.979212126839588817e-02
-1.979340914258828285e-02
-1.979462146595914115e-02
-1.979127061636929905e-02
-1.979276462612255746e-02
-1.979162783332286471e-02
-1.978965260693325151e-02
-1.979196443566249436e-02
-1.979312201436874905e-02
-1.979278348640347088e-02
-1.978986424090044965e-02
-1.979194096002123357e-02
-1.979312483074046822e-02
-1.979380808056995650e-02
-1.979229823836884880e-02
-1.979203766125696776e-02
-1.979129343471407870e-02
-1.979385235696966977e-02
-1.979381918398823159e-02
-1.979249692430303312e-02
-1.979560131175589835e-02
-1.979049960086691831e-02
-1.979333781454392649e-02
-1.979449377120754208e-02
-1.979284111399196369e-02
-1.979269344838523875e-02
-1.979344996387786410e-02
-1.979212040472325476e-02
-1.979433375352434438e-02
-1.979015442263280106e-02
-1.979240017223943271e-02
-1.979169008096424640e-02
-1.979412283181831642e-02
-1.979250540560420143e-02
-1.979416959638045231e-02
-1.979323871511424332e-02
-1.979048035460610408e-02
-1.979371334485811526e-02
-1.979095987752821362e-02
-1.979108288671033514e-02
-1.979368454163935725e-02
-1.979439854462135620e-02
-1.979389598489178850e-02
-1.979350037895993147e-02
-1.979414592053870339e-02
-1.979210023200368013e-02
-1.979373583444004464e-02
-1.979083138254936203e-02
-1.979172883200473049e-02
-1.979312332687703166e-02
-1.979307319202053272e-02
-1.979291361218834394e-02
-1.979400927559260212e-02
-1.979348901393166577e-02
-1.979375460582535190e-02
-1.979426354630181226e-02
-1.979208870489823288e-02
-1.979393819503010715e-02
-1.979087654984211173e-02
-1.979311554823703911e-02
-1.979119686998591018e-02
-1.979466900299729423e-02
-1.979204687953433489e-02
-1.979527529117395754e-02
-1.979381288046576023e-02
-1.979113267569492657e-02
-1.979393198051767819e-02
-1.979118810559228961e-02
-1.979168028934358975e-02
-1.979280033327331448e-02
-1.978967672897838717e-02
-1.979041482195881274e-02
-1.979401694159520567e-02
-1.979374941212888248e-02
-1.978994540337651251e-02
-1.979469361221767795e-02
-1.979318323609356028e-02
-1.979127201649193840e-02
-1.979161837832133647e-02
-1.979017607740096718e-02
-1.979267386074586368e-02
-1.979299426704483542e-02
-1.979116843088066235e-02
-1.979289697579108762e-02
-1.979168454996078214e-02
-1.979273547668667504e-02
-1.979273943298995656e-02
-1.979406020948506692e-02
-1.979476242640493960e-02
-1.979263093456582953e-02
-1.979018677913563229e-02
-1.979184948350675918e-02
-1.979249443658048779e-02
-1.979122035417280046e-02
-1.979148396342486974e-02
-1.979294712164847078e-02
-1.979121636050450855e-02
-1.979244720509132707e-02
-1.979322403241020809e-02
-1.979271656380738112e-02
-1.979079377799802808e-02
-1.978976653895351059e-02
-1.979204769958354052e-02
-1.979137366382114835e-02
-1.979470169740509683e-02
-1.979377035608610030e-02
-1.979266372537297203e-02
-1.979184926626227983e-02
-1.979044402439710665e-02
-1.979194401955421470e-02
-1.979258821431271326e-02
-1.979373095124913745e-02
-1.979354445776329227e-02
-1.979360227350956264e-02
-1.979304821127814834e-02
-1.979138760970309066e-02
-1.979359844647388122e-02
-1.979401714220434608e-02
-1.979207878598510106e-02
-1.979208027874736556e-02
-1.979267857634600322e-02
-1.979193144573963489e-02
-1.979068033979958924e-02
-1.979357339551838027e-02
-1.978944430131892446e-02
-1.979411719818541596e-02
-1.979393045692744851e-02
-1.979110377459994061e-02
-1.979307829282126938e-02
-1.979136567839969232e-02
-1.979200847971597857e-02
-1.979318199272179710e-02
-1.979400026515202096e-02
-1.979274186775770161e-02
-1.979307294377888674e-02
-1.979154704914262361e-02
-1.979268842527848182e-02
-1.979246989348304800e-02
-1.979586681692756950e-02
-1.979143600971447134e-02
-1.979223971172237168e-02
-1.979380207167457523e-02
-1.979431488768498143e-02
-1.979578417642533991e-02
-1.979408589273051744e-02
-1.979395576710209562e-02
-1.979420907178803049e-02
-1.979217090465026571e-02
-1.979442498155106062e-02
-1.979134870794029694e-02
-1.979392981153877198e-02
-1.978948355295452946e-02
-1.979140112804322893e-02
-1.978869321659352393e-02
-1.979533630695281057e-02
-1.979363958166946783e-02
-1.979217108967922661e-02
-1.979128427834038820e-02
-1.979297935046655729e-02
-1.979279315134779144e-02
-1.979205084218070218e-02
-1.979054560447857103e-02
-1.979307473718545235e-02
-1.979646200303543727e-02
-1.979364015349202241e-02
-1.979595549749717937e-02
-1.979395001528807749e-02
-1.979382047706439510e-02
-1.979343600543625667e-02
-1.979470122379389102e-02
-1.979434371833004372e-02
-1.979147086964896593e-02
-1.979183545642317424e-02
-1.979308544561551170e-02
-1.979352647995835310e-02
-1.979190291793059275e-02
-1.979272308457631982e-02
-1.979014764610859470e-02
-1.979536817180477248e-02
-1.979348842917277862e-02
-1.979237307063815704e-02
-1.979344094049530559e-02
-1.979449257929956005e-02
-1.979418753459508476e-02
-1.979317993682570484e-02
-1.979005230993490655e-02
-1.979341563244516738e-02
-1.979256488792299415e-02
-1.979352037970701778e-02
-1.979169024511492556e-02
-1.979193170789026249e-02
-1.979238668467806286e-02
-1.979282671740514171e-02
-1.979379735229250953e-02
-1.979159084595251764e-02
-1.979492805363938443e-02
-1.979345816950553796e-02
-1.979349025453631256e-02
-1.979390150510436028e-02
-1.979130105735880593e-02
-1.979361347740597396e-02
-1.979609503768326589e-02
-1.979244529776686204e-02
-1.979107232133848343e-02
-1.979211530889840587e-02
-1.979066535626198067e-02
-1.978961431476415275e-02
-1.979279311310225969e-02
-1.979265671015125252e-02
-1.978974574339665074e-02
-1.979221507816772765e-02
-1.979036551873974287e-02
-1.979281435012963941e-02
-1.979221672931256656e-02
-1.979352445281934089e-02
-1.979093594477572896e-02
-1.979466247057034764e-02
-1.979269947994568776e-02
-1.978998112817548227e-02
-1.979314279654219993e-02
-1.979176382053334307e-02
-1.979366232179242263e-02
-1.979315402905855101e-02
-1.979492472232631181e-02
-1.978865753416261114e-02
-1.979381969263466559e-02
-1.979321211765217720e-02
-1.979356899722766600e-02
-1.979424293909174196e-02
-1.979478306240506011e-02
-1.979264889964251969e-02
-1.979111568369591040e-02
-1.979493225169028439e-02
-1.979479594192694661e-02
-1.979425928350769109e-02
-1.979341447939676410e-02
-1.979388968338843466e-02
-1.979246292174484737e-02
-1.979254414289903161e-02
-1.979199555465791655e-02
-1.979435300720614258e-02
-1.979262769833509475e-02
-1.979342243994708372e-02
-1.979489647040006198e-02
-1.979355640121712237e-02
-1.979403106651983144e-02
-1.979176628430743753e-02
-1.979332619085261147e-02
-1.979142458322822110e-02
-1.979396925754365114e-02
-1.979361691196701231e-02
-1.979238343094269492e-02
-1.979008619343798972e-02
-1.979520942781320958e-02
-1.979313033158895327e-02
-1.979477296669420253e-02
-1.979367518607782345e-02
-1.979427150364293855e-02
-1.979206325338475972e-02
-1.979128286766732372e-02
-1.979406055839528708e-02
-1.979164420755665302e-02
-1.979300494990191700e-02
-1.979384160677790175e-02
-1.979326270733609491e-02
-1.979309256472292292e-02
-1.979288823233110728e-02
-1.979635487911826988e-02
-1.979203982108177981e-02
-1.979306273421793660e-02
-1.979386466855661414e-02
-1.979364246621275261e-02
-1.979352041004211679e-02
-1.979349571006030692e-02
-1.979484112588094855e-02
-1.979318779078529864e-02
-1.979596900047722943e-02
-1.979468494343283175e-02
-1.979464672559733129e-02
-1.979256681073616325e-02
-1.979286242720626129e-02
-1.979282321747926482e-02
-1.979354731654425770e-02
-1.979329543450874390e-02
-1.979276054777072066e-02
-1.979336369852569694e-02
-1.979612725999351300e-02
-1.979261181905000999e-02
-1.978926765289226383e-02
-1.979343887654952741e-02
-1.979268013554363881e-02
-1.979503645859374480e-02
-1.979263756000709806e-02
-1.979225144851455218e-02
-1.979259742341913514e-02
-1.979260943325238456e-02
-1.979254501833140403e-02
-1.979368565548591738e-02
-1.979331859398822738e-02
-1.979396683180119701e-02
-1.979362506494294904e-02
-1.979239858484139331e-02
-1.979352815504644564e-02
-1.979159278336344724e-02
-1.979329856675170543e-02
-1.979309870565452642e-02
-1.979152658901437226e-02
-1.979386920799109176e-02
-1.979221804160795004e-02
-1.979215870343284389e-02
-1.979261392313102358e-02
-1.979161343115582589e-02
-1.979652625613354672e-02
-1.979494676627871139e-02
-1.979584994454768737e-02
-1.979314843218487815e-02
-1.979639870030667700e-02
-1.979345504787835899e-02
-1.979639311558349310e-02
-1.979530691956347260e-02
-1.979187260221615396e-02
-1.979406902740459689e-02
-1.979219221948244622e-02
-1.979506185487140899e-02
-1.979486035086848797e-02
-1.979169142041295112e-02
-1.979448097896167533e-02
-1.979156600500983632e-02
-1.979458321440947383e-02
-1.979478559465168083e-02
-1.979482952164391546e-02
-1.979270737410545114e-02
-1.979511313229562544e-02
-1.979375275949154731e-02
-1.979335681775405351e-02
-1.979198937228637822e-02
-1.979134797670051293e-02
-1.979247382332990565e-02
-1.979456340631697772e-02
-1.979638174364805811e-02
