-3.168356046080589294e-02
-3.168059140443801880e-02
-3.168160468339920044e-02
-3.167777508497238159e-02
-3.168222308158874512e-02
-3.168040513992309570e-02
-3.168447688221931458e-02
-3.168014809489250183e-02
-3.168181329965591431e-02
-3.168438747525215149e-02
-3.168435394763946533e-02
-3.168146312236785889e-02
-3.169106692075729370e-02
-3.169570490717887878e-02
-3.169237822294235229e-02
-3.169232606887817383e-02
-3.167883679270744324e-02
-3.169698640704154968e-02
-3.169228136539459229e-02
-3.167378529906272888e-02
-3.168242424726486206e-02
-3.168013319373130798e-02
-3.168625012040138245e-02
-3.167810663580894470e-02
-3.167826682329177856e-02
-3.168018907308578491e-02
-3.168692812323570251e-02
-3.167726844549179077e-02
-3.168680891394615173e-02
-3.167924657464027405e-02
-3.168103098869323730e-02
-3.168069198727607727e-02
-3.167871385812759399e-02
-3.168337792158126831e-02
-3.168659657239913940e-02
-3.168135508894920349e-02
-3.170231729745864868e-02
-3.167686983942985535e-02
-3.169664368033409119e-02
-3.167971968650817871e-02
-3.168904781341552734e-02
-3.169896453619003296e-02
-3.168674185872077942e-02
-3.169986233115196228e-02
-3.168969601392745972e-02
-3.168018534779548645e-02
-3.169424831867218018e-02
-3.169036656618118286e-02
-3.169481456279754639e-02
-3.167833387851715088e-02
-3.169960901141166687e-02
-3.167874738574028015e-02
-3.168101608753204346e-02
-3.168685361742973328e-02
-3.169539943337440491e-02
-3.169732540845870972e-02
-3.170272707939147949e-02
-3.168836981058120728e-02
-3.168861567974090576e-02
-3.169319033622741699e-02
-3.169415146112442017e-02
-3.170164674520492554e-02
-3.168701380491256714e-02
-3.170163556933403015e-02
-3.169697150588035583e-02
-3.168289363384246826e-02
-3.168899193406105042e-02
-3.169446811079978943e-02
-3.168728575110435486e-02
-3.170184046030044556e-02
-3.168983384966850281e-02
-3.168489038944244385e-02
-3.168866038322448730e-02
-3.167988732457160950e-02
-3.168249875307083130e-02
-3.170148655772209167e-02
-3.169154375791549683e-02
-3.169459477066993713e-02
-3.168400004506111145e-02
-3.169465065002441406e-02
-3.168253228068351746e-02
-3.168572485446929932e-02
-3.168432042002677917e-02
-3.169940784573554993e-02
-3.171159327030181885e-02
-3.169490396976470947e-02
-3.169964626431465149e-02
-3.168549388647079468e-02
-3.169073909521102905e-02
-3.167964518070220947e-02
-3.168231993913650513e-02
-3.168742358684539795e-02
-3.168550506234169006e-02
-3.168062493205070496e-02
-3.168830648064613342e-02
-3.170159086585044861e-02
-3.168608248233795166e-02
-3.168885782361030579e-02
-3.168446943163871765e-02
-3.168813884258270264e-02
-3.169859573245048523e-02
-3.169175237417221069e-02
-3.168412297964096069e-02
-3.168433904647827148e-02
-3.168348968029022217e-02
-3.168938308954238892e-02
-3.168879821896553040e-02
-3.169719129800796509e-02
-3.170255571603775024e-02
-3.168737888336181641e-02
-3.168316558003425598e-02
-3.169245272874832153e-02
-3.168442845344543457e-02
-3.168682008981704712e-02
-3.168771415948867798e-02
-3.169761970639228821e-02
-3.169214352965354919e-02
-3.169247135519981384e-02
-3.168879821896553040e-02
-3.169171139597892761e-02
-3.168367967009544373e-02
-3.168033435940742493e-02
-3.168478608131408691e-02
-3.170358017086982727e-02
-3.170215710997581482e-02
-3.169608861207962036e-02
-3.167607635259628296e-02
-3.169113397598266602e-02
-3.168113157153129578e-02
-3.169018402695655823e-02
-3.169396519660949707e-02
-3.169162943959236145e-02
-3.168423101305961609e-02
-3.169960528612136841e-02
-3.168186172842979431e-02
-3.167508170008659363e-02
-3.168351948261260986e-02
-3.168155997991561890e-02
-3.167990595102310181e-02
-3.168128058314323425e-02
-3.168319165706634521e-02
-3.167320415377616882e-02
-3.167574107646942139e-02
-3.169730678200721741e-02
-3.169138357043266296e-02
-3.167543932795524597e-02
-3.167786821722984314e-02
-3.168379142880439758e-02
-3.169527649879455566e-02
-3.169452026486396790e-02
-3.168601542711257935e-02
-3.168156743049621582e-02
-3.168884664773941040e-02
-3.168699145317077637e-02
-3.169363364577293396e-02
-3.170313686132431030e-02
-3.169438242912292480e-02
-3.168793022632598877e-02
-3.168951719999313354e-02
-3.168896958231925964e-02
-3.168502449989318848e-02
-3.168057277798652649e-02
-3.168455511331558228e-02
-3.167860209941864014e-02
-3.169556707143783569e-02
-3.169988840818405151e-02
-3.169672191143035889e-02
-3.168686479330062866e-02
-3.169780597090721130e-02
-3.169198334217071533e-02
-3.168340027332305908e-02
-3.168720006942749023e-02
-3.168795630335807800e-02
-3.168341889977455139e-02
-3.169004991650581360e-02
-3.168476745486259460e-02
-3.169571980834007263e-02
-3.169723972678184509e-02
-3.169649839401245117e-02
-3.168118000030517578e-02
-3.167472034692764282e-02
-3.168256208300590515e-02
-3.170029446482658386e-02
-3.168286010622978210e-02
-3.169105574488639832e-02
-3.169266507029533386e-02
-3.168637305498123169e-02
-3.169312700629234314e-02
-3.168374672532081604e-02
-3.166829049587249756e-02
-3.168283775448799133e-02
-3.168035298585891724e-02
-3.169054538011550903e-02
-3.169729560613632202e-02
-3.168657422065734863e-02
-3.169425204396247864e-02
-3.168103843927383423e-02
-3.169044107198715210e-02
-3.167676553130149841e-02
-3.169111162424087524e-02
-3.169123083353042603e-02
-3.168694674968719482e-02
-3.168153017759323120e-02
-3.169539570808410645e-02
-3.168293088674545288e-02
-3.168638795614242554e-02
-3.167547285556793213e-02
-3.168366104364395142e-02
-3.167506307363510132e-02
-3.168092295527458191e-02
-3.168836608529090881e-02
-3.169587999582290649e-02
-3.168888017535209656e-02
-3.169444203376770020e-02
-3.168837353587150574e-02
-3.168470785021781921e-02
-3.169324621558189392e-02
-3.167990967631340027e-02
-3.170342743396759033e-02
-3.168519213795661926e-02
-3.167917951941490173e-02
-3.169642016291618347e-02
-3.169136866927146912e-02
-3.168577328324317932e-02
-3.169260174036026001e-02
-3.169086202979087830e-02
-3.169058263301849365e-02
-3.168224170804023743e-02
-3.169038519263267517e-02
-3.167956694960594177e-02
-3.169062361121177673e-02
-3.168978169560432434e-02
-3.168766573071479797e-02
-3.167293593287467957e-02
-3.167328238487243652e-02
-3.168939799070358276e-02
-3.167539089918136597e-02
-3.168831765651702881e-02
-3.168753907084465027e-02
-3.169195726513862610e-02
-3.169479966163635254e-02
-3.169967979192733765e-02
-3.169146180152893066e-02
-3.169099986553192139e-02
-3.167875856161117554e-02
-3.167894855141639709e-02
-3.169168531894683838e-02
-3.168687969446182251e-02
-3.168415278196334839e-02
-3.168101236224174500e-02
-3.168657049536705017e-02
-3.168451786041259766e-02
-3.168938681483268738e-02
-3.168989717960357666e-02
-3.168821707367897034e-02
-3.167480975389480591e-02
-3.169065713882446289e-02
-3.170438110828399658e-02
-3.170341998338699341e-02
-3.168512880802154541e-02
-3.169222548604011536e-02
-3.167697042226791382e-02
-3.168291598558425903e-02
-3.168588131666183472e-02
-3.168825060129165649e-02
-3.169060498476028442e-02
-3.169330209493637085e-02
-3.167866170406341553e-02
-3.168470412492752075e-02
-3.169732540845870972e-02
-3.169438987970352173e-02
-3.168730810284614563e-02
-3.168736770749092102e-02
-3.168883547186851501e-02
-3.168558329343795776e-02
-3.168648108839988708e-02
-3.168342262506484985e-02
-3.169204294681549072e-02
-3.169184178113937378e-02
-3.169308230280876160e-02
-3.168933838605880737e-02
-3.169360011816024780e-02
-3.169586509466171265e-02
-3.168885409832000732e-02
-3.168737888336181641e-02
-3.169162198901176453e-02
-3.168429806828498840e-02
-3.168354928493499756e-02
-3.167215734720230103e-02
-3.168929368257522583e-02
-3.168489784002304077e-02
-3.168991953134536743e-02
-3.167615830898284912e-02
-3.168506920337677002e-02
-3.168453276157379150e-02
-3.169866651296615601e-02
-3.169151395559310913e-02
-3.168679401278495789e-02
-3.168431296944618225e-02
-3.168951347470283508e-02
-3.168699890375137329e-02
-3.168620169162750244e-02
-3.168510645627975464e-02
-3.169205412268638611e-02
-3.168363496661186218e-02
-3.167386353015899658e-02
-3.169152140617370605e-02
-3.169132396578788757e-02
-3.170242533087730408e-02
-3.169407695531845093e-02
-3.169958665966987610e-02
-3.168898448348045349e-02
-3.168871253728866577e-02
-3.168065845966339111e-02
-3.170475363731384277e-02
-3.168504685163497925e-02
-3.168568015098571777e-02
-3.167907893657684326e-02
-3.169208019971847534e-02
-3.169598430395126343e-02
-3.169455751776695251e-02
-3.167156130075454712e-02
-3.168155997991561890e-02
-3.168264776468276978e-02
-3.168704733252525330e-02
-3.168947249650955200e-02
-3.169353306293487549e-02
-3.169352561235427856e-02
-3.169500827789306641e-02
-3.170063346624374390e-02
-3.169036656618118286e-02
-3.169414401054382324e-02
-3.168755769729614258e-02
-3.169710934162139893e-02
-3.169185295701026917e-02
-3.169380500912666321e-02
-3.168273717164993286e-02
-3.169097751379013062e-02
-3.169007226824760437e-02
-3.169165924191474915e-02
-3.169529885053634644e-02
-3.168058767914772034e-02
-3.169273585081100464e-02
-3.168397769331932068e-02
-3.168799355626106262e-02
-3.168500214815139771e-02
-3.168674930930137634e-02
-3.168033808469772339e-02
-3.169385716319084167e-02
-3.168436139822006226e-02
-3.168559819459915161e-02
-3.169163316488265991e-02
-3.169379755854606628e-02
-3.168909624218940735e-02
-3.168509528040885925e-02
-3.168251365423202515e-02
-3.169285878539085388e-02
-3.169625997543334961e-02
-3.169247508049011230e-02
-3.169246390461921692e-02
-3.168256208300590515e-02
-3.170071914792060852e-02
-3.170567750930786133e-02
-3.168775886297225952e-02
-3.169513866305351257e-02
-3.168353438377380371e-02
-3.170706331729888916e-02
-3.169452399015426636e-02
-3.169381245970726013e-02
-3.169105574488639832e-02
-3.169242665171623230e-02
-3.168980032205581665e-02
-3.169227391481399536e-02
-3.168830275535583496e-02
-3.169281035661697388e-02
-3.169105947017669678e-02
-3.169533237814903259e-02
-3.168172389268875122e-02
-3.169499337673187256e-02
-3.169237822294235229e-02
-3.169193863868713379e-02
-3.169706836342811584e-02
-3.169129043817520142e-02
-3.168743476271629333e-02
-3.171208500862121582e-02
-3.170416504144668579e-02
-3.170054033398628235e-02
-3.170448169112205505e-02
-3.169571608304977417e-02
-3.169119358062744141e-02
-3.170416876673698425e-02
-3.170156106352806091e-02
-3.169346973299980164e-02
-3.170065581798553467e-02
-3.169364854693412781e-02
-3.168979287147521973e-02
-3.169098496437072754e-02
-3.170200437307357788e-02
-3.169240429997444153e-02
-3.169091790914535522e-02
-3.170096501708030701e-02
-3.169652447104454041e-02
-3.168382868170738220e-02
-3.169914707541465759e-02
-3.170474991202354431e-02
-3.170200809836387634e-02
-3.168828785419464111e-02
-3.169842436909675598e-02
-3.171423077583312988e-02
-3.170128166675567627e-02
-3.169653192162513733e-02
-3.170566260814666748e-02
-3.170729801058769226e-02
-3.170571848750114441e-02
-3.172230720520019531e-02
-3.171052783727645874e-02
-3.171775862574577332e-02
-3.169426321983337402e-02
-3.170357644557952881e-02
-3.169776871800422668e-02
-3.170681744813919067e-02
-3.169806301593780518e-02
-3.170370310544967651e-02
-3.170311078429222107e-02
-3.169631212949752808e-02
-3.169437125325202942e-02
-3.169717639684677124e-02
-3.170408681035041809e-02
-3.170619532465934753e-02
-3.170979768037796021e-02
-3.169680386781692505e-02
-3.170830756425857544e-02
-3.171432018280029297e-02
-3.170683979988098145e-02
-3.171251341700553894e-02
-3.169835358858108521e-02
-3.170106559991836548e-02
-3.169887140393257141e-02
-3.170892596244812012e-02
-3.171993046998977661e-02
-3.170914575457572937e-02
-3.169842436909675598e-02
-3.171023353934288025e-02
-3.170897811651229858e-02
-3.170458227396011353e-02
-3.171316534280776978e-02
-3.171403333544731140e-02
-3.171682357788085938e-02
-3.171519935131072998e-02
-3.170313686132431030e-02
-3.171161562204360962e-02
-3.171261772513389587e-02
-3.172330558300018311e-02
-3.170470893383026123e-02
-3.172111883759498596e-02
-3.173182532191276550e-02
-3.172491863369941711e-02
-3.171899169683456421e-02
-3.171901404857635498e-02
-3.171761333942413330e-02
-3.169971331954002380e-02
-3.170867264270782471e-02
-3.171039745211601257e-02
-3.171206638216972351e-02
-3.171414509415626526e-02
-3.172649443149566650e-02
-3.171064704656600952e-02
-3.172222524881362915e-02
-3.171090409159660339e-02
-3.172458708286285400e-02
-3.171319514513015747e-02
-3.171061724424362183e-02
-3.172016143798828125e-02
-3.172036260366439819e-02
-3.171438351273536682e-02
-3.171776980161666870e-02
-3.171449154615402222e-02
-3.171547129750251770e-02
-3.171364590525627136e-02
-3.171391040086746216e-02
-3.171655163168907166e-02
-3.172400966286659241e-02
-3.172297775745391846e-02
-3.172733262181282043e-02
-3.171791136264801025e-02
-3.171243146061897278e-02
-3.171644732356071472e-02
-3.171679750084877014e-02
-3.173329308629035950e-02
-3.172534331679344177e-02
-3.172346577048301697e-02
-3.172434121370315552e-02
-3.171623498201370239e-02
-3.172550722956657410e-02
-3.170924261212348938e-02
-3.171449527144432068e-02
-3.172650560736656189e-02
-3.171833977103233337e-02
-3.172246739268302917e-02
-3.171441704034805298e-02
-3.172013163566589355e-02
-3.171644359827041626e-02
-3.171684220433235168e-02
-3.172098845243453979e-02
-3.172285482287406921e-02
-3.173110634088516235e-02
-3.172854706645011902e-02
-3.173049166798591614e-02
-3.172604367136955261e-02
-3.172553703188896179e-02
-3.172827884554862976e-02
-3.172842785716056824e-02
-3.172911703586578369e-02
-3.171959146857261658e-02
-3.172786533832550049e-02
-3.171560168266296387e-02
-3.173116594552993774e-02
-3.172790259122848511e-02
-3.171844035387039185e-02
-3.172620758414268494e-02
-3.172200173139572144e-02
-3.172679990530014038e-02
-3.173360973596572876e-02
-3.173357993364334106e-02
-3.172846511006355286e-02
-3.173200413584709167e-02
-3.173074498772621155e-02
-3.173179924488067627e-02
-3.174343705177307129e-02
-3.173442557454109192e-02
-3.173821792006492615e-02
-3.172416612505912781e-02
-3.173417225480079651e-02
-3.173413127660751343e-02
-3.173043578863143921e-02
-3.172620758414268494e-02
-3.172954916954040527e-02
-3.172333166003227234e-02
-3.172980993986129761e-02
-3.172194585204124451e-02
-3.173020482063293457e-02
-3.172951936721801758e-02
-3.173240646719932556e-02
-3.173886612057685852e-02
-3.174445033073425293e-02
-3.173139691352844238e-02
-3.173813968896865845e-02
-3.174083307385444641e-02
-3.174816817045211792e-02
-3.173894435167312622e-02
-3.173093497753143311e-02
-3.172739967703819275e-02
-3.172848373651504517e-02
-3.171694278717041016e-02
-3.174564242362976074e-02
-3.173439204692840576e-02
-3.172896429896354675e-02
-3.173642978072166443e-02
-3.175158053636550903e-02
-3.173040226101875305e-02
-3.172595798969268799e-02
-3.173248097300529480e-02
-3.173972666263580322e-02
-3.172721713781356812e-02
-3.174052387475967407e-02
-3.174300491809844971e-02
-3.173092007637023926e-02
-3.173880651593208313e-02
-3.173963353037834167e-02
-3.174266219139099121e-02
-3.173704445362091064e-02
-3.174780681729316711e-02
-3.173404932022094727e-02
-3.173984214663505554e-02
-3.174486383795738220e-02
-3.174467012286186218e-02
-3.174056485295295715e-02
-3.174960240721702576e-02
-3.174515813589096069e-02
-3.174467757344245911e-02
-3.174408897757530212e-02
-3.174219653010368347e-02
-3.173981234431266785e-02
-3.174407407641410828e-02
-3.174116462469100952e-02
-3.174765408039093018e-02
-3.173916041851043701e-02
-3.174211829900741577e-02
-3.174145519733428955e-02
-3.174158558249473572e-02
-3.174064680933952332e-02
-3.174803778529167175e-02
-3.173619508743286133e-02
-3.174719214439392090e-02
-3.173770383000373840e-02
-3.174399584531784058e-02
-3.174176067113876343e-02
-3.174750134348869324e-02
-3.174496442079544067e-02
-3.173939511179924011e-02
-3.173975646495819092e-02
-3.174699842929840088e-02
-3.174354508519172668e-02
-3.174497932195663452e-02
-3.174701333045959473e-02
-3.174103796482086182e-02
-3.175668790936470032e-02
-3.174812346696853638e-02
-3.174807131290435791e-02
-3.174585849046707153e-02
-3.175177797675132751e-02
-3.175429999828338623e-02
-3.175734356045722961e-02
-3.173759579658508301e-02
-3.174190968275070190e-02
-3.173992410302162170e-02
-3.174682706594467163e-02
-3.173445910215377808e-02
-3.174240142107009888e-02
-3.175204992294311523e-02
-3.174780681729316711e-02
-3.174614906311035156e-02
-3.175364062190055847e-02
-3.173995390534400940e-02
-3.173908591270446777e-02
-3.174845501780509949e-02
-3.174501657485961914e-02
-3.174738213419914246e-02
-3.174342960119247437e-02
-3.174247220158576965e-02
-3.175015747547149658e-02
-3.174888342618942261e-02
-3.174795582890510559e-02
-3.175671771168708801e-02
-3.175019845366477966e-02
-3.175033628940582275e-02
-3.176160529255867004e-02
-3.175873309373855591e-02
-3.175641223788261414e-02
-3.175169229507446289e-02
-3.176951408386230469e-02
-3.176885843276977539e-02
-3.174741938710212708e-02
-3.174988180398941040e-02
-3.175507485866546631e-02
-3.174550086259841919e-02
-3.174167871475219727e-02
-3.175707906484603882e-02
-3.175981715321540833e-02
-3.175532817840576172e-02
-3.174640610814094543e-02
-3.174941614270210266e-02
-3.175667673349380493e-02
-3.175779059529304504e-02
-3.175336867570877075e-02
-3.175612911581993103e-02
-3.174920380115509033e-02
-3.176100924611091614e-02
-3.175288066267967224e-02
-3.176199644804000854e-02
-3.176195546984672546e-02
-3.176770359277725220e-02
-3.176726028323173523e-02
-3.176048398017883301e-02
-3.175337240099906921e-02
-3.176757320761680603e-02
-3.176527470350265503e-02
-3.175997734069824219e-02
-3.175747394561767578e-02
-3.175574541091918945e-02
-3.175543248653411865e-02
-3.176486492156982422e-02
-3.175851702690124512e-02
-3.175904601812362671e-02
-3.175989165902137756e-02
-3.176055103540420532e-02
-3.177016228437423706e-02
-3.176816552877426147e-02
-3.177030384540557861e-02
-3.176899626851081848e-02
-3.176274895668029785e-02
-3.176092728972434998e-02
-3.175539523363113403e-02
-3.175637125968933105e-02
-3.176216036081314087e-02
-3.176105394959449768e-02
-3.176021575927734375e-02
-3.176279366016387939e-02
-3.176343813538551331e-02
-3.175748884677886963e-02
-3.175466135144233704e-02
-3.176495432853698730e-02
-3.176452592015266418e-02
-3.176762163639068604e-02
-3.176651522517204285e-02
-3.177265822887420654e-02
-3.176214918494224548e-02
-3.176158666610717773e-02
-3.176452219486236572e-02
-3.177719190716743469e-02
-3.176800906658172607e-02
-3.176420181989669800e-02
-3.177005797624588013e-02
-3.176796436309814453e-02
-3.174869343638420105e-02
-3.175904601812362671e-02
-3.177390992641448975e-02
-3.177083656191825867e-02
-3.176851943135261536e-02
-3.176017478108406067e-02
-3.177155926823616028e-02
-3.177490085363388062e-02
-3.176958113908767700e-02
-3.177553042769432068e-02
-3.176865726709365845e-02
-3.177207335829734802e-02
-3.177333623170852661e-02
-3.177122771739959717e-02
-3.176987916231155396e-02
-3.177133947610855103e-02
-3.178427368402481079e-02
-3.177368268370628357e-02
-3.176861256361007690e-02
-3.176911547780036926e-02
-3.176965191960334778e-02
-3.177190944552421570e-02
-3.176657855510711670e-02
-3.177528455853462219e-02
-3.177085518836975098e-02
-3.177282214164733887e-02
-3.177120536565780640e-02
-3.177734464406967163e-02
-3.176353871822357178e-02
-3.177974373102188110e-02
-3.178080171346664429e-02
-3.178180754184722900e-02
-3.178381174802780151e-02
-3.177371621131896973e-02
-3.178350627422332764e-02
-3.178413957357406616e-02
-3.177825361490249634e-02
-3.177122771739959717e-02
-3.177281841635704041e-02
-3.177326545119285583e-02
-3.178555890917778015e-02
-3.178353980183601379e-02
-3.178461641073226929e-02
-3.177483007311820984e-02
-3.176913782954216003e-02
-3.177941963076591492e-02
-3.177311643958091736e-02
-3.177149966359138489e-02
-3.177703917026519775e-02
-3.178027272224426270e-02
-3.177874535322189331e-02
-3.177195414900779724e-02
-3.178134188055992126e-02
-3.177639096975326538e-02
-3.177781030535697937e-02
-3.178469091653823853e-02
-3.179244324564933777e-02
-3.177629411220550537e-02
-3.177740424871444702e-02
-3.178333491086959839e-02
-3.178860992193222046e-02
-3.178865090012550354e-02
-3.178635984659194946e-02
-3.178808093070983887e-02
-3.178802132606506348e-02
-3.178130090236663818e-02
-3.178691491484642029e-02
-3.178267925977706909e-02
-3.178847953677177429e-02
-3.178961575031280518e-02
-3.179134428501129150e-02
-3.179408982396125793e-02
-3.179155662655830383e-02
-3.179638460278511047e-02
-3.177528828382492065e-02
-3.177578374743461609e-02
-3.178669512271881104e-02
-3.178506717085838318e-02
-3.179291635751724243e-02
-3.178169950842857361e-02
-3.177302703261375427e-02
-3.177338838577270508e-02
-3.178258985280990601e-02
-3.178915753960609436e-02
-3.178150951862335205e-02
-3.178394958376884460e-02
-3.178348392248153687e-02
-3.179984912276268005e-02
-3.178886696696281433e-02
-3.177458047866821289e-02
-3.177883103489875793e-02
-3.179252147674560547e-02
-3.179077431559562683e-02
-3.178205341100692749e-02
-3.178023919463157654e-02
-3.178988024592399597e-02
-3.178984671831130981e-02
-3.179986029863357544e-02
-3.178684040904045105e-02
-3.178308531641960144e-02
-3.178284689784049988e-02
-3.179074451327323914e-02
-3.178771957755088806e-02
-3.178820013999938965e-02
-3.178863972425460815e-02
-3.179391846060752869e-02
-3.179063647985458374e-02
-3.178988397121429443e-02
-3.178953006863594055e-02
-3.178798034787178040e-02
-3.179129585623741150e-02
-3.178815171122550964e-02
-3.179547190666198730e-02
-3.179110959172248840e-02
-3.178158029913902283e-02
-3.178541362285614014e-02
-3.179110214114189148e-02
-3.179468959569931030e-02
-3.178768977522850037e-02
-3.178996592760086060e-02
-3.179204463958740234e-02
-3.180308640003204346e-02
-3.180141001939773560e-02
-3.179411217570304871e-02
-3.179777041077613831e-02
-3.179447352886199951e-02
-3.179194405674934387e-02
-3.179235011339187622e-02
-3.179741278290748596e-02
-3.179735690355300903e-02
-3.179442137479782104e-02
-3.179285675287246704e-02
-3.180052340030670166e-02
-3.179577738046646118e-02
-3.178521618247032166e-02
-3.179382905364036560e-02
-3.179533407092094421e-02
-3.180000185966491699e-02
-3.179426863789558411e-02
-3.178856521844863892e-02
-3.179666027426719666e-02
-3.179497644305229187e-02
-3.179267048835754395e-02
-3.179548308253288269e-02
-3.179828450083732605e-02
-3.179675340652465820e-02
-3.179930895566940308e-02
-3.180180117487907410e-02
-3.180014342069625854e-02
-3.180516883730888367e-02
-3.180278092622756958e-02
-3.179362043738365173e-02
-3.179107233881950378e-02
-3.179305791854858398e-02
-3.180450946092605591e-02
-3.179375454783439636e-02
-3.180282190442085266e-02
-3.179910406470298767e-02
-3.180137276649475098e-02
-3.179029375314712524e-02
-3.180325776338577271e-02
-3.178767859935760498e-02
-3.179419040679931641e-02
-3.180226311087608337e-02
-3.180160373449325562e-02
-3.179837763309478760e-02
-3.179757669568061829e-02
-3.180234134197235107e-02
-3.179880604147911072e-02
-3.179644793272018433e-02
-3.180884569883346558e-02
-3.180888295173645020e-02
-3.180679306387901306e-02
-3.179923072457313538e-02
-3.180329501628875732e-02
-3.180050849914550781e-02
-3.179962188005447388e-02
-3.179223835468292236e-02
-3.179986402392387390e-02
-3.179990872740745544e-02
-3.180390596389770508e-02
-3.180669620633125305e-02
-3.180970996618270874e-02
-3.180491551756858826e-02
-3.179551288485527039e-02
-3.181176260113716125e-02
-3.180764615535736084e-02
-3.181030973792076111e-02
-3.179721906781196594e-02
-3.179844468832015991e-02
-3.180319815874099731e-02
-3.180007636547088623e-02
-3.179886564612388611e-02
-3.179753571748733521e-02
-3.180223703384399414e-02
-3.179278969764709473e-02
-3.180151060223579407e-02
-3.181399405002593994e-02
-3.180305287241935730e-02
-3.180565685033798218e-02
-3.180092200636863708e-02
-3.180588409304618835e-02
-3.180840238928794861e-02
-3.180460631847381592e-02
-3.179395198822021484e-02
-3.180570527911186218e-02
-3.181010112166404724e-02
-3.180300444364547729e-02
-3.181487321853637695e-02
-3.180871531367301941e-02
-3.181009367108345032e-02
-3.180711343884468079e-02
-3.179737553000450134e-02
-3.180880099534988403e-02
-3.180251643061637878e-02
-3.180978819727897644e-02
-3.180335834622383118e-02
-3.180387243628501892e-02
-3.181168809533119202e-02
-3.181093931198120117e-02
-3.180229291319847107e-02
-3.179965540766716003e-02
-3.180398792028427124e-02
-3.180295974016189575e-02
-3.180284425616264343e-02
-3.181062638759613037e-02
-3.180678561329841614e-02
-3.181068971753120422e-02
-3.180741146206855774e-02
-3.182243928313255310e-02
-3.181541338562965393e-02
-3.180634602904319763e-02
-3.181119263172149658e-02
-3.180427849292755127e-02
-3.180587291717529297e-02
-3.181175142526626587e-02
-3.180684149265289307e-02
-3.181013464927673340e-02
-3.180985525250434875e-02
-3.181359916925430298e-02
-3.181246668100357056e-02
-3.181655704975128174e-02
-3.181043267250061035e-02
-3.179680928587913513e-02
-3.181288391351699829e-02
-3.180427849292755127e-02
-3.181077167391777039e-02
-3.180839493870735168e-02
-3.180352225899696350e-02
-3.181122988462448120e-02
-3.180705755949020386e-02
-3.181722387671470642e-02
-3.180947154760360718e-02
-3.181081637740135193e-02
-3.180855512619018555e-02
-3.180605918169021606e-02
-3.180774301290512085e-02
-3.181477263569831848e-02
-3.181081637740135193e-02
-3.180637210607528687e-02
-3.181194886565208435e-02
-3.181418776512145996e-02
-3.181547671556472778e-02
-3.181269392371177673e-02
-3.181289881467819214e-02
-3.181584551930427551e-02
-3.181122615933418274e-02
-3.180621564388275146e-02
-3.180981799960136414e-02
-3.180926293134689331e-02
-3.181852400302886963e-02
-3.180872276425361633e-02
-3.180941194295883179e-02
-3.181447461247444153e-02
-3.181716427206993103e-02
-3.181233257055282593e-02
-3.181292116641998291e-02
-3.182121738791465759e-02
-3.180406615138053894e-02
-3.181084990501403809e-02
-3.181429207324981689e-02
-3.181763738393783569e-02
-3.180491551756858826e-02
-3.180827945470809937e-02
-3.181114047765731812e-02
-3.180499002337455750e-02
-3.180392086505889893e-02
-3.180750086903572083e-02
-3.180839866399765015e-02
-3.181541711091995239e-02
-3.181309625506401062e-02
-3.181460499763488770e-02
-3.181307762861251831e-02
-3.182189166545867920e-02
-3.181184083223342896e-02
-3.179742023348808289e-02
-3.181910514831542969e-02
-3.181253373622894287e-02
-3.181208670139312744e-02
-3.181450441479682922e-02
-3.182121738791465759e-02
-3.180876374244689941e-02
-3.180947154760360718e-02
-3.180261328816413879e-02
-3.180323541164398193e-02
-3.181976824998855591e-02
-3.182238712906837463e-02
-3.181353583931922913e-02
-3.182126581668853760e-02
-3.181884065270423889e-02
-3.181623667478561401e-02
-3.180975466966629028e-02
-3.181926906108856201e-02
-3.180898725986480713e-02
-3.181800991296768188e-02
-3.181201219558715820e-02
-3.181227669119834900e-02
-3.181031346321105957e-02
-3.181437402963638306e-02
-3.180884569883346558e-02
-3.181912750005722046e-02
-3.182351589202880859e-02
-3.181185573339462280e-02
-3.180510550737380981e-02
-3.181730955839157104e-02
-3.181071951985359192e-02
-3.179868683218955994e-02
-3.181073069572448730e-02
-3.181032463908195496e-02
-3.180592134594917297e-02
-3.181420639157295227e-02
-3.181371092796325684e-02
-3.181170299649238586e-02
-3.180485963821411133e-02
-3.182476758956909180e-02
-3.180788829922676086e-02
-3.181065246462821960e-02
-3.182058781385421753e-02
-3.181231394410133362e-02
-3.181103989481925964e-02
-3.180969506502151489e-02
-3.181509301066398621e-02
-3.180845826864242554e-02
-3.181525319814682007e-02
-3.181543201208114624e-02
-3.181694075465202332e-02
-3.181752189993858337e-02
-3.182094171643257141e-02
-3.181359171867370605e-02
-3.181344270706176758e-02
-3.182472661137580872e-02
-3.182244300842285156e-02
-3.181298077106475830e-02
-3.181400895118713379e-02
-3.181406483054161072e-02
-3.180589526891708374e-02
-3.182406350970268250e-02
-3.181280195713043213e-02
-3.181028366088867188e-02
-3.181225061416625977e-02
-3.182248026132583618e-02
-3.181760385632514954e-02
-3.182361274957656860e-02
-3.180661052465438843e-02
-3.182110190391540527e-02
-3.181391581892967224e-02
-3.181800618767738342e-02
-3.181951493024826050e-02
-3.181399032473564148e-02
-3.181380033493041992e-02
-3.182275593280792236e-02
-3.182267397642135620e-02
-3.182395920157432556e-02
-3.181454166769981384e-02
-3.181784227490425110e-02
-3.181328251957893372e-02
-3.182136639952659607e-02
-3.182148560881614685e-02
-3.181346133351325989e-02
-3.182193264365196228e-02
-3.181924298405647278e-02
-3.181529417634010315e-02
-3.181535005569458008e-02
-3.181502968072891235e-02
-3.181903809309005737e-02
-3.181512281298637390e-02
-3.181296586990356445e-02
-3.181592747569084167e-02
-3.182397037744522095e-02
-3.182448446750640869e-02
-3.182185068726539612e-02
-3.181534633040428162e-02
-3.181318566203117371e-02
-3.182738274335861206e-02
-3.182043880224227905e-02
-3.181881457567214966e-02
-3.181101009249687195e-02
-3.182392939925193787e-02
-3.181441873311996460e-02
-3.181490302085876465e-02
-3.182049840688705444e-02
-3.181847557425498962e-02
-3.182483091950416565e-02
-3.181320428848266602e-02
-3.181178122758865356e-02
-3.182103484869003296e-02
-3.182511031627655029e-02
-3.182114660739898682e-02
-3.181342035531997681e-02
-3.181898593902587891e-02
-3.181908652186393738e-02
-3.182029351592063904e-02
-3.182319551706314087e-02
-3.182259202003479004e-02
-3.182457759976387024e-02
-3.182114288210868835e-02
-3.182395547628402710e-02
-3.182013332843780518e-02
-3.181138262152671814e-02
-3.182701393961906433e-02
-3.182389959692955017e-02
-3.181898593902587891e-02
-3.181299194693565369e-02
-3.181580454111099243e-02
-3.182001411914825439e-02
-3.182600066065788269e-02
-3.182340413331985474e-02
-3.180301189422607422e-02
-3.181602805852890015e-02
-3.181860595941543579e-02
-3.182588890194892883e-02
-3.181841596961021423e-02
-3.181796893477439880e-02
-3.182416781783103943e-02
-3.182536363601684570e-02
-3.181936591863632202e-02
-3.183093294501304626e-02
-3.181656077504158020e-02
-3.182937204837799072e-02
-3.181494027376174927e-02
-3.182242438197135925e-02
-3.181999921798706055e-02
-3.182272985577583313e-02
-3.182109817862510681e-02
-3.181914240121841431e-02
-3.182693943381309509e-02
-3.182468563318252563e-02
-3.181801736354827881e-02
-3.182227909564971924e-02
-3.182671219110488892e-02
-3.182343393564224243e-02
-3.182357549667358398e-02
-3.182245790958404541e-02
-3.181694075465202332e-02
-3.182481974363327026e-02
-3.182010352611541748e-02
-3.182421252131462097e-02
-3.182166442275047302e-02
-3.182673454284667969e-02
-3.182527795433998108e-02
-3.182315081357955933e-02
-3.183300420641899109e-02
-3.181998059153556824e-02
-3.181199356913566589e-02
-3.182875737547874451e-02
-3.182046487927436829e-02
-3.182383999228477478e-02
-3.182884678244590759e-02
-3.181590139865875244e-02
-3.182233497500419617e-02
-3.181747347116470337e-02
-3.183088824152946472e-02
-3.181923925876617432e-02
-3.181689232587814331e-02
-3.182073682546615601e-02
-3.181919082999229431e-02
-3.182427585124969482e-02
-3.182871267199516296e-02
-3.182178363204002380e-02
-3.182437643408775330e-02
-3.182961046695709229e-02
-3.182275965809822083e-02
-3.182327747344970703e-02
-3.181509673595428467e-02
-3.181479871273040771e-02
-3.182028979063034058e-02
-3.182219713926315308e-02
-3.182700276374816895e-02
-3.183258697390556335e-02
-3.183223307132720947e-02
-3.182644769549369812e-02
-3.183053806424140930e-02
-3.182525187730789185e-02
-3.181878849864006042e-02
-3.182326257228851318e-02
-3.182534500956535339e-02
-3.183078020811080933e-02
-3.181969746947288513e-02
-3.183307126164436340e-02
-3.182556107640266418e-02
-3.181555122137069702e-02
-3.182100504636764526e-02
-3.182344138622283936e-02
-3.183425962924957275e-02
-3.183272108435630798e-02
-3.182699531316757202e-02
-3.181987255811691284e-02
-3.182795643806457520e-02
-3.181681782007217407e-02
-3.182889893651008606e-02
-3.183349221944808960e-02
-3.183022141456604004e-02
-3.183516860008239746e-02
-3.182201832532882690e-02
-3.182983770966529846e-02
-3.181352838873863220e-02
-3.182424604892730713e-02
-3.183501213788986206e-02
-3.182267397642135620e-02
-3.182200714945793152e-02
-3.182956203818321228e-02
-3.182569146156311035e-02
-3.183316811919212341e-02
-3.183311969041824341e-02
-3.183196112513542175e-02
-3.182622790336608887e-02
-3.182845190167427063e-02
-3.183262050151824951e-02
-3.183041512966156006e-02
-3.182957321405410767e-02
-3.182424604892730713e-02
-3.182861953973770142e-02
-3.183008730411529541e-02
-3.182640299201011658e-02
-3.182552754878997803e-02
-3.182744234800338745e-02
-3.183237835764884949e-02
-3.182158246636390686e-02
-3.182302042841911316e-02
-3.183015808463096619e-02
-3.182769566774368286e-02
-3.182488679885864258e-02
-3.183225169777870178e-02
-3.182248398661613464e-02
-3.183936327695846558e-02
-3.183553740382194519e-02
-3.182678297162055969e-02
-3.182135149836540222e-02
-3.181977570056915283e-02
-3.183706104755401611e-02
-3.182702511548995972e-02
-3.182516992092132568e-02
-3.182455152273178101e-02
-3.182692080736160278e-02
-3.183947131037712097e-02
-3.182515129446983337e-02
-3.182611986994743347e-02
-3.183808177709579468e-02
-3.183231502771377563e-02
-3.183139860630035400e-02
-3.182568401098251343e-02
-3.182537481188774109e-02
-3.183057159185409546e-02
-3.184473142027854919e-02
-3.182773664593696594e-02
-3.183655068278312683e-02
-3.183220326900482178e-02
-3.182383254170417786e-02
-3.183376789093017578e-02
-3.183389455080032349e-02
-3.182871639728546143e-02
-3.183438256382942200e-02
-3.182209283113479614e-02
-3.182779252529144287e-02
-3.183550387620925903e-02
-3.184311836957931519e-02
-3.182988986372947693e-02
-3.182294592261314392e-02
-3.182883188128471375e-02
-3.182585537433624268e-02
-3.183167055249214172e-02
-3.183336555957794189e-02
-3.183086961507797241e-02
-3.182908147573471069e-02
-3.183218464255332947e-02
-3.183762356638908386e-02
-3.182698041200637817e-02
-3.183569386601448059e-02
-3.183752298355102539e-02
-3.183890506625175476e-02
-3.183241188526153564e-02
-3.182706609368324280e-02
-3.182908892631530762e-02
-3.182327747344970703e-02
-3.183143213391304016e-02
-3.183465078473091125e-02
-3.184090182185173035e-02
-3.182400017976760864e-02
-3.182872757315635681e-02
-3.182953596115112305e-02
-3.182887658476829529e-02
-3.183807060122489929e-02
-3.181812912225723267e-02
-3.182391077280044556e-02
-3.183288127183914185e-02
-3.183563426136970520e-02
-3.183821961283683777e-02
-3.182816505432128906e-02
-3.182906657457351685e-02
-3.182802721858024597e-02
-3.182424604892730713e-02
-3.183180838823318481e-02
-3.183061629533767700e-02
-3.182239830493927002e-02
-3.183340281248092651e-02
-3.183518350124359131e-02
-3.183465451002120972e-02
-3.183245286345481873e-02
-3.184130787849426270e-02
-3.183179721236228943e-02
-3.183027356863021851e-02
-3.182752430438995361e-02
-3.182541951537132263e-02
-3.183109313249588013e-02
-3.183167800307273865e-02
-3.183011710643768311e-02
-3.182633593678474426e-02
-3.183282911777496338e-02
-3.182478621602058411e-02
-3.182935714721679688e-02
-3.183490782976150513e-02
-3.183962777256965637e-02
-3.182293102145195007e-02
-3.183424472808837891e-02
-3.184086084365844727e-02
-3.183205425739288330e-02
-3.183136507868766785e-02
-3.184236213564872742e-02
-3.182602673768997192e-02
-3.184204548597335815e-02
-3.183494508266448975e-02
-3.183441981673240662e-02
-3.183957561850547791e-02
-3.182849287986755371e-02
-3.183158114552497864e-02
-3.184024989604949951e-02
-3.183011338114738464e-02
-3.183728456497192383e-02
-3.183087706565856934e-02
-3.183135390281677246e-02
-3.183215856552124023e-02
-3.184713050723075867e-02
-3.183014318346977234e-02
-3.183029964566230774e-02
-3.182736039161682129e-02
-3.183520585298538208e-02
-3.182681649923324585e-02
-3.182920068502426147e-02
-3.182785212993621826e-02
-3.183170035481452942e-02
-3.183380886912345886e-02
-3.183704614639282227e-02
-3.183162957429885864e-02
-3.183146566152572632e-02
-3.183586522936820984e-02
-3.183420374989509583e-02
-3.183883056044578552e-02
-3.183447569608688354e-02
-3.183506429195404053e-02
-3.183722123503684998e-02
-3.184008225798606873e-02
-3.183005377650260925e-02
-3.183346241712570190e-02
-3.183562681078910828e-02
-3.184315562248229980e-02
-3.183858096599578857e-02
-3.183444961905479431e-02
-3.184080868959426880e-02
-3.183762729167938232e-02
-3.183576464653015137e-02
-3.182847425341606140e-02
-3.184496611356735229e-02
-3.183268383145332336e-02
-3.183554485440254211e-02
-3.184487670660018921e-02
-3.184862807393074036e-02
-3.184413909912109375e-02
-3.183966875076293945e-02
-3.183990716934204102e-02
-3.184278681874275208e-02
-3.183992579579353333e-02
-3.184364736080169678e-02
-3.183959424495697021e-02
-3.184799849987030029e-02
-3.183277323842048645e-02
-3.184135630726814270e-02
-3.183345869183540344e-02
-3.183482587337493896e-02
-3.183187916874885559e-02
-3.183472156524658203e-02
-3.183709084987640381e-02
-3.184043988585472107e-02
-3.183379024267196655e-02
-3.183941170573234558e-02
-3.183794766664505005e-02
-3.184042125940322876e-02
-3.184378892183303833e-02
-3.184033185243606567e-02
-3.183970227837562561e-02
-3.184210509061813354e-02
-3.184188157320022583e-02
-3.184343129396438599e-02
-3.183937817811965942e-02
-3.184806182980537415e-02
-3.184935450553894043e-02
-3.184459358453750610e-02
-3.184447810053825378e-02
-3.184224292635917664e-02
-3.184144198894500732e-02
-3.183584660291671753e-02
-3.184079006314277649e-02
-3.184141591191291809e-02
-3.183923289179801941e-02
-3.184570372104644775e-02
-3.184574842453002930e-02
-3.183605149388313293e-02
-3.184108436107635498e-02
-3.183497488498687744e-02
-3.184608742594718933e-02
-3.183618932962417603e-02
-3.184754773974418640e-02
-3.184172511100769043e-02
-3.184226155281066895e-02
-3.184263408184051514e-02
-3.183215111494064331e-02
-3.184297680854797363e-02
-3.184161335229873657e-02
-3.183654695749282837e-02
-3.183466196060180664e-02
-3.183254599571228027e-02
-3.184120729565620422e-02
-3.183852136135101318e-02
-3.185006231069564819e-02
-3.184667974710464478e-02
-3.184794262051582336e-02
-3.184873610734939575e-02
-3.185273706912994385e-02
-3.184717521071434021e-02
-3.184781596064567566e-02
-3.184404596686363220e-02
-3.184431046247482300e-02
-3.183805942535400391e-02
-3.184503316879272461e-02
-3.184138238430023193e-02
-3.183655813336372375e-02
-3.184052556753158569e-02
-3.184062987565994263e-02
-3.184155374765396118e-02
-3.183810785412788391e-02
-3.184059262275695801e-02
-3.183560073375701904e-02
-3.184010088443756104e-02
-3.184192627668380737e-02
-3.184660524129867554e-02
-3.183793649077415466e-02
-3.184633702039718628e-02
-3.182969987392425537e-02
-3.184673935174942017e-02
-3.184268623590469360e-02
-3.184170275926589966e-02
-3.184430673718452454e-02
-3.184793144464492798e-02
-3.184594213962554932e-02
-3.183851763606071472e-02
-3.184653818607330322e-02
-3.184525668621063232e-02
-3.183981776237487793e-02
-3.184988722205162048e-02
-3.184383362531661987e-02
-3.184157237410545349e-02
-3.185046836733818054e-02
-3.184472024440765381e-02
-3.184443712234497070e-02
-3.184987232089042664e-02
-3.184755519032478333e-02
-3.184844553470611572e-02
-3.184709697961807251e-02
-3.184784576296806335e-02
-3.184820711612701416e-02
-3.184749931097030640e-02
-3.184455260634422302e-02
-3.184525296092033386e-02
-3.184899315237998962e-02
-3.184856474399566650e-02
-3.184524178504943848e-02
-3.184702992439270020e-02
-3.185764700174331665e-02
-3.185364603996276855e-02
-3.183971345424652100e-02
-3.184664249420166016e-02
-3.183857351541519165e-02
-3.184135630726814270e-02
-3.184075281023979187e-02
-3.184092044830322266e-02
-3.184425458312034607e-02
-3.184441477060317993e-02
-3.185531497001647949e-02
-3.185032308101654053e-02
-3.185245022177696228e-02
-3.184838593006134033e-02
-3.184764087200164795e-02
-3.184844925999641418e-02
-3.183564171195030212e-02
-3.185144811868667603e-02
-3.184415400028228760e-02
-3.184410557150840759e-02
-3.184672445058822632e-02
-3.185223415493965149e-02
-3.185164183378219604e-02
-3.185473009943962097e-02
-3.185432404279708862e-02
-3.184698894619941711e-02
-3.185106813907623291e-02
-3.185173124074935913e-02
-3.184290230274200439e-02
-3.184062987565994263e-02
-3.184957429766654968e-02
-3.185218200087547302e-02
-3.184489533305168152e-02
-3.185272961854934692e-02
-3.185018897056579590e-02
-3.184446319937705994e-02
-3.185413405299186707e-02
-3.185426443815231323e-02
-3.185669705271720886e-02
-3.184494003653526306e-02
-3.184259682893753052e-02
-3.184993565082550049e-02
-3.185139596462249756e-02
-3.184534236788749695e-02
-3.185114637017250061e-02
-3.184852004051208496e-02
-3.184597939252853394e-02
-3.185255452990531921e-02
-3.184996172785758972e-02
-3.184477984905242920e-02
-3.184169158339500427e-02
-3.185175731778144836e-02
-3.184821456670761108e-02
-3.185085207223892212e-02
-3.185137361288070679e-02
-3.184349834918975830e-02
-3.185011073946952820e-02
-3.185011446475982666e-02
-3.183228522539138794e-02
-3.184567019343376160e-02
-3.184393048286437988e-02
-3.185000643134117126e-02
-3.184621036052703857e-02
-3.184693679213523865e-02
-3.184368088841438293e-02
-3.185283765196800232e-02
-3.184986859560012817e-02
-3.185416013002395630e-02
-3.184755519032478333e-02
-3.183998167514801025e-02
-3.185384348034858704e-02
-3.185351938009262085e-02
-3.184743970632553101e-02
-3.184603899717330933e-02
-3.184949606657028198e-02
-3.185483068227767944e-02
-3.185390681028366089e-02
-3.185428678989410400e-02
-3.184516355395317078e-02
-3.185678645968437195e-02
-3.184559941291809082e-02
-3.185076266527175903e-02
-3.185319155454635620e-02
-3.185617178678512573e-02
-3.185388445854187012e-02
-3.185988962650299072e-02
-3.185650333762168884e-02
-3.185429796576499939e-02
-3.185344859957695007e-02
-3.184276819229125977e-02
-3.185526281595230103e-02
-3.184924647212028503e-02
-3.184412419795989990e-02
-3.185405582189559937e-02
-3.185518831014633179e-02
-3.185144066810607910e-02
-3.185765817761421204e-02
-3.185451030731201172e-02
-3.185238689184188843e-02
-3.185360878705978394e-02
-3.184878081083297729e-02
-3.185286000370979309e-02
-3.185145184397697449e-02
-3.185059875249862671e-02
-3.184853866696357727e-02
-3.185668215155601501e-02
-3.184634447097778320e-02
-3.184884414076805115e-02
-3.185151889920234680e-02
-3.185193985700607300e-02
-3.184710815548896790e-02
-3.184944018721580505e-02
-3.186237439513206482e-02
-3.185396268963813782e-02
-3.184294700622558594e-02
-3.186048939824104309e-02
-3.184473514556884766e-02
-3.185570985078811646e-02
-3.185609728097915649e-02
-3.185442090034484863e-02
-3.184904530644416809e-02
-3.185284882783889771e-02
-3.185217082500457764e-02
-3.184814378619194031e-02
-3.186069801449775696e-02
-3.184967115521430969e-02
-3.184333816170692444e-02
-3.185319527983665466e-02
-3.185568749904632568e-02
-3.186030313372612000e-02
-3.185248374938964844e-02
-3.185005113482475281e-02
-3.184909746050834656e-02
-3.185405582189559937e-02
-3.185884281992912292e-02
-3.185698390007019043e-02
-3.185342997312545776e-02
-3.184664249420166016e-02
-3.185456246137619019e-02
-3.185651823878288269e-02
-3.185158967971801758e-02
-3.185470029711723328e-02
-3.185805305838584900e-02
-3.184957429766654968e-02
-3.185554966330528259e-02
-3.184973821043968201e-02
-3.185325488448143005e-02
-3.185920044779777527e-02
-3.185085207223892212e-02
-3.184983879327774048e-02
-3.185614570975303650e-02
-3.185973316431045532e-02
-3.185393288731575012e-02
-3.185849264264106750e-02
-3.185092657804489136e-02
-3.184777498245239258e-02
-3.185228630900382996e-02
-3.185417875647544861e-02
-3.185912594199180603e-02
-3.184937313199043274e-02
-3.185307979583740234e-02
-3.184681758284568787e-02
-3.185121342539787292e-02
-3.186031058430671692e-02
-3.185134008526802063e-02
-3.185532987117767334e-02
-3.185965493321418762e-02
-3.184344619512557983e-02
-3.185286745429039001e-02
-3.186077624559402466e-02
-3.185712546110153198e-02
-3.184472024440765381e-02
-3.184503689408302307e-02
-3.185248002409934998e-02
-3.185118362307548523e-02
-3.185350820422172546e-02
-3.185227513313293457e-02
-3.185909986495971680e-02
-3.186316788196563721e-02
-3.185478970408439636e-02
-3.185581788420677185e-02
-3.185671567916870117e-02
-3.186538070440292358e-02
-3.185651451349258423e-02
-3.185526654124259949e-02
-3.185695409774780273e-02
-3.185009583830833435e-02
-3.185578808188438416e-02
-3.185416758060455322e-02
-3.185200691223144531e-02
-3.186120465397834778e-02
-3.185859695076942444e-02
-3.185131773352622986e-02
-3.185651823878288269e-02
-3.185199946165084839e-02
-3.185450658202171326e-02
-3.185926377773284912e-02
-3.185949474573135376e-02
-3.185858950018882751e-02
-3.185468539595603943e-02
-3.185268118977546692e-02
-3.184626623988151550e-02
-3.185684978961944580e-02
-3.186593577265739441e-02
-3.185780346393585205e-02
-3.185535222291946411e-02
-3.185887262225151062e-02
-3.185655176639556885e-02
-3.185521811246871948e-02
-3.186326101422309875e-02
-3.186263889074325562e-02
-3.185262158513069153e-02
-3.185471519827842712e-02
-3.186489641666412354e-02
-3.185247629880905151e-02
-3.186376765370368958e-02
-3.185656666755676270e-02
-3.186926990747451782e-02
-3.185910731554031372e-02
-3.185940161347389221e-02
-3.185461834073066711e-02
-3.185883164405822754e-02
-3.185974434018135071e-02
-3.186009451746940613e-02
-3.185839205980300903e-02
-3.185616433620452881e-02
-3.185845166444778442e-02
-3.186122700572013855e-02
-3.185328841209411621e-02
-3.185869380831718445e-02
-3.185613453388214111e-02
-3.185938671231269836e-02
-3.185452520847320557e-02
-3.185788542032241821e-02
-3.186382353305816650e-02
-3.186547011137008667e-02
-3.185643255710601807e-02
-3.186340630054473877e-02
-3.186589479446411133e-02
-3.185625746846199036e-02
-3.186100721359252930e-02
-3.185971826314926147e-02
-3.185807541012763977e-02
-3.186248987913131714e-02
-3.185667470097541809e-02
-3.186439722776412964e-02
-3.185902163386344910e-02
-3.186576813459396362e-02
-3.185699507594108582e-02
-3.186436370015144348e-02
-3.185814619064331055e-02
-3.186141327023506165e-02
-3.186473250389099121e-02
-3.186127170920372009e-02
-3.186354786157608032e-02
-3.185768052935600281e-02
-3.186301887035369873e-02
-3.185244277119636536e-02
-3.186661750078201294e-02
-3.185769915580749512e-02
-3.186306729912757874e-02
-3.185313567519187927e-02
-3.186718374490737915e-02
-3.186026215553283691e-02
-3.186009451746940613e-02
-3.184985369443893433e-02
-3.185078874230384827e-02
-3.186568245291709900e-02
-3.185928240418434143e-02
-3.186332806944847107e-02
-3.185533732175827026e-02
-3.186098858714103699e-02
-3.185659274458885193e-02
-3.186088427901268005e-02
-3.186679631471633911e-02
-3.185778856277465820e-02
-3.186393901705741882e-02
-3.186041116714477539e-02
-3.186209499835968018e-02
-3.186834976077079773e-02
-3.186177089810371399e-02
-3.185934573411941528e-02
-3.185303509235382080e-02
-3.185887634754180908e-02
-3.186632320284843445e-02
-3.186576068401336670e-02
-3.185908868908882141e-02
-3.186113387346267700e-02
-3.186688944697380066e-02
-3.186247125267982483e-02
-3.185985609889030457e-02
-3.185768425464630127e-02
-3.186178207397460938e-02
-3.186346963047981262e-02
-3.185361623764038086e-02
-3.185920417308807373e-02
-3.186257556080818176e-02
-3.186730295419692993e-02
-3.185656294226646423e-02
-3.185720741748809814e-02
-3.186677023768424988e-02
-3.185774758458137512e-02
-3.186766430735588074e-02
-3.186471387743949890e-02
-3.186900541186332703e-02
-3.186591342091560364e-02
-3.186544030904769897e-02
-3.185873478651046753e-02
-3.186542913317680359e-02
-3.186700493097305298e-02
-3.186103701591491699e-02
-3.186156973242759705e-02
-3.186251595616340637e-02
-3.186055272817611694e-02
-3.186776861548423767e-02
-3.186268359422683716e-02
-3.186499699950218201e-02
-3.186285495758056641e-02
-3.186031803488731384e-02
-3.186350315809249878e-02
-3.186338022351264954e-02
-3.186305984854698181e-02
-3.186401352286338806e-02
-3.186596557497978210e-02
-3.186963498592376709e-02
-3.186586499214172363e-02
-3.187131509184837341e-02
-3.186220675706863403e-02
-3.186490386724472046e-02
-3.187105804681777954e-02
-3.186301141977310181e-02
-3.187486529350280762e-02
-3.187515586614608765e-02
-3.187428042292594910e-02
-3.186936303973197937e-02
-3.187006711959838867e-02
-3.187161684036254883e-02
-3.186746686697006226e-02
-3.186896815896034241e-02
-3.186837583780288696e-02
-3.187649697065353394e-02
-3.186454996466636658e-02
-3.186880797147750854e-02
-3.186492621898651123e-02
-3.186947479844093323e-02
-3.187163919210433960e-02
-3.186788782477378845e-02
-3.186903148889541626e-02
-3.186004981398582458e-02
-3.186254203319549561e-02
-3.186722099781036377e-02
-3.187219426035881042e-02
-3.187195956707000732e-02
-3.186504170298576355e-02
-3.186074644327163696e-02
-3.186349570751190186e-02
-3.185884654521942139e-02
-3.185500577092170715e-02
-3.186499327421188354e-02
-3.186462074518203735e-02
-3.185489028692245483e-02
-3.186914697289466858e-02
-3.186641633510589600e-02
-3.186718747019767761e-02
-3.186980634927749634e-02
-3.187204152345657349e-02
-3.187244012951850891e-02
-3.187228366732597351e-02
-3.186676651239395142e-02
-3.187732398509979248e-02
-3.188150376081466675e-02
-3.186876326799392700e-02
-3.186742216348648071e-02
-3.187652677297592163e-02
-3.187101706862449646e-02
-3.187475353479385376e-02
-3.186645731329917908e-02
-3.187197074294090271e-02
-3.186615556478500366e-02
-3.186597675085067749e-02
-3.187139332294464111e-02
-3.187257423996925354e-02
-3.187489509582519531e-02
-3.186785802245140076e-02
-3.186918050050735474e-02
-3.187131881713867188e-02
-3.187056630849838257e-02
-3.186255693435668945e-02
-3.186630457639694214e-02
-3.186802938580513000e-02
-3.187049552798271179e-02
-3.187580034136772156e-02
-3.186784684658050537e-02
-3.186766058206558228e-02
-3.187289834022521973e-02
-3.187040612101554871e-02
-3.187518939375877380e-02
-3.186605498194694519e-02
-3.186778351664543152e-02
-3.186925128102302551e-02
-3.186758980154991150e-02
-3.186883404850959778e-02
-3.187120333313941956e-02
-3.186674416065216064e-02
-3.188222274184226990e-02
-3.187158331274986267e-02
-3.187000751495361328e-02
-3.186872601509094238e-02
-3.187124431133270264e-02
-3.186979517340660095e-02
-3.188054636120796204e-02
-3.187109157443046570e-02
-3.186634182929992676e-02
-3.187114745378494263e-02
-3.187102824449539185e-02
-3.187506645917892456e-02
-3.186872601509094238e-02
-3.187522292137145996e-02
-3.187238425016403198e-02
-3.187023103237152100e-02
-3.187249228358268738e-02
-3.187280893325805664e-02
-3.186471387743949890e-02
-3.186566382646560669e-02
-3.187175467610359192e-02
-3.186511993408203125e-02
-3.187558427453041077e-02
-3.186975419521331787e-02
-3.187277540564537048e-02
-3.187657892704010010e-02
-3.188269212841987610e-02
-3.186835721135139465e-02
-3.186530992388725281e-02
-3.186606988310813904e-02
-3.187058120965957642e-02
-3.187254071235656738e-02
-3.187589347362518311e-02
-3.187566995620727539e-02
-3.187671303749084473e-02
-3.187331557273864746e-02
-3.187132999300956726e-02
-3.187504410743713379e-02
-3.187630325555801392e-02
-3.187557309865951538e-02
-3.187688812613487244e-02
-3.187987208366394043e-02
-3.187476843595504761e-02
-3.187450021505355835e-02
-3.187384083867073059e-02
-3.187350183725357056e-02
-3.187059611082077026e-02
-3.187165409326553345e-02
-3.187058493494987488e-02
-3.187486529350280762e-02
-3.187161311507225037e-02
-3.187495097517967224e-02
-3.188034147024154663e-02
-3.187799081206321716e-02
-3.187653049826622009e-02
-3.187485411763191223e-02
-3.187636658549308777e-02
-3.187866136431694031e-02
-3.187925368547439575e-02
-3.187658265233039856e-02
-3.188091143965721130e-02
-3.188226744532585144e-02
-3.186981379985809326e-02
-3.188184648752212524e-02
-3.188042342662811279e-02
-3.187426552176475525e-02
-3.186767548322677612e-02
-3.187230229377746582e-02
-3.187015280127525330e-02
-3.187770023941993713e-02
-3.188312798738479614e-02
-3.187369555234909058e-02
-3.187621757388114929e-02
-3.187338262796401978e-02
-3.187062218785285950e-02
-3.188031911849975586e-02
-3.187203034758567810e-02
-3.188572078943252563e-02
-3.186900913715362549e-02
-3.187298029661178589e-02
-3.187783062458038330e-02
-3.188210725784301758e-02
-3.187137097120285034e-02
-3.187280148267745972e-02
-3.187196329236030579e-02
-3.187542781233787537e-02
-3.187201172113418579e-02
-3.187584131956100464e-02
-3.187312185764312744e-02
-3.188113868236541748e-02
-3.188290819525718689e-02
-3.188009187579154968e-02
-3.187187388539314270e-02
-3.187523037195205688e-02
-3.186877816915512085e-02
-3.187279403209686279e-02
