-2.241035550832748413e-02
-2.240307442843914032e-02
-2.242013439536094666e-02
-2.242106385529041290e-02
-2.240649797022342682e-02
-2.243701554834842682e-02
-2.242612652480602264e-02
-2.242959663271903992e-02
-2.242518775165081024e-02
-2.242494560778141022e-02
-2.242812886834144592e-02
-2.242705412209033966e-02
-2.243063785135746002e-02
-2.243552915751934052e-02
-2.245674282312393188e-02
-2.243528142571449280e-02
-2.244231849908828735e-02
-2.245580404996871948e-02
-2.245247922837734222e-02
-2.245415933430194855e-02
-2.247012965381145477e-02
-2.245461568236351013e-02
-2.247005142271518707e-02
-2.246419712901115417e-02
-2.246489562094211578e-02
-2.246944978833198547e-02
-2.246231399476528168e-02
-2.246543951332569122e-02
-2.247779816389083862e-02
-2.248745411634445190e-02
-2.246710285544395447e-02
-2.247918583452701569e-02
-2.249697595834732056e-02
-2.248347364366054535e-02
-2.248061448335647583e-02
-2.248071320354938507e-02
-2.249450422823429108e-02
-2.247414924204349518e-02
-2.249987795948982239e-02
-2.251160331070423126e-02
-2.250621840357780457e-02
-2.249551005661487579e-02
-2.250646986067295074e-02
-2.252165041863918304e-02
-2.251916378736495972e-02
-2.251702919602394104e-02
-2.250754088163375854e-02
-2.250923961400985718e-02
-2.251730114221572876e-02
-2.254066616296768188e-02
-2.254918776452541351e-02
-2.254154905676841736e-02
-2.252660132944583893e-02
-2.253125980496406555e-02
-2.254425548017024994e-02
-2.254671975970268250e-02
-2.255438640713691711e-02
-2.256870828568935394e-02
-2.257177792489528656e-02
-2.255849726498126984e-02
-2.254657074809074402e-02
-2.253929153084754944e-02
-2.256852015852928162e-02
-2.256649918854236603e-02
-2.256763912737369537e-02
-2.256311848759651184e-02
-2.257762663066387177e-02
-2.257963269948959351e-02
-2.257328107953071594e-02
-2.259339950978755951e-02
-2.259366959333419800e-02
-2.256995998322963715e-02
-2.259771339595317841e-02
-2.259451709687709808e-02
-2.256958559155464172e-02
-2.255968563258647919e-02
-2.259470336139202118e-02
-2.258553169667720795e-02
-2.259552106261253357e-02
-2.259879931807518005e-02
-2.260025963187217712e-02
-2.260743454098701477e-02
-2.259404025971889496e-02
-2.262399531900882721e-02
-2.260157838463783264e-02
-2.263436280190944672e-02
-2.262381277978420258e-02
-2.262932993471622467e-02
-2.261538058519363403e-02
-2.261972054839134216e-02
-2.262171171605587006e-02
-2.263426035642623901e-02
-2.261420525610446930e-02
-2.262235991656780243e-02
-2.263253182172775269e-02
-2.265452407300472260e-02
-2.265374548733234406e-02
-2.264744229614734650e-02
-2.264878526329994202e-02
-2.266360633075237274e-02
-2.266893349587917328e-02
-2.266195975244045258e-02
-2.265448309481143951e-02
-2.267250977456569672e-02
-2.268407307565212250e-02
-2.267136424779891968e-02
-2.269192412495613098e-02
-2.269371226429939270e-02
-2.268093451857566833e-02
-2.269328758120536804e-02
-2.269004099071025848e-02
-2.269345149397850037e-02
-2.268695086240768433e-02
-2.270174585282802582e-02
-2.269930578768253326e-02
-2.270605228841304779e-02
-2.271087281405925751e-02
-2.269383333623409271e-02
-2.272083237767219543e-02
-2.272329293191432953e-02
-2.270697429776191711e-02
-2.272461168467998505e-02
-2.270606346428394318e-02
-2.272610552608966827e-02
-2.273664809763431549e-02
-2.273917384445667267e-02
-2.273643203079700470e-02
-2.273388393223285675e-02
-2.272276207804679871e-02
-2.275223284959793091e-02
-2.272884361445903778e-02
-2.272913046181201935e-02
-2.274804189801216125e-02
-2.274801582098007202e-02
-2.274350263178348541e-02
-2.274429239332675934e-02
-2.276893891394138336e-02
-2.275424823164939880e-02
-2.275903709232807159e-02
-2.276896499097347260e-02
-2.277239412069320679e-02
-2.277485094964504242e-02
-2.276048995554447174e-02
-2.275945991277694702e-02
-2.276393398642539978e-02
-2.278825268149375916e-02
-2.277885004878044128e-02
-2.279332838952541351e-02
-2.278146520256996155e-02
-2.279319241642951965e-02
-2.279965020716190338e-02
-2.279495447874069214e-02
-2.280161343514919281e-02
-2.279248461127281189e-02
-2.279416099190711975e-02
-2.280710823833942413e-02
-2.280554361641407013e-02
-2.280249446630477905e-02
-2.281329967081546783e-02
-2.279375120997428894e-02
-2.281039580702781677e-02
-2.281554415822029114e-02
-2.280938811600208282e-02
-2.281552180647850037e-02
-2.283509820699691772e-02
-2.282654494047164917e-02
-2.285025641322135925e-02
-2.283494547009468079e-02
-2.284367009997367859e-02
-2.282824553549289703e-02
-2.284468151628971100e-02
-2.285228483378887177e-02
-2.285788394510746002e-02
-2.284718863666057587e-02
-2.286044508218765259e-02
-2.286772802472114563e-02
-2.283737994730472565e-02
-2.285302057862281799e-02
-2.286435849964618683e-02
-2.287111245095729828e-02
-2.287621609866619110e-02
-2.287360280752182007e-02
-2.288420312106609344e-02
-2.288302965462207794e-02
-2.287853881716728210e-02
-2.288439497351646423e-02
-2.288506366312503815e-02
-2.289261668920516968e-02
-2.289642952382564545e-02
-2.287508361041545868e-02
-2.289859764277935028e-02
-2.289004810154438019e-02
-2.289552427828311920e-02
-2.290182188153266907e-02
-2.288764342665672302e-02
-2.290943823754787445e-02
-2.289876900613307953e-02
-2.290534600615501404e-02
-2.290472947061061859e-02
-2.290373668074607849e-02
-2.290944568812847137e-02
-2.291828207671642303e-02
-2.291018702089786530e-02
-2.292343229055404663e-02
-2.293356321752071381e-02
-2.292487211525440216e-02
-2.292608469724655151e-02
-2.294691279530525208e-02
-2.294334955513477325e-02
-2.294247969985008240e-02
-2.294775657355785370e-02
-2.295367605984210968e-02
-2.294368110597133636e-02
-2.294834516942501068e-02
-2.295530214905738831e-02
-2.297497168183326721e-02
-2.296820469200611115e-02
-2.297484688460826874e-02
-2.298452705144882202e-02
-2.296613529324531555e-02
-2.297637239098548889e-02
-2.297958172857761383e-02
-2.298403717577457428e-02
-2.298735454678535461e-02
-2.299846522510051727e-02
-2.298525162041187286e-02
-2.298988215625286102e-02
-2.298287488520145416e-02
-2.297662012279033661e-02
-2.298662997782230377e-02
-2.300436235964298248e-02
-2.299543842673301697e-02
-2.298566885292530060e-02
-2.300773002207279205e-02
-2.301894500851631165e-02
-2.300276048481464386e-02
-2.300376445055007935e-02
-2.301923744380474091e-02
-2.301686443388462067e-02
-2.301186881959438324e-02
-2.301454171538352966e-02
-2.302944846451282501e-02
-2.303075976669788361e-02
-2.302963845431804657e-02
-2.303089015185832977e-02
-2.301078476011753082e-02
-2.303065173327922821e-02
-2.302423678338527679e-02
-2.304718457162380219e-02
-2.302892878651618958e-02
-2.304494567215442657e-02
-2.305809222161769867e-02
-2.305377833545207977e-02
-2.305362559854984283e-02
-2.304867282509803772e-02
-2.305820211768150330e-02
-2.306142263114452362e-02
-2.306804247200489044e-02
-2.307462505996227264e-02
-2.304759807884693146e-02
-2.305329032242298126e-02
-2.307323552668094635e-02
-2.307254262268543243e-02
-2.305684424936771393e-02
-2.306335419416427612e-02
-2.306905947625637054e-02
-2.308405004441738129e-02
-2.308297902345657349e-02
-2.308701165020465851e-02
-2.307407930493354797e-02
-2.306848019361495972e-02
-2.309076860547065735e-02
-2.308305725455284119e-02
-2.309419959783554077e-02
-2.310479618608951569e-02
-2.310855127871036530e-02
-2.310052700340747833e-02
-2.311397530138492584e-02
-2.310723625123500824e-02
-2.310507930815219879e-02
-2.312185987830162048e-02
-2.311105094850063324e-02
-2.311300858855247498e-02
-2.312497980892658234e-02
-2.313352935016155243e-02
-2.310561947524547577e-02
-2.311577275395393372e-02
-2.314239554107189178e-02
-2.314519509673118591e-02
-2.312976308166980743e-02
-2.314199879765510559e-02
-2.312891744077205658e-02
-2.313910797238349915e-02
-2.314083091914653778e-02
-2.313118055462837219e-02
-2.313897572457790375e-02
-2.314818464219570160e-02
-2.314596995711326599e-02
-2.315547131001949310e-02
-2.315414696931838989e-02
-2.316047623753547668e-02
-2.315556071698665619e-02
-2.315055578947067261e-02
-2.317627891898155212e-02
-2.316321991384029388e-02
-2.316263690590858459e-02
-2.317781932651996613e-02
-2.317599393427371979e-02
-2.318686433136463165e-02
-2.317563258111476898e-02
-2.319445461034774780e-02
-2.319310232996940613e-02
-2.318919263780117035e-02
-2.318487688899040222e-02
-2.320801094174385071e-02
-2.320737205445766449e-02
-2.319175750017166138e-02
-2.319727092981338501e-02
-2.319468930363655090e-02
-2.320656925439834595e-02
-2.321121655404567719e-02
-2.319769188761711121e-02
-2.320943959057331085e-02
-2.321107871830463409e-02
-2.321635000407695770e-02
-2.321321889758110046e-02
-2.321312390267848969e-02
-2.322386018931865692e-02
-2.322404831647872925e-02
-2.324655093252658844e-02
-2.322273328900337219e-02
-2.321507781744003296e-02
-2.322036959230899811e-02
-2.322040870785713196e-02
-2.323481626808643341e-02
-2.323842607438564301e-02
-2.324188686907291412e-02
-2.323994785547256470e-02
-2.323636971414089203e-02
-2.326027676463127136e-02
-2.324514463543891907e-02
-2.325236424803733826e-02
-2.324924990534782410e-02
-2.323830313980579376e-02
-2.324502915143966675e-02
-2.324228174984455109e-02
-2.326388470828533173e-02
-2.327252551913261414e-02
-2.325541712343692780e-02
-2.324975468218326569e-02
-2.325264550745487213e-02
-2.326846681535243988e-02
-2.326166257262229919e-02
-2.325789071619510651e-02
-2.327029220759868622e-02
-2.327472157776355743e-02
-2.327309735119342804e-02
-2.327463589608669281e-02
-2.327681519091129303e-02
-2.326881512999534607e-02
-2.327152155339717865e-02
-2.327161468565464020e-02
-2.328337356448173523e-02
-2.328894473612308502e-02
-2.329414710402488708e-02
-2.329991571605205536e-02
-2.330626733601093292e-02
-2.328747324645519257e-02
-2.329978160560131073e-02
-2.331056073307991028e-02
-2.331258170306682587e-02
-2.331527695059776306e-02
-2.331887558102607727e-02
-2.330714277923107147e-02
-2.329418808221817017e-02
-2.331058494746685028e-02
-2.332113496959209442e-02
-2.331560477614402771e-02
-2.332277037203311920e-02
-2.331987954676151276e-02
-2.332389540970325470e-02
-2.331522665917873383e-02
-2.331714704632759094e-02
-2.332996204495429993e-02
-2.333985641598701477e-02
-2.334241941571235657e-02
-2.332880347967147827e-02
-2.332401834428310394e-02
-2.334242500364780426e-02
-2.333058044314384460e-02
-2.332901582121849060e-02
-2.332836948335170746e-02
-2.332840673625469208e-02
-2.333748899400234222e-02
-2.333791367709636688e-02
-2.334818802773952484e-02
-2.334351278841495514e-02
-2.335610054433345795e-02
-2.335182763636112213e-02
-2.335537225008010864e-02
-2.335607632994651794e-02
-2.335436828434467316e-02
-2.336302213370800018e-02
-2.335933782160282135e-02
-2.336389757692813873e-02
-2.336486987769603729e-02
-2.336173132061958313e-02
-2.337454631924629211e-02
-2.336669340729713440e-02
-2.337213233113288879e-02
-2.337317354977130890e-02
-2.337399497628211975e-02
-2.337520755827426910e-02
-2.338444255292415619e-02
-2.338394895195960999e-02
-2.338420785963535309e-02
-2.337474003434181213e-02
-2.337955683469772339e-02
-2.338171564042568207e-02
-2.338180504739284515e-02
-2.338344790041446686e-02
-2.338759973645210266e-02
-2.338438294827938080e-02
-2.339807339012622833e-02
-2.339474670588970184e-02
-2.338967658579349518e-02
-2.340002730488777161e-02
-2.339662984013557434e-02
-2.339831553399562836e-02
-2.340315654873847961e-02
-2.339071221649646759e-02
-2.341216988861560822e-02
-2.340963296592235565e-02
-2.341636084020137787e-02
-2.342186309397220612e-02
-2.341898158192634583e-02
-2.342434599995613098e-02
-2.341918461024761200e-02
-2.340641431510448456e-02
-2.341930940747261047e-02
-2.341739274561405182e-02
-2.342384681105613708e-02
-2.342583611607551575e-02
-2.341293916106224060e-02
-2.342009730637073517e-02
-2.341859787702560425e-02
-2.342958189547061920e-02
-2.343810163438320160e-02
-2.343004196882247925e-02
-2.343887463212013245e-02
-2.343984879553318024e-02
-2.343913167715072632e-02
-2.344405278563499451e-02
-2.344197966158390045e-02
-2.344276569783687592e-02
-2.344114147126674652e-02
-2.345939353108406067e-02
-2.345301024615764618e-02
-2.345032244920730591e-02
-2.347158640623092651e-02
-2.346286736428737640e-02
-2.346773818135261536e-02
-2.346012182533740997e-02
-2.347085066139698029e-02
-2.346853166818618774e-02
-2.348570898175239563e-02
-2.346543222665786743e-02
-2.346360124647617340e-02
-2.347675710916519165e-02
-2.347511798143386841e-02
-2.346836775541305542e-02
-2.346438728272914886e-02
-2.347058244049549103e-02
-2.346405759453773499e-02
-2.347605302929878235e-02
-2.349124662578105927e-02
-2.347687445580959320e-02
-2.347304858267307281e-02
-2.348323538899421692e-02
-2.348438650369644165e-02
-2.350196614861488342e-02
-2.348811365664005280e-02
-2.349637821316719055e-02
-2.349147386848926544e-02
-2.349374815821647644e-02
-2.347152493894100189e-02
-2.349727228283882141e-02
-2.348452433943748474e-02
-2.347096987068653107e-02
-2.348597906529903412e-02
-2.349415980279445648e-02
-2.348887175321578979e-02
-2.351506426930427551e-02
-2.350896969437599182e-02
-2.350747771561145782e-02
-2.351533435285091400e-02
-2.351466938853263855e-02
-2.350545115768909454e-02
-2.351259440183639526e-02
-2.350662462413311005e-02
-2.350859157741069794e-02
-2.352341264486312866e-02
-2.351341582834720612e-02
-2.350897341966629028e-02
-2.349840663373470306e-02
-2.351493574678897858e-02
-2.351071685552597046e-02
-2.351879514753818512e-02
-2.350798621773719788e-02
-2.352315373718738556e-02
-2.353038638830184937e-02
-2.351816743612289429e-02
-2.353237383067607880e-02
-2.354526706039905548e-02
-2.354785054922103882e-02
-2.353370003402233124e-02
-2.353703603148460388e-02
-2.353304997086524963e-02
-2.353681996464729309e-02
-2.353807538747787476e-02
-2.352811954915523529e-02
-2.353308163583278656e-02
-2.353684976696968079e-02
-2.356014773249626160e-02
-2.355939708650112152e-02
-2.356662042438983917e-02
-2.356029488146305084e-02
-2.355980500578880310e-02
-2.355602197349071503e-02
-2.354069799184799194e-02
-2.356245741248130798e-02
-2.355604991316795349e-02
-2.354653924703598022e-02
-2.355607971549034119e-02
-2.356366626918315887e-02
-2.356156893074512482e-02
-2.357554808259010315e-02
-2.356754057109355927e-02
-2.356491796672344208e-02
-2.355712279677391052e-02
-2.356822602450847626e-02
-2.355312928557395935e-02
-2.356566302478313446e-02
-2.356323041021823883e-02
-2.357321232557296753e-02
-2.355751022696495056e-02
-2.356517501175403595e-02
-2.355952002108097076e-02
-2.357211895287036896e-02
-2.358412928879261017e-02
-2.357133850455284119e-02
-2.357743307948112488e-02
-2.357106655836105347e-02
-2.358798310160636902e-02
-2.358216606080532074e-02
-2.358756586909294128e-02
-2.357659675180912018e-02
-2.358596399426460266e-02
-2.358814701437950134e-02
-2.358997799456119537e-02
-2.359469607472419739e-02
-2.359410561621189117e-02
-2.358510717749595642e-02
-2.358687482774257660e-02
-2.359338849782943726e-02
-2.360776998102664948e-02
-2.360135503113269806e-02
-2.359250932931900024e-02
-2.359474264085292816e-02
-2.359346114099025726e-02
-2.359599806368350983e-02
-2.359226904809474945e-02
-2.360607124865055084e-02
-2.359728701412677765e-02
-2.360623329877853394e-02
-2.359627373516559601e-02
-2.361280284821987152e-02
-2.361215092241764069e-02
-2.360787242650985718e-02
-2.361462824046611786e-02
-2.360712364315986633e-02
-2.360117621719837189e-02
-2.359929308295249939e-02
-2.361237443983554840e-02
-2.361984923481941223e-02
-2.361495234072208405e-02
-2.361338958144187927e-02
-2.362361177802085876e-02
-2.362297102808952332e-02
-2.362523786723613739e-02
-2.361782267689704895e-02
-2.362393587827682495e-02
-2.362934127449989319e-02
-2.363137155771255493e-02
-2.362778037786483765e-02
-2.362021245062351227e-02
-2.362978830933570862e-02
-2.361731603741645813e-02
-2.363763377070426941e-02
-2.363138087093830109e-02
-2.362447232007980347e-02
-2.362979017198085785e-02
-2.363327704370021820e-02
-2.362610213458538055e-02
-2.363368682563304901e-02
-2.361999824643135071e-02
-2.362238243222236633e-02
-2.363135293126106262e-02
-2.363876067101955414e-02
-2.365223504602909088e-02
-2.364300563931465149e-02
-2.363960817456245422e-02
-2.364241331815719604e-02
-2.363279648125171661e-02
-2.363871596753597260e-02
-2.364028431475162506e-02
-2.363880537450313568e-02
-2.364041656255722046e-02
-2.364085800945758820e-02
-2.365690097212791443e-02
-2.366075478494167328e-02
-2.365247718989849091e-02
-2.365381084382534027e-02
-2.364611439406871796e-02
-2.365791425108909607e-02
-2.367060072720050812e-02
-2.365823462605476379e-02
-2.364821545779705048e-02
-2.365742065012454987e-02
-2.365277148783206940e-02
-2.365387044847011566e-02
-2.365855686366558075e-02
-2.367647364735603333e-02
-2.368444018065929413e-02
-2.365823462605476379e-02
-2.366728335618972778e-02
-2.366751059889793396e-02
-2.366999723017215729e-02
-2.367337234318256378e-02
-2.366806194186210632e-02
-2.368154376745223999e-02
-2.367502637207508087e-02
-2.367071993649005890e-02
-2.367360144853591919e-02
-2.367655374109745026e-02
-2.367573790252208710e-02
-2.369555458426475525e-02
-2.367427572607994080e-02
-2.368814684450626373e-02
-2.368581853806972504e-02
-2.368412725627422333e-02
-2.368282526731491089e-02
-2.368276752531528473e-02
-2.369592152535915375e-02
-2.368872426450252533e-02
-2.368728630244731903e-02
-2.368540130555629730e-02
-2.368753217160701752e-02
-2.368768863379955292e-02
-2.369890175759792328e-02
-2.369358763098716736e-02
-2.369606867432594299e-02
-2.369440160691738129e-02
-2.369957789778709412e-02
-2.368426881730556488e-02
-2.368639223277568817e-02
-2.369427494704723358e-02
-2.369581721723079681e-02
-2.369504794478416443e-02
-2.369884587824344635e-02
-2.369983308017253876e-02
-2.369735948741436005e-02
-2.370927110314369202e-02
-2.371339872479438782e-02
-2.370407804846763611e-02
-2.370552159845829010e-02
-2.370230294764041901e-02
-2.370680682361125946e-02
-2.369777299463748932e-02
-2.370620332658290863e-02
-2.370555326342582703e-02
-2.371350303292274475e-02
-2.371713146567344666e-02
-2.370296232402324677e-02
-2.371369674801826477e-02
-2.371765486896038055e-02
-2.371438965201377869e-02
-2.371891960501670837e-02
-2.372764423489570618e-02
-2.373489923775196075e-02
-2.372615970671176910e-02
-2.371022477746009827e-02
-2.371717803180217743e-02
-2.371531352400779724e-02
-2.371262386441230774e-02
-2.371821738779544830e-02
-2.372156269848346710e-02
-2.373181842267513275e-02
-2.372816763818264008e-02
-2.373136952519416809e-02
-2.373886294662952423e-02
-2.372415736317634583e-02
-2.373645640909671783e-02
-2.374004200100898743e-02
-2.373911254107952118e-02
-2.372971549630165100e-02
-2.374553866684436798e-02
-2.375424467027187347e-02
-2.373175136744976044e-02
-2.374122478067874908e-02
-2.373363450169563293e-02
-2.373438887298107147e-02
-2.374311722815036774e-02
-2.372970804572105408e-02
-2.374554984271526337e-02
-2.374096028506755829e-02
-2.372751198709011078e-02
-2.373418584465980530e-02
-2.373690530657768250e-02
-2.374044805765151978e-02
-2.375185675919055939e-02
-2.375275082886219025e-02
-2.374422177672386169e-02
-2.375448681414127350e-02
-2.373487502336502075e-02
-2.373642288148403168e-02
-2.374223619699478149e-02
-2.372958324849605560e-02
-2.374182268977165222e-02
-2.374264784157276154e-02
-2.373830229043960571e-02
-2.375634759664535522e-02
-2.375107258558273315e-02
-2.374907955527305603e-02
-2.375123091042041779e-02
-2.374669164419174194e-02
-2.375495247542858124e-02
-2.374398335814476013e-02
-2.375991456210613251e-02
-2.375019900500774384e-02
-2.375676482915878296e-02
-2.374571189284324646e-02
-2.374880760908126831e-02
-2.374866977334022522e-02
-2.375849336385726929e-02
-2.376315928995609283e-02
-2.376448735594749451e-02
-2.374999411404132843e-02
-2.375985123217105865e-02
-2.376634627580642700e-02
-2.376865223050117493e-02
-2.377332188189029694e-02
-2.377484180033206940e-02
-2.377477474510669708e-02
-2.376980148255825043e-02
-2.376829273998737335e-02
-2.377214469015598297e-02
-2.378111332654953003e-02
-2.376733161509037018e-02
-2.377240173518657684e-02
-2.377246133983135223e-02
-2.376707270741462708e-02
-2.377056330442428589e-02
-2.375923469662666321e-02
-2.376651391386985779e-02
-2.376261167228221893e-02
-2.377068623900413513e-02
-2.377332188189029694e-02
-2.377650886774063110e-02
-2.377545461058616638e-02
-2.377332374453544617e-02
-2.377503365278244019e-02
-2.378319576382637024e-02
-2.379076927900314331e-02
-2.378888800740242004e-02
-2.378861047327518463e-02
-2.378684468567371368e-02
-2.379026263952255249e-02
-2.378728799521923065e-02
-2.378034777939319611e-02
-2.379273436963558197e-02
-2.378899045288562775e-02
-2.379193715751171112e-02
-2.379399724304676056e-02
-2.378975600004196167e-02
-2.379864081740379333e-02
-2.378457412123680115e-02
-2.379350923001766205e-02
-2.379306778311729431e-02
-2.379190735518932343e-02
-2.379231899976730347e-02
-2.379865385591983795e-02
-2.380032651126384735e-02
-2.379318885505199432e-02
-2.378849498927593231e-02
-2.378719672560691833e-02
-2.379465848207473755e-02
-2.379360422492027283e-02
-2.379586920142173767e-02
-2.379922010004520416e-02
-2.380234189331531525e-02
-2.379523590207099915e-02
-2.379168942570686340e-02
-2.379378862679004669e-02
-2.380033954977989197e-02
-2.380533888936042786e-02
-2.380078658461570740e-02
-2.380753122270107269e-02
-2.379589155316352844e-02
-2.380130439996719360e-02
-2.380719035863876343e-02
-2.380644716322422028e-02
-2.380800433456897736e-02
-2.380823716521263123e-02
-2.380784600973129272e-02
-2.379299327731132507e-02
-2.380352094769477844e-02
-2.380678430199623108e-02
-2.381213754415512085e-02
-2.380599454045295715e-02
-2.379318326711654663e-02
-2.381608448922634125e-02
-2.381355501711368561e-02
-2.381406351923942566e-02
-2.381959371268749237e-02
-2.381069213151931763e-02
-2.381446212530136108e-02
-2.382967062294483185e-02
-2.381545491516590118e-02
-2.380747534334659576e-02
-2.380939573049545288e-02
-2.381951175630092621e-02
-2.381817623972892761e-02
-2.381131425499916077e-02
-2.381226606667041779e-02
-2.382102794945240021e-02
-2.381406538188457489e-02
-2.382075041532516479e-02
-2.381942607462406158e-02
-2.382278628647327423e-02
-2.383334375917911530e-02
-2.383031509816646576e-02
-2.382592670619487762e-02
-2.383482083678245544e-02
-2.383086644113063812e-02
-2.381379157304763794e-02
-2.384341321885585785e-02
-2.382067963480949402e-02
-2.382660657167434692e-02
-2.382792159914970398e-02
-2.381991222500801086e-02
-2.383253909647464752e-02
-2.383588068187236786e-02
-2.382655814290046692e-02
-2.383182570338249207e-02
-2.382192946970462799e-02
-2.382943779230117798e-02
-2.381951548159122467e-02
-2.383347973227500916e-02
-2.382739260792732239e-02
-2.383452281355857849e-02
-2.383748255670070648e-02
-2.382642216980457306e-02
-2.383399195969104767e-02
-2.383356168866157532e-02
-2.383692376315593719e-02
-2.383406274020671844e-02
-2.383334189653396606e-02
-2.383439615368843079e-02
-2.383540757000446320e-02
-2.383436635136604309e-02
-2.383851446211338043e-02
-2.382483892142772675e-02
-2.383345551788806915e-02
-2.384338714182376862e-02
-2.384481392800807953e-02
-2.383350953459739685e-02
-2.384422160685062408e-02
-2.384276501834392548e-02
-2.384463511407375336e-02
-2.384195849299430847e-02
-2.384020574390888214e-02
-2.384590357542037964e-02
-2.385556884109973907e-02
-2.384463511407375336e-02
-2.385256253182888031e-02
-2.385388873517513275e-02
-2.385246939957141876e-02
-2.385969832539558411e-02
-2.385586872696876526e-02
-2.385115809738636017e-02
-2.385753951966762543e-02
-2.384649030864238739e-02
-2.385685220360755920e-02
-2.384800463914871216e-02
-2.385320514440536499e-02
-2.384771220386028290e-02
-2.385283447802066803e-02
-2.386338450014591217e-02
-2.385956235229969025e-02
-2.385651692748069763e-02
-2.385520190000534058e-02
-2.386372536420822144e-02
-2.386702783405780792e-02
-2.385821193456649780e-02
-2.385764755308628082e-02
-2.385026030242443085e-02
-2.384890243411064148e-02
-2.385066822171211243e-02
-2.386029809713363647e-02
-2.386122383177280426e-02
-2.385823242366313934e-02
-2.387159690260887146e-02
-2.385414019227027893e-02
-2.385524101555347443e-02
-2.386502549052238464e-02
-2.386051043868064880e-02
-2.386395819485187531e-02
-2.386378683149814606e-02
-2.386759594082832336e-02
-2.386733144521713257e-02
-2.386724762618541718e-02
-2.386358939111232758e-02
-2.385447174310684204e-02
-2.388187497854232788e-02
-2.388083748519420624e-02
-2.388293668627738953e-02
-2.386992983520030975e-02
-2.387483045458793640e-02
-2.386139146983623505e-02
-2.387814037501811981e-02
-2.386827394366264343e-02
-2.386968582868576050e-02
-2.387066371738910675e-02
-2.387183159589767456e-02
-2.387902699410915375e-02
-2.386936172842979431e-02
-2.386678196489810944e-02
-2.387339435517787933e-02
-2.387943491339683533e-02
-2.388348802924156189e-02
-2.387473732233047485e-02
-2.387867122888565063e-02
-2.387923374772071838e-02
-2.387877181172370911e-02
-2.387956343591213226e-02
-2.388191409409046173e-02
-2.388805709779262543e-02
-2.387594617903232574e-02
-2.387278527021408081e-02
-2.387670986354351044e-02
-2.386372536420822144e-02
-2.388138882815837860e-02
-2.388194575905799866e-02
-2.388800121843814850e-02
-2.388403005897998810e-02
-2.388115972280502319e-02
-2.389286831021308899e-02
-2.389241568744182587e-02
-2.388065308332443237e-02
-2.387670800089836121e-02
-2.388267591595649719e-02
-2.388541214168071747e-02
-2.388337440788745880e-02
-2.388528548181056976e-02
-2.388120256364345551e-02
-2.389253303408622742e-02
-2.388577535748481750e-02
-2.389044873416423798e-02
-2.389300800859928131e-02
-2.389516308903694153e-02
-2.388774976134300232e-02
-2.390748821198940277e-02
-2.389604412019252777e-02
-2.389292791485786438e-02
-2.390150167047977448e-02
-2.389166690409183502e-02
-2.389346249401569366e-02
-2.389772608876228333e-02
-2.389342896640300751e-02
-2.388549409806728363e-02
-2.389933355152606964e-02
-2.390631847083568573e-02
-2.389982901513576508e-02
-2.390334568917751312e-02
-2.390299178659915924e-02
-2.390393055975437164e-02
-2.390155382454395294e-02
-2.390249818563461304e-02
-2.390277013182640076e-02
-2.391016669571399689e-02
-2.390183322131633759e-02
-2.389711327850818634e-02
-2.389220334589481354e-02
-2.388597466051578522e-02
-2.389887347817420959e-02
-2.390100434422492981e-02
-2.390961907804012299e-02
-2.390500716865062714e-02
-2.390477433800697327e-02
-2.389894053339958191e-02
-2.390540204942226410e-02
-2.390427701175212860e-02
-2.390850521624088287e-02
-2.390444651246070862e-02
-2.390629239380359650e-02
-2.390553429722785950e-02
-2.390522323548793793e-02
-2.390067838132381439e-02
-2.391221933066844940e-02
-2.389874123036861420e-02
-2.390243858098983765e-02
-2.389736101031303406e-02
-2.390643209218978882e-02
-2.390526048839092255e-02
-2.390729635953903198e-02
-2.390258572995662689e-02
-2.390507794916629791e-02
-2.389717288315296173e-02
-2.390480600297451019e-02
-2.390106394886970520e-02
-2.390246465802192688e-02
-2.390151843428611755e-02
-2.390895411372184753e-02
-2.391494251787662506e-02
-2.391259931027889252e-02
-2.390934899449348450e-02
-2.391348965466022491e-02
-2.390871755778789520e-02
-2.391478791832923889e-02
-2.391324006021022797e-02
-2.391278930008411407e-02
-2.390634454786777496e-02
-2.391684986650943756e-02
-2.391774021089076996e-02
-2.391924709081649780e-02
-2.391445823013782501e-02
-2.391446381807327271e-02
-2.391710504889488220e-02
-2.391988970339298248e-02
-2.392136305570602417e-02
-2.391815744340419769e-02
-2.391453646123409271e-02
-2.391780540347099304e-02
-2.391744405031204224e-02
-2.392425388097763062e-02
-2.391260676085948944e-02
-2.392352744936943054e-02
-2.392461523413658142e-02
-2.392106503248214722e-02
-2.393313869833946228e-02
-2.392514236271381378e-02
-2.391875721514225006e-02
-2.392783388495445251e-02
-2.391790971159934998e-02
-2.392548508942127228e-02
-2.392606623470783234e-02
-2.392891608178615570e-02
-2.391544356942176819e-02
-2.391706779599189758e-02
-2.391609735786914825e-02
-2.391911670565605164e-02
-2.392429672181606293e-02
-2.392042614519596100e-02
-2.393094450235366821e-02
-2.392258122563362122e-02
-2.392167039215564728e-02
-2.392876334488391876e-02
-2.392556890845298767e-02
-2.393098920583724976e-02
-2.392171695828437805e-02
-2.392309531569480896e-02
-2.393461391329765320e-02
-2.392641641199588776e-02
-2.392151020467281342e-02
-2.392106875777244568e-02
-2.392421476542949677e-02
-2.392692118883132935e-02
-2.392644248902797699e-02
-2.392981015145778656e-02
-2.393248304724693298e-02
-2.393880300223827362e-02
-2.394007518887519836e-02
-2.394047938287258148e-02
-2.393549308180809021e-02
-2.392278425395488739e-02
-2.392658963799476624e-02
-2.392196282744407654e-02
-2.392502874135971069e-02
-2.393051050603389740e-02
-2.393368817865848541e-02
-2.393084019422531128e-02
-2.392834983766078949e-02
-2.393696084618568420e-02
-2.393806166946887970e-02
-2.393968775868415833e-02
-2.392493002116680145e-02
-2.393276244401931763e-02
-2.393623068928718567e-02
-2.393959835171699524e-02
-2.394850924611091614e-02
-2.394522354006767273e-02
-2.393292635679244995e-02
-2.393669821321964264e-02
-2.393560297787189484e-02
-2.393708005547523499e-02
-2.394129149615764618e-02
-2.394313365221023560e-02
-2.394790202379226685e-02
-2.393472567200660706e-02
-2.394522540271282196e-02
-2.394534833729267120e-02
-2.393923141062259674e-02
-2.394306845963001251e-02
-2.395056374371051788e-02
-2.393872477114200592e-02
-2.394112199544906616e-02
-2.395732514560222626e-02
-2.393982000648975372e-02
-2.393722161650657654e-02
-2.393368817865848541e-02
-2.394977398216724396e-02
-2.393790334463119507e-02
-2.394383400678634644e-02
-2.393771521747112274e-02
-2.394792623817920685e-02
-2.394491620361804962e-02
-2.394886128604412079e-02
-2.394391037523746490e-02
-2.395059727132320404e-02
-2.394597046077251434e-02
-2.394082583487033844e-02
-2.394653484225273132e-02
-2.394898608326911926e-02
-2.395029179751873016e-02
-2.394245378673076630e-02
-2.394507639110088348e-02
-2.394436113536357880e-02
-2.394642494618892670e-02
-2.394748292863368988e-02
-2.394639328122138977e-02
-2.395293675363063812e-02
-2.395620569586753845e-02
-2.396180108189582825e-02
-2.395751513540744781e-02
-2.394616231322288513e-02
-2.394608221948146820e-02
-2.395279519259929657e-02
-2.395769581198692322e-02
-2.395070716738700867e-02
-2.395876497030258179e-02
-2.394622191786766052e-02
-2.395351976156234741e-02
-2.395349927246570587e-02
-2.395961061120033264e-02
-2.395681850612163544e-02
-2.396233752369880676e-02
-2.395136281847953796e-02
-2.395788021385669708e-02
-2.395918779075145721e-02
-2.396144345402717590e-02
-2.394873276352882385e-02
-2.395622991025447845e-02
-2.396286092698574066e-02
-2.396056801080703735e-02
-2.396441251039505005e-02
-2.395747229456901550e-02
-2.395529486238956451e-02
-2.395603992044925690e-02
-2.396417595446109772e-02
-2.397269569337368011e-02
-2.395576424896717072e-02
-2.396428957581520081e-02
-2.396086230874061584e-02
-2.395750209689140320e-02
-2.395487576723098755e-02
-2.396208606660366058e-02
-2.396861836314201355e-02
-2.395901642739772797e-02
-2.395720221102237701e-02
-2.396226860582828522e-02
-2.396391704678535461e-02
-2.395834401249885559e-02
-2.395935170352458954e-02
-2.395937405526638031e-02
-2.395956031978130341e-02
-2.396352216601371765e-02
-2.395848557353019714e-02
-2.396574802696704865e-02
-2.396424487233161926e-02
-2.396317757666110992e-02
-2.396767958998680115e-02
-2.396776713430881500e-02
-2.397766150534152985e-02
-2.396526373922824860e-02
-2.397144585847854614e-02
-2.396301366388797760e-02
-2.395850978791713715e-02
-2.396963164210319519e-02
-2.396735176444053650e-02
-2.397088892757892609e-02
-2.397691830992698669e-02
-2.397464029490947723e-02
-2.398461848497390747e-02
-2.397523261606693268e-02
-2.397175505757331848e-02
-2.397428825497627258e-02
-2.396315895020961761e-02
-2.396214194595813751e-02
-2.396997436881065369e-02
-2.396286092698574066e-02
-2.397481724619865417e-02
-2.398133836686611176e-02
-2.397292479872703552e-02
-2.397484146058559418e-02
-2.398299798369407654e-02
-2.397141605615615845e-02
-2.396953292191028595e-02
-2.397643402218818665e-02
-2.396926097571849823e-02
-2.397216483950614929e-02
-2.396812103688716888e-02
-2.397401817142963409e-02
-2.396955713629722595e-02
-2.397834509611129761e-02
-2.397667244076728821e-02
-2.397049404680728912e-02
-2.397400327026844025e-02
-2.397714368999004364e-02
-2.398215606808662415e-02
-2.397200651466846466e-02
-2.397918887436389923e-02
-2.397119253873825073e-02
-2.397956699132919312e-02
-2.398058213293552399e-02
-2.397906407713890076e-02
-2.397365681827068329e-02
-2.399191074073314667e-02
-2.398539148271083832e-02
-2.398207969963550568e-02
-2.398561500012874603e-02
-2.397988550364971161e-02
-2.397613599896430969e-02
-2.398223616182804108e-02
-2.397919632494449615e-02
-2.398547343909740448e-02
-2.397982962429523468e-02
-2.398390509188175201e-02
-2.398516424000263214e-02
-2.399586513638496399e-02
-2.398266270756721497e-02
-2.398920617997646332e-02
-2.398049645125865936e-02
-2.398481592535972595e-02
-2.397954091429710388e-02
-2.396952919661998749e-02
-2.398774586617946625e-02
-2.398611418902873993e-02
-2.399057522416114807e-02
-2.398277632892131805e-02
-2.397185005247592926e-02
-2.399792149662971497e-02
-2.398588880896568298e-02
-2.398948557674884796e-02
-2.399575337767601013e-02
-2.398961409926414490e-02
-2.399736829102039337e-02
-2.399152703583240509e-02
-2.398837916553020477e-02
-2.398801594972610474e-02
-2.400393225252628326e-02
-2.398815937340259552e-02
-2.398990839719772339e-02
-2.398691512644290924e-02
-2.398963086307048798e-02
-2.399836294353008270e-02
-2.399593777954578400e-02
-2.398092858493328094e-02
-2.399378456175327301e-02
-2.398807369172573090e-02
-2.398475818336009979e-02
-2.398797497153282166e-02
-2.399155125021934509e-02
-2.398694120347499847e-02
-2.399888075888156891e-02
-2.399455942213535309e-02
-2.398872002959251404e-02
-2.400277182459831238e-02
-2.398849092423915863e-02
-2.399713359773159027e-02
-2.398693375289440155e-02
-2.399156428873538971e-02
-2.400122024118900299e-02
-2.399522438645362854e-02
-2.399555779993534088e-02
-2.400128357112407684e-02
-2.400198206305503845e-02
-2.399725280702114105e-02
-2.398392185568809509e-02
-2.399574592709541321e-02
-2.399098500609397888e-02
-2.400014363229274750e-02
-2.399358712136745453e-02
-2.400047518312931061e-02
-2.399506978690624237e-02
-2.399803884327411652e-02
-2.400021441280841827e-02
-2.401126176118850708e-02
-2.401323989033699036e-02
-2.400047704577445984e-02
-2.400905266404151917e-02
-2.400571294128894806e-02
-2.400144189596176147e-02
-2.400570362806320190e-02
-2.401291951537132263e-02
-2.400798164308071136e-02
-2.400414459407329559e-02
-2.398908324539661407e-02
-2.400471083819866180e-02
-2.400088496506214142e-02
-2.400166727602481842e-02
-2.399824000895023346e-02
-2.399432472884654999e-02
-2.400062792003154755e-02
-2.401115372776985168e-02
-2.399799972772598267e-02
-2.399579063057899475e-02
-2.400471083819866180e-02
-2.400698140263557434e-02
-2.399901673197746277e-02
-2.399504743516445160e-02
-2.401059493422508240e-02
-2.400376647710800171e-02
-2.400844730436801910e-02
-2.400247380137443542e-02
-2.401209063827991486e-02
-2.400891296565532684e-02
-2.401274815201759338e-02
-2.400809153914451599e-02
-2.399676851928234100e-02
-2.401333302259445190e-02
-2.401196584105491638e-02
-2.400890178978443146e-02
-2.400812692940235138e-02
-2.401050738990306854e-02
-2.400133758783340454e-02
-2.401408739387989044e-02
-2.401050738990306854e-02
-2.400772087275981903e-02
-2.400657348334789276e-02
-2.400851808488368988e-02
-2.400565892457962036e-02
-2.401600033044815063e-02
-2.400731854140758514e-02
-2.399613335728645325e-02
-2.400906570255756378e-02
-2.400178089737892151e-02
-2.400666102766990662e-02
-2.401475049555301666e-02
-2.400338463485240936e-02
-2.400626987218856812e-02
-2.401914447546005249e-02
-2.400952763855457306e-02
-2.401056140661239624e-02
-2.401797287166118622e-02
-2.401402220129966736e-02
-2.400805614888668060e-02
-2.401630952954292297e-02
-2.400785870850086212e-02
-2.400161698460578918e-02
-2.401038259267807007e-02
-2.401554025709629059e-02
-2.401325292885303497e-02
-2.401300892233848572e-02
-2.401293627917766571e-02
-2.401394955813884735e-02
-2.401285618543624878e-02
-2.401725016534328461e-02
-2.400496788322925568e-02
-2.400863729417324066e-02
-2.402266487479209900e-02
-2.401807531714439392e-02
-2.401741966605186462e-02
-2.401318587362766266e-02
-2.402406558394432068e-02
-2.401646412909030914e-02
-2.400481328368186951e-02
-2.400918677449226379e-02
-2.401757799088954926e-02
-2.401163615286350250e-02
-2.402323670685291290e-02
-2.401902154088020325e-02
-2.401538565754890442e-02
-2.401671372354030609e-02
-2.401814237236976624e-02
-2.400849573314189911e-02
-2.401144616305828094e-02
-2.401285991072654724e-02
-2.400844916701316833e-02
-2.402745932340621948e-02
-2.402133680880069733e-02
-2.402201667428016663e-02
-2.401857823133468628e-02
-2.402071096003055573e-02
-2.400629408657550812e-02
-2.401545271277427673e-02
-2.402148954570293427e-02
-2.402667328715324402e-02
-2.401851490139961243e-02
-2.402329631149768829e-02
-2.401874773204326630e-02
-2.401556447148323059e-02
-2.401535026729106903e-02
-2.401477284729480743e-02
-2.402769401669502258e-02
-2.403423003852367401e-02
-2.402587980031967163e-02
-2.402306161820888519e-02
-2.402754873037338257e-02
-2.402473799884319305e-02
-2.402524091303348541e-02
-2.402205951511859894e-02
-2.402357570827007294e-02
-2.401586621999740601e-02
-2.402048185467720032e-02
-2.401658520102500916e-02
-2.402294613420963287e-02
-2.403369173407554626e-02
-2.401153184473514557e-02
-2.403618581593036652e-02
-2.402137592434883118e-02
-2.403556928038597107e-02
-2.402485162019729614e-02
-2.402140013873577118e-02
-2.401642315089702606e-02
-2.402292937040328979e-02
-2.402687631547451019e-02
-2.402302995324134827e-02
-2.402596920728683472e-02
-2.402782998979091644e-02
-2.402487955987453461e-02
-2.402897924184799194e-02
-2.403272502124309540e-02
-2.402545325458049774e-02
-2.402088604867458344e-02
-2.402246184647083282e-02
-2.403505891561508179e-02
-2.402859553694725037e-02
-2.402823977172374725e-02
-2.402775734663009644e-02
-2.402946725487709045e-02
-2.403699792921543121e-02
-2.402912825345993042e-02
-2.402178198099136353e-02
-2.402771823108196259e-02
-2.403107471764087677e-02
-2.403967268764972687e-02
-2.403542771935462952e-02
-2.403136342763900757e-02
-2.403793297708034515e-02
-2.402916364371776581e-02
-2.403233386576175690e-02
-2.402826398611068726e-02
-2.403162978589534760e-02
-2.402886375784873962e-02
-2.403219230473041534e-02
-2.403468824923038483e-02
-2.404101006686687469e-02
-2.403691969811916351e-02
-2.403506822884082794e-02
-2.403836324810981750e-02
-2.403545007109642029e-02
-2.403342537581920624e-02
-2.403074689209461212e-02
-2.403267659246921539e-02
-2.403740026056766510e-02
-2.403230220079421997e-02
-2.403444424271583557e-02
-2.402598783373832703e-02
-2.403178997337818146e-02
-2.402851358056068420e-02
-2.403576299548149109e-02
-2.403101138770580292e-02
-2.403726801276206970e-02
-2.404115535318851471e-02
-2.403857745230197906e-02
-2.404026873409748077e-02
-2.403517812490463257e-02
-2.402734197676181793e-02
-2.403987012803554535e-02
-2.403991296887397766e-02
-2.404049597680568695e-02
-2.404027432203292847e-02
-2.403685078024864197e-02
-2.403231337666511536e-02
-2.404043264687061310e-02
-2.403852157294750214e-02
-2.403369732201099396e-02
-2.404486760497093201e-02
-2.403276599943637848e-02
-2.403327450156211853e-02
-2.404098585247993469e-02
-2.403150312602519989e-02
-2.403565868735313416e-02
-2.404143102467060089e-02
-2.404361218214035034e-02
-2.404366992413997650e-02
-2.403601445257663727e-02
-2.403153292834758759e-02
-2.403945103287696838e-02
-2.404466643929481506e-02
-2.403931692242622375e-02
-2.403798140585422516e-02
-2.403506450355052948e-02
-2.404407970607280731e-02
-2.404377050697803497e-02
-2.404474467039108276e-02
-2.404749020934104919e-02
-2.403466217219829559e-02
-2.404365129768848419e-02
-2.403997257351875305e-02
-2.403788454830646515e-02
-2.403871528804302216e-02
-2.404394932091236115e-02
-2.403935045003890991e-02
-2.405007742345333099e-02
-2.404044941067695618e-02
-2.403675206005573273e-02
-2.404100075364112854e-02
-2.403885498642921448e-02
-2.404878847301006317e-02
-2.404414862394332886e-02
-2.404016815125942230e-02
-2.404252626001834869e-02
-2.403680607676506042e-02
-2.403841726481914520e-02
-2.404077537357807159e-02
-2.404126711189746857e-02
-2.404953166842460632e-02
-2.404620684683322906e-02
-2.404953911900520325e-02
-2.404851652681827545e-02
-2.404714189469814301e-02
-2.405015937983989716e-02
-2.405788935720920563e-02
-2.404743991792201996e-02
-2.404905483126640320e-02
-2.405583485960960388e-02
-2.405198663473129272e-02
-2.405454963445663452e-02
-2.404362149536609650e-02
-2.404833212494850159e-02
-2.404340356588363647e-02
-2.404398657381534576e-02
-2.405064925551414490e-02
-2.404248155653476715e-02
-2.404422312974929810e-02
-2.404914982616901398e-02
-2.404988743364810944e-02
-2.405552193522453308e-02
-2.405338734388351440e-02
-2.404754236340522766e-02
-2.405470423400402069e-02
-2.404997684061527252e-02
-2.405692264437675476e-02
-2.404944412410259247e-02
-2.404699847102165222e-02
-2.404168620705604553e-02
-2.404055185616016388e-02
-2.404982037842273712e-02
-2.404427714645862579e-02
-2.405373193323612213e-02
-2.405885420739650726e-02
-2.404833585023880005e-02
-2.405318990349769592e-02
-2.404476329684257507e-02
-2.404231205582618713e-02
-2.404630742967128754e-02
-2.404438331723213196e-02
-2.405819483101367950e-02
-2.405850775539875031e-02
-2.405623532831668854e-02
-2.405475452542304993e-02
-2.406222932040691376e-02
-2.405509911477565765e-02
-2.405702881515026093e-02
-2.404930815100669861e-02
-2.405123785138130188e-02
-2.405743114650249481e-02
-2.405827492475509644e-02
-2.404894679784774780e-02
-2.404786273837089539e-02
-2.405280806124210358e-02
-2.405783720314502716e-02
-2.405415847897529602e-02
-2.405219338834285736e-02
-2.405354566872119904e-02
-2.404965274035930634e-02
-2.405846677720546722e-02
-2.405714243650436401e-02
-2.406259626150131226e-02
-2.405581995844841003e-02
-2.404761500656604767e-02
-2.405392751097679138e-02
-2.405755594372749329e-02
-2.406029216945171356e-02
-2.404890581965446472e-02
-2.405662462115287781e-02
-2.406195923686027527e-02
-2.404854632914066315e-02
-2.405781112611293793e-02
-2.406337670981884003e-02
-2.405853755772113800e-02
-2.406386658549308777e-02
-2.405250631272792816e-02
-2.407282218337059021e-02
-2.405107207596302032e-02
-2.405517548322677612e-02
-2.406979165971279144e-02
-2.406655997037887573e-02
-2.406582422554492950e-02
-2.406545355916023254e-02
-2.405959554016590118e-02
-2.405216544866561890e-02
-2.406841702759265900e-02
-2.406217902898788452e-02
-2.405967749655246735e-02
-2.405746467411518097e-02
-2.405702322721481323e-02
-2.406356856226921082e-02
-2.404813654720783234e-02
-2.405945025384426117e-02
-2.405743673443794250e-02
-2.406261675059795380e-02
-2.406647987663745880e-02
-2.405480481684207916e-02
-2.405191399157047272e-02
-2.405566163361072540e-02
-2.406810037791728973e-02
-2.406468242406845093e-02
-2.405249699950218201e-02
-2.406555041670799255e-02
-2.405981533229351044e-02
-2.405079454183578491e-02
-2.405621670186519623e-02
-2.406316623091697693e-02
-2.406261302530765533e-02
-2.406716533005237579e-02
-2.406987734138965607e-02
-2.406645193696022034e-02
-2.406841143965721130e-02
-2.406879328191280365e-02
-2.406660653650760651e-02
-2.406828664243221283e-02
-2.406015247106552124e-02
-2.405986562371253967e-02
-2.406007237732410431e-02
-2.406078018248081207e-02
-2.406161092221736908e-02
-2.405994012951850891e-02
-2.406188473105430603e-02
-2.405143342912197113e-02
-2.406823262572288513e-02
-2.406738139688968658e-02
-2.407090738415718079e-02
-2.406055852770805359e-02
-2.406831830739974976e-02
-2.406934462487697601e-02
-2.406380511820316315e-02
-2.406078204512596130e-02
-2.406789176166057587e-02
-2.406977862119674683e-02
-2.405681833624839783e-02
-2.406708709895610809e-02
-2.406097017228603363e-02
-2.406219579279422760e-02
-2.407046034932136536e-02
-2.408141270279884338e-02
-2.407464571297168732e-02
-2.407286874949932098e-02
-2.406672388315200806e-02
-2.407265268266201019e-02
-2.406875416636466980e-02
-2.407034486532211304e-02
-2.406480163335800171e-02
-2.405902370810508728e-02
-2.406843379139900208e-02
-2.407259307801723480e-02
-2.407404966652393341e-02
-2.406421490013599396e-02
-2.407726272940635681e-02
-2.407116256654262543e-02
-2.406880632042884827e-02
-2.407379820942878723e-02
-2.406461350619792938e-02
-2.406484819948673248e-02
-2.407108619809150696e-02
-2.406072244048118591e-02
-2.406159974634647369e-02
-2.407418936491012573e-02
-2.406990155577659607e-02
-2.408250793814659119e-02
-2.406948059797286987e-02
-2.407556958496570587e-02
-2.407703362405300140e-02
-2.407074533402919769e-02
-2.406636066734790802e-02
-2.407167665660381317e-02
-2.407272718846797943e-02
-2.406614273786544800e-02
-2.407407015562057495e-02
-2.408193424344062805e-02
-2.407369203865528107e-02
-2.406515926122665405e-02
-2.407914958894252777e-02
-2.405972220003604889e-02
-2.406823262572288513e-02
-2.407470531761646271e-02
-2.407330647110939026e-02
-2.406966313719749451e-02
-2.407143451273441315e-02
-2.406825311481952667e-02
-2.406863681972026825e-02
-2.407466620206832886e-02
-2.407318912446498871e-02
-2.406501956284046173e-02
-2.406867779791355133e-02
-2.407185360789299011e-02
-2.407816797494888306e-02
-2.407895401120185852e-02
-2.408238872885704041e-02
-2.407555840909481049e-02
-2.407405525445938110e-02
-2.408549003303050995e-02
-2.408017404377460480e-02
-2.408069744706153870e-02
-2.407376281917095184e-02
-2.406286448240280151e-02
-2.407776936888694763e-02
-2.407263591885566711e-02
-2.407779544591903687e-02
-2.406583540141582489e-02
-2.409083396196365356e-02
-2.408880926668643951e-02
-2.407623268663883209e-02
-2.407553605735301971e-02
-2.407754771411418915e-02
-2.407909370958805084e-02
-2.408065274357795715e-02
-2.407852001488208771e-02
-2.407855540513992310e-02
-2.406993135809898376e-02
-2.407458052039146423e-02
-2.407660707831382751e-02
-2.407869510352611542e-02
-2.408440224826335907e-02
-2.408264391124248505e-02
-2.407841011881828308e-02
-2.408140338957309723e-02
-2.407816238701343536e-02
-2.408128045499324799e-02
-2.407601103186607361e-02
-2.408254705369472504e-02
-2.408597618341445923e-02
-2.408024296164512634e-02
-2.407946065068244934e-02
-2.409007027745246887e-02
-2.408542856574058533e-02
-2.408366277813911438e-02
-2.407788299024105072e-02
-2.408175542950630188e-02
-2.407458797097206116e-02
-2.407177165150642395e-02
-2.407235093414783478e-02
-2.407297119498252869e-02
-2.408356033265590668e-02
-2.408891543745994568e-02
-2.407811954617500305e-02
-2.408776246011257172e-02
-2.409055456519126892e-02
-2.408443763852119446e-02
-2.408655919134616852e-02
-2.407665364444255829e-02
-2.407733909785747528e-02
-2.408727444708347321e-02
-2.409210428595542908e-02
-2.408199757337570190e-02
-2.408550120890140533e-02
-2.407946810126304626e-02
-2.408152073621749878e-02
-2.407908625900745392e-02
-2.408127859234809875e-02
-2.408625558018684387e-02
-2.408598735928535461e-02
-2.408193983137607574e-02
-2.407320402562618256e-02
-2.409017644822597504e-02
-2.407991327345371246e-02
-2.408163808286190033e-02
-2.408588118851184845e-02
-2.407376840710639954e-02
-2.408198080956935883e-02
-2.408501133322715759e-02
-2.407728508114814758e-02
-2.407613769173622131e-02
-2.408921904861927032e-02
-2.408160828053951263e-02
-2.407664433121681213e-02
-2.408468909561634064e-02
-2.408486418426036835e-02
-2.408712357282638550e-02
-2.408041805028915405e-02
-2.408902719616889954e-02
-2.408636920154094696e-02
-2.408799156546592712e-02
-2.407778613269329071e-02
-2.408356033265590668e-02
-2.408432774245738983e-02
-2.407922409474849701e-02
-2.409192547202110291e-02
-2.409731037914752960e-02
-2.408969961106777191e-02
-2.409264259040355682e-02
-2.409513108432292938e-02
-2.409150637686252594e-02
-2.409145608544349670e-02
-2.409416995942592621e-02
-2.409591153264045715e-02
-2.408286184072494507e-02
-2.409229800105094910e-02
-2.409432269632816315e-02
-2.408670261502265930e-02
-2.408562414348125458e-02
-2.408314123749732971e-02
-2.409308031201362610e-02
-2.409581653773784637e-02
-2.408160641789436340e-02
-2.408851310610771179e-02
-2.408864162862300873e-02
-2.408986166119575500e-02
-2.409128658473491669e-02
-2.408922649919986725e-02
-2.408897690474987030e-02
-2.409066632390022278e-02
-2.409380301833152771e-02
-2.409367449581623077e-02
-2.409210428595542908e-02
-2.409600280225276947e-02
-2.408430166542530060e-02
-2.409246191382408142e-02
-2.408924885094165802e-02
-2.407907694578170776e-02
-2.408380061388015747e-02
-2.408456988632678986e-02
-2.408896759152412415e-02
-2.407358027994632721e-02
-2.408798784017562866e-02
-2.409107796847820282e-02
-2.409640140831470490e-02
-2.409243211150169373e-02
-2.409781329333782196e-02
-2.409619279205799103e-02
-2.409867011010646820e-02
-2.408915199339389801e-02
-2.409216016530990601e-02
-2.409574575722217560e-02
-2.408809214830398560e-02
-2.409297414124011993e-02
-2.409381233155727386e-02
-2.410324662923812866e-02
-2.409560233354568481e-02
-2.409915998578071594e-02
-2.409328892827033997e-02
-2.409211359918117523e-02
-2.409221045672893524e-02
-2.410251088440418243e-02
-2.409568987786769867e-02
-2.409308403730392456e-02
-2.409637719392776489e-02
-2.408971264958381653e-02
-2.409033291041851044e-02
-2.409618534147739410e-02
-2.409043349325656891e-02
-2.409767173230648041e-02
-2.410163544118404388e-02
-2.409590594470500946e-02
-2.408756688237190247e-02
-2.408695779740810394e-02
-2.409525029361248016e-02
-2.410388179123401642e-02
-2.409621328115463257e-02
-2.409990504384040833e-02
-2.408810704946517944e-02
-2.409667335450649261e-02
-2.410043030977249146e-02
-2.410398237407207489e-02
-2.410180307924747467e-02
-2.409260906279087067e-02
-2.409812994301319122e-02
-2.409949526190757751e-02
-2.409442514181137085e-02
-2.410283312201499939e-02
-2.410220168530941010e-02
-2.409752272069454193e-02
-2.409538254141807556e-02
-2.410353347659111023e-02
-2.409057505428791046e-02
-2.410263381898403168e-02
-2.411079593002796173e-02
-2.410217188298702240e-02
-2.408456057310104370e-02
-2.409697510302066803e-02
-2.409013360738754272e-02
-2.410025335848331451e-02
-2.408928237855434418e-02
-2.409890480339527130e-02
-2.409393526613712311e-02
-2.408497780561447144e-02
-2.409728989005088806e-02
-2.409101463854312897e-02
-2.409238740801811218e-02
-2.410261146724224091e-02
-2.410961501300334930e-02
-2.410699985921382904e-02
-2.409822307527065277e-02
-2.409808523952960968e-02
-2.409888617694377899e-02
-2.409998513758182526e-02
-2.410217933356761932e-02
-2.409141138195991516e-02
-2.409355901181697845e-02
-2.409961074590682983e-02
-2.409873344004154205e-02
-2.410187199711799622e-02
-2.409702725708484650e-02
-2.408961206674575806e-02
-2.409699186682701111e-02
-2.409938164055347443e-02
-2.410165034234523773e-02
-2.410933002829551697e-02
-2.410414069890975952e-02
-2.409294992685317993e-02
-2.409497648477554321e-02
-2.409411408007144928e-02
-2.409126795828342438e-02
-2.410418540239334106e-02
-2.411068417131900787e-02
-2.410373836755752563e-02
-2.410468086600303650e-02
-2.410460449755191803e-02
-2.410815097391605377e-02
-2.411024086177349091e-02
-2.409325912594795227e-02
-2.410218678414821625e-02
-2.411139756441116333e-02
-2.409543469548225403e-02
-2.410369366407394409e-02
-2.410021610558032990e-02
-2.410669997334480286e-02
-2.410445548593997955e-02
-2.410138584673404694e-02
-2.410514838993549347e-02
-2.410699985921382904e-02
-2.410565689206123352e-02
-2.410336211323738098e-02
-2.409615740180015564e-02
-2.410584315657615662e-02
-2.410162799060344696e-02
-2.410696819424629211e-02
-2.410385943949222565e-02
-2.411282248795032501e-02
-2.411089278757572174e-02
-2.410234883427619934e-02
-2.410916052758693695e-02
-2.410451136529445648e-02
-2.410388179123401642e-02
-2.410269714891910553e-02
-2.409915439784526825e-02
-2.410527877509593964e-02
-2.410512045025825500e-02
-2.410397864878177643e-02
-2.410533837974071503e-02
-2.411131374537944794e-02
-2.410382777452468872e-02
-2.409988828003406525e-02
-2.411084435880184174e-02
-2.411303482949733734e-02
-2.410306781530380249e-02
-2.410922199487686157e-02
-2.411358803510665894e-02
-2.410619519650936127e-02
-2.411130815744400024e-02
-2.410539053380489349e-02
-2.410518936812877655e-02
-2.409772947430610657e-02
-2.410446479916572571e-02
-2.410426922142505646e-02
-2.411224320530891418e-02
-2.410590834915637970e-02
-2.410510554909706116e-02
