5.768603830807893518e-01
5.813632955402550095e-01
5.803701373349373638e-01
5.784213604251066121e-01
5.778608709234006602e-01
5.775413703188861936e-01
5.795725163153482296e-01
5.741326761384534239e-01
5.788245331775636604e-01
5.734356449331590166e-01
5.706839264565191083e-01
5.749104993566832578e-01
5.751167221684203579e-01
5.777228826645214310e-01
5.772694194991476735e-01
5.743342785219106572e-01
5.748502776113318946e-01
5.715427261845668072e-01
5.674545737207795648e-01
5.730513595973387719e-01
5.693708299113254823e-01
5.749846155167924744e-01
5.725996921081948354e-01
5.731358416320189164e-01
5.734300428478759093e-01
5.688915374791074786e-01
5.739648353118640411e-01
5.673945992902271751e-01
5.682117026893612755e-01
5.720718943714820925e-01
5.705458579489750548e-01
5.708192361489630162e-01
5.712872915231157478e-01
5.723417330212503540e-01
5.697291285534986649e-01
5.690531981439584941e-01
5.683325010979113356e-01
5.696429653803311011e-01
5.690787063546527413e-01
5.688408299119102063e-01
5.694861234169578124e-01
5.701936334934113448e-01
5.701711216681618621e-01
5.690892206495762329e-01
5.692504254370637229e-01
5.695342092270492262e-01
5.688210438850042072e-01
5.701930729785936736e-01
5.679051515726482036e-01
5.700976974598007674e-01
5.693297113266059251e-01
5.685013364318862727e-01
5.697431449730216979e-01
5.686285735751809289e-01
5.694740190735563257e-01
5.697113547663572586e-01
5.694461137212890600e-01
5.691738326640888301e-01
5.707809419253344618e-01
5.701616325802260077e-01
5.685880980990287714e-01
5.685594838155675346e-01
5.696003560144037303e-01
5.691767199043146208e-01
5.699139522534623081e-01
5.696576071337814406e-01
5.684583840631801666e-01
5.699894662267481760e-01
5.679813786448560942e-01
5.689360074253633215e-01
5.693661187956454706e-01
5.690120942083307654e-01
5.693036841545803250e-01
5.693116659771695343e-01
5.676610394218716271e-01
5.698851711299857126e-01
5.685819229599881064e-01
5.691032895990649765e-01
5.696414999744522367e-01
5.703611718514303153e-01
5.687671421890884149e-01
5.701262589467072095e-01
5.690453749417733187e-01
5.695594155052541296e-01
5.696775131330433783e-01
5.670742797580107242e-01
5.705216625495395100e-01
5.703831576245187440e-01
5.704528721394540591e-01
5.696763150811020582e-01
5.692582013266077601e-01
5.696849111956749923e-01
5.695350528368886556e-01
5.695980181492562577e-01
5.678849445720103306e-01
5.689282549531207156e-01
5.696289253866059221e-01
5.690548889473908689e-01
5.695891539416713112e-01
5.701841071472859568e-01
5.690987716713816758e-01
5.692362392797247761e-01
5.700808767583930292e-01
5.694519411202901837e-01
5.685027787180353398e-01
5.691167138062720454e-01
5.687065813691268845e-01
5.695803444992314502e-01
5.685885834235767655e-01
5.695829193956051251e-01
5.699737612357934635e-01
5.695429937989126001e-01
5.692590276529984061e-01
5.693481342738982987e-01
5.689715020633893117e-01
5.693588307905398382e-01
5.694278970479362822e-01
5.699873825506308611e-01
5.701749279752803545e-01
5.693713441057065561e-01
5.676823854577704997e-01
5.693419756322020131e-01
5.677811662564975492e-01
5.686144205122168893e-01
5.694284058040932628e-01
5.707168985488672019e-01
5.704335891542940962e-01
5.687328552962293005e-01
5.691054248539030302e-01
5.698583573240861844e-01
5.696814593185683950e-01
5.687740562719485471e-01
5.695436251511231118e-01
5.689992155754289849e-01
5.699114061447364543e-01
5.691921199580347590e-01
5.692169488368628016e-01
5.696176823598484429e-01
5.699149665558499445e-01
5.689822560596723422e-01
5.700709950002841309e-01
5.682222887705339343e-01
5.699912719295123775e-01
5.696961713764783219e-01
5.692828828962150922e-01
5.697214360705732394e-01
5.692799512633067716e-01
5.674283136831458352e-01
5.692666266891190929e-01
5.693812664946783508e-01
5.688219709278490299e-01
5.702548532278199911e-01
5.697128110706901616e-01
5.707949941565402252e-01
5.686648644602962932e-01
5.682530433911155976e-01
5.697455272591812614e-01
5.644450500945106253e-01
5.699970544331132150e-01
5.690991370608370348e-01
5.687237186203392136e-01
5.705980117384793493e-01
5.700569681004127309e-01
5.680020857584346938e-01
5.688627052306890475e-01
5.703914889402408317e-01
5.703219214409578353e-01
5.703292649225126798e-01
5.700795948312146200e-01
5.701231831951857343e-01
5.705806286929300253e-01
5.687598059933992589e-01
5.694088361024138845e-01
5.681144246381630847e-01
5.701337861054912581e-01
5.683385249299190978e-01
5.686525156836063077e-01
5.688999088128116055e-01
5.684786552694439665e-01
5.697663187375008320e-01
5.690731320211179778e-01
5.688423772440106552e-01
5.700419495775757017e-01
5.699252200235923604e-01
5.696914774045739316e-01
5.690899519155634412e-01
5.687721483975733960e-01
5.692379240291197684e-01
5.698887066797934109e-01
5.692960374769501231e-01
5.700346041786760187e-01
5.690787997385405861e-01
5.686558107860597566e-01
5.688645003331895822e-01
5.694168420964421662e-01
5.701558500741238378e-01
5.685980761460721622e-01
5.686513268633228702e-01
5.695823859233961617e-01
5.707003058998539879e-01
5.686637427687040169e-01
5.698962478010881627e-01
5.690514290258280594e-01
5.696165088888752726e-01
5.694126905964945751e-01
5.697458378205775276e-01
5.701685821395099385e-01
5.679368001948057465e-01
5.700386357163522710e-01
5.685255212981469297e-01
5.687994021993929561e-01
5.696503094591208738e-01
5.692071213782081696e-01
5.691571104930883696e-01
5.698750419195066641e-01
5.700348723583676946e-01
5.702030621327384141e-01
5.693101377279493613e-01
5.697870546609673514e-01
5.701288311634694628e-01
5.699095496935193683e-01
5.692758660067446241e-01
5.695716696850882110e-01
5.685560720717491856e-01
5.673348524594681308e-01
5.696896822619661460e-01
5.693343920826022808e-01
5.688551737427379740e-01
5.688063643490322008e-01
5.688284282346589560e-01
5.687309046826962700e-01
5.685698181926743811e-01
5.688882574336205922e-01
5.694650163088466055e-01
5.701067623646555171e-01
5.696369817377474609e-01
5.690574053399277688e-01
5.687464860258852895e-01
5.698962481964728877e-01
5.701705114819991538e-01
5.677721668498901808e-01
5.689451503064627547e-01
5.693660934519731986e-01
5.670854089642254348e-01
5.685192355939180375e-01
5.690771320372689512e-01
5.691774716519374389e-01
5.691130572954371525e-01
5.697728671304680415e-01
5.688835392456111917e-01
5.685769519107772840e-01
5.694671560918019848e-01
5.697025604994162551e-01
5.694802273326490250e-01
5.694243189135106409e-01
5.699361428868211510e-01
5.692179490453780355e-01
5.690401871039495463e-01
5.680781976718535242e-01
5.690073444700706196e-01
5.697551392879837140e-01
5.699318473659554796e-01
5.689684909112854294e-01
5.696342812451341553e-01
5.688487100882336778e-01
5.682422611625647102e-01
5.693749113292981834e-01
5.702667567481167765e-01
5.692149023029872135e-01
5.693085433891879044e-01
5.689975149869485049e-01
5.693602358965207388e-01
5.695783341091054108e-01
5.696167938932189534e-01
5.691307345646926530e-01
5.692212243994860810e-01
5.704422545413593282e-01
5.693712967874181574e-01
5.702804812847502847e-01
5.688702702140424616e-01
5.696556227935529737e-01
5.691233710920939881e-01
5.698946108594900029e-01
5.693888388953121105e-01
5.696534558618164823e-01
5.698855878270749908e-01
5.686125475182569611e-01
5.708453229000143292e-01
5.687787720117812862e-01
5.697144894939556448e-01
5.698318291837931593e-01
5.675727927104373682e-01
5.696171932472255950e-01
5.672490489427282068e-01
5.689379038449481341e-01
5.692633187178237630e-01
5.695702047176002258e-01
5.686391148485855362e-01
5.698078472580794251e-01
5.699002734617312216e-01
5.702817606892314206e-01
5.691702063850244686e-01
5.703350890851056620e-01
5.697056864431374601e-01
5.694496219263474046e-01
5.697166809098911378e-01
5.692623194231662964e-01
5.704562102153544201e-01
5.703001142690656833e-01
5.685592338691690673e-01
5.701441899347108322e-01
5.675617289107312002e-01
5.690311442550070042e-01
5.691974868607142524e-01
5.683941662241347448e-01
5.677203948376493559e-01
5.690204280931020486e-01
5.700280997018146723e-01
5.676732756243213496e-01
5.691942491439837548e-01
5.703075708975099412e-01
5.688778056495551461e-01
5.695863293939223970e-01
5.691045359412213456e-01
5.703169152784453022e-01
5.698191645733354793e-01
5.689715006261611974e-01
5.682999235683319217e-01
5.684372046681963608e-01
5.690425122730868868e-01
5.687830944960851065e-01
5.692452650251087487e-01
5.688160476631567430e-01
5.688106298473759592e-01
5.686860542916399863e-01
5.690427860665938642e-01
5.695307512748902790e-01
5.698369515699223120e-01
5.700775189026896506e-01
5.703594221566435918e-01
5.687512756400574521e-01
5.694628567210646697e-01
5.684467444436764882e-01
5.701749206911204126e-01
5.697245886996931130e-01
5.698900544612429675e-01
5.694150386298754141e-01
5.687352150111975035e-01
5.690069964775374967e-01
5.697255925825593925e-01
5.700555520246849417e-01
5.696609749063062944e-01
5.690024039888454954e-01
5.692159924974365959e-01
5.697009978363373195e-01
5.690266989088783589e-01
5.692447377210168025e-01
5.692479580074067957e-01
5.695694483246108719e-01
5.695902355354008906e-01
5.689968510880075714e-01
5.695934190554181598e-01
5.691927224884648640e-01
5.700607882962579476e-01
5.687289782502737978e-01
5.693226733655858407e-01
5.689341397357934316e-01
5.691725879645105346e-01
5.691534493951196927e-01
5.691468844679757888e-01
5.688760105993383442e-01
5.697216415419775748e-01
5.697097259917872636e-01
5.688798612721800430e-01
5.681012323211488413e-01
5.684058880264045710e-01
5.687720612599929115e-01
5.688710583974414536e-01
5.689938439988194707e-01
5.698780642827843135e-01
5.708063392960190940e-01
5.692590181049845821e-01
5.701796490186146205e-01
5.678849129366271287e-01
5.691855144118890264e-01
5.687399712524234818e-01
5.696661970590923829e-01
5.698331450087408268e-01
5.692229913144416509e-01
5.693304756847004100e-01
5.687611925213265085e-01
5.697376730640154596e-01
5.694162476815077811e-01
5.693986731250137989e-01
5.680085233523001209e-01
5.686915809318681125e-01
5.679972798096105668e-01
5.693028133567002991e-01
5.690025509473627396e-01
5.704424073212109869e-01
5.694894734942100856e-01
5.701181711194273083e-01
5.693880152709461795e-01
5.690613750886416300e-01
5.697947834877293838e-01
5.697750133642999204e-01
5.690731168831393294e-01
5.690202256417845605e-01
5.688964591319056741e-01
5.681943625721468383e-01
5.687492835238378008e-01
5.690160981127456719e-01
5.692258027170059576e-01
5.688580410692497535e-01
5.686025843877394736e-01
5.689769257696605242e-01
5.702770036841001700e-01
5.693488304898365326e-01
5.693787976394293349e-01
5.710763241153915537e-01
5.692865653772909429e-01
5.699843226986059941e-01
5.685948467416472862e-01
5.690558045835790724e-01
5.693457784662490084e-01
5.684677434941233232e-01
5.686972102751108871e-01
5.696258661539638224e-01
5.684558998788407091e-01
5.699403156953808391e-01
5.692017581556488848e-01
5.690563017925361899e-01
5.687884602880786122e-01
5.703096726559150342e-01
5.689911762370711834e-01
5.692049763981282817e-01
5.690003308180677788e-01
5.694224797325736498e-01
5.691081740521848342e-01
5.698166241810482813e-01
5.688730642995540876e-01
5.691009200535566137e-01
5.689596595285336678e-01
5.705266676291864680e-01
5.696297187455920952e-01
5.701420593173482931e-01
5.706287423453393348e-01
5.690310984094136826e-01
5.693324562365676966e-01
5.680673042994971444e-01
5.697526934319790959e-01
5.686840428095434330e-01
5.689330098524428836e-01
5.702297395966093863e-01
5.689595409410069804e-01
5.692440842796088196e-01
5.700748916263379540e-01
5.686681678425369313e-01
5.686544211929592807e-01
5.694623260298032896e-01
5.702881015440898205e-01
5.698469228612127457e-01
5.686896955530273967e-01
5.695346660204487765e-01
5.697379585722718298e-01
5.683770316185616789e-01
5.701744426984747260e-01
5.696065240708807487e-01
5.692373010403560807e-01
5.686325317729675755e-01
5.679179458473926356e-01
5.686513560171208015e-01
5.694373523087356004e-01
5.696002573505063449e-01
5.680717803449648606e-01
5.687669452672643455e-01
5.689058093613977851e-01
5.693713280220702444e-01
5.686769289636128821e-01
5.682349657996781378e-01
5.694782769009242296e-01
5.694348590853440806e-01
5.693190197692564736e-01
5.675295743972375018e-01
5.694717858003081057e-01
5.687421421790697096e-01
5.701861502735017240e-01
5.701472445434828673e-01
5.679467638484071434e-01
5.692995590544580597e-01
5.687988544459838813e-01
5.697912362045177703e-01
5.695841265671405251e-01
5.695220390580973957e-01
5.690211494966386230e-01
5.699273944231095790e-01
5.695055441953125186e-01
5.689050588772268657e-01
5.694497209367835877e-01
5.693401978402139463e-01
5.690425750898875368e-01
5.683511625960322444e-01
5.685602664818725227e-01
5.697610885847642637e-01
5.691485089136919528e-01
5.694867906607420371e-01
5.685730193817541966e-01
5.699613517632304838e-01
5.681483735245232980e-01
5.701795317808581176e-01
5.687451698544860879e-01
5.683657614840992300e-01
5.688508951026720606e-01
5.708110578764679088e-01
5.691606375609129520e-01
5.682363722741671230e-01
5.690008859016797427e-01
5.687671156073191847e-01
5.690625164406617476e-01
5.692446184208213023e-01
5.684429769472512106e-01
5.677824931458299584e-01
5.688019597333744404e-01
5.689877991977001503e-01
5.689019493629168256e-01
5.697036453377588572e-01
5.686846004267928079e-01
5.709401977611614498e-01
5.680905667079345633e-01
5.698621717316878499e-01
5.685058256086545914e-01
5.690665467494069318e-01
5.697692012404174111e-01
5.691666967362275509e-01
5.689846950892718525e-01
5.701324273974091028e-01
5.695579044844610861e-01
5.685816228158601104e-01
5.695134411754713133e-01
5.697696496032668145e-01
5.695224688593649720e-01
5.703131238924202817e-01
5.686823698346102907e-01
5.670697534765267722e-01
5.692564192993759820e-01
5.687595769509589116e-01
5.688721152113452861e-01
5.699748603750836029e-01
5.691326568632216754e-01
5.688995097941770274e-01
5.690872349572224653e-01
5.695224730655513712e-01
5.698919070765072759e-01
5.682407440688032052e-01
5.691703680123852971e-01
5.700495493774350164e-01
5.698886636229782976e-01
5.690484946853580084e-01
5.694230398173956154e-01
5.683678213310827676e-01
5.701693017769763339e-01
5.693136960509030953e-01
5.694401375371123120e-01
5.701376742050052737e-01
5.695561786950181782e-01
5.667223500701789041e-01
5.695901448899386432e-01
5.690865839037931861e-01
5.697555766430723034e-01
5.683581327506707082e-01
5.689292025526627716e-01
5.697809225101371222e-01
5.689539682751666438e-01
5.686206109854518020e-01
5.694458419019826634e-01
5.690621552298955610e-01
5.689847241160317370e-01
5.701034169556410403e-01
5.686794394194134572e-01
5.695577180258408756e-01
5.688937268823686111e-01
5.689161736121782775e-01
5.682682364291979926e-01
5.702867093843565494e-01
5.689404629916843259e-01
5.695162023201654211e-01
5.684633240119781883e-01
5.690484535748709938e-01
5.687378427082736554e-01
5.697907785492840604e-01
5.688123908700274400e-01
5.695918944038478315e-01
5.690606440128794796e-01
5.694364468959285386e-01
5.686676086917691331e-01
5.679780503538317538e-01
5.687368456996585442e-01
5.678612987104787457e-01
5.690505169379151962e-01
5.692073913508128857e-01
5.700841706999010272e-01
5.689570866623465673e-01
5.694713415965105829e-01
5.688224836585641375e-01
5.695942145620389585e-01
5.685894288597259649e-01
5.680269820263575964e-01
5.689556861238713736e-01
5.697435376984977262e-01
5.700950720452546694e-01
5.687739135051770312e-01
5.680960295453958420e-01
5.703753737599324136e-01
5.682247913576241594e-01
5.687766551696843420e-01
5.687650773003004590e-01
5.699635088939366545e-01
5.694324968406302423e-01
5.697791330631157836e-01
5.694683065070642591e-01
5.691897321183364555e-01
5.697100577512094199e-01
5.691884053159451673e-01
5.692761149993464942e-01
5.687803179632885398e-01
5.688220458227050136e-01
5.697698456754406449e-01
5.684932080823620337e-01
5.688483283310915573e-01
5.689530850945873075e-01
5.688812899868541662e-01
5.691521497466917046e-01
5.690344477502717879e-01
5.693678630755503178e-01
5.688497675270500764e-01
5.695743320293223944e-01
5.690056606667647232e-01
5.702108484017811563e-01
5.694166620600015216e-01
5.697588286606418695e-01
5.694027392247418273e-01
5.702310437304650703e-01
5.701714891055702505e-01
5.702589418087022910e-01
5.692091703895213461e-01
5.680671739640790197e-01
5.694084290918915991e-01
5.699349888288082200e-01
5.695475582591674746e-01
5.698111130344859498e-01
5.691782440424127953e-01
5.695670957779623844e-01
5.693841970944271136e-01
5.695502678401455077e-01
5.701134746679027421e-01
5.691342338043725579e-01
5.695995666970748994e-01
5.690862952523467744e-01
5.698354145933003378e-01
5.692737395512642573e-01
5.688700959332677609e-01
5.698890947599130063e-01
5.693472772208834076e-01
5.693658056458296146e-01
5.691522097911080325e-01
5.696815828598577047e-01
5.699640332118000030e-01
5.695500440584092550e-01
5.686175151400622019e-01
5.694765069797002033e-01
5.693869806750879725e-01
5.693694524487641351e-01
5.676624865814091647e-01
5.696230146400000915e-01
5.695411552492077867e-01
5.693692969590390396e-01
5.683515936373348953e-01
5.692771849588005306e-01
5.687259642353088562e-01
5.694871268111680873e-01
5.675901843026391891e-01
5.695696541852773853e-01
5.691399795568764519e-01
5.691150279363084152e-01
5.701213685605103221e-01
5.701914805126394592e-01
5.697836309931004761e-01
5.691795209992525084e-01
5.702746933595381762e-01
5.688928534099615408e-01
5.684386548123496752e-01
5.699810438032095750e-01
5.689154862294538706e-01
5.693660526347242845e-01
5.696859994685358197e-01
5.688013096605816221e-01
5.695725636839263917e-01
5.694279829620094713e-01
5.694740405375627867e-01
5.684962827528970974e-01
5.691893383981586618e-01
5.692524749953504770e-01
5.690137641905851362e-01
5.693612128912898251e-01
5.694298663429159246e-01
5.677532716603471696e-01
5.689342297889279365e-01
5.685373917582172698e-01
5.692152996275204879e-01
5.689639318770278731e-01
5.694383406482603771e-01
5.685999141977792215e-01
5.702068218610745198e-01
5.694098236373524857e-01
5.703895708059188996e-01
5.679054781023986642e-01
5.689823657845990423e-01
5.700319741685316854e-01
5.691940493565518233e-01
5.695494488628392027e-01
5.689908002177220814e-01
5.686693419296556806e-01
5.679604287313724242e-01
5.687921118833803025e-01
5.687543299361422777e-01
5.686449879015650355e-01
5.684077037039986235e-01
5.696316804076101414e-01
5.691050684881361343e-01
5.692957267630903706e-01
5.686381943476666034e-01
5.686603101150187189e-01
5.686237327754005699e-01
5.694983364967549644e-01
5.693379416331975085e-01
5.690219077413700699e-01
5.679850802971154744e-01
5.702592288201897563e-01
5.689534250991526987e-01
5.696474623072539378e-01
5.692711557304869219e-01
5.693501927309361221e-01
5.694983190951737884e-01
5.702306127462535290e-01
5.696761073370113504e-01
5.696469862160516984e-01
5.696186712222457427e-01
5.702337535792623147e-01
5.685237748614611064e-01
5.694997971212802934e-01
5.695753577439197635e-01
5.696042790392358279e-01
5.689531102975285970e-01
5.699531610552366345e-01
5.691710620166036128e-01
5.695055754587315944e-01
5.689753116670077659e-01
5.690287026463730635e-01
5.696853581120194798e-01
5.696714615283424710e-01
5.685107503429116527e-01
5.687903223544924503e-01
5.662160219279102069e-01
5.696171198745564324e-01
5.687886263840945533e-01
5.684657990106678493e-01
5.687901307196469025e-01
5.685462386110956556e-01
5.693924103218205302e-01
5.699820745909353059e-01
5.702263477479808662e-01
5.683846961911991347e-01
5.699302362634017793e-01
5.683324370856516206e-01
5.673320039524019087e-01
5.694384817605006033e-01
5.695721559184077076e-01
5.695959209527260425e-01
5.686505114500481906e-01
5.696820485299157744e-01
5.688600589698010745e-01
5.689525812723253972e-01
5.693519631518831892e-01
5.682715376118652184e-01
5.693902616514544546e-01
5.690850105439176909e-01
5.692057741392259063e-01
5.682796772849911804e-01
5.685776736131816778e-01
5.701071607871343039e-01
5.691811478185655471e-01
5.690062897663942243e-01
5.697369591624914520e-01
5.695726851705705807e-01
5.700864974090507076e-01
5.698624596942004628e-01
5.701069276462422675e-01
5.687765592346334387e-01
5.689825692406501600e-01
5.687262985994668840e-01
5.676397860262453188e-01
5.698456210491763541e-01
5.699811500016312982e-01
5.696339355605101185e-01
5.696756969036541607e-01
5.693393948040320618e-01
5.693093149279764287e-01
5.685128924627675939e-01
5.695853887626959322e-01
5.687892519470530983e-01
5.692756529418243616e-01
5.683999232550734915e-01
5.694704602103471958e-01
5.691411007013181811e-01
5.698543341204034274e-01
5.697432078621994522e-01
5.697907107287116801e-01
5.696307582093319555e-01
5.687169019605270437e-01
5.693377258080439818e-01
5.686524368287583231e-01
5.696309456787582715e-01
5.692189106259191167e-01
5.699764454020119775e-01
5.682476465147985323e-01
5.688731641617134072e-01
5.691785108315611241e-01
5.695150663836783256e-01
5.693261644545600797e-01
5.688542467619004395e-01
5.695542380682515615e-01
5.688323317857436612e-01
5.682547547168258495e-01
5.690456604693832077e-01
5.696239954679840345e-01
5.697506930770791511e-01
5.702665214327059529e-01
5.693476492804673272e-01
5.696220427685416698e-01
5.682270297075525667e-01
5.689931599739189716e-01
5.697725299639951890e-01
5.691555971997140917e-01
5.688228760428105657e-01
5.695602333042099064e-01
5.691806649999239243e-01
5.689484173943191170e-01
5.694677743726074270e-01
5.686227434471290421e-01
5.689129541138810975e-01
5.703245550989946011e-01
5.697511116794905517e-01
5.690968384655689105e-01
5.682854297484788431e-01
5.692772170172792912e-01
5.699456028590529355e-01
5.692976241283337346e-01
5.696566900067753236e-01
5.695214313573297993e-01
5.691562267555458909e-01
5.681988190694069463e-01
5.694212626139145694e-01
5.700834716296899751e-01
5.704045286133926362e-01
5.700063884725509178e-01
5.697299153118026149e-01
5.688322720692413625e-01
5.686993811211136229e-01
5.705435767598363572e-01
5.703037993705506459e-01
5.683933735107131735e-01
5.682209966793856371e-01
5.690642951772308944e-01
5.681573419711791750e-01
5.695244927048623840e-01
5.691184949101313340e-01
5.698045517536038940e-01
5.692750410585646348e-01
5.696757473810633021e-01
5.695525248161847909e-01
5.677636815768829504e-01
5.690676347527970913e-01
5.696007066563683052e-01
5.692602814240901310e-01
5.689542836441017215e-01
5.703925736251042045e-01
5.686774988521811069e-01
5.692379622247438764e-01
5.694883034749079753e-01
5.698268384521588681e-01
5.687997000515963020e-01
5.690760700914739845e-01
5.695420153524790585e-01
5.692218450653966366e-01
5.682037551301943878e-01
5.690413165099423853e-01
5.693734292567063093e-01
5.689187351094299183e-01
5.698303570120561989e-01
5.703029737029563506e-01
5.683664188787656002e-01
5.700105935957044956e-01
5.688628204330447025e-01
5.698202780301138137e-01
5.686255966692318475e-01
5.694725261854355347e-01
5.692797961148309271e-01
5.700251749762443865e-01
5.700653485360321904e-01
5.703414601099857650e-01
5.695406883863241010e-01
5.690695278225562648e-01
5.690937705941340186e-01
5.685101042492821666e-01
5.693871818688925890e-01
5.676425905525458449e-01
5.698800384941933306e-01
5.695706071066949372e-01
5.692929458943868370e-01
5.693540881346896843e-01
5.694931508481335669e-01
5.689911781538002922e-01
5.693634167524015410e-01
5.695221623367560104e-01
5.692806788387261285e-01
5.691292120169543223e-01
5.696752751840444828e-01
5.681739818296170919e-01
5.697113659565650190e-01
5.698014232061037188e-01
5.691750902818401014e-01
5.702360769457497369e-01
5.693324027069918136e-01
5.687470574419991598e-01
5.693915445902512085e-01
5.693323172444951785e-01
5.683766928533009466e-01
5.697790461946820040e-01
5.680081609712787083e-01
5.688996237327063055e-01
5.686269900058279481e-01
5.678485102531810602e-01
5.698277691907366327e-01
5.694861072532967361e-01
5.670226198978118859e-01
5.692264884238392719e-01
5.692372799208679224e-01
5.689797180649753816e-01
5.687058812312526523e-01
5.684417917567178291e-01
5.672898480562114099e-01
5.704760338879227843e-01
5.693003340009473723e-01
5.687270221200801945e-01
5.697647769701392750e-01
5.688533594811382432e-01
5.698650572358930910e-01
5.697429253291356188e-01
5.685385398808385782e-01
5.694855753157375133e-01
5.693536831052340430e-01
5.686822489463837504e-01
5.689204498712070457e-01
5.697782755916775965e-01
5.692569176171512479e-01
5.687439833919041288e-01
5.673131773429458402e-01
5.691931218348550425e-01
5.681809098674210912e-01
5.690541184907595973e-01
5.705127508955506466e-01
5.689749221896874820e-01
5.688315429955760338e-01
5.689375868243261580e-01
5.689670372149820965e-01
5.697921165712924729e-01
5.701698041740853595e-01
5.695701735456317749e-01
5.690144896003850317e-01
5.688638030456346639e-01
5.691958179984404342e-01
5.694568970014586284e-01
5.687734173200734711e-01
5.693382714870919292e-01
5.687999423961568324e-01
5.690324383895936089e-01
5.686683973869582909e-01
5.693684427454444030e-01
5.691220402459128413e-01
5.686928484273695572e-01
5.694911652611301944e-01
5.700700716908704280e-01
5.693109105466610531e-01
5.681199573197683872e-01
5.682550155465271313e-01
5.695217705968816935e-01
5.703260431122484375e-01
5.696589226307968712e-01
5.685966139930003216e-01
5.687574561513598637e-01
5.682667912940592148e-01
5.686837813613492276e-01
5.696096261489888013e-01
5.686092432451086420e-01
5.687591950237503857e-01
5.693068966793618513e-01
5.681273996426926542e-01
5.690450378889653216e-01
5.684755269768204666e-01
5.700485037514547715e-01
5.679313321577751372e-01
5.696039457119601579e-01
5.698113555472444913e-01
5.693557625379075393e-01
5.694570342138159935e-01
5.682401320696910396e-01
5.701088892005271580e-01
5.694775105550934358e-01
5.682020632666271442e-01
5.703078190415028503e-01
5.695774147291101652e-01
5.691534642730069482e-01
5.687510695312189002e-01
5.694454722413502257e-01
5.689980582462939029e-01
5.692003354195780407e-01
5.674395424815922295e-01
5.711734436553378425e-01
5.685795268539962644e-01
5.696995145694251361e-01
5.689518601148486621e-01
5.693279126699130055e-01
5.689747058354194253e-01
5.695776892128713298e-01
5.688250079547250149e-01
5.693883186872004121e-01
5.695967319744527080e-01
5.696985522850576134e-01
5.694108821142755961e-01
5.699415145521432580e-01
5.694492613951956939e-01
5.687786696750242177e-01
5.698027479427885122e-01
5.688747491938282996e-01
5.694095248436037426e-01
5.694715549415360067e-01
5.694921359051557941e-01
5.684137444350862989e-01
5.690044196050163539e-01
5.686747413057060552e-01
5.686583610115827359e-01
5.701166006700446598e-01
5.686994351406970960e-01
5.691313343476762654e-01
5.693945551285007900e-01
5.696357955748504454e-01
5.687032618083138757e-01
5.697235090904206878e-01
5.687789954529042236e-01
5.685473532825658927e-01
5.699946630424410632e-01
5.688782411055784971e-01
5.684755625076229890e-01
5.697900779525976178e-01
5.689186108891319815e-01
5.691334190353479761e-01
5.682910818266829756e-01
5.699197238314874792e-01
5.692107433284862017e-01
5.680197702303309004e-01
5.689613126079833272e-01
5.687400614290413214e-01
5.687791636147058183e-01
5.689714955571233412e-01
5.690333922793007204e-01
5.689136481587678817e-01
5.693469527607686320e-01
5.692468032265142197e-01
5.697150769015931759e-01
5.692423703950478808e-01
5.694114103047410724e-01
5.692709980936517811e-01
5.689580549958970224e-01
5.694184809903571898e-01
5.691882375523734661e-01
5.699108673523191060e-01
5.691595572741489084e-01
5.690732637069327859e-01
5.680223084937993105e-01
5.701854846578381375e-01
5.687104880330453582e-01
5.687389952170026630e-01
5.673743970246450941e-01
5.687425613387049328e-01
5.701236599785695081e-01
5.678679354977411720e-01
5.692111758830379342e-01
5.685712724400717732e-01
5.700979905539654835e-01
5.683849036687557144e-01
5.690881841748061110e-01
5.695216843122239414e-01
5.693474487941597717e-01
5.696332049216900062e-01
5.687205212663680731e-01
5.693380756856137870e-01
5.678344039025293721e-01
5.695285426366260007e-01
5.679594425024304671e-01
5.688847019268095107e-01
5.682177701720737550e-01
5.685558085234745374e-01
5.701022923159470013e-01
5.686731805598682632e-01
5.699045778421772956e-01
5.680883524428085307e-01
5.692771903114286491e-01
5.692326657124451295e-01
5.689338980527453016e-01
5.689097349664501424e-01
5.683353921518100593e-01
5.686181583301330722e-01
5.699367736329390421e-01
5.698213043392492683e-01
5.691186173814809512e-01
5.687820695589104192e-01
5.700167140641042574e-01
5.699125319094771047e-01
5.682666212312998955e-01
5.688577247413973970e-01
5.695977186856691077e-01
5.695409772388598801e-01
5.693328748434749453e-01
5.692650365869960094e-01
5.690377205625883894e-01
5.694787595108907752e-01
5.690578169879595416e-01
5.688810971573989850e-01
5.701282772385316555e-01
5.691111407331372884e-01
5.689882612786085758e-01
5.689252892951467411e-01
5.689652763227855958e-01
5.692892467924882682e-01
5.691595302166432280e-01
5.686561600859655341e-01
5.691567058286536307e-01
5.687728382750736333e-01
5.679006714238296061e-01
5.693592331416909014e-01
5.689742855443654657e-01
5.690301449077660445e-01
5.700437439384662408e-01
5.696500204574531656e-01
5.684116502294683793e-01
5.692944122890294389e-01
5.701174304482433675e-01
5.684958674124293010e-01
5.686363045465111510e-01
5.699990054334806988e-01
5.693900810043565075e-01
5.691532604662160599e-01
5.689463590518935021e-01
5.694333893274416969e-01
5.687210472982192622e-01
5.703537262456882528e-01
5.696515100329585524e-01
5.685537919022900510e-01
5.692618096556688601e-01
5.685566911562702774e-01
5.702134988470437538e-01
5.698496279675342446e-01
5.691205551628851778e-01
5.703182219397444630e-01
5.693581503045694880e-01
5.696679055141469217e-01
5.697999647404891066e-01
5.694999313847222133e-01
5.698761391756103079e-01
5.691858635259733346e-01
5.688613580846907380e-01
5.689556213471028689e-01
5.684628258010165913e-01
5.688272315212635766e-01
5.688159708569419104e-01
5.692296716228325559e-01
5.698000543978706256e-01
5.684432726896241350e-01
5.682203244777476181e-01
5.687210330414164128e-01
5.696032956332043318e-01
5.686407942058061549e-01
5.693256203133680859e-01
5.680870478026750492e-01
5.698262956369355425e-01
5.701980150886837295e-01
5.689683809193928354e-01
5.691240630768834574e-01
5.700676492117523475e-01
5.675486319874653018e-01
5.689914402699762785e-01
5.691107480536140573e-01
5.688257646169544435e-01
5.690907706172236846e-01
5.695055430659212714e-01
5.687298081452597520e-01
5.697135111216292680e-01
5.692941651888092647e-01
5.690115468855861947e-01
5.689736891098139404e-01
5.681461338465844113e-01
5.693735677346604129e-01
5.698070919763632558e-01
5.691677004228339332e-01
5.680684274146218238e-01
5.697981072650237788e-01
5.691476785285286555e-01
5.696428963121428213e-01
5.689859237822461058e-01
5.688882575901050842e-01
5.689046780623560062e-01
5.689675083991874160e-01
5.688262944547193278e-01
5.686406660447030914e-01
5.699262872801266200e-01
5.690968135233377412e-01
5.683313792710187329e-01
5.701287937688460650e-01
5.697541165577231226e-01
5.707621151462889397e-01
5.687020927140201687e-01
5.688029644626712011e-01
5.689335914712956299e-01
5.698382255827125764e-01
5.685978304003866945e-01
5.699436233327422885e-01
5.685206746353009821e-01
5.698819902550766869e-01
5.688988341881424660e-01
5.701685935363390856e-01
5.687882104372296022e-01
5.692249737442148794e-01
5.692049827608903767e-01
5.686306699569738665e-01
5.689464784775198902e-01
5.679266141040379967e-01
5.690106746676093508e-01
5.694804632988367254e-01
5.687003712719193027e-01
5.695765493505364763e-01
5.688282536826445579e-01
5.676674483157643225e-01
5.698281622832177540e-01
5.703530584211659038e-01
5.693858170633951943e-01
5.688586673950515316e-01
5.682646084745994752e-01
5.692878354361233795e-01
5.693555052683391127e-01
5.693514562079915464e-01
5.691002799174369464e-01
5.686225396346313854e-01
5.700037934279189589e-01
5.694190260237658174e-01
5.696194684917322837e-01
5.690672125354614419e-01
5.693884301418991045e-01
5.684846745440779170e-01
5.699595819063690838e-01
5.700452011278993592e-01
5.689673266240616867e-01
5.693311997053690510e-01
5.693845762026515933e-01
5.683791970217496603e-01
5.689931030833926817e-01
5.699379416393616227e-01
5.695087623675801902e-01
5.693909114457897935e-01
5.695381475547266481e-01
5.693997324522123149e-01
5.678188432439231770e-01
5.688398301346191399e-01
5.686627987525291195e-01
5.696965083783637196e-01
5.697916143658058319e-01
5.682920773375436108e-01
5.690794804140405505e-01
5.697820478709777481e-01
5.696675262732254774e-01
5.698183566960040025e-01
5.641371477209043972e-01
5.688967261271045128e-01
5.690317256218667685e-01
5.680301647582967073e-01
5.683976274160914555e-01
5.702598566752977716e-01
5.688366706097530701e-01
5.691560082388578135e-01
5.695111250064049946e-01
5.700886858490541442e-01
5.687161059968108834e-01
5.683345333134860455e-01
5.685450627655738165e-01
5.695323088742313411e-01
5.677772637881723927e-01
5.700062563599855858e-01
5.699391415824553997e-01
5.689498081312269750e-01
5.678091231381480197e-01
5.684907040469714401e-01
5.678949545751930117e-01
5.690186165212730574e-01
5.696021516786979877e-01
5.691702803932378041e-01
5.686571412094673095e-01
5.694033621305407689e-01
5.691848191265934664e-01
5.695900173274228706e-01
5.688348544864744172e-01
5.682917419289358341e-01
5.700571754427947724e-01
5.692814610132111985e-01
5.676266389051465300e-01
5.687290538853985167e-01
5.673231120455278775e-01
5.694323036519500780e-01
5.696909855758384156e-01
5.700479355388716751e-01
5.697602810866059242e-01
5.696342154292173277e-01
5.696389584631963432e-01
5.707742268188255030e-01
5.692373210607716283e-01
5.695497917300811341e-01
5.693264494521755870e-01
5.694467876112340177e-01
5.693125157061712516e-01
5.689041294525518655e-01
5.691596336780865295e-01
5.702404539402712302e-01
5.700989316956256436e-01
5.675536367523436043e-01
5.695210465198040639e-01
5.694215391100339030e-01
5.694993484731217803e-01
5.696353689918870478e-01
5.693325333807780497e-01
5.684399308414922469e-01
5.692814454018806369e-01
5.686028784232274313e-01
5.695480177759444373e-01
5.687606073773153748e-01
5.702498739526642435e-01
5.690613865787633729e-01
5.686882839380713595e-01
5.692479903157469101e-01
5.690866513033048246e-01
5.691533032819757754e-01
5.693428634507562425e-01
5.701366356682979752e-01
5.685784936669507905e-01
5.689679496938966352e-01
5.697497622998426436e-01
5.678279919662494457e-01
5.686900679115717283e-01
5.684613970124390292e-01
5.695323680724280191e-01
5.688713224172597949e-01
5.682980887000095294e-01
5.697710541012038776e-01
5.678974101796797624e-01
5.696522613949865921e-01
5.699325621818596144e-01
5.676378212470970519e-01
5.696488821129156443e-01
5.693711878044511732e-01
5.698263832291662334e-01
5.689709262462424588e-01
5.692927396082047009e-01
5.692064994099391706e-01
5.701994320998177157e-01
5.697190805544187775e-01
5.687495167579355027e-01
5.690687723743452775e-01
5.695779816927765138e-01
5.690755917988382651e-01
5.686830897880851277e-01
5.694533324872055324e-01
5.690783230511425872e-01
5.691516328186825291e-01
5.684641184553381743e-01
5.687969731319769684e-01
5.677967842381042018e-01
5.687640218420372262e-01
5.701391537559361566e-01
5.688688937438887150e-01
5.694319199955801825e-01
5.698383185400538453e-01
5.688745250280942134e-01
5.690005893962972738e-01
5.685175859999864745e-01
5.701134701786649828e-01
5.695665505153064689e-01
5.691130865039795150e-01
5.686696110801497950e-01
5.693652231910912853e-01
5.696266103123709401e-01
5.696746949105248037e-01
5.679425126630210929e-01
5.695511091314581220e-01
5.692690631856167638e-01
5.685920050694556194e-01
5.688943511464127356e-01
5.690690767110151427e-01
5.693716045499671585e-01
5.700300328457207355e-01
5.703821665326989088e-01
5.690848653086773012e-01
5.692918683266114943e-01
5.692652716961464909e-01
5.690184120825669822e-01
5.679744287756559595e-01
5.692778072721893512e-01
5.688183783750415667e-01
5.685173842150277324e-01
5.690238641741303116e-01
5.686819123222801586e-01
5.690508228138630997e-01
5.679527780580057028e-01
5.696850522795248173e-01
5.693404199668653520e-01
5.689846276843090189e-01
5.690922871650111459e-01
5.695024528187531132e-01
5.688537380875018368e-01
5.690100612737324370e-01
5.682478359246669886e-01
5.677759903491694793e-01
5.692730726698110866e-01
5.690646031433448382e-01
5.687445666320760651e-01
5.699370932505616327e-01
5.684125107676906152e-01
5.704581941700239689e-01
5.695859836948541366e-01
5.696224586160213432e-01
5.687862172056091792e-01
5.693700597731458091e-01
5.683992993988943310e-01
5.690545491626012309e-01
5.696152654393091819e-01
5.684005006687227191e-01
5.688715216618468462e-01
5.682968527231294642e-01
5.689458058701161169e-01
5.695867723283124517e-01
5.695108532752052310e-01
5.694670642553363304e-01
5.701796691730044442e-01
5.691618376997978901e-01
5.688873674877275022e-01
5.697508706531333456e-01
5.685594452414542976e-01
5.690898687657509614e-01
5.691856906536186811e-01
5.688322246371457780e-01
5.679621930688935061e-01
5.689714459329382468e-01
5.691456361458367974e-01
5.696796212121080227e-01
5.674111296731750853e-01
5.695641746203217171e-01
5.685112973105519441e-01
5.696710475434280108e-01
5.695013514498754592e-01
5.691510425796687533e-01
5.694611398162182647e-01
5.696179509586078993e-01
5.685315763902446529e-01
5.686201560942245603e-01
5.687185463477366643e-01
5.691673356492138458e-01
5.698507805649628555e-01
5.695961707259503681e-01
5.696925255986780012e-01
5.690537778844967365e-01
5.682031884369346253e-01
5.691882548723893320e-01
5.704945753156429600e-01
5.695054875423526397e-01
5.695353061041230625e-01
5.700257552948345685e-01
5.699360819576295700e-01
5.696101512759931262e-01
5.693063638758233402e-01
5.692093109530828032e-01
5.692253427241704689e-01
5.689735942379533506e-01
5.698046532363230110e-01
5.689482724903474065e-01
5.699539799954210784e-01
5.690629048434316939e-01
5.690134438223160007e-01
5.701093747666352574e-01
5.691166253214567927e-01
5.689882728181661076e-01
5.690845277094048749e-01
5.688400210294018988e-01
5.695023776076678645e-01
5.689683590128425950e-01
5.696390526467957072e-01
5.693049206278574248e-01
5.694473376832049905e-01
5.708963167127103500e-01
5.693902282215005384e-01
5.677599883744581799e-01
5.689257283884099348e-01
5.689706877931064444e-01
5.688653070847149440e-01
5.696759811761077374e-01
5.687785351041484416e-01
5.700468237295732710e-01
5.681834602408527557e-01
5.692395820308451260e-01
5.692094794349117359e-01
5.689905774843795339e-01
5.701335792304262906e-01
5.704460837409345286e-01
5.692971124188129783e-01
5.695253540470942566e-01
5.697313657458925595e-01
5.694358001941680625e-01
5.684157287424725924e-01
5.681970922875196894e-01
5.687375192472116092e-01
5.679355730211034237e-01
5.692205150315433615e-01
5.691383157075340371e-01
5.690971094652029771e-01
5.697447149394767596e-01
5.690017439615707717e-01
5.694558374881398821e-01
5.696449605472676536e-01
5.686846631980860822e-01
5.689179851472759841e-01
5.705413736992658302e-01
5.692443320347686520e-01
5.694098050949167877e-01
5.696825971406156430e-01
5.690912225636006738e-01
5.685198742566163199e-01
5.702473135410780491e-01
5.687058325841012341e-01
5.699168763308104513e-01
5.696116227507352914e-01
5.686758278207424411e-01
5.684916341535322104e-01
5.698457135626144865e-01
5.701278491733984266e-01
5.692858925445881679e-01
5.689764228949855118e-01
5.684396899623259669e-01
5.682789436113263593e-01
5.701088709044891401e-01
5.693075345856647429e-01
5.689082785442006740e-01
5.695275168285676148e-01
5.697156579130787657e-01
5.690067430996397224e-01
5.691633590246570895e-01
5.678114253340333928e-01
5.685673232580014114e-01
5.680369597848320407e-01
5.690629754571449039e-01
5.693087978371282887e-01
5.688515540893026579e-01
5.699680273899836447e-01
5.692097657998960170e-01
5.694233455550613554e-01
5.695822412356827957e-01
5.693651281295390998e-01
5.681347266244199945e-01
5.690830342591965962e-01
5.693768731997146393e-01
5.694208381823174792e-01
5.689273130839678227e-01
5.695665853856873850e-01
5.696116727774019894e-01
5.696309997856624507e-01
5.687142082787502995e-01
5.695111748225326620e-01
5.688702516561260358e-01
5.687778419414477593e-01
5.692250742223539106e-01
5.680859249873325689e-01
5.688608463058706377e-01
5.700983606313890784e-01
5.697895936430806829e-01
5.694703650603456513e-01
5.692358402920100202e-01
5.681685631482384924e-01
5.694607905350391741e-01
5.687796019881309340e-01
5.695048807443868766e-01
5.683141795011917852e-01
5.690499547898408839e-01
5.689164406235887039e-01
5.693835711469047434e-01
5.695158845179043583e-01
5.679817506995190612e-01
5.692160086083949411e-01
5.675558705955827676e-01
5.694487953661369062e-01
5.689537737703408427e-01
5.692968891321712466e-01
5.675544510542838150e-01
5.681097718039660460e-01
5.695750192958942693e-01
5.700398846002683317e-01
5.690082563350673528e-01
5.689191510909150651e-01
5.695321837764666384e-01
5.686034298695384903e-01
5.690735946648327603e-01
5.694314976589224253e-01
5.689521859054670339e-01
5.698265114206245707e-01
5.693257033902170416e-01
5.689181119727849678e-01
5.684306075177082418e-01
5.691214648756416361e-01
5.685967256905050116e-01
5.693201210958954706e-01
5.695285554495874702e-01
5.692204032869454533e-01
5.677312508497999177e-01
5.691253496576380577e-01
5.691843498870594598e-01
5.696207897502868489e-01
5.693237873336132182e-01
5.697505906380314622e-01
5.698633157701687990e-01
5.695845601656612800e-01
5.690690557222505275e-01
5.684403884367520421e-01
5.686442296691992526e-01
5.695724541101023775e-01
5.688726084780556524e-01
5.693855579581185156e-01
5.678672678049901945e-01
5.690486182086879063e-01
5.692591643795685830e-01
5.691933648315168348e-01
5.696133047391765958e-01
5.687590151182406739e-01
5.687658126044228268e-01
5.698716241959207451e-01
5.683811277212005297e-01
5.682884037185932380e-01
5.688343938541047251e-01
5.696046568770593010e-01
5.690576926245224376e-01
5.702099732737544446e-01
5.679503788081055049e-01
5.685358558365841697e-01
5.687985773626421659e-01
5.692925811058848762e-01
5.687569817677452511e-01
5.693549202103136420e-01
5.691161044827944826e-01
5.694524569167688233e-01
5.691861087946203934e-01
5.700294803283070255e-01
5.694676159645172264e-01
5.683518092852053449e-01
5.693488353629765353e-01
5.689131025291532806e-01
5.696118735403666866e-01
5.699345352194911118e-01
5.685870861840642831e-01
5.694121102711470206e-01
5.691436273993574213e-01
5.692023449610028596e-01
5.696867744464702010e-01
5.703176643907805765e-01
5.693615587312245152e-01
5.695366095529238448e-01
5.688493669497626248e-01
5.685357761690118528e-01
5.689922774375599790e-01
5.698689027767727122e-01
5.696810566577020785e-01
5.686678953129595815e-01
5.692546624137753142e-01
5.687919521627170516e-01
5.698573228782072286e-01
5.682149832030599645e-01
5.688621128831770069e-01
5.690886649119520913e-01
5.695386261663005767e-01
5.689089488425618235e-01
5.684713063010546907e-01
5.687605710503625955e-01
5.694740262120399077e-01
5.695542688683611354e-01
5.688319989906931440e-01
5.687834307973779202e-01
5.692046901575367190e-01
5.689885353490949926e-01
5.697373420404937550e-01
5.681037086114357759e-01
5.696730294553316032e-01
5.685898465000420732e-01
5.699382306909229756e-01
5.696757411000387128e-01
5.686549948167111124e-01
5.690091465983632135e-01
5.688495082856117602e-01
5.697291966130757501e-01
5.699061335900020842e-01
5.685587909478539981e-01
5.693779454399481299e-01
5.692523979354139341e-01
5.688664708910480261e-01
5.689945308855184347e-01
5.691618584776322320e-01
5.690180909091161476e-01
5.696735903249227073e-01
5.691835417455124446e-01
5.687142069505398689e-01
5.692908856455402011e-01
5.689314477357166888e-01
5.694601849912644953e-01
5.690888621746543752e-01
5.696353653027282915e-01
5.698308015928225112e-01
5.696333999012767046e-01
5.691601283563045843e-01
5.691313264072311862e-01
5.689355074326384321e-01
5.687031634444236206e-01
5.686924172487526352e-01
5.701006812121556244e-01
5.695742194830558658e-01
5.690517046553832392e-01
5.692788564972623977e-01
5.691732249241808761e-01
5.696007668528416668e-01
5.690921820745316051e-01
5.697239559365174788e-01
5.699904642236095498e-01
5.690044822917740275e-01
5.695511167950632059e-01
5.692808652272700609e-01
5.699476287370516259e-01
5.697169719390017262e-01
5.699991120594080085e-01
5.694775671755921698e-01
5.703027048239259766e-01
5.693491696656681755e-01
5.697942881201863985e-01
5.703444225228022635e-01
5.693559500570077869e-01
5.692454666994143375e-01
5.689409922932437969e-01
5.696582998215222737e-01
5.676452966415166390e-01
5.695400181741219203e-01
5.684194625373061305e-01
5.698933947880283624e-01
5.697234521636242999e-01
5.697024751324056835e-01
5.690555580764848909e-01
5.695483353707763152e-01
5.700919747926024295e-01
5.697003618727299878e-01
5.690504901462528631e-01
5.697106667728879525e-01
5.687777108614653354e-01
5.691746579644828552e-01
5.683936552990621616e-01
5.693443632070088745e-01
5.688968363864257416e-01
5.689044414791438742e-01
5.687729770776248639e-01
5.692040381546531469e-01
5.690680481571923632e-01
5.685849342576392296e-01
5.691628253089355827e-01
5.658994907348761094e-01
5.687595719804393601e-01
5.693822737575888748e-01
5.679636576646741597e-01
5.686648869130572770e-01
5.702431774142013854e-01
5.677313661823389923e-01
5.693327863663674160e-01
5.690705003447908972e-01
5.703167054554538762e-01
5.687864337383482516e-01
5.691292860204389958e-01
5.700582136738207018e-01
5.699129659100889977e-01
5.690760946225699168e-01
5.690296417587155098e-01
5.693903687498486077e-01
5.686453292600776033e-01
5.693133746475700363e-01
5.700481040022045143e-01
5.687241287907757181e-01
5.681226758140079935e-01
5.694222584095760542e-01
5.693216062847157311e-01
5.693310711019343717e-01
5.699167853030289166e-01
5.691416528012832599e-01
5.699082236699009041e-01
5.695740921550833669e-01
5.692606761088790934e-01
5.705453550100296756e-01
5.696742808748843645e-01
5.688917328863141165e-01
5.699432111273338153e-01
5.667527743338905966e-01
5.686184631093276209e-01
5.692435402759125074e-01
5.684542769655773764e-01
5.691799397841158514e-01
5.647063183614345894e-01
5.684196273903685537e-01
5.696425028244520572e-01
5.688564499925518048e-01
5.698308823732047834e-01
5.688898057072806491e-01
5.679835243497169950e-01
5.690065241315249711e-01
5.694236160861729790e-01
5.688200389748505614e-01
5.686953287023640558e-01
5.694192226507414079e-01
5.688738060569172861e-01
5.697491304365518427e-01
5.693543573495613019e-01
5.678884153187250261e-01
5.700978652182016049e-01
5.698249357323218467e-01
5.700831527237115726e-01
5.686435944447965074e-01
5.684172872155958123e-01
5.700179121367848767e-01
5.690199398314647050e-01
5.702657163976205812e-01
5.683700178127598646e-01
5.696816280079816108e-01
5.688934792689325226e-01
5.697150071381854586e-01
5.694579302244890950e-01
5.688476802286014378e-01
5.696948941591232218e-01
5.689066718454480753e-01
5.692479204225906475e-01
5.695298894868375816e-01
5.692492852521920943e-01
5.689624666751040838e-01
5.689539550718958338e-01
5.683938483159929334e-01
5.701075650006803830e-01
5.695510632559663833e-01
5.672440467656126861e-01
5.677651287142362335e-01
5.685649498197696827e-01
5.696602811734283733e-01
5.695659348528387955e-01
5.688335583396451067e-01
5.691599288176301119e-01
5.680187090195808475e-01
5.686529005240925638e-01
5.700514426723285455e-01
5.711375948068474484e-01
5.691847255154950380e-01
5.690027687008292201e-01
5.691488613723494350e-01
5.693808223612578656e-01
5.703135846536434572e-01
5.683877921549994605e-01
5.672732091196336368e-01
5.691000001049812962e-01
5.699014160028569309e-01
5.699472572872702480e-01
5.690171782246753462e-01
5.690057452152109674e-01
5.693787016740035067e-01
5.691961055630520017e-01
5.690910947759262317e-01
5.691403767356589816e-01
5.695944463716049455e-01
5.693817747542330165e-01
5.690083196020901957e-01
5.691534953740664537e-01
5.690848778913661921e-01
5.698214583328385929e-01
5.693841852273989756e-01
5.690893799266545372e-01
5.688925409303869918e-01
5.686555108282658200e-01
5.692380259012611576e-01
5.688985728108409967e-01
5.643653175256313492e-01
5.694708416820523089e-01
5.684013544199254531e-01
5.687998620876111300e-01
5.694751611043297190e-01
5.695246386588149745e-01
5.699845648826675770e-01
5.687031320110833565e-01
5.698541160195664812e-01
5.701419910222231824e-01
5.681775036411503832e-01
5.694437493340612777e-01
5.690648070547993376e-01
5.678417059402830480e-01
5.702310710073055233e-01
5.686216038238878223e-01
5.692865289334914092e-01
5.693832845007855692e-01
5.693736744829674956e-01
5.689656722716013304e-01
5.698053737801944685e-01
5.674542818428510715e-01
5.690649392707765042e-01
5.693896421784209183e-01
5.694308275700323829e-01
5.692569385377311830e-01
5.686748652409977511e-01
5.694887527305931840e-01
5.695624240684772355e-01
5.696519408926034034e-01
5.685638891304013454e-01
5.693319064236946891e-01
5.672174964494314242e-01
5.693586674433774864e-01
5.689756228759011991e-01
5.683742100428319510e-01
5.695215042761834212e-01
5.696665305461563467e-01
5.694689346820459575e-01
5.689669975834465987e-01
5.690409804972369479e-01
5.680201743634468725e-01
5.692400050104583498e-01
5.686912132843889855e-01
5.690055473175374967e-01
5.687215341896324494e-01
5.694085843202846275e-01
5.695607064017205179e-01
5.688403052583845820e-01
5.703415690874755750e-01
5.702328127500866373e-01
5.675753963371197308e-01
5.680211348906196722e-01
5.680836125992820840e-01
5.688930674530611187e-01
5.693951764908676827e-01
5.701103167886808487e-01
5.692335037839403311e-01
5.693072958639637804e-01
5.690947837373406815e-01
5.695166042552006758e-01
5.697652146528976447e-01
5.693127153545926022e-01
5.704418284290442287e-01
5.688214575471514101e-01
5.702317816496439429e-01
5.692407269120899338e-01
5.685358540599653177e-01
5.686015665533148411e-01
5.688138601381073078e-01
5.692558948241750461e-01
5.684347770659117227e-01
5.691897593526648036e-01
5.693141863782573697e-01
5.694093251023686353e-01
5.680652035688177337e-01
5.690833595075679430e-01
5.680483243401310833e-01
5.681604521366957483e-01
5.686467035678386406e-01
5.692033436204951835e-01
5.679365826085022162e-01
5.699612726822431696e-01
5.687727754253976142e-01
5.688189472194012941e-01
5.696971054669613954e-01
5.692909661448594116e-01
5.696548185340875037e-01
5.696012733455572130e-01
5.697855603721599937e-01
5.688610250306599392e-01
5.689062283705522693e-01
5.691515372494720948e-01
