-3.168149756951336299e-02
-3.169149242365503633e-02
-3.167659291914332043e-02
-3.168940627762480144e-02
-3.169140871013443467e-02
-3.168653958277965060e-02
-3.168563307835823434e-02
-3.168296859175667030e-02
-3.169814938174578961e-02
-3.168886219430635393e-02
-3.169124800475964926e-02
-3.168617195690350691e-02
-3.168842775102501813e-02
-3.168099358831892587e-02
-3.169800219107826028e-02
-3.169194577445370170e-02
-3.169175713818107865e-02
-3.168113161015069512e-02
-3.168125811932977903e-02
-3.168315918688058980e-02
-3.167454933195673616e-02
-3.168892285219548910e-02
-3.169239254852562748e-02
-3.169707234963200365e-02
-3.168473966440021189e-02
-3.170148743517599288e-02
-3.170293381361195817e-02
-3.168213157896274113e-02
-3.168516268936345109e-02
-3.168684210881491520e-02
-3.168708260712013725e-02
-3.169168716002109670e-02
-3.169113039526835762e-02
-3.168448605644802463e-02
-3.167877002102952727e-02
-3.169625261353156698e-02
-3.168924307226898135e-02
-3.168473604899776919e-02
-3.168464331742586876e-02
-3.167812416029657657e-02
-3.169081574487186276e-02
-3.168761242667219452e-02
-3.168170890021578673e-02
-3.169138164901845467e-02
-3.168718582328436395e-02
-3.167279728765719227e-02
-3.168403342216666307e-02
-3.168874131357628243e-02
-3.168047762945934431e-02
-3.167261817150043152e-02
-3.169324088753529972e-02
-3.170363782188908436e-02
-3.168632426478827646e-02
-3.169029679587277021e-02
-3.168383978369262999e-02
-3.168440495711460914e-02
-3.169359243591424874e-02
-3.168643513833546005e-02
-3.168162530822348638e-02
-3.169071071648792842e-02
-3.168077281976681980e-02
-3.169141485454031459e-02
-3.167896275633187708e-02
-3.168488081263222400e-02
-3.168387831503444857e-02
-3.167534989309259835e-02
-3.167464187857797764e-02
-3.169462677464147948e-02
-3.168052059331120940e-02
-3.169510407961016046e-02
-3.167415519195969364e-02
-3.168109479249794219e-02
-3.168990489318292830e-02
-3.169831973766429334e-02
-3.168236537896295529e-02
-3.169374949039154704e-02
-3.167984207935144181e-02
-3.168918176168136758e-02
-3.169245313298168359e-02
-3.168873872768102756e-02
-3.168639836926454706e-02
-3.169711963177774400e-02
-3.169059192214303960e-02
-3.169373028616773863e-02
-3.169549097183525788e-02
-3.167834004277780141e-02
-3.167686186555952049e-02
-3.168094751355830796e-02
-3.169653751761731392e-02
-3.168618685624175618e-02
-3.169306443184793237e-02
-3.169844577307674716e-02
-3.168283417001705599e-02
-3.167440594208053434e-02
-3.168284667329783477e-02
-3.168562474723146671e-02
-3.167930298075570528e-02
-3.168422974987293583e-02
-3.168717652150654374e-02
-3.169255695588407001e-02
-3.168265379109706792e-02
-3.168789326458441857e-02
-3.168651495980030069e-02
-3.168134580056611999e-02
-3.168209996482063140e-02
-3.168885066861885924e-02
-3.168269427536750393e-02
-3.168495056672124971e-02
-3.167757641041703265e-02
-3.168083935919716737e-02
-3.169785988588812164e-02
-3.168242287601396451e-02
-3.166929063528745730e-02
-3.168251462552000575e-02
-3.167578543337100372e-02
-3.169484741320504478e-02
-3.169247077861352124e-02
-3.168957911604832617e-02
-3.168836331664471456e-02
-3.168912742869826882e-02
-3.169037951667822567e-02
-3.168085664929668616e-02
-3.168025524062591941e-02
-3.169959047337821134e-02
-3.169892266345031989e-02
-3.168649734484915020e-02
-3.168966471866676432e-02
-3.168479825642987746e-02
-3.168159751449502876e-02
-3.168506769855284483e-02
-3.168549379311059316e-02
-3.168086128525080675e-02
-3.168410552736372621e-02
-3.168274190549878744e-02
-3.168438148902093243e-02
-3.170075718826931288e-02
-3.169220019009645617e-02
-3.169643232319326043e-02
-3.168557294955989118e-02
-3.168514096402021835e-02
-3.168070343538319233e-02
-3.168922112483211345e-02
-3.168825200863049918e-02
-3.168249291394703571e-02
-3.167960476552552501e-02
-3.168311771518039083e-02
-3.169270813212116122e-02
-3.167828112539870095e-02
-3.167857803650358378e-02
-3.168362177085776166e-02
-3.168254432818421590e-02
-3.169268279782473663e-02
-3.170335039944421202e-02
-3.168249424559658328e-02
-3.168662610944697477e-02
-3.170235328446808359e-02
-3.168420664297107170e-02
-3.169449885718639282e-02
-3.168593735071021517e-02
-3.168053913177908826e-02
-3.169005900784169910e-02
-3.169515599618507457e-02
-3.168875623344650366e-02
-3.168539861272372943e-02
-3.169186575425855107e-02
-3.168829316062512363e-02
-3.168933854347765616e-02
-3.168651476301585779e-02
-3.168322768532853828e-02
-3.168926920799041563e-02
-3.168910729640457558e-02
-3.169059612993344738e-02
-3.168765940028411138e-02
-3.169396575394307913e-02
-3.168515329561649024e-02
-3.167810915031247371e-02
-3.168393790669159910e-02
-3.169371006604248392e-02
-3.168572790057092720e-02
-3.167558732725136300e-02
-3.168798032479069188e-02
-3.168452396445668034e-02
-3.169328804634693325e-02
-3.169509917132455612e-02
-3.168115281353838658e-02
-3.169668533437031144e-02
-3.169878553687408701e-02
-3.168067296520497844e-02
-3.168116736366539954e-02
-3.168103989959074329e-02
-3.169106723109383489e-02
-3.167891684152294995e-02
-3.167697090860295550e-02
-3.168547415095999270e-02
-3.168853314853929681e-02
-3.169347920656669093e-02
-3.168128005642922157e-02
-3.169502448318482074e-02
-3.168860045698273370e-02
-3.169437943507159849e-02
-3.169561993065817679e-02
-3.169279187716989715e-02
-3.168683883400407603e-02
-3.169654356991142424e-02
-3.168104284144939581e-02
-3.168011812817658063e-02
-3.169080854135270658e-02
-3.167714404173206655e-02
-3.170118876685779769e-02
-3.168732656925066921e-02
-3.168057096922351906e-02
-3.169971178838236481e-02
-3.169443741749693177e-02
-3.168625078317132554e-02
-3.169084778921162776e-02
-3.168709253422794664e-02
-3.168884806377945257e-02
-3.168838610914877230e-02
-3.170493761551464174e-02
-3.168233432391037718e-02
-3.168981296174540330e-02
-3.168610816091053245e-02
-3.168242520481235475e-02
-3.167825471936352305e-02
-3.169547054027741645e-02
-3.168926532161618626e-02
-3.168141878136713357e-02
-3.168621090180236133e-02
-3.169096073211705861e-02
-3.168504513607055956e-02
-3.169205050434433651e-02
-3.168338942863633406e-02
-3.167713401595473321e-02
-3.169980477256446882e-02
-3.169010994728050506e-02
-3.169743273849415927e-02
-3.170526292922155875e-02
-3.169063503040552704e-02
-3.168419057820277135e-02
-3.167435019317801220e-02
-3.168552621999794205e-02
-3.168824609316538143e-02
-3.167480131612821631e-02
-3.168419627813030132e-02
-3.169147497881360381e-02
-3.169318249143130567e-02
-3.168873470732090636e-02
-3.169808108860140000e-02
-3.169733130736109711e-02
-3.170430266654931245e-02
-3.168742460469881755e-02
-3.167499959992130243e-02
-3.167696707134884382e-02
-3.167848910308335153e-02
-3.169019095231533772e-02
-3.169852441222902745e-02
-3.169385945033947188e-02
-3.169227901901889438e-02
-3.168896092841934353e-02
-3.168712027115776209e-02
-3.169627353554752697e-02
-3.170976929264736344e-02
-3.169037080869314266e-02
-3.168448817190912953e-02
-3.167322863807552069e-02
-3.168821835960754923e-02
-3.169393519602661108e-02
-3.169125090081453822e-02
-3.168533219490927283e-02
-3.170049713155105586e-02
-3.168540257129533882e-02
-3.168869712412938217e-02
-3.168459387971844787e-02
-3.168598301406387596e-02
-3.169365311303117688e-02
-3.168252219798623620e-02
-3.169480530280744529e-02
-3.169136799436683694e-02
-3.167879213412733846e-02
-3.168454840696492691e-02
-3.168729043729806572e-02
-3.168622906910400355e-02
-3.170100536965787114e-02
-3.168474089309526731e-02
-3.168201229164498145e-02
-3.169577382262294546e-02
-3.169064322272539813e-02
-3.168127578712694875e-02
-3.168674371874153489e-02
-3.169840493329629388e-02
-3.169394451162300952e-02
-3.169246522091663520e-02
-3.167704631184044273e-02
-3.168080101533968934e-02
-3.168672062882989249e-02
-3.168060762281377229e-02
-3.169437176651925675e-02
-3.168438385360383691e-02
-3.168105815701439260e-02
-3.167988086261414732e-02
-3.168734085872391276e-02
-3.168369821493014632e-02
-3.167899175436646869e-02
-3.169290038607817939e-02
-3.169805301755728583e-02
-3.169529219031334139e-02
-3.169650744478523519e-02
-3.169519705256623049e-02
-3.168982148052557762e-02
-3.167484398044440735e-02
-3.167795196103911914e-02
-3.168936089184305055e-02
-3.167482465126612162e-02
-3.168270422451197749e-02
-3.168740715765651361e-02
-3.167943645683685833e-02
-3.169691596431452318e-02
-3.168689290870026209e-02
-3.168450141837432510e-02
-3.167536196147239386e-02
-3.168531529523333640e-02
-3.168881281720768023e-02
-3.168479644340160134e-02
-3.167905640929075811e-02
-3.169774353765999336e-02
-3.168346976103424834e-02
-3.169311174522088798e-02
-3.167220238922560660e-02
-3.167300401176192243e-02
-3.168223058991538610e-02
-3.168894528479791750e-02
-3.168392763555287484e-02
-3.168071954639152532e-02
-3.168550692763393017e-02
-3.169587416955981646e-02
-3.169490721735244987e-02
-3.167067714250557109e-02
-3.169028663743391622e-02
-3.169184998083553889e-02
-3.168381842902566470e-02
-3.169310832133946654e-02
-3.168365649114363025e-02
-3.168083498528932035e-02
-3.168300742543487397e-02
-3.168289903028993770e-02
-3.168151334366058752e-02
-3.167689420402022837e-02
-3.168796569766939991e-02
-3.169164988971189673e-02
-3.168079188535487950e-02
-3.169238681991128764e-02
-3.169629866350737180e-02
-3.168326441132772453e-02
-3.166974769290329533e-02
-3.168547171754250436e-02
-3.168117041668114947e-02
-3.166781786995707948e-02
-3.167543219525829207e-02
-3.168979427767465440e-02
-3.167427116410911209e-02
-3.169245297475879047e-02
-3.168203485933045876e-02
-3.168458277807406631e-02
-3.167668690528886721e-02
-3.169405710596713555e-02
-3.168461249122398599e-02
-3.168002585682665878e-02
-3.168552276403237278e-02
-3.167351745709617167e-02
-3.169645107714565146e-02
-3.167842516194304542e-02
-3.168429107292341368e-02
-3.168132322252313615e-02
-3.167789160094530015e-02
-3.168130815151158630e-02
-3.168925506985246360e-02
-3.169718451294314260e-02
-3.168047299336443356e-02
-3.168493543908415533e-02
-3.167927917457474818e-02
-3.168739345719800288e-02
-3.169071768031127279e-02
-3.168319377469975412e-02
-3.169103229667182692e-02
-3.168372207630687498e-02
-3.168099645803765241e-02
-3.167794648354360643e-02
-3.168581533744993517e-02
-3.170385671845400710e-02
-3.169668695378670409e-02
-3.168380422304706290e-02
-3.169703763937295471e-02
-3.169326593009371557e-02
-3.167538673899202711e-02
-3.168560352765225491e-02
-3.168236011923674517e-02
-3.167123825872238119e-02
-3.168164525089272460e-02
-3.168503477849980710e-02
-3.168717932513569202e-02
-3.168430779397746200e-02
-3.168115762472218516e-02
-3.169117873383836548e-02
-3.169853244261411351e-02
-3.169716316395706363e-02
-3.169048357768360774e-02
-3.168541097176526267e-02
-3.168444151214359905e-02
-3.169124842615176491e-02
-3.169579521955911972e-02
-3.168818658127690174e-02
-3.168801016409474730e-02
-3.169214139039134431e-02
-3.168477526156548985e-02
-3.169151088431541169e-02
-3.168264330565748882e-02
-3.167782133188543764e-02
-3.169172836452526648e-02
-3.168563505324182433e-02
-3.168208110534068839e-02
-3.168487752465810880e-02
-3.168421536024922103e-02
-3.168471445162095168e-02
-3.168491457124374827e-02
-3.167811213882677085e-02
-3.167835062248469669e-02
-3.168546541705199310e-02
-3.168485421837624605e-02
-3.169508547751738459e-02
-3.168873666323109017e-02
-3.168782807882565555e-02
-3.168857601732151530e-02
-3.169661182926650916e-02
-3.168376109412306130e-02
-3.168886074757298887e-02
-3.168145237104524198e-02
-3.168695502370928729e-02
-3.169008460178172198e-02
-3.168257245422665541e-02
-3.168058954072319050e-02
-3.168798169456799041e-02
-3.168800985882123944e-02
-3.167525112363230033e-02
-3.168539032258492483e-02
-3.168849743722023521e-02
-3.168286345990412034e-02
-3.167947293767886530e-02
-3.170437815676389881e-02
-3.168711229367195820e-02
-3.168968984063361832e-02
-3.168233813448916719e-02
-3.169283605476665155e-02
-3.169061090644565565e-02
-3.169128396830594302e-02
-3.168654789839335517e-02
-3.169289205689268529e-02
-3.168839463703466974e-02
-3.168347056901647807e-02
-3.168425734913889180e-02
-3.168243030254708215e-02
-3.168006800376764465e-02
-3.168440404870655203e-02
-3.168131809163599044e-02
-3.168972003488484263e-02
-3.168426332353908165e-02
-3.168523045135503841e-02
-3.170336312485352165e-02
-3.169152206829714546e-02
-3.168636968822857031e-02
-3.169266063810542711e-02
-3.168238275317809133e-02
-3.167416137687976974e-02
-3.167782603559816251e-02
-3.167611769628064095e-02
-3.168357128254820076e-02
-3.169746727431610456e-02
-3.169329742915343029e-02
-3.168932501657008294e-02
-3.169045301810601706e-02
-3.169200688020212126e-02
-3.168690687071597928e-02
-3.169061799155089426e-02
-3.169320836674565517e-02
-3.168734638099316575e-02
-3.169821744229190524e-02
-3.169348895116346626e-02
-3.169651156467273578e-02
-3.170551796350632584e-02
-3.168539952783274577e-02
-3.167392480382796860e-02
-3.169046065861678974e-02
-3.168730459881252681e-02
-3.170445614802538253e-02
-3.168811994123184317e-02
-3.167655587396660949e-02
-3.169532001699314205e-02
-3.168367600867432604e-02
-3.168790197491706123e-02
-3.168999734145648561e-02
-3.168721457679581077e-02
-3.168611035095455358e-02
-3.169450754447567659e-02
-3.169707080391139659e-02
-3.168631850460781885e-02
-3.169778934019485545e-02
-3.168445657230464091e-02
-3.168320084216060678e-02
-3.169417217561574379e-02
-3.168323412414885548e-02
-3.170194495292947418e-02
-3.169494958563151554e-02
-3.168813161938411477e-02
-3.169890359627439841e-02
-3.169014328557255566e-02
-3.168797168919542523e-02
-3.169056863980439925e-02
-3.169793701312926398e-02
-3.168090265544962897e-02
-3.168832941182657403e-02
-3.168997007447361264e-02
-3.168814072413186217e-02
-3.169359447194170648e-02
-3.168595149882710849e-02
-3.169067226847895047e-02
-3.169359281355483421e-02
-3.169058361767938814e-02
-3.169269684155990446e-02
-3.168286941447635147e-02
-3.168149350497912603e-02
-3.169352946606586452e-02
-3.169314426950303049e-02
-3.169023929987039440e-02
-3.168135050476682257e-02
-3.168458784168270287e-02
-3.169079307497849746e-02
-3.167984438263435343e-02
-3.169212079495626472e-02
-3.168589794915999819e-02
-3.169163331929480271e-02
-3.169564847333498220e-02
-3.168263222465060591e-02
-3.168679662691654964e-02
-3.167490413377522379e-02
-3.168524316740540386e-02
-3.170182147312235188e-02
-3.168332967661673799e-02
-3.169344650152773613e-02
-3.168958220839741130e-02
-3.169089931567693058e-02
-3.168127113342140977e-02
-3.169403914602555300e-02
-3.168745977439255818e-02
-3.167937854599035125e-02
-3.168485580550777642e-02
-3.168362931825200596e-02
-3.169105524966312620e-02
-3.169079316611222302e-02
-3.168437028664952693e-02
-3.169315649447704969e-02
-3.168791238200615451e-02
-3.169856530643689468e-02
-3.167660205168829762e-02
-3.169419382935323437e-02
-3.168170244343290060e-02
-3.168337155915619541e-02
-3.168850615321498754e-02
-3.167877182929147023e-02
-3.168188265515149704e-02
-3.168394012489061246e-02
-3.168486166697095235e-02
-3.169275164281919188e-02
-3.167942223928458395e-02
-3.168324715060012731e-02
-3.168493340357553256e-02
-3.168057286653158666e-02
-3.167088599454116749e-02
-3.168927511614829523e-02
-3.168176258796057826e-02
-3.168780743419619128e-02
-3.169076302354915248e-02
-3.168513477601422185e-02
-3.168598098377482103e-02
-3.167736418676751764e-02
-3.169135767895715772e-02
-3.168558224532967010e-02
-3.168871342925383416e-02
-3.168993818985567368e-02
-3.169252697814092107e-02
-3.169198119744022490e-02
-3.168179603456366955e-02
-3.167886626443343345e-02
-3.167108890006704869e-02
-3.168167570792358029e-02
-3.168441644479431940e-02
-3.169161796329456743e-02
-3.169099234065892584e-02
-3.168827558441815462e-02
-3.169367528374131965e-02
-3.168876658807110586e-02
-3.169438067372281481e-02
-3.169340234155805514e-02
-3.168652379776785294e-02
-3.169028683882706837e-02
-3.168414630493569806e-02
-3.168370355504281088e-02
-3.168707627877926508e-02
-3.168934759245692345e-02
-3.168447272024672856e-02
-3.167711625740152886e-02
-3.167760970391305525e-02
-3.168528458770925732e-02
-3.167932141177152300e-02
-3.168512084854493288e-02
-3.168817797799398234e-02
-3.168364472870616871e-02
-3.169270309176585448e-02
-3.168477358794303395e-02
-3.169245855365896564e-02
-3.169200429027618088e-02
-3.166963650958681820e-02
-3.169161013883196182e-02
-3.168893229150674534e-02
-3.168581267556735970e-02
-3.168732498603681058e-02
-3.168730947866837261e-02
-3.169482121200530716e-02
-3.169378536629676585e-02
-3.168691526344551840e-02
-3.168853789464540910e-02
-3.169181489424830606e-02
-3.168063330048188214e-02
-3.167963157972881333e-02
-3.169069018036897722e-02
-3.169098967636221204e-02
-3.167761625239973178e-02
-3.168877384430079935e-02
-3.168545240537013613e-02
-3.168796968763603478e-02
-3.167427936168394631e-02
-3.168099268208840469e-02
-3.168343676928449260e-02
-3.168544271306568405e-02
-3.167690076720607734e-02
-3.169384654875689183e-02
-3.167889769222787671e-02
-3.167962791668857414e-02
-3.168454141372980398e-02
-3.168394536326762240e-02
-3.168928962531674526e-02
-3.168288281190374117e-02
-3.169429617592871284e-02
-3.168277173258969570e-02
-3.168167688374949609e-02
-3.168260567075854156e-02
-3.168584493523107087e-02
-3.169842848971037019e-02
-3.168552858797681754e-02
-3.169936227877039048e-02
-3.168059230572836671e-02
-3.168415807340620172e-02
-3.169291438864559052e-02
-3.169191511905801450e-02
-3.168775861284414685e-02
-3.167972030717026988e-02
-3.167968971721168980e-02
-3.167619638217485101e-02
-3.168310018916837417e-02
-3.169043161945848258e-02
-3.167712514546841551e-02
-3.168774079836379071e-02
-3.168377258614318154e-02
-3.167920506985200113e-02
-3.169536117806386055e-02
-3.167982541647617473e-02
-3.167869200977339178e-02
-3.167510090214983171e-02
-3.168354735022604202e-02
-3.168860332877687647e-02
-3.168614024331290607e-02
-3.167129015750364679e-02
-3.168639458095946076e-02
-3.168574373380389497e-02
-3.168072791873566968e-02
-3.168909784738088015e-02
-3.168527227051442380e-02
-3.169268556486012217e-02
-3.167701374342327125e-02
-3.168237894720517950e-02
-3.169280541946432189e-02
-3.168494313362705400e-02
-3.169160101032757193e-02
-3.168495168276044827e-02
-3.168378533045772966e-02
-3.168406330838791085e-02
-3.169997371710101680e-02
-3.168360301519296957e-02
-3.168877872371013427e-02
-3.167894862932518762e-02
-3.168453062923772684e-02
-3.168168603565410524e-02
-3.168193846093771138e-02
-3.168038383013745823e-02
-3.168638823994861242e-02
-3.168667494774916188e-02
-3.168329590094094705e-02
-3.168419059475087451e-02
-3.168976853709550706e-02
-3.169123961288450309e-02
-3.170065171456117048e-02
-3.169306934133791359e-02
-3.168010565194676748e-02
-3.168532874631259377e-02
-3.168902538597218738e-02
-3.169460413068438120e-02
-3.167809587895840939e-02
-3.169126745767322090e-02
-3.169130555521147696e-02
-3.167596984023617751e-02
-3.167976275692663962e-02
-3.168048056700047826e-02
-3.168933849446065043e-02
-3.168942208633272750e-02
-3.168112822526219369e-02
-3.168794981672041350e-02
-3.168929505672989783e-02
-3.169625762497389754e-02
-3.168838234990643821e-02
-3.168331012879254532e-02
-3.168399787895204850e-02
-3.168976768810937567e-02
-3.168217296612346745e-02
-3.169583060130305024e-02
-3.168821258454135315e-02
-3.167817775254679752e-02
-3.167677252315236058e-02
-3.168425459523324661e-02
-3.169205842388956446e-02
-3.168871112824696995e-02
-3.167129380864589644e-02
-3.168702191436181120e-02
-3.168894873277882523e-02
-3.167221380645420664e-02
-3.167708987388019592e-02
-3.169925027921891708e-02
-3.167847706441904304e-02
-3.169279237950795719e-02
-3.169065382750129584e-02
-3.167347376146717464e-02
-3.168660035391972218e-02
-3.168673803490532764e-02
-3.167515140494965575e-02
-3.168868152693325724e-02
-3.168936535757717332e-02
-3.168454377704348068e-02
-3.168096342706084451e-02
-3.167817259506917199e-02
-3.167387133203165145e-02
-3.167328341355351434e-02
-3.167836782666855894e-02
-3.168657286711767246e-02
-3.169218462193385683e-02
-3.168272195598174218e-02
-3.169433718312070214e-02
-3.168769408730381237e-02
-3.168336991830711380e-02
-3.168311667364345080e-02
-3.167675956876918331e-02
-3.168288615027581995e-02
-3.168033346658268024e-02
-3.169626479578675077e-02
-3.169754803553769679e-02
-3.168668788469498898e-02
-3.168519795399965533e-02
-3.167872975468392222e-02
-3.168348514750028710e-02
-3.168134330025453027e-02
-3.168104723100818171e-02
-3.169209730980136752e-02
-3.168408287913153376e-02
-3.168795381856225751e-02
-3.167903345791532599e-02
-3.168619918650293632e-02
-3.169259790540488592e-02
-3.169466625124238435e-02
-3.168622279267502284e-02
-3.168792371557734022e-02
-3.167649877248881335e-02
-3.168476477317872658e-02
-3.169082948270602468e-02
-3.168173783026363710e-02
-3.168433342668125485e-02
-3.168694735493319398e-02
-3.170204953202604425e-02
-3.169707045977100679e-02
-3.168529916639257343e-02
-3.168379544801829678e-02
-3.168844136747357015e-02
-3.169451435453907867e-02
-3.168912997550464572e-02
-3.169405777055767787e-02
-3.169395511494702694e-02
-3.169314065099112371e-02
-3.168896537588169332e-02
-3.169048246481448450e-02
-3.168413252111369066e-02
-3.169501152354526480e-02
-3.168193779090414802e-02
-3.168444162084648602e-02
-3.168794280867893304e-02
-3.167717713518083261e-02
-3.170256508740319779e-02
-3.169045451641112204e-02
-3.168684235193586218e-02
-3.168230933589721160e-02
-3.168589202043112923e-02
-3.168969489169221054e-02
-3.168303256923839933e-02
-3.168476921834726540e-02
-3.168362200914529719e-02
-3.167835660599994246e-02
-3.169302744622461143e-02
-3.169732713661364137e-02
-3.169062003735727273e-02
-3.168665071404400818e-02
-3.169801652515769758e-02
-3.169794397621181897e-02
-3.169555206941443437e-02
-3.168507642712663219e-02
-3.167970526819756383e-02
-3.167355980946862798e-02
-3.168221791034058626e-02
-3.168712455295157049e-02
-3.168754682150824731e-02
-3.168301555868274777e-02
-3.167909122489632329e-02
-3.168683428863080381e-02
-3.168294997162800219e-02
-3.169179558471636043e-02
-3.168709975949775964e-02
-3.168307353183515834e-02
-3.167656477709170082e-02
-3.167824713534610898e-02
-3.168513259777066410e-02
-3.167928957044736232e-02
-3.168894550584298170e-02
-3.168634981030334086e-02
-3.168655190510234754e-02
-3.168580757565531147e-02
-3.168063271480733162e-02
-3.168121499575242417e-02
-3.167020936789378266e-02
-3.167636142208384714e-02
-3.167034371067174725e-02
-3.168573593771244895e-02
-3.168406708763497892e-02
-3.167618929709746511e-02
-3.168527519182326446e-02
-3.168031800860544173e-02
-3.168940024398137628e-02
-3.167495648378336470e-02
-3.169417380217175867e-02
-3.169621112095575427e-02
-3.168147504466711784e-02
-3.167757111258857894e-02
-3.168502134144774579e-02
-3.168364714022038620e-02
-3.169294166122043482e-02
-3.168531107650218032e-02
-3.169673565319752750e-02
-3.168757479352701106e-02
-3.168857586308073543e-02
-3.168300799707850918e-02
-3.169069608775611918e-02
-3.168776374497326437e-02
-3.167550736636821906e-02
-3.168657993039681459e-02
-3.168764043588744028e-02
-3.168423208337330099e-02
-3.168483241658164723e-02
-3.169073930377690196e-02
-3.168934735854760099e-02
-3.169017549487943702e-02
-3.168804622087054851e-02
-3.168716704764008157e-02
-3.169890812831316351e-02
-3.169829410063264297e-02
-3.168853392746348585e-02
-3.169160321103135086e-02
-3.168344367180526283e-02
-3.167872945311064198e-02
-3.169145472732678992e-02
-3.168372872681473468e-02
-3.169828844774722626e-02
-3.168565721419398795e-02
-3.170472960841511090e-02
-3.170402202274761466e-02
-3.170249367538070795e-02
-3.168942057158666975e-02
-3.167845434708092822e-02
-3.167052401062030870e-02
-3.170289651883629461e-02
-3.169532452294674535e-02
-3.168805500852880236e-02
-3.168327694328841593e-02
-3.168094341245927120e-02
-3.167257862932113671e-02
-3.167456059269967150e-02
-3.168167065666552956e-02
-3.170020495639238461e-02
-3.168976324611024603e-02
-3.168936771366370059e-02
-3.168264538701792005e-02
-3.168735267297823760e-02
-3.168133015738892888e-02
-3.169914734324211919e-02
-3.169730166419360007e-02
-3.170050488970275332e-02
-3.169829586543377459e-02
-3.169857298942532070e-02
-3.168615807096970827e-02
-3.168486395736400812e-02
-3.168538368268743188e-02
-3.168590370308650705e-02
-3.167768904593369628e-02
-3.167706540338637716e-02
-3.168641625634448927e-02
-3.168335355505252221e-02
-3.168462673330478541e-02
-3.167760449516733579e-02
-3.167570636287876662e-02
-3.167800798854668309e-02
-3.168326550102370381e-02
-3.166789522005735574e-02
-3.168389308431644735e-02
-3.167812562337810750e-02
-3.169266569121866051e-02
-3.168670833019816835e-02
-3.169573284518709816e-02
-3.167961576932982332e-02
-3.168670315279216443e-02
-3.167696086070504596e-02
-3.168336949930392749e-02
-3.169494877377571074e-02
-3.169353280013496865e-02
-3.168679670379415114e-02
-3.167335468521712688e-02
-3.167900170776084129e-02
-3.168630451563343720e-02
-3.168813879890369084e-02
-3.168259975825863523e-02
-3.168580751782283655e-02
-3.169180460988055281e-02
-3.168864287532496826e-02
-3.169757035703483355e-02
-3.168605469873980035e-02
-3.168856957293166715e-02
-3.168394465420515393e-02
-3.168972077946398402e-02
-3.168287745244442732e-02
-3.169030148727814550e-02
-3.168672662166494708e-02
-3.169048792691459698e-02
-3.169005500404604991e-02
-3.168680462985855317e-02
-3.167635014253034759e-02
-3.168422177831643066e-02
-3.167201074115030129e-02
-3.168668788203249376e-02
-3.168751882913185824e-02
-3.168791540407345231e-02
-3.167831489655503763e-02
-3.169054052947201106e-02
-3.167979244862789701e-02
-3.168432098008889392e-02
-3.168633132183203832e-02
-3.168627873729978200e-02
-3.169493077935747749e-02
-3.169368459757742479e-02
-3.168487613391678809e-02
-3.168022526539672479e-02
-3.167209279926891385e-02
-3.169577857241012708e-02
-3.168439200813968210e-02
-3.168112749044819237e-02
-3.169499449684491654e-02
-3.168345309224736978e-02
-3.168430106471874230e-02
-3.169604109116003904e-02
-3.169396437448041004e-02
-3.167964506950549791e-02
-3.169555831326476697e-02
-3.168335738093423087e-02
-3.168912325531116070e-02
-3.170764427681090764e-02
-3.168923117618367008e-02
-3.168885797988155173e-02
-3.168635000780727073e-02
-3.168941999673458715e-02
-3.169214079775156678e-02
-3.169391189773499568e-02
