5.768603830807893518e-01
5.820310049865903279e-01
5.798889219253643423e-01
5.777484337982630169e-01
5.769211033952860168e-01
5.767278083389900667e-01
5.793758856290808223e-01
5.798833481869650752e-01
5.795768619364294327e-01
5.751849446512348196e-01
5.743599105767420721e-01
5.765401632333289061e-01
5.768930817704964742e-01
5.824211719606536830e-01
5.774913040909847028e-01
5.789875957095984571e-01
5.806563415866782263e-01
5.766868884256738381e-01
5.762297158820327558e-01
5.821737321697388889e-01
5.803021917136435004e-01
5.732297641394710208e-01
5.826538241950967034e-01
5.741355501672330552e-01
5.750216735941149349e-01
5.804637468742911421e-01
5.737744699051310349e-01
5.782421028154649534e-01
5.818451595253871789e-01
5.778409095988221722e-01
5.738133987695628324e-01
5.787730691736582278e-01
5.745575469590082918e-01
5.818031351663385253e-01
5.817808009100040589e-01
5.762049242382912828e-01
5.754687674987195578e-01
5.746584193460220202e-01
5.746108218368030096e-01
5.773530022969826092e-01
5.835486084141185970e-01
5.742919165301032525e-01
5.715616085757820874e-01
5.782448912810682629e-01
5.796286507846234448e-01
5.788236026733890593e-01
5.803846817645827993e-01
5.764550570265735141e-01
5.761850376549740860e-01
5.739583137760178033e-01
5.794844733847729357e-01
5.776853852282537449e-01
5.758620531162487177e-01
5.804686935291236694e-01
5.749192238370489649e-01
5.800600378969712478e-01
5.785309801781247652e-01
5.793660561803807285e-01
5.797365398005691617e-01
5.735342076602157890e-01
5.751863961113732326e-01
5.813274793775793370e-01
5.780163567718243911e-01
5.719934852735332198e-01
5.772374397906736565e-01
5.727251511516808780e-01
5.770688412686398872e-01
5.747677861163941193e-01
5.741487948763105420e-01
5.801572333244175983e-01
5.770405732143734090e-01
5.719854142626656923e-01
5.737540007553125765e-01
5.819234426619332989e-01
5.780974112854116997e-01
5.709759864251736650e-01
5.823405454075503140e-01
5.829991340983636805e-01
5.744223603416512836e-01
5.804958004961228157e-01
5.762636364869051508e-01
5.729993435650092559e-01
5.773086095334942769e-01
5.800644190115846754e-01
5.777276999518426992e-01
5.771178597637154351e-01
5.769315133934753703e-01
5.769336252781547270e-01
5.813929822192110963e-01
5.803387759951394997e-01
5.791553376438758338e-01
5.757830862880706224e-01
5.784926972664019562e-01
5.794889941703511571e-01
5.789999381939487932e-01
5.756438853308963877e-01
5.754971163266267009e-01
5.752758671429684112e-01
5.745784561862722351e-01
5.781054477373176459e-01
5.787617852280489972e-01
5.801132469329860486e-01
5.760933797140063151e-01
5.750805322051145696e-01
5.763842195532890011e-01
5.730978782439503094e-01
5.741743819990207109e-01
5.750921983440212548e-01
5.803520261173950034e-01
5.747078818992095162e-01
5.781411864612123752e-01
5.769792467895420440e-01
5.809096364734485096e-01
5.746063207481274526e-01
5.802114691658140089e-01
5.735422391981475077e-01
5.768583689452031482e-01
5.800195413540237821e-01
5.742325818375224600e-01
5.797508310702326195e-01
5.781624627615473688e-01
5.777635951932376113e-01
5.800613950062747382e-01
5.765344582616613867e-01
5.764936146992062360e-01
5.773656850281725372e-01
5.754522119111830092e-01
5.825487074491884076e-01
5.726382015523336921e-01
5.781759091944483897e-01
5.777044025975518471e-01
5.751633992329440170e-01
5.789352348997819364e-01
5.760792032138682961e-01
5.751978299740205802e-01
5.786898659285800717e-01
5.790156160394028806e-01
5.776249477415771327e-01
5.727843906945978558e-01
5.777064454340494759e-01
5.766099164913450759e-01
5.780674735472538517e-01
5.788088734231610077e-01
5.786271583824463827e-01
5.780458499508830394e-01
5.743165879057805512e-01
5.752008277255459268e-01
5.750951898308163113e-01
5.785997608598226760e-01
5.791268601111482228e-01
5.753654899639032427e-01
5.808528816466224098e-01
5.772188839667444782e-01
5.761254208419347433e-01
5.743623148246381760e-01
5.746915132938016368e-01
5.777224497763867594e-01
5.744715736769572256e-01
5.767794710274581904e-01
5.787003177521590214e-01
5.798530309005566208e-01
5.747871511923704491e-01
5.772259925615050857e-01
5.794929871564228341e-01
5.729619595495599738e-01
5.757579669166105196e-01
5.707379681633762969e-01
5.764909764015518912e-01
5.756202372314496163e-01
5.731728996819380750e-01
5.758803642321238536e-01
5.783338504746472486e-01
5.764894851835808964e-01
5.746279591348919524e-01
5.763103133133867795e-01
5.889807406353958497e-01
5.779775586642353913e-01
5.781651600275615754e-01
5.803576628980040564e-01
5.770775171072989318e-01
5.747789682361997832e-01
5.755720199028253603e-01
5.728521377591471175e-01
5.761530907524337053e-01
5.747067967014289902e-01
5.791043709078326218e-01
5.731361502767517990e-01
5.777238620324073315e-01
5.726220006357444214e-01
5.781844188786544603e-01
5.803542627623095029e-01
5.755244467222703220e-01
5.775959674384203435e-01
5.775168446748113471e-01
5.756606044682310852e-01
5.710521799358180273e-01
5.749687988034096753e-01
5.778411039645570124e-01
5.708466626973730529e-01
5.763586037355493685e-01
5.744670516177569075e-01
5.713394013985207964e-01
5.760889184329960333e-01
5.735294988284207474e-01
5.763788951599136956e-01
5.743695647971762686e-01
5.728574440360396647e-01
5.789841587523578692e-01
5.754545952832221811e-01
5.765474649593601564e-01
5.757981514577027449e-01
5.761869278640248115e-01
5.734861180023241856e-01
5.758998284669952783e-01
5.705542183665111011e-01
5.735250483324146886e-01
5.726509342729089180e-01
5.776595302530880272e-01
5.763427511589945818e-01
5.745148831725572780e-01
5.753458809072797830e-01
5.741817265283690741e-01
5.738177673425582936e-01
5.704206487021489247e-01
5.759051220466194776e-01
5.752102784525742196e-01
5.747359636827825691e-01
5.733674947104626662e-01
5.792146476870847494e-01
5.708154228876930469e-01
5.736857315347434483e-01
5.776102055845423466e-01
5.725084055780051973e-01
5.687310996787952044e-01
5.748413522972584122e-01
5.738756807246370162e-01
5.771402787200056173e-01
5.757483017926805502e-01
5.708870017203593328e-01
5.778811788753702716e-01
5.742324703040729839e-01
5.758748315098671799e-01
5.789690836853151890e-01
5.757701638762445784e-01
5.759749606138985234e-01
5.725960030184973348e-01
5.714169971298439510e-01
5.697175938204998014e-01
5.714948957866402557e-01
5.739357720648429195e-01
5.720079454295060595e-01
5.762680657932419681e-01
5.755663195282274547e-01
5.737453208174770891e-01
5.737031173417186380e-01
5.721491679946300035e-01
5.743918454466537815e-01
5.770529599967210155e-01
5.743735796036653074e-01
5.724813433794179174e-01
5.718308044692228531e-01
5.742778315109146048e-01
5.779262810329569566e-01
5.716641394929273812e-01
5.713858408453816873e-01
5.720095717731707996e-01
5.715139604295166320e-01
5.708963811664635735e-01
5.742991400922099476e-01
5.733062879652898181e-01
5.709025733088342047e-01
5.736810977601596306e-01
5.736324682371686245e-01
5.726145041350079179e-01
5.709267944818195994e-01
5.701478600429852328e-01
5.736369963834410113e-01
5.743684717952330931e-01
5.770566651953865644e-01
5.694623873537753012e-01
5.721659624407323674e-01
5.730808218178482516e-01
5.707151040792578511e-01
5.743476580673355647e-01
5.704454035412021007e-01
5.728835428671333885e-01
5.754305744083436647e-01
5.706111412612936418e-01
5.713549448916624973e-01
5.756955392212310674e-01
5.734345612578003459e-01
5.739064673457908716e-01
5.763145049133951980e-01
5.700084151709642333e-01
5.747810642049443475e-01
5.751066669304270018e-01
5.711928787825477638e-01
5.714343911707688850e-01
5.701566599762825094e-01
5.747744656865350077e-01
5.726371224167526863e-01
5.721729462066670324e-01
5.746513753283478687e-01
5.736255433427979167e-01
5.710284564577935429e-01
5.708088621023654774e-01
5.749548694169802632e-01
5.753500985525289435e-01
5.732523074630151427e-01
5.695123959845050932e-01
5.722108169663651100e-01
5.744294782888770268e-01
5.739889466086703917e-01
5.739944048002864063e-01
5.725088686437455054e-01
5.713095505139195174e-01
5.744656017860005903e-01
5.724972167392498035e-01
5.712308468750652013e-01
5.729984778534217282e-01
5.740516727978920430e-01
5.715539682106725028e-01
5.727410424173505765e-01
5.747274710961896016e-01
5.748343418186444564e-01
5.731448289475687963e-01
5.728062468336965196e-01
5.732459487498433592e-01
5.718686036142145435e-01
5.684916727449617069e-01
5.745988580071041962e-01
5.721709446823209921e-01
5.707992711999373414e-01
5.715105393842806469e-01
5.723326308688471142e-01
5.735391609518732947e-01
5.731908045590898837e-01
5.759766136091796218e-01
5.716282027020727075e-01
5.747027998914653324e-01
5.715460096741936669e-01
5.724848444336370079e-01
5.754883748072526783e-01
5.711023700318983432e-01
5.691925352035992480e-01
5.722961412249510937e-01
5.742572858680722314e-01
5.714565313661787993e-01
5.716009190374746751e-01
5.748082455571869032e-01
5.701794931496484420e-01
5.743423044179459813e-01
5.752352603839648859e-01
5.753532100637386293e-01
5.722989245456083784e-01
5.732972429561499217e-01
5.725717171822696239e-01
5.733523143010019751e-01
5.699068066616848061e-01
5.725683523473786840e-01
5.719654086290614226e-01
5.696275822700641589e-01
5.714615441421904141e-01
5.703474130825590960e-01
5.716737168966629090e-01
5.707314276836726874e-01
5.735594389353456668e-01
5.694238550531628418e-01
5.722172556703233326e-01
5.711146014794746817e-01
5.733680900113217183e-01
5.702303161816749677e-01
5.680326936050629216e-01
5.730857113088647647e-01
5.712273200687466579e-01
5.732347914104263253e-01
5.724122127369416502e-01
5.724653170813491787e-01
5.747566069742775507e-01
5.721759140538409394e-01
5.706465808857225097e-01
5.690943457119731486e-01
5.730734466741264077e-01
5.700318893777472917e-01
5.745722575131797516e-01
5.706496586269594884e-01
5.685106817497126430e-01
5.713852087520618905e-01
5.741768490812554360e-01
5.712159236393939965e-01
5.761824163770715712e-01
5.703284622541492377e-01
5.723997914687866118e-01
5.751473766913292041e-01
5.720346246540026769e-01
5.737816135830965392e-01
5.694198631798645938e-01
5.726357573662802514e-01
5.714445311531191063e-01
5.720136195782473676e-01
5.705556073610251744e-01
5.724742685623794847e-01
5.738335219509159701e-01
5.732877328060608235e-01
5.723297733221729411e-01
5.703289864091430905e-01
5.713220222424649775e-01
5.708519029286648339e-01
5.706137665182055008e-01
5.688950007532012076e-01
5.735236385542987758e-01
5.719002490491847945e-01
5.687057225357038392e-01
5.723970729622306353e-01
5.714953753734735020e-01
5.741181064165626902e-01
5.725000842267805590e-01
5.701483090848514790e-01
5.698920386274191063e-01
5.731641868969369336e-01
5.738882509432861045e-01
5.721538135139558889e-01
5.724079537504198623e-01
5.697974524339711744e-01
5.713883992780839360e-01
5.724787877360356658e-01
5.678308192560864720e-01
5.704075725760194837e-01
5.695242889975072886e-01
5.720393029604750046e-01
5.722058509538457960e-01
5.728208217648435019e-01
5.698506132069726116e-01
5.722564694097010962e-01
5.669667870925644282e-01
5.731839203736327493e-01
5.744512784484828716e-01
5.746445643467105180e-01
5.711098485024602711e-01
5.708102293569219388e-01
5.718965925504375658e-01
5.703653114575365501e-01
5.709078835875438518e-01
5.699360344782732346e-01
5.727701055478665593e-01
5.736316827803970009e-01
5.720043722498637795e-01
5.708608861915064336e-01
5.709880993946326866e-01
5.729232554468955962e-01
5.734256089422674618e-01
5.731219635448278060e-01
5.693806257133299242e-01
5.721489014918575977e-01
5.689893506272616364e-01
5.705709795722649913e-01
5.732331268313604067e-01
5.740776652671636393e-01
5.707118871848579911e-01
5.704851911333098657e-01
5.723961313494315695e-01
5.716782571206616703e-01
5.704913263920935451e-01
5.703509209931306723e-01
5.704020167086242266e-01
5.716952763177168828e-01
5.724871145650930471e-01
5.722980698160984314e-01
5.710148343058618625e-01
5.724436528240731681e-01
5.721532045350302687e-01
5.702379202929359625e-01
5.772697645793368748e-01
5.717628504767515718e-01
5.725977297026870749e-01
5.707958085730445719e-01
5.725157443141526414e-01
5.711311683901840741e-01
5.684491831811880891e-01
5.699674552087795609e-01
5.726317085892501657e-01
5.669175127196008912e-01
5.716899144552324286e-01
5.719564855296688233e-01
5.730418246522123171e-01
5.720851142240551690e-01
5.739377158418415004e-01
5.716951072547133972e-01
5.709851144650858190e-01
5.685186421602292928e-01
5.728580907395349753e-01
5.709935627113467138e-01
5.704712972598084963e-01
5.728706664360111445e-01
5.716693831475608834e-01
5.697395925002984862e-01
5.716711541608117120e-01
5.704559959097866839e-01
5.705671041320858894e-01
5.704574603450407455e-01
5.732037806455257956e-01
5.723519633858794586e-01
5.717675035363243286e-01
5.722879091205009816e-01
5.698499866447767070e-01
5.716301357962203511e-01
5.710247538972280656e-01
5.683203490591521856e-01
5.701953034528223219e-01
5.720183256130708660e-01
5.704839800699921248e-01
5.709304327848129246e-01
5.682202519459436107e-01
5.691525508854586857e-01
5.697441519669730337e-01
5.705704802446285306e-01
5.701549934691874100e-01
5.706396433895185583e-01
5.693998204310257716e-01
5.751886831775413489e-01
5.709483540049097305e-01
5.721098688974398661e-01
5.693341577535753206e-01
5.709383050198465481e-01
5.743982387063744088e-01
5.724751854741135793e-01
5.696047341884392656e-01
5.725798454649400071e-01
5.711186259666182208e-01
5.683818020564079809e-01
5.733826986279539906e-01
5.693172163249498041e-01
5.727179204696820625e-01
5.699377496426979439e-01
5.694610470204117814e-01
5.735553803243231830e-01
5.726139196514535845e-01
5.701328968889064486e-01
5.712735475762151793e-01
5.708935775229744269e-01
5.725164034862993967e-01
5.700413389197876990e-01
5.722253673854437173e-01
5.711736505758026050e-01
5.690476173402690963e-01
5.719184906285781356e-01
5.720387592468620941e-01
5.687886006662494776e-01
5.738869802213483196e-01
5.723577894713531844e-01
5.703055576464249876e-01
5.725570270643728366e-01
5.716171738581412587e-01
5.702404947897380394e-01
5.699246011061774864e-01
5.718457251690488574e-01
5.723617570237529151e-01
5.704855682542329109e-01
5.714467865076263697e-01
5.705272338254921971e-01
5.706740530502496522e-01
5.683746958853139741e-01
5.708156234803688500e-01
5.707630505261350740e-01
5.685498136414128822e-01
5.702233571999667516e-01
5.684342774980073454e-01
5.694250175897712651e-01
5.680257335484898418e-01
5.731650457690692368e-01
5.714180340562101668e-01
5.714408615390373924e-01
5.705252948628050103e-01
5.705285013617540368e-01
5.703677555481422301e-01
5.708191911997536616e-01
5.707888705587177425e-01
5.710906519345816390e-01
5.684011460593598741e-01
5.728206509778180910e-01
5.693048939374162343e-01
5.711569542735546179e-01
5.724616358464861277e-01
5.709675479772088336e-01
5.709479770400051057e-01
5.686888832632912560e-01
5.712504288545384723e-01
5.713785098296650933e-01
5.723845928756619017e-01
5.708962010272458087e-01
5.703406559787443930e-01
5.716879580146015938e-01
5.712678125842389765e-01
5.709583540749610941e-01
5.700663769495868394e-01
5.731102634565087284e-01
5.699409083846742607e-01
5.703921089571400982e-01
5.697740297758074890e-01
5.707714734932719525e-01
5.704186478620769662e-01
5.724233158111936559e-01
5.710977354274164863e-01
5.719373207707075801e-01
5.717351981594464005e-01
5.687154998499441838e-01
5.706839281173070599e-01
5.688027450622692438e-01
5.721597170284825618e-01
5.696419113246706800e-01
5.729234097486798349e-01
5.723566384163697451e-01
5.708378943551598583e-01
5.722127480733908422e-01
5.710330272729275958e-01
5.722806092275212198e-01
5.713677932462867259e-01
5.726976149455466070e-01
5.687957807880542616e-01
5.732276333759447340e-01
5.711200820434475522e-01
5.699510264230394085e-01
5.714577493747283743e-01
5.691252450051800249e-01
5.705198451377824220e-01
5.681458251206351617e-01
5.715493800636795019e-01
5.707561143702981621e-01
5.703089633277749204e-01
5.709530820438546428e-01
5.688189173696326373e-01
5.715633189263495950e-01
5.692916324446116727e-01
5.712339255003854310e-01
5.714062575394035504e-01
5.699385637077082345e-01
5.695235807367754477e-01
5.712061025981901574e-01
5.686790718243053266e-01
5.702385981781941116e-01
5.725458809383754399e-01
5.722922399451718656e-01
5.724107069240383927e-01
5.702165752561809686e-01
5.692018688400027893e-01
5.720794647321121307e-01
5.722844055899580784e-01
5.725358726436885481e-01
5.717208896055675504e-01
5.705068498380680975e-01
5.703114003013541877e-01
5.683726451575689120e-01
5.678514737977311544e-01
5.722997406528944619e-01
5.707595551247289789e-01
5.693458832691005167e-01
5.703001613630871436e-01
5.694814413364258643e-01
5.712074991400369894e-01
5.707330669064443196e-01
5.693332676640675549e-01
5.719852257461602862e-01
5.693041348324558992e-01
5.694030689051688965e-01
5.702361298790414867e-01
5.703097409948695296e-01
5.706708353271671141e-01
5.714289649884569666e-01
5.701691484816673317e-01
5.714668253222805472e-01
5.718805821203462036e-01
5.693263563698518492e-01
5.705537515569349960e-01
5.686979659929111142e-01
5.713288946529474499e-01
5.688377554345420695e-01
5.705772848538843700e-01
5.738547916536055338e-01
5.690116064880248459e-01
5.693724843388163759e-01
5.708323690549548246e-01
5.714784052314835217e-01
5.709023025161252818e-01
5.696377602271670559e-01
5.696413118330579950e-01
5.717031825228667818e-01
5.711623976063784358e-01
5.720414316230384433e-01
5.683699968696983573e-01
5.699874652957985788e-01
5.706951166834280942e-01
5.714201687375080052e-01
5.714371334858340257e-01
5.727057973368678834e-01
5.703628526115120945e-01
5.690821411016918629e-01
5.705387114603722720e-01
5.705413358440989402e-01
5.714411229218318011e-01
5.712418216490505740e-01
5.686734554394728969e-01
5.692239892792888556e-01
5.674180722495052454e-01
5.701433376718348933e-01
5.707719048911645832e-01
5.689206038079227534e-01
5.702558244843586310e-01
5.727003404348099957e-01
5.733701259001390271e-01
5.690626473115115713e-01
5.700008755478634948e-01
5.681203276044385353e-01
5.683491171889073490e-01
5.705319775153029349e-01
5.703426899425402263e-01
5.710046563215799287e-01
5.703431481624188226e-01
5.698907420810707114e-01
5.693711446758723538e-01
5.709928087754819748e-01
5.723626249818719591e-01
5.697209145587275314e-01
5.710522999212335193e-01
5.705200928502106583e-01
5.713148016934527229e-01
5.695574120597869383e-01
5.688937904740770657e-01
5.695358107042729490e-01
5.680572047400181956e-01
5.699112510876825910e-01
5.705824830292868244e-01
5.725887663524311666e-01
5.712728615773864371e-01
5.689368790943397647e-01
5.698133933420287400e-01
5.691995194983470174e-01
5.703268494868940497e-01
5.693238113348105811e-01
5.702773695197832504e-01
5.718089778363019127e-01
5.689307573348914016e-01
5.711304969029611378e-01
5.693559208891587620e-01
5.702746235196641811e-01
5.717244602529497621e-01
5.691363411430038211e-01
5.695888653238553312e-01
5.704059957709801676e-01
5.707047752025259379e-01
5.709183502199454141e-01
5.703261375206537531e-01
5.702671710285365236e-01
5.711970369436074613e-01
5.677588881247788155e-01
5.695169880182279210e-01
5.698139860059336925e-01
5.696335763979006872e-01
5.708161998016659799e-01
5.697451994091652372e-01
5.699032743444056859e-01
5.689019757623801077e-01
5.706309541567503585e-01
5.683147111664731410e-01
5.700025496163345640e-01
5.690700173077372082e-01
5.700584972682645191e-01
5.694268287346546664e-01
5.713207866962878301e-01
5.706055472079453184e-01
5.695559691182029427e-01
5.709715808507699331e-01
5.680910658266378199e-01
5.687386526859080638e-01
5.682285670892406326e-01
5.683164182990482205e-01
5.672438881418718770e-01
5.695358569263389015e-01
5.698964775045661790e-01
5.707732721884986038e-01
5.689568267724023354e-01
5.702010048009621412e-01
5.717379632532979539e-01
5.679117065532969244e-01
5.691908836283364748e-01
5.686744372501382205e-01
5.698865534091102081e-01
5.722548472114141749e-01
5.694808300449135663e-01
5.686682916723844183e-01
5.698083836033257521e-01
5.701824389175744745e-01
5.697051439640178350e-01
5.705849854482200056e-01
5.714634563394654920e-01
5.701556636694679048e-01
5.695296252830736039e-01
5.698335415436537321e-01
5.704370368787713419e-01
5.699163843649770467e-01
5.692225654586705597e-01
5.707922742975725106e-01
5.689721915695448162e-01
5.699078431458625138e-01
5.694308331075943475e-01
5.694642439457792138e-01
5.705056072970069447e-01
5.698063126589552052e-01
5.698200903910285442e-01
5.705912445094939445e-01
5.689944702040304891e-01
5.700586662101254642e-01
5.714053616612336794e-01
5.703491530311505242e-01
5.688597434353804827e-01
5.690735200917317327e-01
5.703526269738424803e-01
5.696229130307975952e-01
5.699725369790212826e-01
5.703724224956456812e-01
5.684334343162210645e-01
5.700405389225556840e-01
5.679125222686979280e-01
5.706592474226043210e-01
5.708653903745956049e-01
5.711887769349064392e-01
5.693238169734984311e-01
5.689503802428338419e-01
5.700646184449295051e-01
5.692531718073082780e-01
5.702897289530892699e-01
5.710391192350614542e-01
5.697296305219616830e-01
5.711768405713720798e-01
5.682928350356719616e-01
5.711341085630088354e-01
5.685746329678521560e-01
5.695008948504735047e-01
5.687118878197762184e-01
5.708517382291580233e-01
5.702066025660640358e-01
5.698238607896973784e-01
5.690580189522315147e-01
5.693994341614647681e-01
5.708535159760683708e-01
5.688661810052522139e-01
5.695287293067861079e-01
5.708129734165349189e-01
5.678835120917625767e-01
5.722246504605914552e-01
5.696123639304842001e-01
5.703608784709149893e-01
5.701366614849369130e-01
5.706054265552403804e-01
5.704917224387907604e-01
5.697629164531665680e-01
5.700299110027738925e-01
5.716799164874842853e-01
5.706772257226430112e-01
5.702777570286320374e-01
5.688117414404292305e-01
5.693861552134630299e-01
5.717879251887717507e-01
5.717698124788002101e-01
5.690172525290488892e-01
5.692786995190902699e-01
5.691802309235391988e-01
5.689324830965939439e-01
5.690061856558555897e-01
5.698114837513406084e-01
5.694749153362337335e-01
5.699933159532154514e-01
5.709273192179354917e-01
5.692403788160841360e-01
5.687942908386910412e-01
5.688464399661035120e-01
5.689665780747859003e-01
5.700888121547438292e-01
5.692331935829868517e-01
5.712771265306146873e-01
5.692028489545465364e-01
5.700266900997191799e-01
5.700306295785720900e-01
5.688481382237844386e-01
5.692020734343310462e-01
5.694158739278533110e-01
5.689328539111310201e-01
5.696793360339399426e-01
5.687298401780427337e-01
5.696063542789387979e-01
5.693944033405248240e-01
5.689798269000706510e-01
5.712311993824291667e-01
5.674452280736180798e-01
5.694378833824184083e-01
5.705326217448224435e-01
5.701386147398456172e-01
5.706456160684968415e-01
5.701862586577360892e-01
5.702249160920930260e-01
5.691871908491507037e-01
5.698122184416465341e-01
5.703782652540274611e-01
5.698047426921566405e-01
5.693403213631947901e-01
5.706663698600926704e-01
5.699651542211452426e-01
5.697846217754851672e-01
5.695232362107506274e-01
5.691771030492428496e-01
5.697213517454777776e-01
5.690687068710355012e-01
5.689733497077709146e-01
5.704715606892064583e-01
5.692678656645694391e-01
5.708254499515686975e-01
5.694450660313481460e-01
5.700972676363315061e-01
5.696046311277677132e-01
5.687609652818613748e-01
5.699661925068780777e-01
5.694432246159805144e-01
5.696560823073216762e-01
5.693683291263823554e-01
5.694199841090444858e-01
5.704935089064024911e-01
5.701623955413451794e-01
5.681030927159799182e-01
5.683285617602105155e-01
5.686934370443907927e-01
5.685848006745801708e-01
5.694243676380298380e-01
5.692590922294161748e-01
5.690313779274729367e-01
5.693843763192135699e-01
5.675444459553194987e-01
5.706459654994622266e-01
5.698318854276690493e-01
5.694335895453717100e-01
5.687033631285426383e-01
5.688778981562839787e-01
5.682549150829385720e-01
5.702299249569797723e-01
5.706207673539247516e-01
5.689592378804301243e-01
5.709666875302688016e-01
5.717922687165207796e-01
5.696179153410495521e-01
5.694408253981435575e-01
5.688020690139776736e-01
5.705699376969334269e-01
5.688930173392900969e-01
5.693022218536142320e-01
5.691086371165977598e-01
5.695775711250671280e-01
5.690187438048778246e-01
5.695542782035508678e-01
5.693987476039129580e-01
5.697869833295640118e-01
5.687878287415639722e-01
5.684822814597836338e-01
5.699714019542423404e-01
5.694864790879849981e-01
5.697946114500965775e-01
5.686121622379374241e-01
5.703870460023582334e-01
5.690318274986688740e-01
5.687390912439279633e-01
5.705205221197466869e-01
5.695697406495924264e-01
5.700610468100539840e-01
5.705026772321446504e-01
5.704293984823972652e-01
5.702536245111847757e-01
5.694714696780670549e-01
5.691406068238161753e-01
5.694238339422218464e-01
5.689789176763457856e-01
5.693090753452131336e-01
5.684373097973213218e-01
5.687092866934418955e-01
5.709587381797447403e-01
5.697554695658706425e-01
5.693828437569578016e-01
5.691819398299706734e-01
5.698508309503531599e-01
5.683572359370167026e-01
5.693372215914315193e-01
5.707675062340901162e-01
5.691677345943848554e-01
5.709091000406211203e-01
5.700128203484829958e-01
5.691658367761289750e-01
5.700006342048451469e-01
5.696342451872220547e-01
5.692683401515317154e-01
5.709186224440359059e-01
5.698399891151698649e-01
5.694716636952419364e-01
5.691491475696081048e-01
5.696593102947526965e-01
5.692719709867437583e-01
5.697152837310948126e-01
5.693350706683040219e-01
5.689115393908438234e-01
5.686982756188646571e-01
5.707674456153412068e-01
5.694823790956272669e-01
5.695010916577591953e-01
5.692546561426904406e-01
5.713553003352913606e-01
5.700421036009024611e-01
5.692239248989291456e-01
5.686160384851726146e-01
5.706671709906018242e-01
5.695634480700862978e-01
5.687134804525887377e-01
5.682153495241947239e-01
5.703733614694000975e-01
5.694211369290861358e-01
5.708860548330820794e-01
5.712442159301103217e-01
5.696982534470588222e-01
5.692436498482933427e-01
5.694915384983711970e-01
5.691620133637458334e-01
5.693597687039477773e-01
5.698557193327065118e-01
5.708308038587494027e-01
5.694972095715989946e-01
5.691108578458076162e-01
5.696156655272350822e-01
5.704650770079998656e-01
5.702029203759203524e-01
5.696285032995122011e-01
5.689957545973434172e-01
5.701077540104882990e-01
5.689458936419715673e-01
5.697406857601995389e-01
5.694904964663952684e-01
5.688436927342171989e-01
5.701140857499976677e-01
5.698550795348377163e-01
5.697155805025033715e-01
5.693975078031973114e-01
5.695822418373818197e-01
5.696482559949194169e-01
5.703113633771892399e-01
5.698686076421096702e-01
5.697538777129652621e-01
5.688203032230741973e-01
5.698726626274143170e-01
5.691333996240809379e-01
5.687752820648802610e-01
5.685396757593093042e-01
5.704525848563921642e-01
5.688501273032023908e-01
5.697058384367837958e-01
5.694025918840365241e-01
5.691603448800585108e-01
5.694368997031308277e-01
5.689425289818966780e-01
5.697974338313877007e-01
5.705305581116300040e-01
5.686537041104248180e-01
5.706781730021128762e-01
5.696197915967827763e-01
5.716692680967065954e-01
5.695057745168784491e-01
5.695230770220204297e-01
5.678411733640347236e-01
5.701414198473149231e-01
5.682195873164974653e-01
5.697068104292852819e-01
5.698501570536457228e-01
5.686691642501470190e-01
5.700290699425760721e-01
5.693815659456854528e-01
5.695447840865607292e-01
5.693822419642621258e-01
5.691212024026466310e-01
5.695297534970912290e-01
5.693738488203613501e-01
5.702870413058060972e-01
5.698785285870325845e-01
5.700507257799755090e-01
5.694886641296423857e-01
5.692793805225043746e-01
5.702178635806296469e-01
5.702134124820842365e-01
5.691608267307916025e-01
5.696844524113965358e-01
5.695508108928660773e-01
5.706278264228167307e-01
5.691827364552157764e-01
5.686968121012058175e-01
5.700714828367761111e-01
5.699384144140610120e-01
5.698298452948006299e-01
5.696358379238042335e-01
5.703121583680879070e-01
5.694484501938913423e-01
5.705862222028684760e-01
5.694276346728612825e-01
5.686981319964642401e-01
5.685738816320794475e-01
5.700767536446124106e-01
5.693081493351950240e-01
5.695727807308345048e-01
5.709860334299635687e-01
5.704952657906448010e-01
5.690356025555072250e-01
5.707152170261224899e-01
5.692911715550368346e-01
5.681360729083726469e-01
5.682130404838451332e-01
5.703232975744734201e-01
5.698977130752779230e-01
5.693307693309275219e-01
5.695260553783165758e-01
5.695731903356217041e-01
5.679019390549385760e-01
5.695602856549570880e-01
5.693379170629259134e-01
5.697596400448096121e-01
5.698188045301301186e-01
5.680590260722311324e-01
5.694398140149756760e-01
5.708630950487078026e-01
5.698386336321832335e-01
5.681214334162985047e-01
5.706731281639565445e-01
5.703743373592816690e-01
5.697091132048998086e-01
5.697260581472136654e-01
5.689255648623277040e-01
5.705999044209001392e-01
5.706264543825881885e-01
5.690683677437926580e-01
5.687209979067774368e-01
5.687621993176428248e-01
5.700284038863649982e-01
5.687880872244086561e-01
5.691045681144591972e-01
5.693445824228249297e-01
5.691318500996463969e-01
5.699482337410484156e-01
5.709079833585564145e-01
5.703798295641189231e-01
5.693759887886468141e-01
5.690120915199329277e-01
5.685337450962564265e-01
5.690159855994105786e-01
5.702129517365082112e-01
5.698642163564875407e-01
5.678825087811687489e-01
5.692236896872376883e-01
5.701458728630880435e-01
5.695625040187477506e-01
5.705196186622540910e-01
5.692885904130656760e-01
5.690925372329567189e-01
5.698800313166604292e-01
5.688820935654240740e-01
5.696499584233729596e-01
5.700467788769710831e-01
5.690189366587020681e-01
5.696373956493422375e-01
5.686116556858394899e-01
5.711124777489284821e-01
5.699450073413758755e-01
5.701481983380692897e-01
5.700298621970153468e-01
5.696487184341652021e-01
5.704650697133863968e-01
5.691635872316033185e-01
5.688998188582941040e-01
5.702989582070632224e-01
5.709601513177874343e-01
5.697846944014486326e-01
5.694648185357433778e-01
5.702028833223596882e-01
5.685928248168057308e-01
5.688243241875546863e-01
5.688402954903462039e-01
5.699436149959679065e-01
5.696112849233955222e-01
5.690001222042589957e-01
5.691072087092753362e-01
5.704143626509327047e-01
5.696143737633309057e-01
5.692292959334276370e-01
5.689307058699134556e-01
5.691150272938687582e-01
5.700340925936873138e-01
5.696327570331181089e-01
5.695306996313151959e-01
5.692885250112699191e-01
5.689370208903882231e-01
5.694768677510204657e-01
5.692119001566766645e-01
5.697140142268869445e-01
5.705027191688124555e-01
5.698595475963391666e-01
5.701385970265933079e-01
5.699266407013953151e-01
5.686557796854939673e-01
5.705364684975429146e-01
5.699485519321331184e-01
5.700234888268603806e-01
5.695056635935518141e-01
5.699707831456066742e-01
5.704942109329522726e-01
5.695310596075886522e-01
5.696365202819835272e-01
5.707051392067199469e-01
5.695386919712227547e-01
5.694406195735552956e-01
5.694338663849074500e-01
5.698289939021897732e-01
5.689561420862402352e-01
5.690849805512678827e-01
5.690963350451715419e-01
5.693000700399225567e-01
5.685522790012650374e-01
5.692841468923534043e-01
5.700824921465922346e-01
5.687327443985171760e-01
5.688629080817353412e-01
5.696378761237121946e-01
5.695106386682458055e-01
5.697971089685895940e-01
5.691940077542777532e-01
5.696845118248551332e-01
5.689769338861612180e-01
5.695619115687320377e-01
5.698943885431492218e-01
5.702482279533160892e-01
5.685878473384015086e-01
5.700317389946557567e-01
5.700347059320469700e-01
5.694838130724003689e-01
5.700627031835521219e-01
5.691836792483737639e-01
5.684855544891497248e-01
5.689336834346334637e-01
5.688696951482187236e-01
5.694742475629434031e-01
5.700935085355122167e-01
5.699901435710824638e-01
5.690350165437981778e-01
5.691835851004883873e-01
5.688676987414597042e-01
5.698227962429910365e-01
5.686936666598639833e-01
5.701134410118126050e-01
5.694099298765236128e-01
5.691294414093356346e-01
5.679827802621512101e-01
5.687693733176747424e-01
5.694807421006992110e-01
5.703440020736640914e-01
5.699755902875679459e-01
5.695345146088629518e-01
5.700081897874443859e-01
5.693071985466122698e-01
5.691232425553616192e-01
5.696675020489813113e-01
5.692547044984443971e-01
5.697487067186152165e-01
5.694288434871680460e-01
5.692346477136462912e-01
5.703312889415420583e-01
5.690437429945617298e-01
5.700475595819632924e-01
5.695218992430249871e-01
5.697265824940236367e-01
5.703504657650367848e-01
5.678111382396621165e-01
5.692103827016240514e-01
5.690765275109782584e-01
5.690110633966096731e-01
5.701082427238384209e-01
5.699137377027380102e-01
5.710143298109905396e-01
5.693865392914809753e-01
5.703105095525373702e-01
5.680919123263806769e-01
5.677578793449400418e-01
5.696299710773989888e-01
5.687851117558289094e-01
5.695502049241768505e-01
5.687684778331499880e-01
5.703558604968098633e-01
5.683841051652714915e-01
5.690828632309680168e-01
5.699587991162903267e-01
5.696904467677434969e-01
5.697013794104169859e-01
5.690735426255127960e-01
5.692150359941509086e-01
5.690541697418257661e-01
5.684293363376943242e-01
5.710471442040294665e-01
5.689250790681982251e-01
5.696070186261515955e-01
5.697456238100130355e-01
5.697412790112189596e-01
5.690676791376410026e-01
5.683372212602539886e-01
5.689005853204296415e-01
5.692819658269506755e-01
5.706143141110198158e-01
5.686425922497185814e-01
5.693332315211495631e-01
5.693552980108612660e-01
5.701640108181987854e-01
5.692194518611167764e-01
5.696337382144267547e-01
5.701562223445929556e-01
5.684457683577298637e-01
5.684120771161638164e-01
5.704065414036504356e-01
5.699818795713537112e-01
5.684856680974446075e-01
5.707427436162209045e-01
5.707401276544455948e-01
5.683788448294577744e-01
5.683765581381755583e-01
5.702146024240246636e-01
5.688233544394337704e-01
5.682865044705488478e-01
5.693325764726312466e-01
5.695297418508705745e-01
5.685295587062559886e-01
5.689129654596719599e-01
5.703310998129752507e-01
5.696462090570483250e-01
5.704554867512794392e-01
5.693991801921736151e-01
5.697810560735595553e-01
5.700345441693268622e-01
5.695774240522279985e-01
5.686370362111864418e-01
5.682946273481799260e-01
5.701570067466141811e-01
5.698270223001620227e-01
5.693515446192474183e-01
5.685655005532829209e-01
5.689070544994846435e-01
5.712462765796252340e-01
5.699067627929069735e-01
5.695419767556374468e-01
5.690566426122641852e-01
5.685020814067852646e-01
5.693062449268613268e-01
5.681584563829301660e-01
5.702720212648865195e-01
5.687936847903420912e-01
5.699106206473177894e-01
5.690936735135032620e-01
5.692381393551062541e-01
5.693431631041716567e-01
5.692692554318103948e-01
5.703686871111727230e-01
5.704653764314256970e-01
5.683591223761651490e-01
5.695957353701571746e-01
5.698503361248764554e-01
5.693174235919735704e-01
5.683817147958963867e-01
5.700237556576136511e-01
5.678292893913557959e-01
5.688071425967605732e-01
5.691440614853655600e-01
5.685104511714808018e-01
5.701544629664431207e-01
5.697838564903482395e-01
5.691108400811110135e-01
5.694860045799520210e-01
5.696684714711942599e-01
5.695432956333651431e-01
5.698626935376160940e-01
5.703804744111443670e-01
5.696378253903644495e-01
5.688676975364240773e-01
5.706771971029915846e-01
5.701029735037208557e-01
5.691442068871152005e-01
5.691499682442466845e-01
5.689527145750548076e-01
5.702537683932467072e-01
5.686563985558005241e-01
5.695455262727832091e-01
5.697502884312247717e-01
5.698189921494608567e-01
5.676753081633805209e-01
5.692807706098429454e-01
5.701026339324075654e-01
5.681234414444668035e-01
5.685145529563090383e-01
5.704224040227569015e-01
5.692034827680284570e-01
5.693690538722734340e-01
5.695299248095472278e-01
5.694129889471182260e-01
5.700918970559323284e-01
5.692314515001430930e-01
5.695830417172190741e-01
5.700136019154818934e-01
5.690875214488484435e-01
5.700399320056848129e-01
5.706511409635587340e-01
5.696700741790076128e-01
5.707100313311704864e-01
5.705517518719259717e-01
5.695978365433929103e-01
5.695725112178895433e-01
5.706583608346319503e-01
5.691904244592951301e-01
5.686323152589268792e-01
5.688171114707304410e-01
5.696180459435365995e-01
5.693527839837452253e-01
5.678607305772450653e-01
5.692140445171558483e-01
5.693187098800546186e-01
5.697763208749810904e-01
5.694929792727430051e-01
5.679149322549544854e-01
5.706059055962141580e-01
5.709363015742197067e-01
5.679722787277736717e-01
5.702769479922124019e-01
5.694185348927744972e-01
5.694362147357771020e-01
5.686795920676995797e-01
5.701969730666618386e-01
5.681295992854572541e-01
5.673274671463638397e-01
5.695018258652821963e-01
5.702027588355071952e-01
5.687372785464640534e-01
5.697494818365177460e-01
5.696242530645257984e-01
5.697376953105999231e-01
5.689589605149774076e-01
5.697290069273960311e-01
5.697304665592483053e-01
5.690250671758867451e-01
5.699297658583221127e-01
5.686579532464001163e-01
5.686248209725314195e-01
5.696583681262594734e-01
5.683876770239170151e-01
5.682922946128078356e-01
5.686926217833250252e-01
5.688573783678227969e-01
5.702010164510092904e-01
5.695330496610357951e-01
5.693511468747374238e-01
5.692791573116159354e-01
5.701695019099725092e-01
5.687035348798578083e-01
5.696798589205550600e-01
5.701279348502739097e-01
5.688076237017870573e-01
5.694972435664905630e-01
5.685857229680655323e-01
5.683338141085002571e-01
5.695987507046521570e-01
5.688421449705728383e-01
5.703273421587441439e-01
5.690456189017155664e-01
5.696875327620013474e-01
5.695743968605813112e-01
5.705152263064073859e-01
5.683744612493649706e-01
5.692330144485402421e-01
5.685160733425543844e-01
5.699587248938738915e-01
5.691781214729252358e-01
5.698457265994525400e-01
5.705440116135170880e-01
5.701279038441605662e-01
5.703738764875510014e-01
5.694287755909209769e-01
5.706524616991247578e-01
5.691836286881631901e-01
5.700478356466068819e-01
5.691371885813809595e-01
5.710535130989015107e-01
5.702732540091590696e-01
5.683235210241919244e-01
5.685366994198541857e-01
5.695843145315828693e-01
5.691584454135166782e-01
5.702991464157937118e-01
5.693142946535179050e-01
5.695661922172753355e-01
5.699058861644308305e-01
5.700917773596777538e-01
5.691096802760928774e-01
5.704094404131830887e-01
5.688973894610781512e-01
5.696560403956802965e-01
5.699286274499594240e-01
5.683026169237671565e-01
5.682774831251712344e-01
5.702661691387657106e-01
5.694414154830031993e-01
5.692858583023534536e-01
5.702632663185386308e-01
5.685078757922408244e-01
5.695540991871985703e-01
5.692584002758345196e-01
5.690722357841631052e-01
5.696274510718544182e-01
5.703012200619653749e-01
5.680039131311388489e-01
5.690112231652493247e-01
5.686125221835555132e-01
5.697787923941641797e-01
5.698719827319924658e-01
5.700762224148624435e-01
5.692950981035121982e-01
5.695564066651043200e-01
5.687166408007937601e-01
5.695788448389272896e-01
5.696647114805121204e-01
5.702397883117289457e-01
5.686731546611690780e-01
5.690063564628242698e-01
5.692285754531157815e-01
5.689571033544803536e-01
5.692733425944120906e-01
5.693769312634664459e-01
5.693919600268211312e-01
5.701364695312794995e-01
5.690213503065530976e-01
5.684298206821508659e-01
5.692017226320087442e-01
5.685763298757725570e-01
5.692597969770051280e-01
5.685327337341355980e-01
5.698422030369476587e-01
5.693490851185967205e-01
5.692394224400666447e-01
5.700724014221459912e-01
5.691964699586984366e-01
5.686515041706138307e-01
5.691065925946716675e-01
5.696460387660424729e-01
5.685948216673285538e-01
5.689153024767020783e-01
5.693256679212255200e-01
5.691514135419525333e-01
5.697252495965549057e-01
5.701238749858862365e-01
5.700219803493836723e-01
5.692708624953366492e-01
5.673404699663594508e-01
5.696757660286594360e-01
5.696606827191764699e-01
5.685596123686396108e-01
5.694011416516102653e-01
5.688940302580574038e-01
5.683794445433989484e-01
5.687191056561063940e-01
5.682445583525085331e-01
5.685496073010442020e-01
5.689378010446785039e-01
5.683889938370569883e-01
5.704006605179948730e-01
5.699029390939023276e-01
5.697743453004668890e-01
5.709046069268278734e-01
5.701486156211189593e-01
5.691318036226281629e-01
5.689281150775874485e-01
5.688441156653013531e-01
5.701734823198363333e-01
5.683331433637172081e-01
5.685568957536145662e-01
5.694083335787096800e-01
5.693129735496070820e-01
5.684451368137667382e-01
5.701383053117546895e-01
5.686590239205048247e-01
5.690406496381730239e-01
5.684438222016244824e-01
5.694678202997537353e-01
5.694943531650700219e-01
5.703687456639884301e-01
5.692711857187743307e-01
5.679056559969778428e-01
5.691790969143466494e-01
5.691370993717834725e-01
5.692616490008126640e-01
5.699017663714592841e-01
5.681797337303983175e-01
5.686753394770900361e-01
5.698225037920294778e-01
5.689991706548434003e-01
5.696999778273623694e-01
5.697248741538183392e-01
5.696562661633353120e-01
5.681323457140109445e-01
5.680165165370925084e-01
5.699409557327910214e-01
5.693353203783028116e-01
5.683937141027690654e-01
5.700186546291752254e-01
5.693222544254518125e-01
5.685146758526350430e-01
5.707103498284122889e-01
5.694350446267835153e-01
5.681932694546185658e-01
5.696429785066248197e-01
5.703485384580854189e-01
5.689076240035069176e-01
5.684159522854076441e-01
5.694077315401132600e-01
5.695237752604077608e-01
5.697821242194701652e-01
5.693074204217613010e-01
5.692129127193682470e-01
5.689471464675520673e-01
5.698043522124909277e-01
5.701091875125749997e-01
5.693413357561334376e-01
5.696294232909588917e-01
5.696628629514600695e-01
5.691427333939241828e-01
5.701805130842660940e-01
5.696204305735780293e-01
5.698473294624156749e-01
5.685093624806986101e-01
5.683408922246322437e-01
5.710926180067785740e-01
5.697253603551392098e-01
5.708805856286811586e-01
5.684672914603134952e-01
5.696219007689949931e-01
5.689054922410073933e-01
5.698200025714892369e-01
5.697425743909264595e-01
5.700853938722236780e-01
5.678457250168003068e-01
5.697963527422320595e-01
5.692723339257357296e-01
5.707878210554110376e-01
5.701517619395305436e-01
5.700978650112873414e-01
5.694503973368817418e-01
5.684552490057249718e-01
5.692120683865934394e-01
5.691883579088982126e-01
5.688655574425857120e-01
5.703391565710246303e-01
5.699761958171235543e-01
5.692419905370175170e-01
5.678758813497332136e-01
5.705188504746526723e-01
5.693832520880435233e-01
5.696989980105461315e-01
5.691155804889483916e-01
5.694668997258289789e-01
5.701448829476165603e-01
5.696395182660305423e-01
5.697235968773182169e-01
5.627233526780545114e-01
5.706163322057961063e-01
5.707313117136213476e-01
5.685059457344660006e-01
5.684147249865135754e-01
5.704177873585081215e-01
5.694834376694725142e-01
5.701919635608394543e-01
5.692209212756423886e-01
5.702696782930745112e-01
5.692734737258740019e-01
5.687614830821623446e-01
5.696126316481862073e-01
5.691946941394699921e-01
5.697352287205500465e-01
5.696043115149105329e-01
5.684299908841348170e-01
5.686932643296220835e-01
5.686201013715527219e-01
5.689321711028013651e-01
5.701621431179321187e-01
5.692336662599812858e-01
5.681801085858887435e-01
5.699640864237000004e-01
5.692529839199990116e-01
5.702272361444684634e-01
5.692277073871151449e-01
5.680814168296908218e-01
5.685872200240230656e-01
5.697158763983946050e-01
5.696925323188294366e-01
5.709074747357304469e-01
5.695413787244689718e-01
5.696633047824892770e-01
5.695603529384763997e-01
5.702253166499343662e-01
5.697273199628291040e-01
5.701124814313686118e-01
5.682903382681405713e-01
5.702345715826785399e-01
5.706098170106261858e-01
5.682007300444691378e-01
5.683092497954095323e-01
5.696173925561855977e-01
5.685121215934694217e-01
5.700628774853562231e-01
5.688006390875929297e-01
5.697923921956846716e-01
5.691692264189111006e-01
5.690297116376938913e-01
5.700934836705222608e-01
5.688738575991042490e-01
5.682491586238430648e-01
5.690656620647114305e-01
5.687324906043977890e-01
5.703839670530823636e-01
5.695986318889950661e-01
5.679376538780374073e-01
5.692850443104834346e-01
5.689308710947834635e-01
5.703768390434216240e-01
5.682815280623538801e-01
5.701260444139469863e-01
5.696847114380811927e-01
5.686959195582504956e-01
5.679333245699550448e-01
5.701673819026769063e-01
5.693121623132604281e-01
5.681330912076797413e-01
5.698197274170377913e-01
5.703981561763731278e-01
5.681274054713860711e-01
5.695224060917174480e-01
5.694738092890534453e-01
5.689858612106409863e-01
5.690947234986107883e-01
5.694580324366745883e-01
5.694859407010055552e-01
5.702369222613622446e-01
5.679939145834510539e-01
5.695511242053962198e-01
5.698162065670515641e-01
5.694383958664547274e-01
5.697979647585836860e-01
5.687537877245706364e-01
5.691308478282041117e-01
5.711111970387557912e-01
5.697299823890954462e-01
5.692742647087575270e-01
5.692881982906461413e-01
5.691632595287743346e-01
5.689720291241270322e-01
5.694722808858970753e-01
5.703435774863360175e-01
5.685050926562121854e-01
5.694645985323262272e-01
5.694644394782325536e-01
5.701660486115444071e-01
5.687756368331994272e-01
5.695829792728436258e-01
5.695632139004375150e-01
5.697048660400999553e-01
5.695862043725700152e-01
5.686393105666740500e-01
5.704356244761946693e-01
5.694117800810134522e-01
5.692637194372538456e-01
5.696309767075349306e-01
5.700230455182760947e-01
5.694243560604775878e-01
5.698794255727600566e-01
5.690156051190832232e-01
5.697357735877645046e-01
5.690674606329082508e-01
5.696958926175097471e-01
5.691985821335503459e-01
5.683079359691086685e-01
5.696686819157896764e-01
5.686423173796791852e-01
5.712481960690698468e-01
5.697095494391898329e-01
5.694354819014484370e-01
5.695777864659120615e-01
5.697627459720685517e-01
5.698548795982033566e-01
5.703110188600198915e-01
5.698390158690452845e-01
5.685980009739848295e-01
5.700937978164547504e-01
5.703179592189151492e-01
5.699789369530968708e-01
5.686292351527327815e-01
5.686648738986028739e-01
5.690715309173806080e-01
5.697497339545313233e-01
5.689539852464358116e-01
5.696356511529595545e-01
5.694541283253808928e-01
5.687898065812714288e-01
5.678402689957751104e-01
5.670478724412992833e-01
5.705859569391484865e-01
5.680866873897549851e-01
5.686783413539732157e-01
5.687494563678566761e-01
5.699256707511821674e-01
5.693950281073633102e-01
5.698742968405267062e-01
5.690388880703924901e-01
5.686610498951454318e-01
5.704661902744765367e-01
5.688268143065540183e-01
5.688860770708016323e-01
5.701256447421590989e-01
5.682591301753928681e-01
5.700150899647254965e-01
5.694237432933039189e-01
5.688628886997633138e-01
5.691460211885789322e-01
5.691614386582564133e-01
5.689410055437333913e-01
5.693343700682855779e-01
5.692081696238197042e-01
5.700833627346950649e-01
5.693478414323031034e-01
5.687656949201941314e-01
5.693495116274933654e-01
5.694800456202522287e-01
5.691767103602786149e-01
5.693851703329037006e-01
5.693600008257995171e-01
5.687240151603865090e-01
5.704734562136740683e-01
5.694834915956826782e-01
5.673669255110217469e-01
5.697962745339756330e-01
5.683572399269757325e-01
5.694993950659174020e-01
5.694933591547750584e-01
5.705091604695907703e-01
5.698756842915034815e-01
5.694925444525049674e-01
5.695919664299612384e-01
5.695224265617481185e-01
5.685975137897733012e-01
5.690099781326957151e-01
5.686811115120040672e-01
5.701893210450809102e-01
5.699569483724323815e-01
5.692876539957716364e-01
5.686465764909892640e-01
5.691011201055250490e-01
5.701794713636733070e-01
5.691003030304395693e-01
5.706966645917075365e-01
5.690547981002415101e-01
5.682398266804900011e-01
5.686130948504527494e-01
5.700805537119336686e-01
5.693306150030811308e-01
5.687671110826074683e-01
5.700918969596916464e-01
5.700267498573609037e-01
5.692127506497070000e-01
5.687857963543735407e-01
5.692847248371938340e-01
5.698059503123260594e-01
5.688423033032113940e-01
5.695273445938797696e-01
5.697835696591880827e-01
5.693197959896475480e-01
5.702961184153509944e-01
5.690990020453872145e-01
5.708470855946201628e-01
5.692500246467390168e-01
5.702668723224981751e-01
5.694776421002272215e-01
5.698008275157733227e-01
5.693784456071312450e-01
5.693368947549783954e-01
5.644203272524633830e-01
5.689170702852995865e-01
5.701439120101350344e-01
5.690728434988533424e-01
5.696036435494843397e-01
5.689974891331076590e-01
5.679977046890172243e-01
5.683977971584714961e-01
5.697282038613578070e-01
5.707637100787599227e-01
5.707933998551426580e-01
5.694979638207945394e-01
5.685545570793095749e-01
5.697483459956996787e-01
5.696046415336072366e-01
5.696165235065986376e-01
5.693116143155279030e-01
5.685105997758401752e-01
5.688479921940089445e-01
5.693652016093194712e-01
5.686593438340897810e-01
5.687837977630816333e-01
5.685110917415562293e-01
5.700491803565768123e-01
5.700018465894171049e-01
5.701035407573180613e-01
5.700963233511699979e-01
5.685766687560950272e-01
5.689060237931810038e-01
5.700971402640014896e-01
5.677838842987168455e-01
5.693419804019798081e-01
5.699262049883165870e-01
5.701902612293089367e-01
5.694454219224897029e-01
5.687604361353900684e-01
5.688192546359309709e-01
5.674372731836012651e-01
5.689122306701118736e-01
5.698332225733636625e-01
5.710102272349489860e-01
5.704093491441571961e-01
5.696633862577670238e-01
5.694200584247390839e-01
5.692692481513424996e-01
5.687801831241019457e-01
5.683346306314878138e-01
5.692195565658241252e-01
5.698969289075813682e-01
5.691122914098363239e-01
5.690588152316745640e-01
5.694837430248257393e-01
5.692744698787702839e-01
5.695776433933903427e-01
5.697460728736419844e-01
5.696671883820514370e-01
5.688310483047093191e-01
5.690645148908641815e-01
5.698324114287803832e-01
5.697747680681015670e-01
5.692866825521957219e-01
5.684028541014657376e-01
5.690005115916200173e-01
5.693646136803468538e-01
5.684838693159058876e-01
5.688531043886899674e-01
5.690434392467539348e-01
5.687470765465123534e-01
5.701616780234353143e-01
5.689161377205534942e-01
5.680157219170124394e-01
5.693464447167139175e-01
5.694614517969377454e-01
5.698473778545243285e-01
5.697323990437215269e-01
5.690678103420666600e-01
5.689452466042236312e-01
5.705051020610333312e-01
5.689575941543676407e-01
5.694156472171639782e-01
5.695594218023597444e-01
5.704434789500697489e-01
5.699885631727871216e-01
5.699914600372173457e-01
5.696674737594047411e-01
5.695016743149600158e-01
5.652164351552079191e-01
5.703011438196140537e-01
5.705767971707959019e-01
5.693866943119978430e-01
5.690984823700465656e-01
5.693163588733101133e-01
5.691754815829570546e-01
5.697500099845561605e-01
5.687973576060256775e-01
5.686780702996212522e-01
5.704187227891391876e-01
5.700232985022398724e-01
5.692372852597752386e-01
5.696154179271405438e-01
5.699691322381302827e-01
5.690289047051250160e-01
5.697424273276424644e-01
5.676696441156509065e-01
5.690818451098705877e-01
5.684309679721591957e-01
5.693095257639918527e-01
5.695656521125308513e-01
5.684537111751416516e-01
5.689852339972133466e-01
