5.768603830807893518e-01
5.811702613428673114e-01
5.812218132363238254e-01
5.795609471286182757e-01
5.740334574450753902e-01
5.751657451548822797e-01
5.757088652384749761e-01
5.731594797565601196e-01
5.770624053974232615e-01
5.714854132973180567e-01
5.718918758518357626e-01
5.701061033445192772e-01
5.709183063516245493e-01
5.746391849727399137e-01
5.674516446932585945e-01
5.707089646442172759e-01
5.743178426099732059e-01
5.710998105994653518e-01
5.725257200694728876e-01
5.716585854749524076e-01
5.700198399657971926e-01
5.702157257625284359e-01
5.701518921432372489e-01
5.699282231011559841e-01
5.702611163123155746e-01
5.707714362677476228e-01
5.681712230420460363e-01
5.697253818542608039e-01
5.713318809050397240e-01
5.706390892987794894e-01
5.700463486255546997e-01
5.690273795782095911e-01
5.676503868063521585e-01
5.696094073844950589e-01
5.693524782486593105e-01
5.677935117816537147e-01
5.673101280287973225e-01
5.696283862750580740e-01
5.701777946606452208e-01
5.695243357767371117e-01
5.702413827959731396e-01
5.693417557661456518e-01
5.698422960494752276e-01
5.692777534445411236e-01
5.703330798449718353e-01
5.728095467500329274e-01
5.706187944208271912e-01
5.697969519955926598e-01
5.692776508600749796e-01
5.703898093308705786e-01
5.693097090645149461e-01
5.697295705438967239e-01
5.698943371519176182e-01
5.701983994025200397e-01
5.713095068859346259e-01
5.704307610433422271e-01
5.694076761548153565e-01
5.696893437015082551e-01
5.691730699268877647e-01
5.697546710545406956e-01
5.686898970343201576e-01
5.690948850990908969e-01
5.684461628795209887e-01
5.703490598860587735e-01
5.696586993026938606e-01
5.701449219758637499e-01
5.690974971795675907e-01
5.688606380070273527e-01
5.680998584551032460e-01
5.703563838258284280e-01
5.704608123665553254e-01
5.703759390986766764e-01
5.686648709056932871e-01
5.695251521821627083e-01
5.690800844644058332e-01
5.706068864372451088e-01
5.696633200740354175e-01
5.713179428523115222e-01
5.689899672569770361e-01
5.702762379929814385e-01
5.688573758245604184e-01
5.691852213835367769e-01
5.674274913279274690e-01
5.692394427276166180e-01
5.690074805716845985e-01
5.694116997956504278e-01
5.695976366343655783e-01
5.692942056365360992e-01
5.688191320656116323e-01
5.698737933178253945e-01
5.675647536035467455e-01
5.697385147232052471e-01
5.689602516899107121e-01
5.705916433996168768e-01
5.693515866811975634e-01
5.690618478121995949e-01
5.694383966774949624e-01
5.694385458591902927e-01
5.692962449802767555e-01
5.691992357794236623e-01
5.680602515647189543e-01
5.686667804337435239e-01
5.691630889090874001e-01
5.698404792134776908e-01
5.694684743775826341e-01
5.706690676996047928e-01
5.688425503498820701e-01
5.693219751964555542e-01
5.694866102904535543e-01
5.673583405071108698e-01
5.678304164275228549e-01
5.695353848165444210e-01
5.694244713152182280e-01
5.698176920220445751e-01
5.695068997126837562e-01
5.692433793142026577e-01
5.696234070714069064e-01
5.700773559410456937e-01
5.702441530054870311e-01
5.701856955900976853e-01
5.703859052276164521e-01
5.702633182525596034e-01
5.691468716247004567e-01
5.689397917194939369e-01
5.690702621512733206e-01
5.688269364769755754e-01
5.693356732961406541e-01
5.696187995319286212e-01
5.699372771783487446e-01
5.696542958856612993e-01
5.697217231847178098e-01
5.671793910499012270e-01
5.693664416017135688e-01
5.698818621593727540e-01
5.704925235799536143e-01
5.688739143348937599e-01
5.695362764414700907e-01
5.704600306320580794e-01
5.680682816980648919e-01
5.694480241613244509e-01
5.690060003617896101e-01
5.698233985249334665e-01
5.692224856271547173e-01
5.687377337239568620e-01
5.686625477520951266e-01
5.698791950705610621e-01
5.688711707479027213e-01
5.695229542534194778e-01
5.684026338057186489e-01
5.694322134404296021e-01
5.685956556158279218e-01
5.698227037674199469e-01
5.698652780310810018e-01
5.683670348730202049e-01
5.695585157316457314e-01
5.697502656427830825e-01
5.691529260921374123e-01
5.691174439775584792e-01
5.692037650964897333e-01
5.694699889143663984e-01
5.693324798531501640e-01
5.695458391548237076e-01
5.695328705169850902e-01
5.706224509092585606e-01
5.699619596952325562e-01
5.704785655429637226e-01
5.702103697810567695e-01
5.699753334598657295e-01
5.705165815909680749e-01
5.689637199123734890e-01
5.690371645068760253e-01
5.702813305673054556e-01
5.694666876521445875e-01
5.696599522827413553e-01
5.697034598981166598e-01
5.692038599502763363e-01
5.684189686015213017e-01
5.690455622155189408e-01
5.697090300811173957e-01
5.690379715805109484e-01
5.698347582805339817e-01
5.688155707841852093e-01
5.691217460272613993e-01
5.704635843227837677e-01
5.696401607727291649e-01
5.686893294398716048e-01
5.696839675771133704e-01
5.682717228588163305e-01
5.701058965604942630e-01
5.681953922146788516e-01
5.688376435403512676e-01
5.678717564467550272e-01
5.696030945949155377e-01
5.682304070888692937e-01
5.685033235229257631e-01
5.706201729142889034e-01
5.677245058173617798e-01
5.687010874602708155e-01
5.696392491013598791e-01
5.677501149048903573e-01
5.689089204105923780e-01
5.705440737346917368e-01
5.700293802185963932e-01
5.684339431457672287e-01
5.692027895863450704e-01
5.702432794445844166e-01
5.689451617081060508e-01
5.691670833687089148e-01
5.688377757666681633e-01
5.692177605470244428e-01
5.697394885483955118e-01
5.694407415273912143e-01
5.694016497829836876e-01
5.680343895451501757e-01
5.684082121283362543e-01
5.682940112780936470e-01
5.695918160262223306e-01
5.690839234071386477e-01
5.679036654389217897e-01
5.696794858109420767e-01
5.700917803812300955e-01
5.704889236717533008e-01
5.703243568416921372e-01
5.690529659169507593e-01
5.691579414639494905e-01
5.691907776022464560e-01
5.706074305018801196e-01
5.707038434164626306e-01
5.690660326955343518e-01
5.693316431835426794e-01
5.703780127872878358e-01
5.683724267971586031e-01
5.686543712813834084e-01
5.704655502130494549e-01
5.685806747656815263e-01
5.696128969903607731e-01
5.694012402707645526e-01
5.692104288099201215e-01
5.703856693510431786e-01
5.695052680369350195e-01
5.691079239436576120e-01
5.689615446190660064e-01
5.693331512278092532e-01
5.697766686778459322e-01
5.694667200689591535e-01
5.702209194946759041e-01
5.694354173996279966e-01
5.681322996858239049e-01
5.687203023783771183e-01
5.696536611629746671e-01
5.693771607511053379e-01
5.689993891685785066e-01
5.681225136712174661e-01
5.684996657309249191e-01
5.709053108103001595e-01
5.697494877774992306e-01
5.694952725634152557e-01
5.693839076308475633e-01
5.687464746591848197e-01
5.696247751111483959e-01
5.690007843536494248e-01
5.696522797858084575e-01
5.705946378037137778e-01
5.691855846416810083e-01
5.687007935034601447e-01
5.689064283494557062e-01
5.691559924692636274e-01
5.692197951883858353e-01
5.687996736609270965e-01
5.696831033183029636e-01
5.681807461225368838e-01
5.691091652148227986e-01
5.690859197014750404e-01
5.694853967233243219e-01
5.690320000194400984e-01
5.693008109300682351e-01
5.675328958030320115e-01
5.691204746191542707e-01
5.709396600117683240e-01
5.698822123702803610e-01
5.704390035281120541e-01
5.689255143827874894e-01
5.692817230989059007e-01
5.693970616972124921e-01
5.688923957016516209e-01
5.699700285002747835e-01
5.695685813978700329e-01
5.694822527240365195e-01
5.695290356267157517e-01
5.696099945498989126e-01
5.707700769959688225e-01
5.692940128142199852e-01
5.690463663329350386e-01
5.691017496822012856e-01
5.686289340133049430e-01
5.693521157086297579e-01
5.688431037426887604e-01
5.696129389063334658e-01
5.693699435777960227e-01
5.697773428679725471e-01
5.697471524849897495e-01
5.691019476254461917e-01
5.700088175427530102e-01
5.703388670575901820e-01
5.688475504101159208e-01
5.685209494930207885e-01
5.683658726435785180e-01
5.696367487133512375e-01
5.686368047053375063e-01
5.677493386319713009e-01
5.691670122897851680e-01
5.679243546696276512e-01
5.685403171966658675e-01
5.701444449058573616e-01
5.688753077429932192e-01
5.700207665864435169e-01
5.687936709663308221e-01
5.692313633644793258e-01
5.691300706864741432e-01
5.690960991783703404e-01
5.683769499245719947e-01
5.694674048307998282e-01
5.689139887207204094e-01
5.694942194016217041e-01
5.694251978097419897e-01
5.699342724151946760e-01
5.681882680937683228e-01
5.691137516450972544e-01
5.698817614267126519e-01
5.705862783117180426e-01
5.690267005062208394e-01
5.692451172791600511e-01
5.692467672679960566e-01
5.672049547564980143e-01
5.705913151809766104e-01
5.701499605075549537e-01
5.690172082518857311e-01
5.693320442939798776e-01
5.686372246231309324e-01
5.675392711837955462e-01
5.699619907331716639e-01
5.700451351193147609e-01
5.683134067782960042e-01
5.700477155521916917e-01
5.689909275459787974e-01
5.679652900895465484e-01
5.692645394659999747e-01
5.699593356848218217e-01
5.684805312595546667e-01
5.696470554246337858e-01
5.689098961138644439e-01
5.693463554074399413e-01
5.694894811597761564e-01
5.686787757966232926e-01
5.686267998250363886e-01
5.696274683231841163e-01
5.704492942133596589e-01
5.693342957709631724e-01
5.695533870951109412e-01
5.698185832660133121e-01
5.684131688829600071e-01
5.684273130966291943e-01
5.683872565758946171e-01
5.686812269956778021e-01
5.691644643069798670e-01
5.684307555130184708e-01
5.694015509267446040e-01
5.690579183139277131e-01
5.683438086112987397e-01
5.680099908438756007e-01
5.679371406202869954e-01
5.692273969945060852e-01
5.694594056728550235e-01
5.693920522547558649e-01
5.700740951000863310e-01
5.694994923898027972e-01
5.692172229189366162e-01
5.692779411195686423e-01
5.702080028287328517e-01
5.706178799274009839e-01
5.691237815669467626e-01
5.686940496463576133e-01
5.689526176417804004e-01
5.693090475413391527e-01
5.687654450172549003e-01
5.682283957044177436e-01
5.685256241477828487e-01
5.688065785227347515e-01
5.690789403353420095e-01
5.703696254318691983e-01
5.689372598514383927e-01
5.696590229014659723e-01
5.681739782367305480e-01
5.692844091325958145e-01
5.696858547857360788e-01
5.695925628917783978e-01
5.692168115870828160e-01
5.684980507887723578e-01
5.688940312378006903e-01
5.674510494880157241e-01
5.697663957764994569e-01
5.695678419789461655e-01
5.689582983736486410e-01
5.688684141926054760e-01
5.701501667928261519e-01
5.700162903583457785e-01
5.683581154084036413e-01
5.691156846583759199e-01
5.687969365781864184e-01
5.690569242221206192e-01
5.694100785377151919e-01
5.695795556245364377e-01
5.693377153308931682e-01
5.673453980051730294e-01
5.692702872905462952e-01
5.689314651238431830e-01
5.699062702207432496e-01
5.689745918405423319e-01
5.689202141559487336e-01
5.696680794174829865e-01
5.640138611212200948e-01
5.700402727670050851e-01
5.690514547865795913e-01
5.695463062925725239e-01
5.691205675929922325e-01
5.687156764131592324e-01
5.694017388142839087e-01
5.703721721552550417e-01
5.687434051835887905e-01
5.678634750718943858e-01
5.684461486196347169e-01
5.700196178445979811e-01
5.693588733904703103e-01
5.691668665628353274e-01
5.699041162848381692e-01
5.683609309170387647e-01
5.696032437618752109e-01
5.703316851433646306e-01
5.650662782168476284e-01
5.690401602559963523e-01
5.693375839144177997e-01
5.693537587877839368e-01
5.704287527595293117e-01
5.695432899047511155e-01
5.691970277321178884e-01
5.686989122940715458e-01
5.707870444881421035e-01
5.699934965306786561e-01
5.693723214665374899e-01
5.684554162318173898e-01
5.712072069358231641e-01
5.692084286085659084e-01
5.700346989148374899e-01
5.688951113385173342e-01
5.686794515628766922e-01
5.703473689277777092e-01
5.705212018486381931e-01
5.694887545581357458e-01
5.694885261638864549e-01
5.691890377440991244e-01
5.693283176826342551e-01
5.691937516913504469e-01
5.694791170101535238e-01
5.698666700850502087e-01
5.701011200021411929e-01
5.703442382501984209e-01
5.694614631942629401e-01
5.684093567786093759e-01
5.685451223154563971e-01
5.690829683997059574e-01
5.688829627082901963e-01
5.690562620416057538e-01
5.695352705954414008e-01
5.695224824921618634e-01
5.694212382805665662e-01
5.711149700168963728e-01
5.694847726762822804e-01
5.698070270760228206e-01
5.688244745526309654e-01
5.685472055617364351e-01
5.692873134780027655e-01
5.699697335962204958e-01
5.691192419526298618e-01
5.703139752303065801e-01
5.692183678976875383e-01
5.697753287841370584e-01
5.681321362482429915e-01
5.707697139764816852e-01
5.679476536554959321e-01
5.701836423899886430e-01
5.687832587114849403e-01
5.689378867333615419e-01
5.693843336631273511e-01
5.687088933660626733e-01
5.694406324338713299e-01
5.704444924044241860e-01
5.693563658610646394e-01
5.688155538476822315e-01
5.695433735942004860e-01
5.690860147797034418e-01
5.699399554490263142e-01
5.688524123877979344e-01
5.701761607210213967e-01
5.690565619197061054e-01
5.683155370440872156e-01
5.718237945028830094e-01
5.688823306518673295e-01
5.698755307525725788e-01
5.701689456662039079e-01
5.700093268263664026e-01
5.686406393425601502e-01
5.685443281444311214e-01
5.685029787245262645e-01
5.694376892487500452e-01
5.698796506776478976e-01
5.703627451414287064e-01
5.687283525239955617e-01
5.689183039975215239e-01
5.695231552385510154e-01
5.693716182431313166e-01
5.677813665233947260e-01
5.689686645700401391e-01
5.695928774005146744e-01
5.686638202625534655e-01
5.681345961358398311e-01
5.697826321344858780e-01
5.688461855840590831e-01
5.697405744621543144e-01
5.697354379261778679e-01
5.684084522681935869e-01
5.694041038119312947e-01
5.678773902146134755e-01
5.693660640390861838e-01
5.691114784307683694e-01
5.688546545111886621e-01
5.693506532331079617e-01
5.699530047527616716e-01
5.703836533429748057e-01
5.688249835013376998e-01
5.687460211896326889e-01
5.706026435525540785e-01
5.698997678037791559e-01
5.696202354520017996e-01
5.685868162175859997e-01
5.688918574493541103e-01
5.675789623142942775e-01
5.695868663361398632e-01
5.694218507519589467e-01
5.687309595199829815e-01
5.688393357980079390e-01
5.700206563689514949e-01
5.689512093086869227e-01
5.688890146878536891e-01
5.694087009989823311e-01
5.692126413903694226e-01
5.683235349140464132e-01
5.691151289542200065e-01
5.694972965600969550e-01
5.681572590363092035e-01
5.708044452349541054e-01
5.687543882368163439e-01
5.691999930060742674e-01
5.684868735167146747e-01
5.694370993195055908e-01
5.687808407162324720e-01
5.693841282909877233e-01
5.688399487617814554e-01
5.693501700478730276e-01
5.682643648676816150e-01
5.689422069154950190e-01
5.690315707471833573e-01
5.705735383218429879e-01
5.694781824589334462e-01
5.688796710716362837e-01
5.674437905374947189e-01
5.697543014231092329e-01
5.691700357278060007e-01
5.697031172966807722e-01
5.685425744761338773e-01
5.686220505611839782e-01
5.699050237301033217e-01
5.696715455505051429e-01
5.692915510180092120e-01
5.689933333389174397e-01
5.698196994943318661e-01
5.689547952044059498e-01
5.696941487663828019e-01
5.684997226229108191e-01
5.692913283985141515e-01
5.693775464413027843e-01
5.691977109298529403e-01
5.693638819486537272e-01
5.697657493163793552e-01
5.686582128486249443e-01
5.679625432738764079e-01
5.694774386913861175e-01
5.691483676811158743e-01
5.694542521246466205e-01
5.703607256076559384e-01
5.698097265721182580e-01
5.698406307453857123e-01
5.687109228205101674e-01
5.692851376016446752e-01
5.688536685791357739e-01
5.689565670993773638e-01
5.695728990985273743e-01
5.706637145461781468e-01
5.693149359643042695e-01
5.700349935294986015e-01
5.695597965583817368e-01
5.685158643052905525e-01
5.697275570340174511e-01
5.693648353304849863e-01
5.698352127341302920e-01
5.702046988530966587e-01
5.696708656322539976e-01
5.697673637463764873e-01
5.684900432684089067e-01
5.672079921245475331e-01
5.687318744948429705e-01
5.701905556862645330e-01
5.689583027567471918e-01
5.680745278181681401e-01
5.683145403511324911e-01
5.688685492872940230e-01
5.687810532749252301e-01
5.695820091394306894e-01
5.693430144209400412e-01
5.689162260487139466e-01
5.678682518440509863e-01
5.700278757253537387e-01
5.692249885583172686e-01
5.698693378222692285e-01
5.693849898430654033e-01
5.698580659786982583e-01
5.693139934930658841e-01
5.683620794490987782e-01
5.687317712609477605e-01
5.700677637933952990e-01
5.691849428444245573e-01
5.703617134479397333e-01
5.686188710507387167e-01
5.694305927411853485e-01
5.694042707893219868e-01
5.693118310965054052e-01
5.687841682026192336e-01
5.687948872774246656e-01
5.690096740563569400e-01
5.698651554866530633e-01
5.687743674813809935e-01
5.673183664229748402e-01
5.719481241375593550e-01
5.701802530566878469e-01
5.703741275930226395e-01
5.698507079793702079e-01
5.708511632005724978e-01
5.675156264815531815e-01
5.708812168796775222e-01
5.689749829858177232e-01
5.699570305896860534e-01
5.690358037436069605e-01
5.700375667057793194e-01
5.690806988339724981e-01
5.704312490305291083e-01
5.689318308063665564e-01
5.691279953475694153e-01
5.703956507620103755e-01
5.696584077289639225e-01
5.688592396076120883e-01
5.682976329339102239e-01
5.700332288780681766e-01
5.693254315700020385e-01
5.678955279076363105e-01
5.702678619878602806e-01
5.687359823373220324e-01
5.691860520330468409e-01
5.699039162206803733e-01
5.687231044494651666e-01
5.696178997992984439e-01
5.701528414734106098e-01
5.686262236137145099e-01
5.699900747896871067e-01
5.688551669447398096e-01
5.689574916200623722e-01
5.689817158664525198e-01
5.695661900057633620e-01
5.684962109577809120e-01
5.690542590178521154e-01
5.695726244994240295e-01
5.672890850445918565e-01
5.665043612432451026e-01
5.698150241662330862e-01
5.694742891727501144e-01
5.691758137505582571e-01
5.679049194482196361e-01
5.680723889301163565e-01
5.687547264161221250e-01
5.690545620421177953e-01
5.679005056859952605e-01
5.690645989147349315e-01
5.696571629731448372e-01
5.688624123385749298e-01
5.690353216364745226e-01
5.688099389152677654e-01
5.687754772326304442e-01
5.684436556858523115e-01
5.690861854721580571e-01
5.694704627307548561e-01
5.702734840105772030e-01
5.679622676346983701e-01
5.701422677422133267e-01
5.701059813068739546e-01
5.691065929096907894e-01
5.698275884429502280e-01
5.691144647411562341e-01
5.689006723108418484e-01
5.697622506989440394e-01
5.677953802332849076e-01
5.693827052446381876e-01
5.674566188468024297e-01
5.681546455763369918e-01
5.692584021594250254e-01
5.697349405372350573e-01
5.691010364721661441e-01
5.680657605816772371e-01
5.703059089991521224e-01
5.696821675610526103e-01
5.683020356256246464e-01
5.689675139652167202e-01
5.690658632286528240e-01
5.701275734402398987e-01
5.698802064447122673e-01
5.694869602426768651e-01
5.676220629721415722e-01
5.700672569325030414e-01
5.692824557072906355e-01
5.692786097347813934e-01
5.694987663246181553e-01
5.696209703964869586e-01
5.690275199507083270e-01
5.691297149640847097e-01
5.696133926985839091e-01
5.686618103872146390e-01
5.690255011698199805e-01
5.687870756715432963e-01
5.698580773357801998e-01
5.693470525784556369e-01
5.685813240323299711e-01
5.691570253277703495e-01
5.687989091239793460e-01
5.694931994435256106e-01
5.704695095454471732e-01
5.692175661155748356e-01
5.685047118934395405e-01
5.690454900847859987e-01
5.686932610436129520e-01
5.696286797236878030e-01
5.683546401900344547e-01
5.688910974488717853e-01
5.697347987945311498e-01
5.694213079939730582e-01
5.694631482633203401e-01
5.695333193818313822e-01
5.686660923043976856e-01
5.696631061288032205e-01
5.694110771406869498e-01
5.694280180159065896e-01
5.682064045403915076e-01
5.690715029067598962e-01
5.698023703229397885e-01
5.668483764365598310e-01
5.694829975177533310e-01
5.697111075110531386e-01
5.688365654780220826e-01
5.687959755414205842e-01
5.688327633430255714e-01
5.695012564260287791e-01
5.693612277092248153e-01
5.698643722230288811e-01
5.693675480211636275e-01
5.690245275034732098e-01
5.688228005637047113e-01
5.692721214628696513e-01
5.703659585088194373e-01
5.687079080480100801e-01
5.696264663950164620e-01
5.693747661155941220e-01
5.697315888379650417e-01
5.691898058699248475e-01
5.694631213862679786e-01
5.691034760571855866e-01
5.698711764411578118e-01
5.656640068349180206e-01
5.694132334045358679e-01
5.692518007080563658e-01
5.693632377985761162e-01
5.675434764783257036e-01
5.699752352080434958e-01
5.706476760173652130e-01
5.687654574077768421e-01
5.691319280859199470e-01
5.686843572784964218e-01
5.699447709090984526e-01
5.692150540411963222e-01
5.693768345223541028e-01
5.702640679020958281e-01
5.681322062776661408e-01
5.698244804532581753e-01
5.676689883018285476e-01
5.676263306979613121e-01
5.690077799229944500e-01
5.682494601837612125e-01
5.690227011791639811e-01
5.697511741015829356e-01
5.693881649249052934e-01
5.694888925495339427e-01
5.700425018222745610e-01
5.689936752992650337e-01
5.689449692517336565e-01
5.694759023979403256e-01
5.683614117457703729e-01
5.690755336705060063e-01
5.690598894970785304e-01
5.696875787310744510e-01
5.696463239060930439e-01
5.692067176573450960e-01
5.686508037351186706e-01
5.694357281785996650e-01
5.696116696111906963e-01
5.695972258673579480e-01
5.682438350284982898e-01
5.698888853748679262e-01
5.646767894147941558e-01
5.695914883062339618e-01
5.697537436902661012e-01
5.687895887187089938e-01
5.693788962976016332e-01
5.705979313989111290e-01
5.702062992135071839e-01
5.694402062319758873e-01
5.692857252661511769e-01
5.690443820354148530e-01
5.700413845907552624e-01
5.684403439210441444e-01
5.694255041883861113e-01
5.693808350792515238e-01
5.697120216064502918e-01
5.694036220821158123e-01
5.695071001770350971e-01
5.694749222998021221e-01
5.685819808684674515e-01
5.694568420385404117e-01
5.697365143148124256e-01
5.695018753677671963e-01
5.696628227473696793e-01
5.689545605996164657e-01
5.685583827205084040e-01
5.692496066593798476e-01
5.694134917460674794e-01
5.691867990468414407e-01
5.683517417498599178e-01
5.695942835081656552e-01
5.695871325427973586e-01
5.695807663085317163e-01
5.697462971833892054e-01
5.692367030961237306e-01
5.687239737457326916e-01
5.688309305637958557e-01
5.695468725856888126e-01
5.694255894048529942e-01
5.696282188175939565e-01
5.698405526250592823e-01
5.694469349963916516e-01
5.686573131123546787e-01
5.705459753025385883e-01
5.690031542626240446e-01
5.688938728471873985e-01
5.690634827194748224e-01
5.692817548703696939e-01
5.697489851701813546e-01
5.699317048334601177e-01
5.700225510421051967e-01
5.700621670931187435e-01
5.694425726692736722e-01
5.698820089162364155e-01
5.689978054411546360e-01
5.694596044014712533e-01
5.688008947346949729e-01
5.679572313889631463e-01
5.692059098720996246e-01
5.670625208189595812e-01
5.692953212643366845e-01
5.700778016601637521e-01
5.689061153994006137e-01
5.702899027753702832e-01
5.698485924183206430e-01
5.692526335705787588e-01
5.691804413947333385e-01
5.681303645068188635e-01
5.686616619138061823e-01
5.701357822194993430e-01
5.686759451342064953e-01
5.689640724985132181e-01
5.704019467646300745e-01
5.680712235611015126e-01
5.702991335742859658e-01
5.692048906810751596e-01
5.688874180240764966e-01
5.693719009130930875e-01
5.686331341101154013e-01
5.698429410485676971e-01
5.696281467174161284e-01
5.681558162740855122e-01
5.700140512342654064e-01
5.695818758654678238e-01
5.697184595592712508e-01
5.699299573115750306e-01
5.692932786573743353e-01
5.689591496000965254e-01
5.679804538204814568e-01
5.685869947750007425e-01
5.692881681830198604e-01
5.689583121778116759e-01
5.691054877677296231e-01
5.689039330412851703e-01
5.683159348064518168e-01
5.696857430515959164e-01
5.690667982640563727e-01
5.684578333420911012e-01
5.705338326141905503e-01
5.693737773269178515e-01
5.685782253895962368e-01
5.711646665998669770e-01
5.701978265651018729e-01
5.689619186287233621e-01
5.688071263113815279e-01
5.692891974382433551e-01
5.687963528345335584e-01
5.690150857558907704e-01
5.678932401826358722e-01
5.691751141088315924e-01
5.703767645150363830e-01
5.696069039992627259e-01
5.696488197675761977e-01
5.694872632095961951e-01
5.695578461482305732e-01
5.696198906291281006e-01
5.695280406699482212e-01
5.684943996037280511e-01
5.685181623983673882e-01
5.696711436899278835e-01
5.683834128599237756e-01
5.685828071331298084e-01
5.694814114182519260e-01
5.691356720075404496e-01
5.697000919473039771e-01
5.692667318901230011e-01
5.680166015942109681e-01
5.682241074143515869e-01
5.696197502813243885e-01
5.695683438306410329e-01
5.692221036696208936e-01
5.697851973883076848e-01
5.697170403741033118e-01
5.691040704490555324e-01
5.696386609761988629e-01
5.685490638388146500e-01
5.704623849969689964e-01
5.694007250799558717e-01
5.683782007074139608e-01
5.693194495717417425e-01
5.691327808297086399e-01
5.684693116766473819e-01
5.701740669215147328e-01
5.683447538394529319e-01
5.700354083189769216e-01
5.693059132988036453e-01
5.694772767419374881e-01
5.689718589411647542e-01
5.689592522641094829e-01
5.683094271636046635e-01
5.705981544803188088e-01
5.675766431852771188e-01
5.695586741674107945e-01
5.692732877121278179e-01
5.688110651340295698e-01
5.693561163456618557e-01
5.697832942642113707e-01
5.695251402134983154e-01
5.684507519338468651e-01
5.695897638929098283e-01
5.693058807903556007e-01
5.688163505453376345e-01
5.697346407618294473e-01
5.692637811163364647e-01
5.696003572328545150e-01
5.699388208056819227e-01
5.686734638305284140e-01
5.695880386887649527e-01
5.694260677698508299e-01
5.697194454425528187e-01
5.690473123479561357e-01
5.688203079664300166e-01
5.687164575019693080e-01
5.676892833659185067e-01
5.688765969993258009e-01
5.687442361444476902e-01
5.685029089063837748e-01
5.699714842033263285e-01
5.689405414416713880e-01
5.692305051300300400e-01
5.701560398417895303e-01
5.679428569668515392e-01
5.693474628208117228e-01
5.690648299398192167e-01
5.689636205214405607e-01
5.692447961350639574e-01
5.692658863471956598e-01
5.700866704337530511e-01
5.691343089200512351e-01
5.684679898940721010e-01
5.686138326272726085e-01
5.687273736902749288e-01
5.686637663886539018e-01
5.697056160748593667e-01
5.693931443842807916e-01
5.692649732947826502e-01
5.689988221148503111e-01
5.696775241106821763e-01
5.687591746868234654e-01
5.676398788609312573e-01
5.679828336277903400e-01
5.696945569048477154e-01
5.703519544056219193e-01
5.699912926127249646e-01
5.693689411522697696e-01
5.705834162446695723e-01
5.696353734945114322e-01
5.695359351345199439e-01
5.691392312331924330e-01
5.693679428248675789e-01
5.695398197704777399e-01
5.697422595952784663e-01
5.699952973550024282e-01
5.690247268904414790e-01
5.693756002946055439e-01
5.694436777415626816e-01
5.693786115799298608e-01
5.705085112568715200e-01
5.700145870254511582e-01
5.694806357619135451e-01
5.686992700580055793e-01
5.690083448851226411e-01
5.687564657048519434e-01
5.707411220945270980e-01
5.684642112362982003e-01
5.692787442030082801e-01
5.688255840416400755e-01
5.687682416107285865e-01
5.690731647645395075e-01
5.686924318879159612e-01
5.692112026011637571e-01
5.690000477236586418e-01
5.693817184942381315e-01
5.694545606104018942e-01
5.694797968978054792e-01
5.693729681492095684e-01
5.690434498526495410e-01
5.696047185021319015e-01
5.688870179970020313e-01
5.686365524288786721e-01
5.686236157156320248e-01
5.692736777601331566e-01
5.687389002888185718e-01
5.684615105788862754e-01
5.691970408591778829e-01
5.693442429872129784e-01
5.692140495078480411e-01
5.700530938304260165e-01
5.694320535155881213e-01
5.692886725485531985e-01
5.686359790892403510e-01
5.700577206233222727e-01
5.692027743350400737e-01
5.697777230419515115e-01
5.701061675263094930e-01
5.705854043099698458e-01
5.686984305794243744e-01
5.691169059201705016e-01
5.699129232126622924e-01
5.686713656982566034e-01
5.692237661939827387e-01
5.689502591198686288e-01
5.695363715386175807e-01
5.694794756627014065e-01
5.706904125801031125e-01
5.703127023560282671e-01
5.688730783176374484e-01
5.685949826005715080e-01
5.690497055291071637e-01
5.696609879756007189e-01
5.694856425652049525e-01
5.698420502727993275e-01
5.703115540886777302e-01
5.677843631838267457e-01
5.698677173253953177e-01
5.693740791058412576e-01
5.694121909775085033e-01
5.680792273037731377e-01
5.692269010223489634e-01
5.695694425921147275e-01
5.680644113784991678e-01
5.689690428049225535e-01
5.690799424368628845e-01
5.686073682977880184e-01
5.687453120959805597e-01
5.693375355682072092e-01
5.695835893474310296e-01
5.703178465505830408e-01
5.696736875263842537e-01
5.690112010329769765e-01
5.688403449756965768e-01
5.691215854265253560e-01
5.695246404971552323e-01
5.692005814599564451e-01
5.705406568400206435e-01
5.706593206235377469e-01
5.690639529841207134e-01
5.691710628494562885e-01
5.685204029919274094e-01
5.697604202132617868e-01
5.697337012518640664e-01
5.694899204289225469e-01
5.697986169614227547e-01
5.703434989886357886e-01
5.697530423027563629e-01
5.678539339227650640e-01
5.678489504911971020e-01
5.682520474299919133e-01
5.694035486036340687e-01
5.695839494231723643e-01
5.684566109558524261e-01
5.690298074636782610e-01
5.686656769414677459e-01
5.702288475522434563e-01
5.692338752465689877e-01
5.691567536925132842e-01
5.685841053265412448e-01
5.692308757263873087e-01
5.690297813682220207e-01
5.698874900775015018e-01
5.689746534448109072e-01
5.709350627898631680e-01
5.695201270898125889e-01
5.685165238175434732e-01
5.699112098024700090e-01
5.690497501214383247e-01
5.691625247843670188e-01
5.690448599938922047e-01
5.693806224677769867e-01
5.692479902634588473e-01
5.695591046612121788e-01
5.699647392578904848e-01
5.697384697133397458e-01
5.700338310736399183e-01
5.695959103423307024e-01
5.698688625150402087e-01
5.697747476133498967e-01
5.692795858857381264e-01
5.691948842335144976e-01
5.692737044324381879e-01
5.697338592570664328e-01
5.702810090949319566e-01
5.678414902425342747e-01
5.697816366576496927e-01
5.697120643666854223e-01
5.693243593882125753e-01
5.697023952090405352e-01
5.694441847643173515e-01
5.695916891156778128e-01
5.702530644219826472e-01
5.683675364843351341e-01
5.687638451475900414e-01
5.704972739428029183e-01
5.696904774653240855e-01
5.694575271757654766e-01
5.683698794716792735e-01
5.693866898861952297e-01
5.691515414017841445e-01
5.701291156355808853e-01
5.699880747559588068e-01
5.691543901104775260e-01
5.690954718218509401e-01
5.683831601510112019e-01
5.694008816870462786e-01
5.700431345521507209e-01
5.680284331030528433e-01
5.703704364199968513e-01
5.694526721831802973e-01
5.685004775067218352e-01
5.699040322981013817e-01
5.681125580402927033e-01
5.691006475009656729e-01
5.687512836507963021e-01
5.693817737062174533e-01
5.697909517237441657e-01
5.692738611426986228e-01
5.693442680932104816e-01
5.688664548982524938e-01
5.690900839944115219e-01
5.694214390871422671e-01
5.688916020491789904e-01
5.693050766280239872e-01
5.692852050283552234e-01
5.691959183683000800e-01
5.677867920002739321e-01
5.686596531296755908e-01
5.691250377490139067e-01
5.691839656318786744e-01
5.690106835992235768e-01
5.692290169054814442e-01
5.693446371479351509e-01
5.690155433656501893e-01
5.693876333170659887e-01
5.691160355753285272e-01
5.691810103543764043e-01
5.688638360435180896e-01
5.693616848035901734e-01
5.688792425781387108e-01
5.681115054696911359e-01
5.697898170646507054e-01
5.695667405441674491e-01
5.695389610421729421e-01
5.697121456843987630e-01
5.690846356075759394e-01
5.682289758836657212e-01
5.704223806519179707e-01
5.682356502999282855e-01
5.697532184427130941e-01
5.700472342585474195e-01
5.692486872323362368e-01
5.686119921261472143e-01
5.615152040979338732e-01
5.693401196500037509e-01
5.695143856911349944e-01
5.690822963082625696e-01
5.688113017763697377e-01
5.686524080216454058e-01
5.702651694440532548e-01
5.693885502306337276e-01
5.687174783731498984e-01
5.688476394490579180e-01
5.687117781099331193e-01
5.694599321760883681e-01
5.698955518205358617e-01
5.696589988736860954e-01
5.665287172717687891e-01
5.690697297236003704e-01
5.686104234161127868e-01
5.676148885537541933e-01
5.706567450689782328e-01
5.696664916169477122e-01
5.691060498834541459e-01
5.695197499393104268e-01
5.686203271969898498e-01
5.689094297370274056e-01
5.695370096983860542e-01
5.689436767695638109e-01
5.684015030031039917e-01
5.698116942948914243e-01
5.696396200593184522e-01
5.687416168012987550e-01
5.693572566317671724e-01
5.689251193636424286e-01
5.689768101431319502e-01
5.700268218328543579e-01
5.694793763091092753e-01
5.692463551251707443e-01
5.691247274424393598e-01
5.690749058359023671e-01
5.674574801239350430e-01
5.684212201248055596e-01
5.698428260255684608e-01
5.684799702265751487e-01
5.691233955804518851e-01
5.701793033699110724e-01
5.698968379780178228e-01
5.702673569570025913e-01
5.690724810027215641e-01
5.692499392144825254e-01
5.695511226743052990e-01
5.694998406581511796e-01
5.684839914811726791e-01
5.691042991578407761e-01
5.693678921184426311e-01
5.679796684188499478e-01
5.689402801428261602e-01
5.690262555182610260e-01
5.683270890454835689e-01
5.691096732081589726e-01
5.684478126290698485e-01
5.694108434482496595e-01
5.697776775588121456e-01
5.682843972644213704e-01
5.698707335748586233e-01
5.700829764531256671e-01
5.692656698937937909e-01
5.681775729086694371e-01
5.681609834808437620e-01
5.691008307424414436e-01
5.694836376240199893e-01
5.689038276564406527e-01
5.679808242140534924e-01
5.684900810587583120e-01
5.691569496750197299e-01
5.697724863245402505e-01
5.696693362415473638e-01
5.702413723226993358e-01
5.693390446341888289e-01
5.682614898011835169e-01
5.696709769046498506e-01
5.690381207612265069e-01
5.696477897288213521e-01
5.698347752505702468e-01
5.689521002124846571e-01
5.699081978331824727e-01
5.695783944469757776e-01
5.697236312115288026e-01
5.697134005490583908e-01
5.698113817241281520e-01
5.701541940589740509e-01
5.696508268534568042e-01
5.698055231901271167e-01
5.702884560279321002e-01
5.691476297254970396e-01
5.684483930445443089e-01
5.689609761085665518e-01
5.692725225673332945e-01
5.697299597195956133e-01
5.694705626218158345e-01
5.675404980605927019e-01
5.689573953858396704e-01
5.691949226830660402e-01
5.694978103343953935e-01
5.694590933955970824e-01
5.692791982473979218e-01
5.695825481657246225e-01
5.698561502406485069e-01
5.693536508195603529e-01
5.701488981832686376e-01
5.684556711422034114e-01
5.717202773725059695e-01
5.689895861697116253e-01
5.703330738657573784e-01
5.691704342270972328e-01
5.690070698060677445e-01
5.705214890287957363e-01
5.693347760335818464e-01
5.694907658511789705e-01
5.699939283731290107e-01
5.688917582027106512e-01
5.691965856344499697e-01
5.692402543364140088e-01
5.691688368472751502e-01
5.688925467703196404e-01
5.691364859512416663e-01
5.687717005575576579e-01
5.686735989738346264e-01
5.701202929296849131e-01
5.691478729251668867e-01
5.695939870407237260e-01
5.698442806322585596e-01
5.683606340320852546e-01
5.684860368445150414e-01
5.682099712911956590e-01
5.685897343234842527e-01
5.694192687264093555e-01
5.691389246333123930e-01
5.685322345354725249e-01
5.695868115319562275e-01
5.700683427048551799e-01
5.698231725347778776e-01
5.689473367711462837e-01
5.696274699627140725e-01
5.690950435168533605e-01
5.695674059654215471e-01
5.693103491604251110e-01
5.691615299496499691e-01
5.683606599799294612e-01
5.689686750903086843e-01
5.696466670059383564e-01
5.688244788553503684e-01
5.687269383430223479e-01
5.694231902829577363e-01
5.689801860941310352e-01
5.687540273105909927e-01
5.689459043056829257e-01
5.695891973048077261e-01
5.695344647645085301e-01
5.701482903969533611e-01
5.700808680968758591e-01
5.677896744291706099e-01
5.696229165431764274e-01
5.686461139593739222e-01
5.691835513389532641e-01
5.693198305806254078e-01
5.687750602416722367e-01
5.694900979159600585e-01
5.696344566787840957e-01
5.691654894319903013e-01
5.686468709996848059e-01
5.687902940857466616e-01
5.692568758460846423e-01
5.696752283306455444e-01
5.689011741098487507e-01
5.679972725672419731e-01
5.697074084787062676e-01
5.687749627726795820e-01
5.700409738468926735e-01
5.700793066025429123e-01
5.692918652028351456e-01
5.695771245294647400e-01
5.689296847233221710e-01
5.713666239643810929e-01
5.690449213154411545e-01
5.697654605571880193e-01
5.697042139700619900e-01
5.688584247604460131e-01
5.696325133242466920e-01
5.699698807290000113e-01
5.693693076383324891e-01
5.699514984649362015e-01
5.694468423373933996e-01
5.691711173690575665e-01
5.698487143619619388e-01
5.695364601525171322e-01
5.680993609628448571e-01
5.691031921014516604e-01
5.683838475041883553e-01
5.690788802960149440e-01
5.695586606026697973e-01
5.686729671791929119e-01
5.705253806051573395e-01
5.694981132172526328e-01
5.688093911392456681e-01
5.684442413246274528e-01
5.694677671052488233e-01
5.689228677159788861e-01
5.683016528965791903e-01
5.696860861199678494e-01
5.701005302687539578e-01
5.690077076280243285e-01
5.692781247535751987e-01
5.701069992668841291e-01
5.692369761420403851e-01
5.679216563592530687e-01
5.700361186782764156e-01
5.694286510688096881e-01
5.684788888191872891e-01
5.686031320764443064e-01
5.687785038553319072e-01
5.696529221293183953e-01
5.690112386499189823e-01
5.692655560484302102e-01
5.690501984753640885e-01
5.695224910365095372e-01
5.700469430388347414e-01
5.696606758612953181e-01
5.688719636526675671e-01
5.689282299065544501e-01
5.689167704240802870e-01
5.695012709842780518e-01
5.692180993370269393e-01
5.683991217550099506e-01
5.696100816338564021e-01
5.694629786749380029e-01
5.694879846228794174e-01
5.690165248141374477e-01
5.690593861363570927e-01
5.690397605861829966e-01
5.695915042071602041e-01
5.683654773513520109e-01
5.697061466490014325e-01
5.689041157976856278e-01
5.703703787896018396e-01
5.694675147975001295e-01
5.704707586761474936e-01
5.693673609611248354e-01
5.694552185006419576e-01
5.688708139244694761e-01
5.691777987003544537e-01
5.694622723145784660e-01
5.695374772238133154e-01
5.693960538840465713e-01
5.699708850029637786e-01
5.690188015715907932e-01
5.687331788338291227e-01
5.698774104494163106e-01
5.693147552348548635e-01
5.686251324196602841e-01
5.692262334642873567e-01
5.691113346077606439e-01
5.694422493406405827e-01
5.688114249256586152e-01
5.688902907490467342e-01
5.695271673063718731e-01
5.691740414249594204e-01
5.687799977112758532e-01
5.697564444685524476e-01
5.698839855919665132e-01
5.685181448934659709e-01
5.692688954460434214e-01
5.682035177692137395e-01
5.696250189470518643e-01
5.705357405828758166e-01
5.687064505318435437e-01
5.692875305480611381e-01
5.668140750054602162e-01
5.690971172029254399e-01
5.699075199787028145e-01
5.696151037149447260e-01
5.688298631406613071e-01
5.688648179956585782e-01
5.696090598390689541e-01
5.693601981371296805e-01
5.685542610229594729e-01
5.701963946187775800e-01
5.690540438341772367e-01
5.689321066480542699e-01
5.689860252101515137e-01
5.688035487344235142e-01
5.686570710086559233e-01
5.692150151810471126e-01
5.697546276102212204e-01
5.695785562017610104e-01
5.627458437446188899e-01
5.693445804706522839e-01
5.698942997013134448e-01
5.700869146065341564e-01
5.700810807392998614e-01
5.692351562472455218e-01
5.696252229594710448e-01
5.694969840297078312e-01
5.700832611496331470e-01
5.683976492871006814e-01
5.693065257103779864e-01
5.696068389074860905e-01
5.687035409566727484e-01
5.687205518589311115e-01
5.687778343909851708e-01
5.682909059209790836e-01
5.695933721476931222e-01
5.689355708732807271e-01
5.692552960326208167e-01
5.695991021134817478e-01
5.684270073304358295e-01
5.691541256807745031e-01
5.698832602185767149e-01
5.702105506612258345e-01
5.693750514142685848e-01
5.696139881782233960e-01
5.691012887548685395e-01
5.695207422462994495e-01
5.694215151885888559e-01
5.703771735439538970e-01
5.692350069364441323e-01
5.683855895401538350e-01
5.691399853890010130e-01
5.694342762985882267e-01
5.700282591454638448e-01
5.681154564203978463e-01
5.681660097928701303e-01
5.691937073272302916e-01
5.684907271811723284e-01
5.672447961209858835e-01
5.691041626714241630e-01
5.697130590878798362e-01
5.692258498136137934e-01
5.693970495037637969e-01
5.678357295677785022e-01
5.691827214756669528e-01
5.701056989484706294e-01
5.706115132824677305e-01
5.687830195504720576e-01
5.695656290914387077e-01
5.700478569904680048e-01
5.685508905172355076e-01
5.699395764097837658e-01
5.691025215520230107e-01
5.690366579912079503e-01
5.689966544177502694e-01
5.695521898441581188e-01
5.695387116117514026e-01
5.686097550503207421e-01
5.685736765940269111e-01
5.687000475853049020e-01
5.688729997680956885e-01
5.688001817873770127e-01
5.690644830445266145e-01
5.689734393565649695e-01
5.690766824437858418e-01
5.689835925410847706e-01
5.697751089894107501e-01
5.694110667537274351e-01
5.685579628453291123e-01
5.686517234388669406e-01
5.687208786760103996e-01
5.703687229199654318e-01
5.696082852041164379e-01
5.696703653085534169e-01
5.696120417104484357e-01
5.687278090016760768e-01
5.697586348279918278e-01
5.694238276462267878e-01
5.692143080195242177e-01
5.689668966201709699e-01
5.694446446034376885e-01
5.701062883704299811e-01
5.701236758028243035e-01
5.699021046231191878e-01
5.685018400559872509e-01
5.704509100291802470e-01
5.688658680550482405e-01
5.695167174620340278e-01
5.685503478264434252e-01
5.687477555480893177e-01
5.694190842549934350e-01
5.693424101674450233e-01
5.699175115542453041e-01
5.690219858836372824e-01
5.697178428429559016e-01
5.693853131824919700e-01
5.691441730315786041e-01
5.700572245915417335e-01
5.676189150300531283e-01
5.693250756178576122e-01
5.691440681990505013e-01
5.689727449430396211e-01
5.681628031511644084e-01
5.696716639975747398e-01
5.690506443165935790e-01
5.695527745619206605e-01
5.693938687546785671e-01
5.680850845735031518e-01
5.704703246776627878e-01
5.690198414299009189e-01
5.698098718296680243e-01
5.692841709076122969e-01
5.685589876204716342e-01
5.685136756335605890e-01
5.692588133179181664e-01
5.699366353275687747e-01
5.690742724236214078e-01
5.689791612764925066e-01
5.684918691338749497e-01
5.702987440759110793e-01
5.694918391844647765e-01
5.693987577894039642e-01
5.681423578755032677e-01
5.690984446815186004e-01
5.700235857419880814e-01
5.681305589023090130e-01
5.689305658087311368e-01
5.692324376727946333e-01
5.683262367979203811e-01
5.695843275782560555e-01
5.693709267925127770e-01
5.698380241561001869e-01
5.690520861844351463e-01
5.693457879879569861e-01
5.685551275236175872e-01
5.687260120999624302e-01
5.696113876913655449e-01
5.701435893508655095e-01
5.689209111850854761e-01
5.685563670927897828e-01
5.693952006327215321e-01
5.686806836623476968e-01
5.684682908608637009e-01
5.698601572131385407e-01
5.682162696577574001e-01
5.690077169121975365e-01
5.695645991732881663e-01
5.690270780733966971e-01
5.686543065489855220e-01
5.686960625704725603e-01
5.683689245311730476e-01
5.688190889655804217e-01
5.694706359779369009e-01
5.682615813175104780e-01
5.694013042002491476e-01
5.679581068021807289e-01
5.685256158347249400e-01
5.683031092194771317e-01
5.694059726061192483e-01
5.687980967107828523e-01
5.699851707702380255e-01
5.691972961362301575e-01
5.695554260533819413e-01
5.685908551916761811e-01
5.686228664022293655e-01
5.700151337474740343e-01
5.683565657491161938e-01
5.689255060111613194e-01
5.694829606196444294e-01
5.685146365362744314e-01
5.695903680190254059e-01
5.693698436850195277e-01
5.695389839240678764e-01
5.697673252006517641e-01
5.684220010247172938e-01
5.687859878005744330e-01
5.697225375061841790e-01
5.695927157640982008e-01
5.694017721822116629e-01
5.685663174811689258e-01
5.696635543380632605e-01
5.685346628266094715e-01
5.699539288330986997e-01
5.693480543278178763e-01
5.697338315004206732e-01
5.689418223538228458e-01
5.691322168034396167e-01
5.690203874135957296e-01
5.697897800563535009e-01
5.692670060165230250e-01
5.682523274842189442e-01
5.692019384017058536e-01
5.688690338877535613e-01
5.694466258306531969e-01
5.700545660968389106e-01
5.693539198923861511e-01
5.696640958370061680e-01
5.694587120671691371e-01
5.677427043736972267e-01
5.697373599845472203e-01
5.685090800880443496e-01
5.683887777976485145e-01
5.688839417853656100e-01
5.705801599864134266e-01
5.690563541734443564e-01
5.693590294662236317e-01
5.694065659789232514e-01
5.681075467797634948e-01
5.691124881409874714e-01
5.689464973957535365e-01
5.683657735743864459e-01
5.692917659732271707e-01
5.690835630519469612e-01
5.688351998650347241e-01
5.688374219946040755e-01
5.683157165871645100e-01
5.694982949256103266e-01
5.695085528401455655e-01
5.698597580321654865e-01
5.699887049334327882e-01
5.687069855583731792e-01
5.695551200929439561e-01
5.686583774096345412e-01
5.694456210157251563e-01
5.691831253858846695e-01
5.692660748440193652e-01
5.679629503694908488e-01
5.700129194572268743e-01
5.693842610759936029e-01
5.688118403957199698e-01
5.690435723249664957e-01
5.685770315192835156e-01
5.683331236215588556e-01
5.680103349459600937e-01
5.699998349034883782e-01
5.700592071781251935e-01
5.686570661938656901e-01
5.694601465240890503e-01
5.688323550313676424e-01
5.701908287358928851e-01
5.696739213030641569e-01
5.695612021979749029e-01
5.692701633791177329e-01
5.691277770401533820e-01
5.696931341431762386e-01
5.692635269590952118e-01
5.694861691063319853e-01
5.691256839363225684e-01
5.686923388703506443e-01
5.696075454795246351e-01
5.702093305173977500e-01
5.700709029857717880e-01
5.698024786312798629e-01
5.679215359939666641e-01
5.692489624363145095e-01
5.690808747063761386e-01
5.680963747589020674e-01
5.691496805077591592e-01
5.694807588413096644e-01
5.706218246606058475e-01
5.685715502389779852e-01
5.694612815617430268e-01
5.689660716389579598e-01
5.688674710561426595e-01
5.699602957236477030e-01
5.690467944677534140e-01
5.685053466566947211e-01
5.698199577389797543e-01
5.683685340178833423e-01
5.691301488717617207e-01
5.695149746774742505e-01
5.696267265791228329e-01
5.690890931706116262e-01
5.702739465789773421e-01
5.685692290562008866e-01
5.694973782475472035e-01
5.690601083537758509e-01
5.695501640058052706e-01
5.686614493049577668e-01
5.694563512281015649e-01
5.693018029311638362e-01
5.698995254413006251e-01
5.695379112924304765e-01
5.691236710484913752e-01
5.687976226969241322e-01
5.685999424243497469e-01
5.698157134111704325e-01
5.689651691536893319e-01
5.692117630555602048e-01
5.693728535112501099e-01
5.691544666362756688e-01
5.688931030208969064e-01
5.685434576152853525e-01
5.692376867598778478e-01
5.698310441438113605e-01
5.692255454231740508e-01
5.696098061190545403e-01
5.691485453737185063e-01
5.690228994989643407e-01
5.694719996638377690e-01
5.689379738383729679e-01
5.701175458999808709e-01
5.686561330452196694e-01
5.691551346475515194e-01
5.685672810982697056e-01
5.700696859738939581e-01
5.694495985066914123e-01
5.701081935123998301e-01
5.689465660236160405e-01
5.692990998030321714e-01
5.693422161217671640e-01
5.694661082670566810e-01
5.687835007552974886e-01
5.698156038584119010e-01
5.692948255598532237e-01
5.705183580711846725e-01
5.685987690739585654e-01
5.695000715012159542e-01
5.688677262529383549e-01
5.699563370159365094e-01
5.689317562936895278e-01
5.699209552584045824e-01
5.694640946919690139e-01
5.689278034555104169e-01
5.695084470330417092e-01
5.703656596242316912e-01
5.698327315492173195e-01
5.694624104351303506e-01
5.694591735486571604e-01
5.696486925755738229e-01
5.701475455776676693e-01
5.700359268730722517e-01
5.692320329769391396e-01
5.693560073814274425e-01
5.685031607631704231e-01
5.694247014605794410e-01
5.689123946279891486e-01
5.693789819422224729e-01
5.695157121133048728e-01
5.684130249847196836e-01
5.698676551167175530e-01
5.675071530805981812e-01
5.700988067048654573e-01
5.689726350442350089e-01
5.698003337764225851e-01
5.701022724839114320e-01
5.696472840306043839e-01
5.675433038763706417e-01
5.700494277602264903e-01
5.685023827830326670e-01
5.701818966216767315e-01
5.687241224054859767e-01
5.687970392138804732e-01
5.689484537351968685e-01
5.692945592452602899e-01
5.699960272365530711e-01
5.688968677950803077e-01
5.693759219843578245e-01
5.687061757963614017e-01
5.688291019837530271e-01
5.691460399408716508e-01
5.681923805865710664e-01
5.697986000540465890e-01
5.688882332838663958e-01
5.682437606701949973e-01
5.695634025015413604e-01
5.689096180368335975e-01
5.682843381946479644e-01
5.690897280962856630e-01
5.688306254034259934e-01
5.683702326104141944e-01
5.683527495301908816e-01
5.697108467063659587e-01
5.678769355929614848e-01
5.688949684332103018e-01
5.690404411775208393e-01
5.690742509203869925e-01
5.686630398828175226e-01
5.691316553371367215e-01
5.686902753325555615e-01
5.685669142336632342e-01
5.699288008024875340e-01
5.698484666654951569e-01
5.682631676354115147e-01
5.695081347554985518e-01
5.692946779292828996e-01
5.694444758085540625e-01
5.693170147090904631e-01
5.689627388479686632e-01
5.687130887934178647e-01
5.694223556263385833e-01
5.692775013329579581e-01
5.689921201275517371e-01
5.695539599617042148e-01
5.688656527488998860e-01
5.701124571580703515e-01
5.696089190430082549e-01
5.697775753107533481e-01
5.693632351865870467e-01
5.681392100735670470e-01
5.694541564096823327e-01
5.686722124126338818e-01
5.702206686843672712e-01
5.691635160605164057e-01
5.692736251165186889e-01
5.689828980971434191e-01
5.695614105793950221e-01
5.693572230922835375e-01
5.684916203324559270e-01
5.683615090938948233e-01
5.692219822356342496e-01
5.692422838935905505e-01
5.697402758238000464e-01
5.696514947419014652e-01
5.692945897247078113e-01
5.678130844566641189e-01
5.694066199629588265e-01
5.698751290824818350e-01
5.691438404752704461e-01
5.687406301407603726e-01
5.700813862193965242e-01
5.690904571595111205e-01
5.695064274736678644e-01
5.695270460970288662e-01
5.696591043662401210e-01
5.694825444142285198e-01
5.682820018904779502e-01
5.695375716377911735e-01
5.693114851998453130e-01
5.678954750373255145e-01
5.684514514107233962e-01
5.697008427714380652e-01
5.695093873240242299e-01
5.698592422611793440e-01
5.695841149725631158e-01
5.695315888078541500e-01
5.695337208359846359e-01
5.698040339106168473e-01
5.696865808464215419e-01
5.696541035166784450e-01
5.680869673363766470e-01
5.693965407875831719e-01
5.684420221131478712e-01
5.698034567218026591e-01
5.694462315358918003e-01
5.694337135951857976e-01
5.694128011943131451e-01
5.690811868355110104e-01
5.695826964022406846e-01
5.693775986818642165e-01
5.691417507595848413e-01
5.692572359247275449e-01
5.694141155492707940e-01
5.694329461689816574e-01
5.694827371645473368e-01
5.685407797856397716e-01
5.699842022148619014e-01
5.690243303355451143e-01
5.702647455799192411e-01
5.679359000058943341e-01
5.698247263850780842e-01
5.683983844617356285e-01
5.697244503366878376e-01
5.696635814672338372e-01
