-2.431586943566799164e-02
-2.431492134928703308e-02
-2.429949119687080383e-02
-2.429488487541675568e-02
-2.428666502237319946e-02
-2.428660169243812561e-02
-2.427067048847675323e-02
-2.424921840429306030e-02
-2.424932457506656647e-02
-2.424301579594612122e-02
-2.424401231110095978e-02
-2.424746938049793243e-02
-2.424737066030502319e-02
-2.424442209303379059e-02
-2.424872480332851410e-02
-2.424979023635387421e-02
-2.425497211515903473e-02
-2.426133491098880768e-02
-2.425924502313137054e-02
-2.426760271191596985e-02
-2.428016252815723419e-02
-2.428898774087429047e-02
-2.428312413394451141e-02
-2.428618632256984711e-02
-2.429304271936416626e-02
-2.429516986012458801e-02
-2.429720573127269745e-02
-2.429785951972007751e-02
-2.429557964205741882e-02
-2.430424280464649200e-02
-2.430816367268562317e-02
-2.430223487317562103e-02
-2.430435270071029663e-02
-2.429857105016708374e-02
-2.430554106831550598e-02
-2.430936507880687714e-02
-2.431430853903293610e-02
-2.431059069931507111e-02
-2.431233599781990051e-02
-2.430971898138523102e-02
-2.430988661944866180e-02
-2.431681007146835327e-02
-2.431336417794227600e-02
-2.431764826178550720e-02
-2.431742474436759949e-02
-2.431715652346611023e-02
-2.432366833090782166e-02
-2.431851811707019806e-02
-2.432074025273323059e-02
-2.431509084999561310e-02
-2.431716397404670715e-02
-2.431944198906421661e-02
-2.432231977581977844e-02
-2.432162873446941376e-02
-2.432617358863353729e-02
-2.432040497660636902e-02
-2.432628348469734192e-02
-2.432064153254032135e-02
-2.432348579168319702e-02
-2.432408556342124939e-02
-2.432529255747795105e-02
-2.432648278772830963e-02
-2.433292381465435028e-02
-2.432900480926036835e-02
-2.432596497237682343e-02
-2.433271519839763641e-02
-2.432826720178127289e-02
-2.432874403893947601e-02
-2.433229424059391022e-02
-2.432847395539283752e-02
-2.432779036462306976e-02
-2.432436123490333557e-02
-2.433549985289573669e-02
-2.433418855071067810e-02
-2.433374151587486267e-02
-2.433320134878158569e-02
-2.433254569768905640e-02
-2.433209866285324097e-02
-2.433567494153976440e-02
-2.433344349265098572e-02
-2.433898113667964935e-02
-2.432528510689735413e-02
-2.432954125106334686e-02
-2.433129027485847473e-02
-2.433318458497524261e-02
-2.433547005057334900e-02
-2.433266490697860718e-02
-2.433429285883903503e-02
-2.433072216808795929e-02
-2.433433756232261658e-02
-2.433498017489910126e-02
-2.433848008513450623e-02
-2.433694712817668915e-02
-2.433647960424423218e-02
-2.433082833886146545e-02
-2.433884702622890472e-02
-2.434108220040798187e-02
-2.433856762945652008e-02
-2.433838695287704468e-02
-2.434201352298259735e-02
-2.433827891945838928e-02
-2.433892153203487396e-02
-2.434095926582813263e-02
-2.433550544083118439e-02
-2.433057874441146851e-02
-2.433403208851814270e-02
-2.433640696108341217e-02
-2.433585003018379211e-02
-2.434665150940418243e-02
-2.434091456234455109e-02
-2.433792315423488617e-02
-2.433922514319419861e-02
-2.434233948588371277e-02
-2.434126846492290497e-02
-2.434480004012584686e-02
-2.433845587074756622e-02
-2.435272559523582458e-02
-2.434604614973068237e-02
-2.434753626585006714e-02
-2.435066178441047668e-02
-2.434610947966575623e-02
-2.434145659208297729e-02
-2.434348315000534058e-02
-2.434593066573143005e-02
-2.434236742556095123e-02
-2.434888109564781189e-02
-2.434253878891468048e-02
-2.434752695262432098e-02
-2.434943243861198425e-02
-2.434470877051353455e-02
-2.434577606618404388e-02
-2.435168810188770294e-02
-2.434468828141689301e-02
-2.435100637376308441e-02
-2.434225752949714661e-02
-2.434886805713176727e-02
-2.434542961418628693e-02
-2.434879727661609650e-02
-2.434190548956394196e-02
-2.434530109167098999e-02
-2.434779144823551178e-02
-2.434146031737327576e-02
-2.434315904974937439e-02
-2.435047551989555359e-02
-2.435217052698135376e-02
-2.434538677334785461e-02
-2.434221655130386353e-02
-2.434812858700752258e-02
-2.434744685888290405e-02
-2.434821054339408875e-02
-2.434662170708179474e-02
-2.434276789426803589e-02
-2.434551157057285309e-02
-2.434627525508403778e-02
-2.434447593986988068e-02
-2.435071207582950592e-02
-2.434961870312690735e-02
-2.435130067169666290e-02
-2.435124106705188751e-02
-2.434659935534000397e-02
-2.434554323554039001e-02
-2.434747107326984406e-02
-2.435140684247016907e-02
-2.435041591525077820e-02
-2.435583807528018951e-02
-2.434758096933364868e-02
-2.434616908431053162e-02
-2.435153536498546600e-02
-2.434556372463703156e-02
-2.434844151139259338e-02
-2.434721961617469788e-02
-2.434662543237209320e-02
-2.435201592743396759e-02
-2.434654161334037781e-02
-2.435189671814441681e-02
-2.434938400983810425e-02
-2.435022220015525818e-02
-2.434949204325675964e-02
-2.435616962611675262e-02
-2.434780448675155640e-02
-2.434967271983623505e-02
-2.435593865811824799e-02
-2.435324899852275848e-02
-2.435333840548992157e-02
-2.436247095465660095e-02
-2.435338683426380157e-02
-2.435407601296901703e-02
-2.435711212456226349e-02
-2.435473725199699402e-02
-2.435279637575149536e-02
-2.435568906366825104e-02
-2.435400709509849548e-02
-2.434680797159671783e-02
-2.434998005628585815e-02
-2.435217052698135376e-02
-2.434917539358139038e-02
-2.434869483113288879e-02
-2.435629442334175110e-02
-2.435166761279106140e-02
-2.435572072863578796e-02
-2.435188740491867065e-02
-2.435461990535259247e-02
-2.435176633298397064e-02
-2.435130067169666290e-02
-2.435315959155559540e-02
-2.434702590107917786e-02
-2.435146644711494446e-02
-2.435235492885112762e-02
-2.435587905347347260e-02
-2.435981854796409607e-02
-2.435622550547122955e-02
-2.435382083058357239e-02
-2.434966899454593658e-02
-2.435250952839851379e-02
-2.435420826077461243e-02
-2.435783110558986664e-02
-2.435239590704441071e-02
-2.435138076543807983e-02
-2.435230463743209839e-02
-2.435542456805706024e-02
-2.435981854796409607e-02
-2.435611933469772339e-02
-2.435443922877311707e-02
-2.435223385691642761e-02
-2.435630187392234802e-02
-2.435595355927944183e-02
-2.435362897813320160e-02
-2.435945719480514526e-02
-2.435471490025520325e-02
-2.435109205543994904e-02
-2.435494586825370789e-02
-2.435670420527458191e-02
-2.435843273997306824e-02
-2.434818260371685028e-02
-2.435701340436935425e-02
-2.434773184359073639e-02
-2.434953302145004272e-02
-2.435378544032573700e-02
-2.435279451310634613e-02
-2.435342408716678619e-02
-2.435138076543807983e-02
-2.434977516531944275e-02
-2.435307018458843231e-02
-2.435175701975822449e-02
-2.435034140944480896e-02
-2.435705997049808502e-02
-2.435909025371074677e-02
-2.434843964874744415e-02
-2.435516566038131714e-02
-2.435060963034629822e-02
-2.435672469437122345e-02
-2.435333095490932465e-02
-2.435333095490932465e-02
-2.435702830553054810e-02
-2.434447593986988068e-02
-2.435156889259815216e-02
-2.435448020696640015e-02
-2.434944920241832733e-02
-2.435215562582015991e-02
-2.435238100588321686e-02
-2.435341104865074158e-02
-2.435526438057422638e-02
-2.435577847063541412e-02
-2.434600330889225006e-02
-2.435335144400596619e-02
-2.435552328824996948e-02
-2.435458824038505554e-02
-2.435513772070407867e-02
-2.435770817101001740e-02
-2.435491420328617096e-02
-2.435467205941677094e-02
-2.435245923697948456e-02
-2.435759827494621277e-02
-2.435225434601306915e-02
-2.435606904327869415e-02
-2.435319498181343079e-02
-2.435833029448986053e-02
-2.435649745166301727e-02
-2.434947527945041656e-02
-2.434718050062656403e-02
-2.434910647571086884e-02
-2.435137704014778137e-02
-2.434714883565902710e-02
-2.435453981161117554e-02
-2.435484156012535095e-02
-2.435499243438243866e-02
-2.435221523046493530e-02
-2.435695566236972809e-02
-2.435905486345291138e-02
-2.435039728879928589e-02
-2.435375191271305084e-02
-2.434795536100864410e-02
-2.435526624321937561e-02
-2.434911951422691345e-02
-2.435590885579586029e-02
-2.435021847486495972e-02
-2.434914186596870422e-02
-2.435840107500553131e-02
-2.435187064111232758e-02
-2.435017563402652740e-02
-2.435134164988994598e-02
-2.435337752103805542e-02
-2.435112930834293365e-02
-2.435167878866195679e-02
-2.435491792857646942e-02
-2.435144037008285522e-02
-2.435705251991748810e-02
-2.435432001948356628e-02
-2.435744553804397583e-02
-2.435258962213993073e-02
-2.435268275439739227e-02
-2.435234002768993378e-02
-2.435620874166488647e-02
-2.435578219592571259e-02
-2.435491234064102173e-02
-2.435438148677349091e-02
-2.435407228767871857e-02
-2.434961311519145966e-02
-2.435521036386489868e-02
-2.435248531401157379e-02
-2.435797639191150665e-02
-2.436092682182788849e-02
-2.435465529561042786e-02
-2.435709349811077118e-02
-2.435630373656749725e-02
-2.435255609452724457e-02
-2.435567602515220642e-02
-2.435141988098621368e-02
-2.435820177197456360e-02
-2.436258830130100250e-02
-2.435958944261074066e-02
-2.435787580907344818e-02
-2.435887604951858521e-02
-2.435934729874134064e-02
-2.435862831771373749e-02
-2.435295842587947845e-02
-2.435554750263690948e-02
-2.436700649559497833e-02
-2.436087094247341156e-02
-2.435235492885112762e-02
-2.435978502035140991e-02
-2.435942739248275757e-02
-2.435533143579959869e-02
-2.435702271759510040e-02
-2.435906790196895599e-02
-2.435902878642082214e-02
-2.436367236077785492e-02
-2.436043880879878998e-02
-2.435610257089138031e-02
-2.435669116675853729e-02
-2.436088956892490387e-02
-2.436163090169429779e-02
-2.435666508972644806e-02
-2.436204068362712860e-02
-2.435792423784732819e-02
-2.435296960175037384e-02
-2.435131743550300598e-02
-2.435491047799587250e-02
-2.435592561960220337e-02
-2.435688115656375885e-02
-2.436458691954612732e-02
-2.435896731913089752e-02
-2.435832284390926361e-02
-2.435322478413581848e-02
-2.436186186969280243e-02
-2.436554804444313049e-02
-2.436168119311332703e-02
-2.435597032308578491e-02
-2.435760572552680969e-02
-2.435829862952232361e-02
-2.436426840722560883e-02
-2.436323277652263641e-02
-2.436024509370326996e-02
-2.436118572950363159e-02
-2.436063624918460846e-02
-2.436027303338050842e-02
-2.435289137065410614e-02
-2.435682155191898346e-02
-2.436537481844425201e-02
-2.436189725995063782e-02
-2.435240522027015686e-02
-2.436331845819950104e-02
-2.435692399740219116e-02
-2.435692772269248962e-02
-2.435813099145889282e-02
-2.435981109738349915e-02
-2.435996569693088531e-02
-2.436208166182041168e-02
-2.436239086091518402e-02
-2.435730770230293274e-02
-2.435397356748580933e-02
-2.435534447431564331e-02
-2.435889467597007751e-02
-2.435864694416522980e-02
-2.436295896768569946e-02
-2.436016872525215149e-02
-2.435468509793281555e-02
-2.435932867228984833e-02
-2.435908652842044830e-02
-2.436219900846481323e-02
-2.436409145593643188e-02
-2.436124160885810852e-02
-2.435924857854843140e-02
-2.435451000928878784e-02
-2.436261996626853943e-02
-2.436104230582714081e-02
-2.435795776546001434e-02
-2.436142787337303162e-02
-2.435751631855964661e-02
-2.435714192688465118e-02
-2.436246722936630249e-02
-2.435797080397605896e-02
-2.435475774109363556e-02
-2.436102367937564850e-02
-2.436647005379199982e-02
-2.435781620442867279e-02
-2.436090074479579926e-02
-2.435734495520591736e-02
-2.435253746807575226e-02
-2.435438707470893860e-02
-2.435929886996746063e-02
-2.436561509966850281e-02
-2.435833401978015900e-02
-2.435945533215999603e-02
-2.435464225709438324e-02
-2.435422688722610474e-02
-2.435483783483505249e-02
-2.435836382210254669e-02
-2.436261624097824097e-02
-2.435345388948917389e-02
-2.436390705406665802e-02
-2.435320802032947540e-02
-2.436516061425209045e-02
-2.436274848878383636e-02
-2.435115538537502289e-02
-2.436034567654132843e-02
-2.436273172497749329e-02
-2.435965090990066528e-02
-2.436007000505924225e-02
-2.435523830354213715e-02
-2.436151169240474701e-02
-2.436084486544132233e-02
-2.435724809765815735e-02
-2.435412630438804626e-02
-2.436334639787673950e-02
-2.436640486121177673e-02
-2.436134777963161469e-02
-2.436538413166999817e-02
-2.436099760234355927e-02
-2.436165139079093933e-02
-2.436492219567298889e-02
-2.435739152133464813e-02
-2.436246722936630249e-02
-2.436443418264389038e-02
-2.435683086514472961e-02
-2.436492778360843658e-02
-2.436126023530960083e-02
-2.436552383005619049e-02
-2.436633594334125519e-02
-2.436489798128604889e-02
-2.436647750437259674e-02
-2.436144836246967316e-02
-2.435526810586452484e-02
-2.435583807528018951e-02
-2.436201088130474091e-02
-2.436019293963909149e-02
-2.436270937323570251e-02
-2.436167560517787933e-02
-2.436185441911220551e-02
-2.436205931007862091e-02
-2.435742877423763275e-02
-2.436212264001369476e-02
-2.436090447008609772e-02
-2.436376735568046570e-02
-2.436183206737041473e-02
-2.436125837266445160e-02
-2.436319738626480103e-02
-2.436052635312080383e-02
-2.436367794871330261e-02
-2.436437644064426422e-02
-2.436788752675056458e-02
-2.436390705406665802e-02
-2.436064556241035461e-02
-2.436052821576595306e-02
-2.436387725174427032e-02
-2.435967884957790375e-02
-2.435814961791038513e-02
-2.436166629195213318e-02
-2.436683699488639832e-02
-2.436151355504989624e-02
-2.435862645506858826e-02
-2.436336129903793335e-02
-2.436767891049385071e-02
-2.436240948736667633e-02
-2.435721643269062042e-02
-2.436693944036960602e-02
-2.436130493879318237e-02
-2.435905486345291138e-02
-2.436966449022293091e-02
-2.436492592096328735e-02
-2.436170540750026703e-02
-2.436459250748157501e-02
-2.436455525457859039e-02
-2.435361593961715698e-02
-2.436069957911968231e-02
-2.436249330639839172e-02
-2.436346188187599182e-02
-2.436057664453983307e-02
-2.436351031064987183e-02
-2.436476200819015503e-02
-2.436844073235988617e-02
-2.436110749840736389e-02
-2.436582185328006744e-02
-2.436195500195026398e-02
-2.436230890452861786e-02
-2.436541765928268433e-02
-2.435686439275741577e-02
-2.436512336134910583e-02
-2.436552010476589203e-02
-2.436576224863529205e-02
-2.436657063663005829e-02
-2.436476014554500580e-02
-2.435679361224174500e-02
-2.436142042279243469e-02
-2.435821853578090668e-02
-2.436407282948493958e-02
-2.436879649758338928e-02
-2.436451986432075500e-02
-2.436075359582901001e-02
-2.436523698270320892e-02
-2.436506375670433044e-02
-2.436461299657821655e-02
-2.436446771025657654e-02
-2.436536923050880432e-02
-2.436782792210578918e-02
-2.435797080397605896e-02
-2.436135523021221161e-02
-2.436701208353042603e-02
-2.436525560915470123e-02
-2.436424046754837036e-02
-2.436122484505176544e-02
-2.436726912856101990e-02
-2.436575852334499359e-02
-2.436472289264202118e-02
-2.436216920614242554e-02
-2.436190657317638397e-02
-2.436177618801593781e-02
-2.436313591897487640e-02
-2.436465211212635040e-02
-2.435954287648200989e-02
-2.436263300478458405e-02
-2.435440383851528168e-02
-2.435927465558052063e-02
-2.436450310051441193e-02
-2.436576597392559052e-02
-2.436433173716068268e-02
-2.436157874763011932e-02
-2.436163276433944702e-02
-2.436455339193344116e-02
-2.436371892690658569e-02
-2.436379157006740570e-02
-2.435990795493125916e-02
-2.436548098921775818e-02
-2.436198852956295013e-02
-2.436410263180732727e-02
-2.436772920191287994e-02
-2.436385117471218109e-02
-2.436424978077411652e-02
-2.436184324324131012e-02
-2.436257526278495789e-02
-2.436313964426517487e-02
-2.436435036361217499e-02
-2.436106093227863312e-02
-2.435887791216373444e-02
-2.435729093849658966e-02
-2.436672896146774292e-02
-2.436068281531333923e-02
-2.436142414808273315e-02
-2.436222322285175323e-02
-2.435774914920330048e-02
-2.435896173119544983e-02
-2.436300739645957947e-02
-2.436117641627788544e-02
-2.435418590903282166e-02
-2.435884065926074982e-02
-2.435985952615737915e-02
-2.436246722936630249e-02
-2.435943111777305603e-02
-2.435873262584209442e-02
-2.435417100787162781e-02
-2.435480803251266479e-02
-2.436005696654319763e-02
-2.435934171080589294e-02
-2.436007000505924225e-02
-2.436593361198902130e-02
-2.436067909002304077e-02
-2.435712143778800964e-02
-2.437106333673000336e-02
-2.435881458222866058e-02
-2.435527555644512177e-02
-2.436220273375511169e-02
-2.436354570090770721e-02
-2.436459250748157501e-02
-2.435836382210254669e-02
-2.436191402375698090e-02
-2.436016872525215149e-02
-2.436605654656887054e-02
-2.436096780002117157e-02
-2.436027489602565765e-02
-2.436639182269573212e-02
-2.436085604131221771e-02
-2.436348423361778259e-02
-2.436865679919719696e-02
-2.435880340635776520e-02
-2.436796016991138458e-02
-2.436437271535396576e-02
-2.436405234038829803e-02
-2.436039224267005920e-02
-2.435729838907718658e-02
-2.436734177172183990e-02
-2.436045557260513306e-02
-2.435716800391674042e-02
-2.435519546270370483e-02
-2.435718849301338196e-02
-2.435719594359397888e-02
-2.435984462499618530e-02
-2.436241880059242249e-02
-2.436068840324878693e-02
-2.436269074678421021e-02
-2.436301670968532562e-02
-2.435906045138835907e-02
-2.436016127467155457e-02
-2.436239831149578094e-02
-2.436224184930324554e-02
-2.436151728034019470e-02
-2.436384931206703186e-02
-2.437131665647029877e-02
-2.436766959726810455e-02
-2.436730824410915375e-02
-2.436235174536705017e-02
-2.435833401978015900e-02
-2.436105348169803619e-02
-2.436701394617557526e-02
-2.436714619398117065e-02
-2.436026558279991150e-02
-2.435804717242717743e-02
-2.436714060604572296e-02
-2.436291426420211792e-02
-2.436011098325252533e-02
-2.435981854796409607e-02
-2.436859346926212311e-02
-2.436383627355098724e-02
-2.436365932226181030e-02
-2.436048723757266998e-02
-2.435993775725364685e-02
-2.436248026788234711e-02
-2.436032146215438843e-02
-2.436070516705513000e-02
-2.436019293963909149e-02
-2.436203323304653168e-02
-2.435984089970588684e-02
-2.436108514666557312e-02
-2.436586283147335052e-02
-2.436266653239727020e-02
-2.436886914074420929e-02
-2.435849048197269440e-02
-2.436273731291294098e-02
-2.436254359781742096e-02
-2.436893060803413391e-02
-2.436274476349353790e-02
-2.436363138258457184e-02
-2.436625212430953979e-02
-2.435516007244586945e-02
-2.436371892690658569e-02
-2.436641603708267212e-02
-2.436511963605880737e-02
-2.436051703989505768e-02
-2.436242811381816864e-02
-2.436548657715320587e-02
-2.436268702149391174e-02
-2.436053939163684845e-02
-2.436256222426891327e-02
-2.436532638967037201e-02
-2.436494454741477966e-02
-2.436713129281997681e-02
-2.436305023729801178e-02
-2.435741759836673737e-02
-2.436000294983386993e-02
-2.436944283545017242e-02
-2.436620183289051056e-02
-2.436293102800846100e-02
-2.435931190848350525e-02
-2.436042763292789459e-02
-2.435931377112865448e-02
-2.436170727014541626e-02
-2.436575666069984436e-02
-2.435921505093574524e-02
-2.436148002743721008e-02
-2.437141351401805878e-02
-2.436986751854419708e-02
-2.436384372413158417e-02
-2.436243928968906403e-02
-2.436596713960170746e-02
-2.436922863125801086e-02
-2.436153404414653778e-02
-2.436234243214130402e-02
-2.436235919594764709e-02
-2.436981722712516785e-02
-2.435730770230293274e-02
-2.436697110533714294e-02
-2.435933984816074371e-02
-2.436206489801406860e-02
-2.436651103198528290e-02
-2.436464093625545502e-02
-2.436189725995063782e-02
-2.436619624495506287e-02
-2.436388097703456879e-02
-2.436657808721065521e-02
-2.435987256467342377e-02
-2.435651607811450958e-02
-2.436306886374950409e-02
-2.436354942619800568e-02
-2.436652593314647675e-02
-2.436367236077785492e-02
-2.436583302915096283e-02
-2.436549402773380280e-02
-2.436095103621482849e-02
-2.436298318207263947e-02
-2.436157874763011932e-02
-2.436349354684352875e-02
-2.436021901667118073e-02
-2.436465211212635040e-02
-2.436024509370326996e-02
-2.436438947916030884e-02
-2.436815574765205383e-02
-2.436422556638717651e-02
-2.436918951570987701e-02
-2.436320297420024872e-02
-2.436592429876327515e-02
-2.436855994164943695e-02
-2.436256967484951019e-02
-2.436551079154014587e-02
-2.436754480004310608e-02
-2.436762861907482147e-02
-2.436877973377704620e-02
-2.436387352645397186e-02
-2.436244674026966095e-02
-2.436320297420024872e-02
-2.436484210193157196e-02
-2.436486445367336273e-02
-2.436583861708641052e-02
-2.436432801187038422e-02
-2.435981854796409607e-02
-2.436173334717750549e-02
-2.435912378132343292e-02
-2.436860091984272003e-02
-2.436121553182601929e-02
-2.436111308634281158e-02
-2.436764352023601532e-02
-2.436112239956855774e-02
-2.435646392405033112e-02
-2.436179853975772858e-02
-2.436587400734424591e-02
-2.435811795294284821e-02
-2.436593361198902130e-02
-2.436449751257896423e-02
-2.436338551342487335e-02
-2.436528168618679047e-02
-2.436202391982078552e-02
-2.436005510389804840e-02
-2.436001226305961609e-02
-2.436376549303531647e-02
-2.435729093849658966e-02
-2.436029538512229919e-02
-2.436330169439315796e-02
-2.436146326363086700e-02
-2.435539104044437408e-02
-2.435659430921077728e-02
-2.436471171677112579e-02
-2.435907348990440369e-02
-2.436082810163497925e-02
-2.436802722513675690e-02
-2.436054684221744537e-02
-2.436775341629981995e-02
-2.436265721917152405e-02
-2.436635829508304596e-02
-2.436351962387561798e-02
-2.436486072838306427e-02
-2.436177246272563934e-02
-2.436359599232673645e-02
-2.436687797307968140e-02
-2.436346001923084259e-02
-2.436673268675804138e-02
-2.435929700732231140e-02
-2.436217106878757477e-02
-2.437328547239303589e-02
-2.436234802007675171e-02
-2.436349727213382721e-02
-2.436179108917713165e-02
-2.436708286404609680e-02
-2.436355687677860260e-02
-2.436427399516105652e-02
-2.436543442308902740e-02
-2.436958625912666321e-02
-2.436417900025844574e-02
-2.436516061425209045e-02
-2.436708286404609680e-02
-2.436213940382003784e-02
-2.436388470232486725e-02
-2.436268143355846405e-02
-2.436967380344867706e-02
-2.436661534011363983e-02
-2.436469309031963348e-02
-2.436558715999126434e-02
-2.436104044318199158e-02
-2.436453290283679962e-02
-2.436141297221183777e-02
-2.436383813619613647e-02
-2.436156943440437317e-02
-2.436205372214317322e-02
-2.436442859470844269e-02
-2.437002025544643402e-02
-2.436383813619613647e-02
-2.436683513224124908e-02
-2.436555363237857819e-02
-2.436272613704204559e-02
-2.436967566609382629e-02
-2.436713688075542450e-02
-2.436567656695842743e-02
-2.436088398098945618e-02
-2.436507493257522583e-02
-2.436352148652076721e-02
-2.436374872922897339e-02
-2.437012083828449249e-02
-2.436268888413906097e-02
-2.436164766550064087e-02
-2.436363324522972107e-02
-2.436634525656700134e-02
-2.436425164341926575e-02
-2.436553686857223511e-02
-2.435982413589954376e-02
-2.436563558876514435e-02
-2.436260692775249481e-02
-2.436867915093898773e-02
-2.437293715775012970e-02
-2.436706610023975372e-02
-2.436735108494758606e-02
-2.436885982751846313e-02
-2.436903305351734161e-02
-2.436366118490695953e-02
-2.436337433755397797e-02
-2.436664327979087830e-02
-2.436164394021034241e-02
-2.436816506087779999e-02
-2.436845563352108002e-02
-2.436182461678981781e-02
-2.436424605548381805e-02
-2.436475269496440887e-02
-2.436376176774501801e-02
-2.437185496091842651e-02
-2.436714060604572296e-02
-2.436376176774501801e-02
-2.436307258903980255e-02
-2.436587773263454437e-02
-2.436363324522972107e-02
-2.436571940779685974e-02
-2.436541765928268433e-02
-2.436381019651889801e-02
-2.436761930584907532e-02
-2.436323650181293488e-02
-2.436173520982265472e-02
-2.436738461256027222e-02
-2.437071874737739563e-02
-2.436389401555061340e-02
-2.436503395438194275e-02
-2.436579205095767975e-02
-2.436471730470657349e-02
-2.436440438032150269e-02
-2.436602674424648285e-02
-2.436776272952556610e-02
-2.436829544603824615e-02
-2.436519972980022430e-02
-2.436483092606067657e-02
-2.437047474086284637e-02
-2.436381205916404724e-02
-2.436859719455242157e-02
-2.436635829508304596e-02
-2.436756715178489685e-02
-2.436207607388496399e-02
-2.436927892267704010e-02
-2.436566911637783051e-02
-2.436044439673423767e-02
-2.436265908181667328e-02
-2.436803653836250305e-02
-2.436945773661136627e-02
-2.436376921832561493e-02
-2.436331100761890411e-02
-2.436663955450057983e-02
-2.436772175133228302e-02
-2.436683699488639832e-02
-2.436582557857036591e-02
-2.436802349984645844e-02
-2.436655387282371521e-02
-2.436904422938823700e-02
-2.436701022088527679e-02
-2.436623908579349518e-02
-2.436220832169055939e-02
-2.436918206512928009e-02
-2.436560019850730896e-02
-2.436176314949989319e-02
-2.436758950352668762e-02
-2.436219528317451477e-02
-2.436904422938823700e-02
-2.436124160885810852e-02
-2.436205931007862091e-02
-2.436785586178302765e-02
-2.436194010078907013e-02
-2.436792105436325073e-02
-2.436399646103382111e-02
-2.436353638768196106e-02
-2.436173334717750549e-02
-2.436406351625919342e-02
-2.436186186969280243e-02
-2.437315694987773895e-02
-2.436914853751659393e-02
-2.436877042055130005e-02
-2.436852268874645233e-02
-2.437112852931022644e-02
-2.436782047152519226e-02
-2.437124587595462799e-02
-2.437060326337814331e-02
-2.436354383826255798e-02
-2.436768636107444763e-02
-2.435942739248275757e-02
-2.436616644263267517e-02
-2.437257021665573120e-02
-2.436291053891181946e-02
-2.436898089945316315e-02
-2.436675690114498138e-02
-2.436941675841808319e-02
-2.436403371393680573e-02
-2.436966821551322937e-02
-2.436617948114871979e-02
-2.436756342649459839e-02
-2.437446452677249908e-02
-2.436651661992073059e-02
-2.436410263180732727e-02
-2.436500042676925659e-02
-2.436959370970726013e-02
-2.436599694192409515e-02
-2.437292225658893585e-02
-2.436309121549129486e-02
-2.436994388699531555e-02
-2.436462976038455963e-02
-2.436574548482894897e-02
-2.436578460037708282e-02
-2.436702698469161987e-02
-2.436714991927146912e-02
-2.436919324100017548e-02
-2.436706796288490295e-02
-2.436765655875205994e-02
-2.436557039618492126e-02
-2.436820231378078461e-02
-2.436396665871143341e-02
-2.436351403594017029e-02
-2.436677552759647369e-02
-2.436741627752780914e-02
-2.436426468193531036e-02
-2.436708658933639526e-02
-2.436622604727745056e-02
-2.436936087906360626e-02
-2.437024563550949097e-02
-2.436356991529464722e-02
-2.437297068536281586e-02
-2.437139488756656647e-02
-2.437398396432399750e-02
-2.436191402375698090e-02
-2.436365373432636261e-02
-2.436626516282558441e-02
-2.436728216707706451e-02
-2.436492033302783966e-02
-2.436765283346176147e-02
-2.435915544629096985e-02
-2.436297014355659485e-02
-2.436779253184795380e-02
-2.436127327382564545e-02
-2.436714805662631989e-02
-2.436618879437446594e-02
-2.436447702348232269e-02
-2.437014505267143250e-02
-2.436956949532032013e-02
-2.436947077512741089e-02
-2.436666004359722137e-02
-2.436301670968532562e-02
-2.436686120927333832e-02
-2.436534501612186432e-02
-2.436382137238979340e-02
-2.437041886150836945e-02
-2.436404675245285034e-02
-2.436582557857036591e-02
-2.436996623873710632e-02
-2.436172217130661011e-02
-2.436110936105251312e-02
-2.436651848256587982e-02
-2.437399514019489288e-02
-2.436049096286296844e-02
-2.436771430075168610e-02
-2.436776831746101379e-02
-2.436418645083904266e-02
-2.436395362019538879e-02
-2.436683513224124908e-02
-2.436577901244163513e-02
-2.436603978276252747e-02
-2.436586096882820129e-02
-2.436659857630729675e-02
-2.436772175133228302e-02
-2.436371520161628723e-02
-2.436095848679542542e-02
-2.436426095664501190e-02
-2.436036244034767151e-02
-2.436752803623676300e-02
-2.436224929988384247e-02
-2.436848543584346771e-02
-2.436429075896739960e-02
-2.436465956270694733e-02
-2.436991222202777863e-02
-2.436406351625919342e-02
-2.436028048396110535e-02
-2.436097338795661926e-02
-2.436800673604011536e-02
-2.437056973576545715e-02
-2.436411939561367035e-02
-2.436226233839988708e-02
-2.436609938740730286e-02
-2.437028475105762482e-02
-2.436013333499431610e-02
-2.435800991952419281e-02
-2.436188049614429474e-02
-2.436322718858718872e-02
-2.436115965247154236e-02
-2.436772733926773071e-02
-2.436353079974651337e-02
-2.436087839305400848e-02
-2.436374686658382416e-02
-2.436435967683792114e-02
-2.436352893710136414e-02
-2.437057718634605408e-02
-2.436521276831626892e-02
-2.436914853751659393e-02
-2.436837740242481232e-02
-2.437121607363224030e-02
-2.436492219567298889e-02
-2.436511404812335968e-02
-2.436666004359722137e-02
-2.435881830751895905e-02
-2.436518855392932892e-02
-2.436476759612560272e-02
-2.436049655079841614e-02
-2.436864748597145081e-02
-2.437270246446132660e-02
-2.436790429055690765e-02
-2.436655946075916290e-02
-2.436661906540393829e-02
-2.436665818095207214e-02
-2.436343021690845490e-02
-2.436350099742412567e-02
-2.436689659953117371e-02
-2.436727471649646759e-02
-2.436266094446182251e-02
-2.436727844178676605e-02
-2.436958625912666321e-02
-2.436134032905101776e-02
-2.436529286205768585e-02
-2.437290176749229431e-02
-2.436844073235988617e-02
-2.436868101358413696e-02
-2.435955591499805450e-02
-2.436719276010990143e-02
-2.436489053070545197e-02
-2.436367981135845184e-02
-2.436405047774314880e-02
-2.436936087906360626e-02
-2.436583116650581360e-02
-2.436540834605693817e-02
-2.436558343470096588e-02
-2.436347119510173798e-02
-2.435922808945178986e-02
-2.436300180852413177e-02
-2.436374686658382416e-02
-2.436530962586402893e-02
-2.436689473688602448e-02
-2.436105348169803619e-02
-2.436284534633159637e-02
-2.437053993344306946e-02
-2.436462230980396271e-02
-2.436828799545764923e-02
-2.436617948114871979e-02
-2.436370588839054108e-02
-2.436780184507369995e-02
-2.437035180628299713e-02
-2.436801046133041382e-02
-2.436459809541702271e-02
-2.435865066945552826e-02
-2.436456643044948578e-02
-2.436365559697151184e-02
-2.436044067144393921e-02
-2.436468191444873810e-02
-2.436516247689723969e-02
-2.437027730047702789e-02
-2.436982281506061554e-02
-2.436779253184795380e-02
-2.436536177992820740e-02
-2.436475828289985657e-02
-2.437452413141727448e-02
-2.436866424977779388e-02
-2.436702512204647064e-02
-2.436943724751472473e-02
-2.436728216707706451e-02
-2.436842769384384155e-02
-2.436722628772258759e-02
-2.436432801187038422e-02
-2.437115274369716644e-02
-2.436204999685287476e-02
-2.436419576406478882e-02
-2.436955459415912628e-02
-2.436456829309463501e-02
-2.436794713139533997e-02
-2.436083182692527771e-02
-2.436726167798042297e-02
-2.437221258878707886e-02
-2.436294406652450562e-02
-2.436558715999126434e-02
-2.436879090964794159e-02
-2.436329238116741180e-02
-2.436048723757266998e-02
-2.436330541968345642e-02
-2.437130920588970184e-02
-2.436866611242294312e-02
-2.436614967882633209e-02
-2.437387779355049133e-02
-2.436441369354724884e-02
-2.436341159045696259e-02
-2.437097206711769104e-02
-2.436915971338748932e-02
-2.437180094420909882e-02
-2.436880022287368774e-02
-2.436373941600322723e-02
-2.436099015176296234e-02
-2.436378784477710724e-02
-2.436551079154014587e-02
-2.436547540128231049e-02
-2.437095716595649719e-02
-2.436962351202964783e-02
-2.435989119112491608e-02
-2.436711639165878296e-02
-2.437166310846805573e-02
-2.436748333275318146e-02
-2.436221763491630554e-02
-2.436361648142337799e-02
-2.436601184308528900e-02
-2.436127699911594391e-02
-2.436872385442256927e-02
-2.436687797307968140e-02
-2.436756715178489685e-02
-2.437145821750164032e-02
-2.437594160437583923e-02
-2.436477132141590118e-02
-2.437305636703968048e-02
-2.436522953212261200e-02
-2.436813153326511383e-02
-2.436781488358974457e-02
-2.436884678900241852e-02
-2.436717227101325989e-02
-2.436172403395175934e-02
-2.437057904899120331e-02
-2.436443418264389038e-02
-2.436687797307968140e-02
-2.436752803623676300e-02
-2.436369284987449646e-02
-2.436892315745353699e-02
-2.436543628573417664e-02
-2.436889894306659698e-02
-2.436823770403862000e-02
-2.437023259699344635e-02
-2.436487749218940735e-02
-2.437085844576358795e-02
-2.436613291501998901e-02
-2.436612732708454132e-02
-2.436457388103008270e-02
-2.436289750039577484e-02
-2.436501346528530121e-02
-2.436646446585655212e-02
-2.436811290681362152e-02
-2.436852082610130310e-02
-2.437013573944568634e-02
-2.436954341828823090e-02
-2.436938509345054626e-02
-2.436893433332443237e-02
-2.437009662389755249e-02
-2.437070570886135101e-02
-2.437134645879268646e-02
-2.437235787510871887e-02
-2.437038160860538483e-02
-2.436701208353042603e-02
-2.436330541968345642e-02
-2.436930499970912933e-02
-2.436355315148830414e-02
-2.437265031039714813e-02
-2.436936832964420319e-02
-2.436941117048263550e-02
-2.436355315148830414e-02
-2.436201646924018860e-02
-2.436739765107631683e-02
-2.437179349362850189e-02
-2.437109686434268951e-02
-2.436968870460987091e-02
-2.436115406453609467e-02
-2.436530031263828278e-02
-2.436509914696216583e-02
-2.436842210590839386e-02
-2.436237409710884094e-02
-2.436310239136219025e-02
-2.436857298016548157e-02
-2.436775527894496918e-02
-2.436509169638156891e-02
-2.437150664627552032e-02
-2.437077276408672333e-02
-2.436764724552631378e-02
-2.437167428433895111e-02
-2.437119558453559875e-02
-2.436912246048450470e-02
-2.436748333275318146e-02
-2.436690777540206909e-02
-2.437649108469486237e-02
-2.436690218746662140e-02
-2.436534687876701355e-02
-2.436932548880577087e-02
-2.437400631606578827e-02
-2.436373569071292877e-02
-2.436259016394615173e-02
-2.436300367116928101e-02
-2.436891384422779083e-02
-2.436287514865398407e-02
-2.436527237296104431e-02
-2.437295205891132355e-02
-2.436724491417407990e-02
-2.436680719256401062e-02
-2.436161972582340240e-02
-2.436668984591960907e-02
-2.436630986630916595e-02
-2.436312288045883179e-02
-2.436598204076290131e-02
-2.436896041035652161e-02
-2.436567284166812897e-02
-2.437314018607139587e-02
-2.436820790171623230e-02
-2.436838485300540924e-02
-2.437173388898372650e-02
-2.437139675021171570e-02
-2.436413988471031189e-02
-2.436558715999126434e-02
-2.436286397278308868e-02
-2.437075041234493256e-02
-2.437088079750537872e-02
-2.436932176351547241e-02
-2.437139861285686493e-02
-2.436945959925651550e-02
-2.436651475727558136e-02
-2.436604164540767670e-02
-2.436503022909164429e-02
-2.436754293739795685e-02
-2.436940744519233704e-02
-2.436432801187038422e-02
-2.436685375869274139e-02
-2.436253055930137634e-02
-2.437677606940269470e-02
-2.437085472047328949e-02
-2.437362261116504669e-02
-2.436861582100391388e-02
-2.436554245650768280e-02
-2.437406405806541443e-02
-2.437048219144344330e-02
-2.436423115432262421e-02
-2.436897903680801392e-02
-2.436673827469348907e-02
-2.436580881476402283e-02
-2.436834387481212616e-02
-2.436873503029346466e-02
-2.436699159443378448e-02
-2.436992898583412170e-02
-2.437100000679492950e-02
-2.436580508947372437e-02
-2.436156384646892548e-02
-2.436964772641658783e-02
-2.436811849474906921e-02
-2.436903677880764008e-02
-2.436632849276065826e-02
-2.436795458197593689e-02
-2.436448447406291962e-02
-2.436559461057186127e-02
-2.436203509569168091e-02
-2.436833269894123077e-02
-2.436877228319644928e-02
-2.436578087508678436e-02
-2.437013946473598480e-02
-2.436687424778938293e-02
-2.436142042279243469e-02
-2.436153404414653778e-02
-2.436665631830692291e-02
-2.436755038797855377e-02
-2.436137385666370392e-02
-2.436846308410167694e-02
-2.436541207134723663e-02
-2.436723373830318451e-02
-2.436592616140842438e-02
-2.436576597392559052e-02
-2.436456270515918732e-02
-2.436635829508304596e-02
-2.435900643467903137e-02
-2.436852641403675079e-02
-2.436950430274009705e-02
-2.436920255422592163e-02
-2.436647564172744751e-02
-2.436561323702335358e-02
-2.436980791389942169e-02
-2.436944656074047089e-02
-2.436898089945316315e-02
-2.437103725969791412e-02
-2.437347732484340668e-02
-2.436754852533340454e-02
-2.437617816030979156e-02
-2.437457814812660217e-02
-2.436397410929203033e-02
-2.437046356499195099e-02
-2.436611801385879517e-02
-2.436651661992073059e-02
-2.436819858849048615e-02
-2.436839789152145386e-02
-2.436656318604946136e-02
-2.437113411724567413e-02
-2.436967939138412476e-02
-2.436776086688041687e-02
-2.436787821352481842e-02
-2.436887845396995544e-02
-2.437268570065498352e-02
-2.437203191220760345e-02
-2.436556294560432434e-02
-2.436676807701587677e-02
-2.436373010277748108e-02
-2.437275275588035583e-02
-2.437130734324455261e-02
-2.436267212033271790e-02
-2.436895109713077545e-02
-2.436211332678794861e-02
-2.436281181871891022e-02
-2.436956577003002167e-02
-2.436768263578414917e-02
-2.436795085668563843e-02
-2.437085472047328949e-02
-2.437002025544643402e-02
-2.436836622655391693e-02
-2.437072247266769409e-02
-2.436698414385318756e-02
-2.436881884932518005e-02
-2.436455152928829193e-02
-2.436895109713077545e-02
-2.436924912035465240e-02
-2.436778321862220764e-02
-2.436473220586776733e-02
-2.436057105660438538e-02
-2.436675503849983215e-02
-2.436108328402042389e-02
-2.436446025967597961e-02
-2.436250634491443634e-02
-2.436872944235801697e-02
-2.436513267457485199e-02
-2.436141483485698700e-02
-2.436832152307033539e-02
-2.436609007418155670e-02
-2.436495758593082428e-02
-2.437285892665386200e-02
-2.436367981135845184e-02
-2.437002770602703094e-02
-2.436536177992820740e-02
-2.436800114810466766e-02
-2.437048777937889099e-02
-2.436239831149578094e-02
-2.437178976833820343e-02
-2.436576597392559052e-02
-2.436783537268638611e-02
-2.436561696231365204e-02
-2.436750382184982300e-02
-2.436631545424461365e-02
-2.436866238713264465e-02
-2.436355687677860260e-02
-2.436760254204273224e-02
-2.436687424778938293e-02
-2.436535432934761047e-02
-2.435682527720928192e-02
-2.436506003141403198e-02
-2.436724677681922913e-02
-2.436362393200397491e-02
-2.436620183289051056e-02
-2.436724491417407990e-02
-2.436491474509239197e-02
-2.436074800789356232e-02
-2.436931990087032318e-02
-2.436804585158824921e-02
-2.436476200819015503e-02
-2.436627820134162903e-02
-2.436257712543010712e-02
-2.436548098921775818e-02
-2.436357922852039337e-02
-2.436056360602378845e-02
-2.436395362019538879e-02
-2.436785213649272919e-02
-2.436872944235801697e-02
-2.437070943415164948e-02
-2.436909452080726624e-02
-2.436765469610691071e-02
-2.436772175133228302e-02
-2.437184192240238190e-02
-2.436234615743160248e-02
-2.436424605548381805e-02
-2.436773106455802917e-02
-2.436358667910099030e-02
-2.436335012316703796e-02
-2.436249330639839172e-02
-2.437010034918785095e-02
-2.436884865164756775e-02
-2.436489425599575043e-02
-2.436397597193717957e-02
-2.436786703765392303e-02
-2.436543628573417664e-02
-2.437054365873336792e-02
-2.436489984393119812e-02
-2.436577901244163513e-02
-2.435962297022342682e-02
-2.437243424355983734e-02
-2.436803653836250305e-02
-2.436400577425956726e-02
-2.436035312712192535e-02
-2.436516247689723969e-02
-2.436462789773941040e-02
-2.436119504272937775e-02
-2.436724491417407990e-02
-2.436152286827564240e-02
-2.436696738004684448e-02
-2.436888031661510468e-02
-2.436766400933265686e-02
-2.436651848256587982e-02
-2.436721697449684143e-02
-2.437053062021732330e-02
-2.436796948313713074e-02
-2.436559274792671204e-02
-2.436264418065547943e-02
-2.436160482466220856e-02
-2.436623908579349518e-02
-2.436516061425209045e-02
-2.436868287622928619e-02
-2.436678856611251831e-02
-2.436464838683605194e-02
-2.436304464936256409e-02
-2.437167987227439880e-02
-2.436995133757591248e-02
-2.436747774481773376e-02
-2.436137758195400238e-02
-2.436454966664314270e-02
-2.436422556638717651e-02
-2.436628192663192749e-02
-2.436644211411476135e-02
-2.436560578644275665e-02
-2.436235174536705017e-02
-2.436543442308902740e-02
-2.436769381165504456e-02
-2.436427213251590729e-02
-2.436668053269386292e-02
-2.436829544603824615e-02
-2.436204999685287476e-02
-2.436512522399425507e-02
-2.437018603086471558e-02
-2.436464652419090271e-02
-2.436330728232860565e-02
-2.436438389122486115e-02
-2.436907961964607239e-02
-2.436752431094646454e-02
-2.436414919793605804e-02
-2.436414547264575958e-02
-2.436623536050319672e-02
-2.436545677483081818e-02
-2.436492033302783966e-02
-2.436704188585281372e-02
-2.437094040215015411e-02
-2.436801977455615997e-02
-2.436670847237110138e-02
-2.436194382607936859e-02
-2.436435781419277191e-02
-2.436592429876327515e-02
-2.435901388525962830e-02
-2.436373196542263031e-02
-2.436011470854282379e-02
-2.436929382383823395e-02
-2.436764910817146301e-02
-2.436977252364158630e-02
-2.436221577227115631e-02
-2.436937764286994934e-02
-2.436501719057559967e-02
-2.436476014554500580e-02
-2.436657994985580444e-02
-2.436559088528156281e-02
-2.436474896967411041e-02
-2.436627820134162903e-02
-2.436731569468975067e-02
-2.436722628772258759e-02
-2.436575479805469513e-02
-2.436792105436325073e-02
-2.436653152108192444e-02
-2.437133900821208954e-02
-2.437076903879642487e-02
-2.436931803822517395e-02
-2.436263486742973328e-02
-2.436483278870582581e-02
-2.436533942818641663e-02
-2.436725236475467682e-02
-2.436449006199836731e-02
-2.436444722115993500e-02
-2.436014264822006226e-02
-2.436985634267330170e-02
-2.436416968703269958e-02
-2.436199411749839783e-02
-2.436435595154762268e-02
-2.437010221183300018e-02
-2.436195686459541321e-02
-2.436537854373455048e-02
-2.437526173889636993e-02
-2.437385171651840210e-02
-2.436769194900989532e-02
-2.435983158648014069e-02
-2.437014505267143250e-02
-2.436651848256587982e-02
-2.436613664031028748e-02
-2.436699531972408295e-02
-2.436654642224311829e-02
-2.437033876776695251e-02
-2.436942420899868011e-02
-2.438109740614891052e-02
-2.436349913477897644e-02
-2.436601556837558746e-02
-2.436466328799724579e-02
-2.436856739223003387e-02
-2.436843886971473694e-02
-2.436685934662818909e-02
-2.436801418662071228e-02
-2.436823025345802307e-02
-2.436501905322074890e-02
-2.437261678278446198e-02
-2.436858974397182465e-02
-2.436651103198528290e-02
-2.436786517500877380e-02
-2.436510287225246429e-02
-2.436270564794540405e-02
-2.436241135001182556e-02
-2.436503209173679352e-02
-2.436835318803787231e-02
-2.436741068959236145e-02
-2.436719648540019989e-02
-2.437056042253971100e-02
-2.436807379126548767e-02
-2.436434477567672729e-02
-2.437254227697849274e-02
-2.437040396034717560e-02
-2.436950989067554474e-02
-2.437099255621433258e-02
-2.436998859047889709e-02
-2.436886541545391083e-02
-2.436606772243976593e-02
-2.436949685215950012e-02
-2.436554990708827972e-02
-2.436807006597518921e-02
-2.437112480401992798e-02
-2.436484955251216888e-02
-2.437160536646842957e-02
-2.436216920614242554e-02
-2.437200956046581268e-02
-2.436741627752780914e-02
-2.436365932226181030e-02
-2.436412498354911804e-02
-2.436261624097824097e-02
-2.435955777764320374e-02
-2.437332645058631897e-02
-2.437276206910610199e-02
-2.437631599605083466e-02
-2.436674572527408600e-02
-2.436557598412036896e-02
-2.436563000082969666e-02
-2.436520531773567200e-02
-2.437241189181804657e-02
-2.436165884137153625e-02
-2.436365932226181030e-02
-2.436324022710323334e-02
-2.436152659356594086e-02
-2.436492033302783966e-02
-2.436509914696216583e-02
-2.436526864767074585e-02
-2.437346987426280975e-02
-2.436680905520915985e-02
-2.436403371393680573e-02
-2.436655387282371521e-02
-2.436172589659690857e-02
-2.436681836843490601e-02
-2.436871267855167389e-02
-2.436615899205207825e-02
-2.436964586377143860e-02
-2.436748892068862915e-02
-2.436936274170875549e-02
-2.437133155763149261e-02
-2.436749450862407684e-02
-2.436871454119682312e-02
-2.436781488358974457e-02
-2.436952665448188782e-02
-2.437022514641284943e-02
-2.436594478785991669e-02
-2.436637133359909058e-02
-2.436930499970912933e-02
-2.436692081391811371e-02
-2.436417527496814728e-02
-2.436807006597518921e-02
-2.436216920614242554e-02
-2.436604164540767670e-02
-2.437446080148220062e-02
-2.436572872102260590e-02
-2.436371520161628723e-02
-2.437207661569118500e-02
-2.436940930783748627e-02
-2.436212822794914246e-02
-2.436752058565616608e-02
-2.436778508126735687e-02
-2.437200769782066345e-02
-2.436984702944755554e-02
-2.436829172074794769e-02
-2.436339110136032104e-02
-2.436942420899868011e-02
-2.436883561313152313e-02
-2.436506934463977814e-02
-2.436971850693225861e-02
-2.436210401356220245e-02
-2.436953596770763397e-02
-2.436086721718311310e-02
-2.436510100960731506e-02
-2.436886541545391083e-02
-2.436712570488452911e-02
-2.436941117048263550e-02
-2.436913922429084778e-02
-2.437113039195537567e-02
-2.436008676886558533e-02
-2.436896786093711853e-02
-2.436745353043079376e-02
-2.437068708240985870e-02
-2.437843568623065948e-02
-2.436644397675991058e-02
-2.436584420502185822e-02
-2.437177486717700958e-02
-2.436595782637596130e-02
-2.435909584164619446e-02
-2.437217347323894501e-02
-2.436761930584907532e-02
-2.436942793428897858e-02
-2.436583302915096283e-02
-2.436565048992633820e-02
-2.436558157205581665e-02
-2.437018230557441711e-02
-2.437038160860538483e-02
-2.436369843780994415e-02
-2.436838112771511078e-02
-2.436958812177181244e-02
-2.437434159219264984e-02
-2.436695806682109833e-02
-2.436466887593269348e-02
-2.437046356499195099e-02
-2.437170967459678650e-02
-2.436902187764644623e-02
-2.437073178589344025e-02
-2.437266334891319275e-02
-2.436874620616436005e-02
-2.436516247689723969e-02
-2.436704747378826141e-02
-2.436958625912666321e-02
-2.436813525855541229e-02
-2.436315268278121948e-02
-2.437055855989456177e-02
-2.436378225684165955e-02
-2.436746470630168915e-02
-2.436546050012111664e-02
-2.437021024525165558e-02
-2.436702512204647064e-02
-2.436740510165691376e-02
-2.436655387282371521e-02
-2.436628378927707672e-02
-2.436228841543197632e-02
-2.436360344290733337e-02
-2.436838857829570770e-02
-2.437176555395126343e-02
-2.436744235455989838e-02
-2.436999417841434479e-02
-2.436724491417407990e-02
-2.436596341431140900e-02
-2.436665818095207214e-02
-2.436823211610317230e-02
-2.436296269297599792e-02
-2.436591126024723053e-02
-2.436795085668563843e-02
-2.436416968703269958e-02
-2.436021901667118073e-02
-2.436865679919719696e-02
-2.437037788331508636e-02
-2.437103725969791412e-02
-2.436834760010242462e-02
-2.437045425176620483e-02
-2.437324635684490204e-02
-2.437240444123744965e-02
-2.437048032879829407e-02
-2.436303906142711639e-02
-2.437086217105388641e-02
-2.436789125204086304e-02
-2.436798438429832458e-02
-2.436980791389942169e-02
-2.436954341828823090e-02
-2.436002902686595917e-02
-2.436991594731807709e-02
-2.436442859470844269e-02
-2.436233125627040863e-02
-2.436411753296852112e-02
-2.436918579041957855e-02
-2.437621168792247772e-02
-2.436714619398117065e-02
-2.436992712318897247e-02
-2.435935102403163910e-02
-2.436075545847415924e-02
-2.437538839876651764e-02
-2.437029592692852020e-02
-2.436325699090957642e-02
-2.436938136816024780e-02
-2.436193078756332397e-02
-2.436989732086658478e-02
-2.437063492834568024e-02
-2.436184510588645935e-02
-2.436697296798229218e-02
-2.436626330018043518e-02
-2.436621859669685364e-02
-2.436782792210578918e-02
-2.437245100736618042e-02
-2.436077035963535309e-02
-2.436630055308341980e-02
-2.436299063265323639e-02
-2.436581812798976898e-02
-2.437147684395313263e-02
-2.436990104615688324e-02
-2.437060885131359100e-02
-2.436655014753341675e-02
-2.436745353043079376e-02
-2.436674945056438446e-02
-2.436441741883754730e-02
-2.436261810362339020e-02
-2.436728961765766144e-02
-2.436904236674308777e-02
-2.436889521777629852e-02
-2.436689101159572601e-02
-2.436784841120243073e-02
-2.436984330415725708e-02
-2.436927519738674164e-02
-2.436451055109500885e-02
-2.436332777142524719e-02
-2.436890453100204468e-02
-2.436907030642032623e-02
-2.437009662389755249e-02
-2.436678856611251831e-02
-2.436879090964794159e-02
-2.437162958085536957e-02
-2.436895482242107391e-02
-2.436883561313152313e-02
-2.437085099518299103e-02
-2.436817437410354614e-02
-2.436318248510360718e-02
-2.436007000505924225e-02
-2.437078021466732025e-02
-2.437035925686359406e-02
-2.436184138059616089e-02
-2.437408082187175751e-02
-2.436882443726062775e-02
-2.436968870460987091e-02
-2.436882816255092621e-02
-2.436382882297039032e-02
-2.436858043074607849e-02
-2.436912618577480316e-02
-2.437104657292366028e-02
-2.436451800167560577e-02
-2.437429316341876984e-02
-2.436758019030094147e-02
-2.436856739223003387e-02
-2.437023445963859558e-02
-2.436896041035652161e-02
-2.436935529112815857e-02
-2.436497062444686890e-02
-2.436525933444499969e-02
-2.436532266438007355e-02
-2.436692453920841217e-02
-2.436576969921588898e-02
-2.436619438230991364e-02
-2.436737529933452606e-02
-2.436864003539085388e-02
-2.437446638941764832e-02
-2.437126450240612030e-02
-2.436700090765953064e-02
-2.437123283743858337e-02
-2.436620555818080902e-02
-2.436757646501064301e-02
-2.436477132141590118e-02
-2.436898089945316315e-02
-2.437110990285873413e-02
-2.436896041035652161e-02
-2.436567284166812897e-02
-2.436576597392559052e-02
-2.437140420079231262e-02
-2.437017299234867096e-02
-2.436377666890621185e-02
-2.436740510165691376e-02
-2.436758950352668762e-02
-2.436633221805095673e-02
-2.436311356723308563e-02
-2.436994388699531555e-02
-2.437512949109077454e-02
-2.437246963381767273e-02
-2.436610311269760132e-02
-2.436317130923271179e-02
-2.436712943017482758e-02
-2.436730824410915375e-02
-2.436689473688602448e-02
-2.436733804643154144e-02
-2.436098828911781311e-02
-2.436607703566551208e-02
-2.436581440269947052e-02
-2.436815574765205383e-02
-2.436685003340244293e-02
-2.436810359358787537e-02
-2.436703629791736603e-02
-2.436528541147708893e-02
-2.437156625092029572e-02
-2.436900697648525238e-02
-2.436507679522037506e-02
-2.436700277030467987e-02
-2.436827868223190308e-02
-2.436588145792484283e-02
-2.436459250748157501e-02
-2.436341717839241028e-02
-2.436812967061996460e-02
-2.436760999262332916e-02
-2.436668053269386292e-02
-2.436297386884689331e-02
-2.436823956668376923e-02
-2.437131293118000031e-02
-2.436486259102821350e-02
-2.436405606567859650e-02
-2.436760254204273224e-02
-2.436853758990764618e-02
-2.436699531972408295e-02
-2.436734549701213837e-02
-2.436653710901737213e-02
-2.436841838061809540e-02
-2.436652965843677521e-02
-2.437075227499008179e-02
-2.436874248087406158e-02
-2.437015809118747711e-02
-2.436883561313152313e-02
-2.436892502009868622e-02
-2.436773851513862610e-02
-2.437117323279380798e-02
-2.436028048396110535e-02
-2.436268888413906097e-02
-2.436659112572669983e-02
-2.437020093202590942e-02
-2.436817437410354614e-02
-2.436986193060874939e-02
-2.436876855790615082e-02
-2.436980791389942169e-02
-2.437053062021732330e-02
-2.437199093401432037e-02
-2.437205426394939423e-02
-2.436583116650581360e-02
-2.436734177172183990e-02
-2.436798438429832458e-02
-2.436972036957740784e-02
-2.436628565192222595e-02
-2.436277642846107483e-02
-2.437389083206653595e-02
-2.437284402549266815e-02
-2.437080256640911102e-02
-2.436863072216510773e-02
-2.436887100338935852e-02
-2.437008358538150787e-02
-2.436958067119121552e-02
-2.437188848853111267e-02
-2.436940185725688934e-02
-2.437084540724754333e-02
-2.437108010053634644e-02
-2.436445094645023346e-02
-2.436657622456550598e-02
-2.437222376465797424e-02
-2.436941489577293396e-02
-2.437241002917289734e-02
-2.436706982553005219e-02
-2.436942048370838165e-02
-2.436944469809532166e-02
-2.436364814639091492e-02
-2.436936646699905396e-02
-2.437085472047328949e-02
-2.437045238912105560e-02
-2.436492033302783966e-02
-2.437322214245796204e-02
-2.436942234635353088e-02
-2.436810359358787537e-02
-2.436942234635353088e-02
-2.436595782637596130e-02
-2.436778321862220764e-02
-2.436820045113563538e-02
-2.437334507703781128e-02
-2.436919696629047394e-02
-2.437013946473598480e-02
-2.436884492635726929e-02
-2.436901442706584930e-02
-2.436853013932704926e-02
-2.436516992747783661e-02
-2.436521276831626892e-02
-2.436491660773754120e-02
-2.436735667288303375e-02
-2.436869405210018158e-02
-2.436686120927333832e-02
-2.436728589236736298e-02
-2.436752058565616608e-02
-2.436950989067554474e-02
-2.437279932200908661e-02
-2.436468563973903656e-02
-2.436531148850917816e-02
-2.436717972159385681e-02
-2.436887100338935852e-02
-2.436536177992820740e-02
-2.436644025146961212e-02
-2.437175251543521881e-02
-2.437015622854232788e-02
-2.436504326760768890e-02
-2.436508983373641968e-02
-2.436090260744094849e-02
-2.436496876180171967e-02
-2.436935529112815857e-02
-2.436463162302970886e-02
-2.437058649957180023e-02
-2.436945401132106781e-02
-2.436919324100017548e-02
-2.437027543783187866e-02
-2.437187172472476959e-02
-2.437355928122997284e-02
-2.437209524214267731e-02
-2.436258271336555481e-02
-2.437019720673561096e-02
-2.436489984393119812e-02
-2.437575906515121460e-02
-2.437021955847740173e-02
-2.437414415180683136e-02
-2.436977438628673553e-02
-2.437333390116691589e-02
-2.437643148005008698e-02
-2.437276579439640045e-02
-2.437090501189231873e-02
-2.437044121325016022e-02
-2.437172271311283112e-02
-2.437225915491580963e-02
-2.436767332255840302e-02
-2.437164448201656342e-02
-2.437158487737178802e-02
-2.437629550695419312e-02
-2.437371201813220978e-02
-2.436973527073860168e-02
-2.437053993344306946e-02
-2.437193132936954498e-02
-2.436793036758899689e-02
-2.436989173293113708e-02
-2.436231262981891632e-02
-2.437016554176807404e-02
-2.436988428235054016e-02
-2.436965331435203552e-02
-2.436958439648151398e-02
-2.436786703765392303e-02
-2.437474764883518219e-02
-2.436762303113937378e-02
-2.437564358115196228e-02
-2.437232248485088348e-02
-2.437292970716953278e-02
-2.437009289860725403e-02
-2.437265589833259583e-02
-2.436419203877449036e-02
-2.436731383204460144e-02
