-1.972846500575542450e-02
-1.972977630794048309e-02
-1.971828192472457886e-02
-1.970845088362693787e-02
-1.970366947352886200e-02
-1.970080099999904633e-02
-1.969285681843757629e-02
-1.967784576117992401e-02
-1.968183368444442749e-02
-1.967389322817325592e-02
-1.967853866517543793e-02
-1.967833749949932098e-02
-1.967423036694526672e-02
-1.968112215399742126e-02
-1.968709193170070648e-02
-1.968818344175815582e-02
-1.969504915177822113e-02
-1.969681493937969208e-02
-1.969994232058525085e-02
-1.970227807760238647e-02
-1.970558241009712219e-02
-1.971315965056419373e-02
-1.970971934497356415e-02
-1.971303299069404602e-02
-1.971811056137084961e-02
-1.972194388508796692e-02
-1.971856690943241119e-02
-1.972488872706890106e-02
-1.972860656678676605e-02
-1.972688734531402588e-02
-1.972797140479087830e-02
-1.973146758973598480e-02
-1.972743123769760132e-02
-1.973000168800354004e-02
-1.972888223826885223e-02
-1.973182894289493561e-02
-1.973278634250164032e-02
-1.973377540707588196e-02
-1.973615027964115143e-02
-1.973635889589786530e-02
-1.973717845976352692e-02
-1.974041759967803955e-02
-1.973358355462551117e-02
-1.974105276167392731e-02
-1.974020525813102722e-02
-1.973731257021427155e-02
-1.973899826407432556e-02
-1.973738521337509155e-02
-1.973546482622623444e-02
-1.974142529070377350e-02
-1.973560266196727753e-02
-1.974328793585300446e-02
-1.974127069115638733e-02
-1.974295824766159058e-02
-1.974109746515750885e-02
-1.973971165716648102e-02
-1.974159106612205505e-02
-1.974292472004890442e-02
-1.974123716354370117e-02
-1.973754912614822388e-02
-1.974083855748176575e-02
-1.973826624453067780e-02
-1.974595151841640472e-02
-1.974521949887275696e-02
-1.974201761186122894e-02
-1.974605582654476166e-02
-1.974562741816043854e-02
-1.974884048104286194e-02
-1.974745839834213257e-02
-1.974190212786197662e-02
-1.974238269031047821e-02
-1.974413730204105377e-02
-1.974763348698616028e-02
-1.974819414317607880e-02
-1.974340900778770447e-02
-1.975031569600105286e-02
-1.974810101091861725e-02
-1.975008845329284668e-02
-1.974719017744064331e-02
-1.975183002650737762e-02
-1.975441537797451019e-02
-1.975158788263797760e-02
-1.975281909108161926e-02
-1.975562050938606262e-02
-1.975802518427371979e-02
-1.975115016102790833e-02
-1.975236833095550537e-02
-1.975068449974060059e-02
-1.975240185856819153e-02
-1.975212432444095612e-02
-1.975394226610660553e-02
-1.975402981042861938e-02
-1.975504495203495026e-02
-1.975056529045104980e-02
-1.974628120660781860e-02
-1.974633336067199707e-02
-1.974689587950706482e-02
-1.975143328309059143e-02
-1.974964141845703125e-02
-1.975064724683761597e-02
-1.975108496844768524e-02
-1.974863931536674500e-02
-1.975331827998161316e-02
-1.974890567362308502e-02
-1.974772848188877106e-02
-1.975367404520511627e-02
-1.975338160991668701e-02
-1.975006610155105591e-02
-1.975814066827297211e-02
-1.974756829440593719e-02
-1.975069008767604828e-02
-1.974920183420181274e-02
-1.975722424685955048e-02
-1.975369080901145935e-02
-1.974678412079811096e-02
-1.975180208683013916e-02
-1.975483261048793793e-02
-1.975540257990360260e-02
-1.975848525762557983e-02
-1.975451223552227020e-02
-1.975682005286216736e-02
-1.975437253713607788e-02
-1.975514367222785950e-02
-1.975361071527004242e-02
-1.975668407976627350e-02
-1.975741237401962280e-02
-1.975073665380477905e-02
-1.975596509873867035e-02
-1.975880376994609833e-02
-1.976144872605800629e-02
-1.975127868354320526e-02
-1.976096257567405701e-02
-1.975736580789089203e-02
-1.975857466459274292e-02
-1.975858770310878754e-02
-1.976048201322555542e-02
-1.976032927632331848e-02
-1.975607126951217651e-02
-1.975775510072708130e-02
-1.975509524345397949e-02
-1.975785009562969208e-02
-1.975172013044357300e-02
-1.975825428962707520e-02
-1.975600048899650574e-02
-1.975754834711551666e-02
-1.975641213357448578e-02
-1.975948177278041840e-02
-1.976173371076583862e-02
-1.976052485406398773e-02
-1.976214908063411713e-02
-1.975955814123153687e-02
-1.975942216813564301e-02
-1.975647173821926117e-02
-1.975865103304386139e-02
-1.975881494581699371e-02
-1.975640654563903809e-02
-1.975820772349834442e-02
-1.975802890956401825e-02
-1.975951530039310455e-02
-1.975924894213676453e-02
-1.975713111460208893e-02
-1.975923031568527222e-02
-1.975801587104797363e-02
-1.976012438535690308e-02
-1.975914835929870605e-02
-1.975795626640319824e-02
-1.975706219673156738e-02
-1.976223848760128021e-02
-1.975522935390472412e-02
-1.975527964532375336e-02
-1.975951343774795532e-02
-1.975762099027633667e-02
-1.975796557962894440e-02
-1.975855790078639984e-02
-1.976575329899787903e-02
-1.976038888096809387e-02
-1.975902915000915527e-02
-1.975605450570583344e-02
-1.975701190531253815e-02
-1.975413784384727478e-02
-1.976052485406398773e-02
-1.976462453603744507e-02
-1.976064592599868774e-02
-1.976369135081768036e-02
-1.976428739726543427e-02
-1.975932531058788300e-02
-1.975925266742706299e-02
-1.975936070084571838e-02
-1.976073347032070160e-02
-1.976205222308635712e-02
-1.975915208458900452e-02
-1.975595206022262573e-02
-1.975684985518455505e-02
-1.976497843861579895e-02
-1.976200193166732788e-02
-1.976201869547367096e-02
-1.976051181554794312e-02
-1.976045034825801849e-02
-1.976237259805202484e-02
-1.976447366178035736e-02
-1.976114884018898010e-02
-1.976004242897033691e-02
-1.976261101663112640e-02
-1.976536959409713745e-02
-1.976444944739341736e-02
-1.976054348051548004e-02
-1.976484619081020355e-02
-1.975951157510280609e-02
-1.975721679627895355e-02
-1.976649276912212372e-02
-1.976524293422698975e-02
-1.976022124290466309e-02
-1.976436935365200043e-02
-1.976525038480758667e-02
-1.976170390844345093e-02
-1.976239122450351715e-02
-1.976488344371318817e-02
-1.976265013217926025e-02
-1.976390928030014038e-02
-1.976717822253704071e-02
-1.976547203958034515e-02
-1.976610720157623291e-02
-1.976275071501731873e-02
-1.976239308714866638e-02
-1.976388692855834961e-02
-1.976431533694267273e-02
-1.976323686540126801e-02
-1.976388692855834961e-02
-1.975790970027446747e-02
-1.976202800869941711e-02
-1.976260356605052948e-02
-1.976834237575531006e-02
-1.976504176855087280e-02
-1.976085640490055084e-02
-1.976231671869754791e-02
-1.976129971444606781e-02
-1.976400427520275116e-02
-1.976370811462402344e-02
-1.976504176855087280e-02
-1.975754462182521820e-02
-1.975956186652183533e-02
-1.976353302597999573e-02
-1.976271718740463257e-02
-1.976095139980316162e-02
-1.976392604410648346e-02
-1.976484432816505432e-02
-1.976330392062664032e-02
-1.975997723639011383e-02
-1.976213417947292328e-02
-1.976320520043373108e-02
-1.976705528795719147e-02
-1.976576447486877441e-02
-1.976719498634338379e-02
-1.976406201720237732e-02
-1.976580731570720673e-02
-1.976602897047996521e-02
-1.976599544286727905e-02
-1.976519823074340820e-02
-1.976911537349224091e-02
-1.976288482546806335e-02
-1.976456120610237122e-02
-1.976360194385051727e-02
-1.976608671247959137e-02
-1.976714842021465302e-02
-1.976412348449230194e-02
-1.975928992033004761e-02
-1.975964382290840149e-02
-1.976206339895725250e-02
-1.976279169321060181e-02
-1.976429298520088196e-02
-1.976473070681095123e-02
-1.976415514945983887e-02
-1.976453326642513275e-02
-1.976278237998485565e-02
-1.976630650460720062e-02
-1.976305246353149414e-02
-1.976405084133148193e-02
-1.976745203137397766e-02
-1.975981146097183228e-02
-1.976775377988815308e-02
-1.976163126528263092e-02
-1.976610347628593445e-02
-1.976174488663673401e-02
-1.976719126105308533e-02
-1.976062916219234467e-02
-1.976632885634899139e-02
-1.976353861391544342e-02
-1.976468041539192200e-02
-1.976263150572776794e-02
-1.976800896227359772e-02
-1.976545900106430054e-02
-1.975964941084384918e-02
-1.976708322763442993e-02
-1.976312510669231415e-02
-1.976810023188591003e-02
-1.976434513926506042e-02
-1.976709812879562378e-02
-1.976775936782360077e-02
-1.976899057626724243e-02
-1.976333931088447571e-02
-1.976481080055236816e-02
-1.976541429758071899e-02
-1.976657845079898834e-02
-1.976483687758445740e-02
-1.976365968585014343e-02
-1.976360380649566650e-02
-1.976797915995121002e-02
-1.977175474166870117e-02
-1.976647041738033295e-02
-1.976757496595382690e-02
-1.976410299539566040e-02
-1.976742222905158997e-02
-1.977115124464035034e-02
-1.976380310952663422e-02
-1.976298168301582336e-02
-1.976738683879375458e-02
-1.976813748478889465e-02
-1.976606994867324829e-02
-1.976771652698516846e-02
-1.976880058646202087e-02
-1.977092586457729340e-02
-1.976603269577026367e-02
-1.976340822875499725e-02
-1.976438984274864197e-02
-1.976464688777923584e-02
-1.976558566093444824e-02
-1.976591162383556366e-02
-1.976216956973075867e-02
-1.976872235536575317e-02
-1.976702548563480377e-02
-1.976818405091762543e-02
-1.976581290364265442e-02
-1.977054215967655182e-02
-1.977031864225864410e-02
-1.976995915174484253e-02
-1.976365782320499420e-02
-1.976816356182098389e-02
-1.976970210671424866e-02
-1.977139711380004883e-02
-1.976944319903850555e-02
-1.976353675127029419e-02
-1.976685039699077606e-02
-1.976698637008666992e-02
-1.976606249809265137e-02
-1.976689323782920837e-02
-1.976750046014785767e-02
-1.976669393479824066e-02
-1.976433955132961273e-02
-1.976586692035198212e-02
-1.976298913359642029e-02
-1.976840011775493622e-02
-1.977193914353847504e-02
-1.976517960429191589e-02
-1.976888626813888550e-02
-1.976499892771244049e-02
-1.976720988750457764e-02
-1.976674236357212067e-02
-1.976731419563293457e-02
-1.976233348250389099e-02
-1.976430974900722504e-02
-1.976570487022399902e-02
-1.976598612964153290e-02
-1.977026462554931641e-02
-1.976608298718929291e-02
-1.976813748478889465e-02
-1.977189257740974426e-02
-1.976674795150756836e-02
-1.976962760090827942e-02
-1.976495236158370972e-02
-1.976357214152812958e-02
-1.976729370653629303e-02
-1.976751349866390228e-02
-1.976658217608928680e-02
-1.976497285068035126e-02
-1.976983062922954559e-02
-1.976909860968589783e-02
-1.976426318287849426e-02
-1.976775005459785461e-02
-1.976728998124599457e-02
-1.976423710584640503e-02
-1.976455189287662506e-02
-1.976653933525085449e-02
-1.976923085749149323e-02
-1.976292394101619720e-02
-1.976384036242961884e-02
-1.976909674704074860e-02
-1.976620405912399292e-02
-1.976496912539005280e-02
-1.976920105516910553e-02
-1.976482942700386047e-02
-1.976305991411209106e-02
-1.976877450942993164e-02
-1.976779103279113770e-02
-1.976860500872135162e-02
-1.976781710982322693e-02
-1.976692304015159607e-02
-1.976375095546245575e-02
-1.976876892149448395e-02
-1.976582407951354980e-02
-1.976543664932250977e-02
-1.976992003619670868e-02
-1.976955495774745941e-02
-1.976623758673667908e-02
-1.976908370852470398e-02
-1.977100223302841187e-02
-1.976672746241092682e-02
-1.976658031344413757e-02
-1.976785995066165924e-02
-1.976765505969524384e-02
-1.976461336016654968e-02
-1.976747065782546997e-02
-1.976835541427135468e-02
-1.976472139358520508e-02
-1.976878382265567780e-02
-1.977032981812953949e-02
-1.977142691612243652e-02
-1.976753212511539459e-02
-1.976570859551429749e-02
-1.976780407130718231e-02
-1.976220123469829559e-02
-1.976337656378746033e-02
-1.976685225963592529e-02
-1.976462826132774353e-02
-1.976712793111801147e-02
-1.976887322962284088e-02
-1.976380683481693268e-02
-1.976443640887737274e-02
-1.976688764989376068e-02
-1.976474560797214508e-02
-1.976273022592067719e-02
-1.976572349667549133e-02
-1.976406946778297424e-02
-1.976882480084896088e-02
-1.976860873401165009e-02
-1.976803876459598541e-02
-1.976566016674041748e-02
-1.976998522877693176e-02
-1.976888254284858704e-02
-1.976602897047996521e-02
-1.976548507809638977e-02
-1.976516842842102051e-02
-1.976907625794410706e-02
-1.976708322763442993e-02
-1.976415514945983887e-02
-1.976589672267436981e-02
-1.976489648222923279e-02
-1.976804062724113464e-02
-1.977125555276870728e-02
-1.976576447486877441e-02
-1.976869069039821625e-02
-1.976621709764003754e-02
-1.976793631911277771e-02
-1.976537518203258514e-02
-1.976988650858402252e-02
-1.976653933525085449e-02
-1.976314187049865723e-02
-1.976923644542694092e-02
-1.976849883794784546e-02
-1.977416872978210449e-02
-1.977139711380004883e-02
-1.977017521858215332e-02
-1.976620405912399292e-02
-1.976747065782546997e-02
-1.977226696908473969e-02
-1.976798474788665771e-02
-1.977120339870452881e-02
-1.977018080651760101e-02
-1.977257244288921356e-02
-1.976538263261318207e-02
-1.976766809821128845e-02
-1.976733654737472534e-02
-1.976577006280422211e-02
-1.976394467055797577e-02
-1.976936124265193939e-02
-1.976449042558670044e-02
-1.976690441370010376e-02
-1.976783014833927155e-02
-1.976414583623409271e-02
-1.976479403674602509e-02
-1.976785063743591309e-02
-1.976826414465904236e-02
-1.976848952472209930e-02
-1.976593397557735443e-02
-1.976572722196578979e-02
-1.976717449724674225e-02
-1.976823620498180389e-02
-1.977008581161499023e-02
-1.976869069039821625e-02
-1.976784504950046539e-02
-1.977160386741161346e-02
-1.976540125906467438e-02
-1.976736262440681458e-02
-1.977465301752090454e-02
-1.976674795150756836e-02
-1.976352743804454803e-02
-1.976539939641952515e-02
-1.976497098803520203e-02
-1.976537331938743591e-02
-1.977070420980453491e-02
-1.977147720754146576e-02
-1.976919174194335938e-02
-1.976696215569972992e-02
-1.976835541427135468e-02
-1.976537704467773438e-02
-1.976562105119228363e-02
-1.976839080452919006e-02
-1.976740919053554535e-02
-1.976783573627471924e-02
-1.976682618260383606e-02
-1.976678706705570221e-02
-1.976909860968589783e-02
-1.976798847317695618e-02
-1.976618543267250061e-02
-1.977014169096946716e-02
-1.977303624153137207e-02
-1.976644992828369141e-02
-1.976643502712249756e-02
-1.977040246129035950e-02
-1.977020129561424255e-02
-1.977075263857841492e-02
-1.976587995886802673e-02
-1.976706832647323608e-02
-1.976561173796653748e-02
-1.976689137518405914e-02
-1.976646855473518372e-02
-1.976903900504112244e-02
-1.976875029504299164e-02
-1.977363973855972290e-02
-1.977201178669929504e-02
-1.977023109793663025e-02
-1.976715400815010071e-02
-1.976780034601688385e-02
-1.976468041539192200e-02
-1.976569555699825287e-02
-1.977341994643211365e-02
-1.976422406733036041e-02
-1.976701430976390839e-02
-1.976900361478328705e-02
-1.977035962045192719e-02
-1.977126672863960266e-02
-1.976955868303775787e-02
-1.977228373289108276e-02
-1.976859010756015778e-02
-1.976869441568851471e-02
-1.976774074137210846e-02
-1.976886205375194550e-02
-1.976807229220867157e-02
-1.977106742560863495e-02
-1.977111771702766418e-02
-1.976507157087326050e-02
-1.976527273654937744e-02
-1.976818405091762543e-02
-1.976541802287101746e-02
-1.976763084530830383e-02
-1.977352797985076904e-02
-1.977014914155006409e-02
-1.976642571389675140e-02
-1.976864784955978394e-02
-1.976723782718181610e-02
-1.976857893168926239e-02
-1.976954564452171326e-02
-1.976516842842102051e-02
-1.977025717496871948e-02
-1.976766437292098999e-02
-1.977003924548625946e-02
-1.976739801466464996e-02
-1.976896077394485474e-02
-1.977093890309333801e-02
-1.976601593196392059e-02
-1.977076381444931030e-02
-1.976863853633403778e-02
-1.976737938821315765e-02
-1.976665668189525604e-02
-1.976784691214561462e-02
-1.976758986711502075e-02
-1.976912841200828552e-02
-1.976656913757324219e-02
-1.976825669407844543e-02
-1.976909115910530090e-02
-1.976984366774559021e-02
-1.976369693875312805e-02
-1.976916752755641937e-02
-1.976685598492622375e-02
-1.976544596254825592e-02
-1.976913213729858398e-02
-1.976611465215682983e-02
-1.976518332958221436e-02
-1.977018453180789948e-02
-1.977169886231422424e-02
-1.976815797388553619e-02
-1.976712048053741455e-02
-1.977271400392055511e-02
-1.977234333753585815e-02
-1.977082341909408569e-02
-1.976975426077842712e-02
-1.976732723414897919e-02
-1.977317780256271362e-02
-1.977466791868209839e-02
-1.976898871362209320e-02
-1.976692676544189453e-02
-1.977087929844856262e-02
-1.977020315825939178e-02
-1.976521685719490051e-02
-1.976954191923141479e-02
-1.976614445447921753e-02
-1.977055706083774567e-02
-1.977059245109558105e-02
-1.977099105715751648e-02
-1.976823061704635620e-02
-1.976937614381313324e-02
-1.977081410586833954e-02
-1.977405883371829987e-02
-1.977196335792541504e-02
-1.977291330695152283e-02
-1.977338641881942749e-02
-1.977005600929260254e-02
-1.976935938000679016e-02
-1.976825296878814697e-02
-1.976864598691463470e-02
-1.976911164820194244e-02
-1.976637914776802063e-02
-1.977463811635971069e-02
-1.977304928004741669e-02
-1.977079361677169800e-02
-1.976772584021091461e-02
-1.976781710982322693e-02
-1.977258175611495972e-02
-1.977121829986572266e-02
-1.977202668786048889e-02
-1.977123133838176727e-02
-1.977352239191532135e-02
-1.976963505148887634e-02
-1.977335289120674133e-02
-1.976831629872322083e-02
-1.976886391639709473e-02
-1.977228745818138123e-02
-1.977335475385189056e-02
-1.976927183568477631e-02
-1.976682059466838837e-02
-1.976709812879562378e-02
-1.976764947175979614e-02
-1.976876705884933472e-02
-1.976952329277992249e-02
-1.977229677140712738e-02
-1.976928114891052246e-02
-1.977110467851161957e-02
-1.977078057825565338e-02
-1.976855844259262085e-02
-1.976430229842662811e-02
-1.976523734629154205e-02
-1.976897381246089935e-02
-1.977325789630413055e-02
-1.976905763149261475e-02
-1.976874470710754395e-02
-1.976852864027023315e-02
-1.977052912116050720e-02
-1.976764760911464691e-02
-1.976920105516910553e-02
-1.976693980395793915e-02
-1.977177895605564117e-02
-1.977105438709259033e-02
-1.976882480084896088e-02
-1.977222785353660583e-02
-1.977115869522094727e-02
-1.977202296257019043e-02
-1.976784318685531616e-02
-1.977042295038700104e-02
-1.977003179490566254e-02
-1.977083645761013031e-02
-1.977008581161499023e-02
-1.976872794330120087e-02
-1.976889371871948242e-02
-1.977044343948364258e-02
-1.976771093904972076e-02
-1.976940408349037170e-02
-1.977213844656944275e-02
-1.977117173373699188e-02
-1.977412216365337372e-02
-1.976629719138145447e-02
-1.976900361478328705e-02
-1.976979151368141174e-02
-1.976903527975082397e-02
-1.976941525936126709e-02
-1.976682990789413452e-02
-1.976768672466278076e-02
-1.976996101438999176e-02
-1.976736262440681458e-02
-1.976572722196578979e-02
-1.977167092263698578e-02
-1.976593583822250366e-02
-1.977202109992504120e-02
-1.976696029305458069e-02
-1.976915262639522552e-02
-1.976743154227733612e-02
-1.977253705263137817e-02
-1.977053284645080566e-02
-1.976863481104373932e-02
-1.976832561194896698e-02
-1.976598799228668213e-02
-1.977400109171867371e-02
-1.976866088807582855e-02
-1.976961828768253326e-02
-1.976741664111614227e-02
-1.977034285664558411e-02
-1.976578496396541595e-02
-1.976887322962284088e-02
-1.976992934942245483e-02
-1.977179013192653656e-02
-1.976602338254451752e-02
-1.976944133639335632e-02
-1.976891979575157166e-02
-1.977374032139778137e-02
-1.977087184786796570e-02
-1.977033913135528564e-02
-1.976963877677917480e-02
-1.976868510246276855e-02
-1.976823434233665466e-02
-1.976939849555492401e-02
-1.977158524096012115e-02
-1.976986043155193329e-02
-1.977252215147018433e-02
-1.976976916193962097e-02
-1.977205090224742889e-02
-1.976639591157436371e-02
-1.977048255503177643e-02
-1.977295987308025360e-02
-1.976731419563293457e-02
-1.976986788213253021e-02
-1.976801268756389618e-02
-1.977299526333808899e-02
-1.976780407130718231e-02
-1.977001689374446869e-02
-1.976996101438999176e-02
-1.977000571787357330e-02
-1.976765505969524384e-02
-1.977300271391868591e-02
-1.977225206792354584e-02
-1.977356709539890289e-02
-1.977291703224182129e-02
-1.976935565471649170e-02
-1.977305486798286438e-02
-1.977347210049629211e-02
-1.977355033159255981e-02
-1.977185346186161041e-02
-1.976826228201389313e-02
-1.977393589913845062e-02
-1.977264508605003357e-02
-1.977115869522094727e-02
-1.977095380425453186e-02
-1.977469399571418762e-02
-1.977004110813140869e-02
-1.977241039276123047e-02
-1.977120712399482727e-02
-1.977388001978397369e-02
-1.976747624576091766e-02
-1.976777054369449615e-02
-1.977094635367393494e-02
-1.977244019508361816e-02
-1.977112889289855957e-02
-1.976954191923141479e-02
-1.977241970598697662e-02
-1.977184042334556580e-02
-1.977097988128662109e-02
-1.976394653320312500e-02
-1.977093890309333801e-02
-1.976987347006797791e-02
-1.977082155644893646e-02
-1.976964622735977173e-02
-1.977056823670864105e-02
-1.976939663290977478e-02
-1.976660266518592834e-02
-1.976903155446052551e-02
-1.976872421801090240e-02
-1.976926438510417938e-02
-1.976545527577400208e-02
-1.976964436471462250e-02
-1.976742222905158997e-02
-1.976680196821689606e-02
-1.977123692631721497e-02
-1.976907998323440552e-02
-1.976877078413963318e-02
-1.977024413645267487e-02
-1.976558566093444824e-02
-1.977003179490566254e-02
-1.977182365953922272e-02
-1.977065764367580414e-02
-1.977286301553249359e-02
-1.976954936981201172e-02
-1.976572349667549133e-02
-1.976914145052433014e-02
-1.976925693452358246e-02
-1.977416686713695526e-02
-1.977332495152950287e-02
-1.977349445223808289e-02
-1.977156661450862885e-02
-1.977098919451236725e-02
-1.977170817553997040e-02
-1.977064274251461029e-02
-1.977157592773437500e-02
-1.976662315428256989e-02
-1.977273263037204742e-02
-1.977032423019409180e-02
-1.976968720555305481e-02
-1.976674795150756836e-02
-1.976816728711128235e-02
-1.977226138114929199e-02
-1.977124810218811035e-02
-1.977330073714256287e-02
-1.977184973657131195e-02
-1.976859942078590393e-02
-1.977197825908660889e-02
-1.977394893765449524e-02
-1.976843737065792084e-02
-1.976798847317695618e-02
-1.976586878299713135e-02
-1.976514421403408051e-02
-1.976981386542320251e-02
-1.977046951651573181e-02
-1.976863667368888855e-02
-1.976986043155193329e-02
-1.976985670626163483e-02
-1.976836286485195160e-02
-1.977092586457729340e-02
-1.977250911295413971e-02
-1.976898312568664551e-02
-1.976720429956912994e-02
-1.976914331316947937e-02
-1.977117173373699188e-02
-1.977064460515975952e-02
-1.976959407329559326e-02
-1.976940035820007324e-02
-1.976773142814636230e-02
-1.977442018687725067e-02
-1.976869069039821625e-02
-1.977029442787170410e-02
-1.977201178669929504e-02
-1.976867392659187317e-02
-1.976728439331054688e-02
-1.977074705064296722e-02
-1.976773887872695923e-02
-1.977020129561424255e-02
-1.977028697729110718e-02
-1.976809464395046234e-02
-1.977018080651760101e-02
-1.977163925766944885e-02
-1.976989023387432098e-02
-1.976626366376876831e-02
-1.976978778839111328e-02
-1.976957544684410095e-02
-1.976911537349224091e-02
-1.977253332734107971e-02
-1.977130770683288574e-02
-1.976996287703514099e-02
-1.976738311350345612e-02
-1.976905390620231628e-02
-1.976913772523403168e-02
-1.976846531033515930e-02
-1.977130770683288574e-02
-1.976536773145198822e-02
-1.977413706481456757e-02
-1.976781152188777924e-02
-1.977114938199520111e-02
-1.976867392659187317e-02
-1.976850256323814392e-02
-1.977338269352912903e-02
-1.976262405514717102e-02
-1.976977847516536713e-02
-1.977069675922393799e-02
-1.977147907018661499e-02
-1.977131143212318420e-02
-1.976773887872695923e-02
-1.977194286882877350e-02
-1.977164857089519501e-02
-1.977119408547878265e-02
-1.977114938199520111e-02
-1.976687461137771606e-02
-1.976755075156688690e-02
-1.977105811238288879e-02
-1.977385021746158600e-02
-1.977138593792915344e-02
-1.977085694670677185e-02
-1.977159827947616577e-02
-1.976962760090827942e-02
-1.976778171956539154e-02
-1.977071166038513184e-02
-1.977178454399108887e-02
-1.976898685097694397e-02
-1.977178454399108887e-02
-1.976669952273368835e-02
-1.977240294218063354e-02
-1.976964436471462250e-02
-1.976871490478515625e-02
-1.977203413844108582e-02
-1.976886950433254242e-02
-1.977036707103252411e-02
-1.977126114070415497e-02
-1.976828090846538544e-02
-1.976888999342918396e-02
-1.977048628032207489e-02
-1.977335289120674133e-02
-1.976944319903850555e-02
-1.976843550801277161e-02
-1.976889744400978088e-02
-1.977059617638587952e-02
-1.977477036416530609e-02
-1.977021805942058563e-02
-1.977163180708885193e-02
-1.977290585637092590e-02
-1.977268792688846588e-02
-1.977277360856533051e-02
-1.976847462356090546e-02
-1.976939663290977478e-02
-1.977146975696086884e-02
-1.977143622934818268e-02
-1.977006532251834869e-02
-1.977228559553623199e-02
-1.976745948195457458e-02
-1.976885460317134857e-02
-1.976842060685157776e-02
-1.977223716676235199e-02
-1.976677402853965759e-02
-1.976877823472023010e-02
-1.977035403251647949e-02
-1.977112330496311188e-02
-1.977280713617801666e-02
-1.976959779858589172e-02
-1.976889930665493011e-02
-1.977086439728736877e-02
-1.977200619876384735e-02
-1.977191306650638580e-02
-1.977100223302841187e-02
-1.976922154426574707e-02
-1.977080665528774261e-02
-1.977306418120861053e-02
-1.976893655955791473e-02
-1.977364346385002136e-02
-1.977328211069107056e-02
-1.977252401411533356e-02
-1.976851560175418854e-02
-1.976943574845790863e-02
-1.977271772921085358e-02
-1.977614685893058777e-02
-1.977372728288173676e-02
-1.977140083909034729e-02
-1.977567188441753387e-02
-1.977186463773250580e-02
-1.977037265896797180e-02
-1.977138966321945190e-02
-1.977000944316387177e-02
-1.977233029901981354e-02
-1.976807788014411926e-02
-1.976803503930568695e-02
-1.977232657372951508e-02
-1.977268233895301819e-02
-1.976823806762695312e-02
-1.977175846695899963e-02
-1.977295801043510437e-02
-1.977197267115116119e-02
-1.977582089602947235e-02
-1.977204531431198120e-02
-1.977036334574222565e-02
-1.977077685296535492e-02
-1.976871117949485779e-02
-1.977202296257019043e-02
-1.976996287703514099e-02
-1.976944878697395325e-02
-1.976989209651947021e-02
-1.976552419364452362e-02
-1.977105066180229187e-02
-1.977175474166870117e-02
-1.976916193962097168e-02
-1.977222971618175507e-02
-1.977062225341796875e-02
-1.977325789630413055e-02
-1.977131515741348267e-02
-1.977145299315452576e-02
-1.976759545505046844e-02
-1.977124437689781189e-02
-1.976935379207134247e-02
-1.977011933922767639e-02
-1.976735331118106842e-02
-1.976761221885681152e-02
-1.977101527154445648e-02
-1.976912096142768860e-02
-1.977265439927577972e-02
-1.976833678781986237e-02
-1.976895146071910858e-02
-1.977099850773811340e-02
-1.977162435650825500e-02
-1.977233029901981354e-02
-1.977127045392990112e-02
-1.977279782295227051e-02
-1.977356895804405212e-02
-1.976994238793849945e-02
-1.976874470710754395e-02
-1.977333985269069672e-02
-1.977184042334556580e-02
-1.976981200277805328e-02
-1.977089792490005493e-02
-1.977311819791793823e-02
