-2.177129552436125794e-03
-2.023576688715733769e-03
-1.892665108354865417e-03
-2.511808053758570001e-03
-1.084510267365293434e-03
-1.484164423737794909e-03
-1.059078309153104564e-03
-3.192886151863674228e-03
-4.678095250625632180e-04
-2.117925724143760683e-03
-5.304836171221092266e-03
-4.286747499680489300e-03
-3.210585225086431006e-03
-3.299609420714770102e-03
-4.152558658987055666e-03
-5.030497450788065823e-03
-6.433848760125788525e-03
-5.002820851889094693e-03
-6.320345116154029753e-03
-5.991278895556298445e-03
-6.274161851703759056e-03
-4.996750277976649834e-03
-6.548053660777827280e-03
-6.042259184176250117e-03
-6.253764754413233470e-03
-6.756421282329555002e-03
-7.054125250352384288e-03
-7.918568151932063245e-03
-7.224569763226751894e-03
-6.440217523187135792e-03
-6.891222899170311791e-03
-7.877267786537949651e-03
-7.574297706189213678e-03
-7.815066146825460497e-03
-7.842747397240206614e-03
-6.550578316921960506e-03
-6.987590896782228458e-03
-7.929889928426428480e-03
-8.015905659820979356e-03
-7.499888867642053383e-03
-6.980264636323026302e-03
-7.986769322421706854e-03
-8.528019499526213326e-03
-7.208458352213216111e-03
-7.269861401838779123e-03
-7.197768162598204220e-03
-7.497923128239653359e-03
-7.456147874059093975e-03
-7.831016557334778694e-03
-6.935697385232948188e-03
-8.090816526236860318e-03
-7.954364875717250677e-03
-6.992613573438860586e-03
-8.225524753925203200e-03
-7.517722892719729856e-03
-7.662642305752567252e-03
-7.358112023963317427e-03
-8.360688733172685558e-03
-8.082493246713524232e-03
-7.626789470572215880e-03
-7.084332935905322468e-03
-8.095159962739420512e-03
-7.845167815705222231e-03
-7.579531062813642771e-03
-8.095025791812149318e-03
-8.148341964707784060e-03
-7.719422009392075748e-03
-8.351790349791814866e-03
-6.903163409976974599e-03
-7.921088258241714211e-03
-7.674941619413836423e-03
-7.213189369572520215e-03
-7.388780674088375570e-03
-8.108052784019520454e-03
-7.742398463641765767e-03
-7.870856929641806971e-03
-8.151438418051312751e-03
-8.368686497890997708e-03
-8.424639900321408831e-03
-7.876058098832128263e-03
-7.978102449642527141e-03
-7.807735118950179243e-03
-8.359649076250324010e-03
-7.606099393350571579e-03
-7.657018668110929238e-03
-8.028139508309236824e-03
-8.236114842558924648e-03
-8.260131691842882012e-03
-7.965201640239253852e-03
-8.043535983392361560e-03
-8.242004518274536826e-03
-7.926741725586272658e-03
-8.550245367404550947e-03
-8.274315795405023932e-03
-7.744876667296769421e-03
-7.732663305364051616e-03
-7.313203730976365266e-03
-8.121506432663521888e-03
-7.737721491142568811e-03
-8.043486128452657230e-03
-7.865779599185123219e-03
-8.180579989913849132e-03
-8.122636594265561158e-03
-7.957333936046908848e-03
-7.125524695715304210e-03
-7.634552066256328727e-03
-7.761343819065662057e-03
-7.393081331141256041e-03
-8.422124606840610331e-03
-7.990767741343083458e-03
-7.516277564429243822e-03
-8.226361293824814916e-03
-8.069083128257508244e-03
-7.958584845866350371e-03
-7.435221838023814943e-03
-8.458930322096578497e-03
-8.332667929442578655e-03
-7.724961740512405542e-03
-7.643188231002330524e-03
-8.244009194074643568e-03
-8.081452612798899551e-03
-7.389626194826795155e-03
-7.683907686893480700e-03
-8.153297039435335528e-03
-7.746804130150762926e-03
-8.351007040766711756e-03
-7.890024818957385236e-03
-7.787411518950315172e-03
-7.782798562538458149e-03
-8.004781833789794895e-03
-7.899516709379446333e-03
-7.477847896612149249e-03
-7.666111534916074735e-03
-8.577647246711520013e-03
-8.098920146226056341e-03
-8.088624957426014325e-03
-8.332721151933704731e-03
-8.060082050419898822e-03
-7.528550409708896322e-03
-7.809711012144915712e-03
-7.990442939550510687e-03
-7.891248431364914287e-03
-7.751082643313257983e-03
-7.608895692948777420e-03
-7.306240262798367573e-03
-8.067910675211906538e-03
-7.582120655139141206e-03
-7.511157674194827646e-03
-8.157667261783465087e-03
-8.049873614493423951e-03
-7.832693681259947707e-03
-8.186022608706851680e-03
-8.304283780556328751e-03
-8.202863161765669778e-03
-7.834358033941141164e-03
-8.187706591433576916e-03
-8.640603592473232106e-03
-8.237196831074907258e-03
-7.962782164975005725e-03
-8.380979366078306764e-03
-7.345804209978268329e-03
-8.015549839683276320e-03
-8.143557206029650858e-03
-8.261551979593809505e-03
-7.773311414368754349e-03
-7.048254514679106950e-03
-8.077510214614098613e-03
-8.422443252029478827e-03
-7.749439729719117056e-03
-7.985659860530713514e-03
-8.371495555198015664e-03
-7.911918996792896910e-03
-7.725818531484825516e-03
-7.716515044768658578e-03
-7.713557221141796073e-03
-7.388011670004981934e-03
-7.344215796365377580e-03
-7.707616801882881744e-03
-8.104986165249931582e-03
-8.581455343077590628e-03
-8.185085922096071304e-03
-7.923567634411413443e-03
-8.018184605762862863e-03
-7.929277278391965930e-03
-7.115915554996485835e-03
-8.554584030313033827e-03
-7.534864652709742650e-03
-7.718238553250347973e-03
-8.236480814032299050e-03
-7.863403652216211306e-03
-8.738052893679303795e-03
-7.391606390593113626e-03
-8.189857176335314445e-03
-7.398759084493868043e-03
-7.449175405762008782e-03
-8.426937993288786954e-03
-8.523294373953924086e-03
-7.917396100233254144e-03
-7.986445535542632812e-03
-7.893912009626502177e-03
-7.757617606375055708e-03
-8.165512922148291525e-03
-7.552889873556058349e-03
-7.881384724747701048e-03
-8.114938753175414757e-03
-7.843598279707986176e-03
-8.019691666577054637e-03
-7.937941256607048551e-03
-8.010333335016753611e-03
-6.994626308363736771e-03
-7.769735752352159575e-03
-8.615915502544197260e-03
-8.422933223595592198e-03
-8.298033416752061478e-03
-8.837959537984326625e-03
-7.526063214299141303e-03
-6.921343092352366146e-03
-8.683925445899997805e-03
-7.630335141873340575e-03
-7.702251073330153817e-03
-7.847092476515356643e-03
-8.319959513259599787e-03
-7.910908129023761642e-03
-8.146817745909591679e-03
-8.122037456770760458e-03
-7.866882106189953053e-03
-8.265208377773650486e-03
-8.029158242530330669e-03
-7.898791862086406226e-03
-8.089206028682268193e-03
-8.407989111742907723e-03
-8.445293869312392454e-03
-8.072276251529399496e-03
-9.279461233524291183e-03
-8.068611226429652644e-03
-7.988815478817525365e-03
-8.317049927408630763e-03
-7.487425160200229628e-03
-7.440724387474085925e-03
-8.139713672063234734e-03
-7.821512310416531971e-03
-7.792634599106867087e-03
-7.934950731343070815e-03
-8.045710266890495135e-03
-8.256505999381484606e-03
-8.257055372521306461e-03
-7.842321812290938693e-03
-7.481027996096541524e-03
-8.137955911620333577e-03
-7.483200034047280368e-03
-8.339996070584986335e-03
-8.112470512972581177e-03
-7.931419223251887779e-03
-7.620284738622125006e-03
-8.378847822541671958e-03
-7.343303285926412564e-03
-7.938829750595486484e-03
-8.236219039315687343e-03
-8.313868431989553803e-03
-8.186525641775656975e-03
-7.924301255061114505e-03
-7.900247066774139168e-03
-7.638781167630872594e-03
-8.527029130948337449e-03
-7.669287239289358619e-03
-7.404277287889225387e-03
-8.669453107016666937e-03
-7.691838654436906030e-03
-7.575940802986355117e-03
-8.114904174913523810e-03
-7.583358417670481647e-03
-8.431250654053002239e-03
-8.021732164221119510e-03
-7.908516768184726750e-03
-8.822445466883542184e-03
-7.913791014542920568e-03
-7.774319944516881395e-03
-8.130224787600403430e-03
-8.347849497245696943e-03
-6.920365818860152798e-03
-8.523275472855638621e-03
-8.157739720219854898e-03
-8.222044120955273108e-03
-7.649221007732069644e-03
-7.491473048115850075e-03
-7.751038708899492084e-03
-7.443249216235399250e-03
-8.356415965599953144e-03
-7.364674265039081701e-03
-8.517074012461609347e-03
-7.859972698217266782e-03
-7.258666538634295576e-03
-8.176710081392675813e-03
-8.090801942779087333e-03
-8.113601299245610729e-03
-7.827781101545767256e-03
-8.020592497499966569e-03
-7.948672995652304035e-03
-7.833152946107460948e-03
-8.012915534131073367e-03
-8.554370497093084086e-03
-8.046898340118060697e-03
-8.370167834684751410e-03
-7.894708622760152755e-03
-7.920527583203145622e-03
-8.181863665099238861e-03
-8.415264771938237714e-03
-8.034281531758493897e-03
-8.498611905747186987e-03
-7.063981928749699102e-03
-8.052471407552039273e-03
-8.125245010112575397e-03
-8.282439034535125574e-03
-8.125491208565050957e-03
-8.116069019739973606e-03
-7.838556259175023452e-03
-8.070129655366175062e-03
-7.807981316091766773e-03
-8.331402858725956567e-03
-8.085395111624728987e-03
-7.952366040532583141e-03
-8.161294468980550068e-03
-8.073573328538611801e-03
-8.174354224761785567e-03
-7.771547396255067131e-03
-7.728010009409784151e-03
-7.221479018270693384e-03
-7.831455342605835382e-03
-7.805204905945725170e-03
-8.166863430283518785e-03
-8.276841677150616888e-03
-8.209892620751696457e-03
-8.229394745740305564e-03
-8.385491503189901330e-03
-7.913887183799551625e-03
-8.295595545914134436e-03
-7.918700267452782882e-03
-7.828960752434690334e-03
-8.303655582850590772e-03
-8.311563090993160166e-03
-8.099602932658586663e-03
-8.038070039474180459e-03
-8.144285971579987710e-03
-1.033038249495867381e-02
-7.436744040956532777e-03
-8.993265653998775561e-03
-7.334288177097478614e-03
-8.120695335987112087e-03
-7.967339654728788911e-03
-7.742065853115918418e-03
-7.821000471442265262e-03
-8.123727203137287231e-03
-7.777646732863094901e-03
-8.050983445551371243e-03
-8.139441048265031592e-03
-7.865519007885171318e-03
-8.188342215190764009e-03
-7.809767744403166290e-03
-7.164402825758485298e-03
-8.570741818465269293e-03
-8.343259434544484168e-03
-8.249319933060319729e-03
-7.566526372409311356e-03
-7.944128456959456339e-03
-8.630023806435248995e-03
-7.644585778235978880e-03
-7.311064676110338653e-03
-7.614708469425005358e-03
-8.394996905209390139e-03
-8.243537019724999845e-03
-7.359438703752753386e-03
-7.316781177171839332e-03
-8.193836977098844024e-03
-7.977941538140754726e-03
-8.392962175734545310e-03
-9.034017214634950527e-03
-8.389376292672995686e-03
-7.793930603168737307e-03
-7.952654435767285077e-03
-7.923491045658202434e-03
-7.985344653348344299e-03
-7.900960432580454371e-03
-8.675299802709424135e-03
-7.860811910070765809e-03
-8.207749904368785016e-03
-8.306396287517168672e-03
-8.313627557375264515e-03
-7.604751196173966700e-03
-8.131603051744359933e-03
-8.117585119440759445e-03
-8.364281594419594595e-03
-8.537497074507051364e-03
-7.545922315106075827e-03
-7.921853671429323132e-03
-7.693131034597170369e-03
-7.668588882427143996e-03
-8.597062820762982685e-03
-7.944493326159379407e-03
-8.646108770767799850e-03
-8.240533088258483393e-03
-8.075233194172404955e-03
-7.744334756311421764e-03
-8.739364974874526057e-03
-7.997880841767595478e-03
-7.953169593340657373e-03
-7.757826040753901774e-03
-7.308389943258658018e-03
-7.921784248419109359e-03
-8.198572949120351214e-03
-7.946722989157457145e-03
-7.708628177085179341e-03
-7.297470710136789995e-03
-8.413982596641786729e-03
-8.526947536127026453e-03
-7.926125334190669072e-03
-7.905824013664432964e-03
-8.011407833914071380e-03
-8.281047246947436172e-03
-8.133460017099128012e-03
-7.629215630892380827e-03
-7.611128285932278713e-03
-8.015207389600768201e-03
-8.108149460640744557e-03
-7.739508358121772666e-03
-8.376252640014047665e-03
-8.384548584358204534e-03
-7.999916374767409091e-03
-7.870875773973580805e-03
-7.468060169335753208e-03
-8.035121779660975641e-03
-7.506416076043924759e-03
-8.579948904665731652e-03
-7.379061757505900147e-03
-7.720938297845641486e-03
-7.885082094287416271e-03
-7.722417645113584597e-03
-8.358218629237598382e-03
-7.727805305198560785e-03
-8.324947968165567758e-03
-7.497206834786581189e-03
-7.875011772169138863e-03
-7.929648646751007862e-03
-8.298890865681685797e-03
-7.840117073921822402e-03
-8.084795723202550452e-03
-8.088604178376557555e-03
-8.192332116641134337e-03
-8.114509415087066066e-03
-8.121037345723771880e-03
-7.988724705393355704e-03
-7.992002433687578691e-03
-8.172495481246294657e-03
-7.231861075868160731e-03
-7.979423780294888843e-03
-7.809954093503610265e-03
-7.985798086959027334e-03
-7.364497935792552186e-03
-7.850866214623268557e-03
-8.064425888859350772e-03
-7.761002723335653879e-03
-8.081124615898006500e-03
-8.219584720103955897e-03
-8.244168083331743918e-03
-8.008791963912952408e-03
-7.762419373803676817e-03
-8.326267524281562651e-03
-7.680020580821016359e-03
-8.156664013411722355e-03
-7.080248588522662818e-03
-8.392415601829291555e-03
-8.077486818527126328e-03
-8.145735680927974898e-03
-8.392154720062532797e-03
-8.000007888286737520e-03
-7.701465948778381601e-03
-7.083563806276233464e-03
-7.871052811752094272e-03
-7.508764601575112878e-03
-7.448884154959009400e-03
-8.259742285967765565e-03
-8.071397060358573294e-03
-8.210418230781738047e-03
-8.062969729280505468e-03
-7.881906409409378950e-03
-8.006005919849203817e-03
-7.700412877945188132e-03
-7.742663262488799249e-03
-7.974845777955623036e-03
-7.891314044571611994e-03
-7.973001064965035481e-03
-7.703734554338176332e-03
-8.428309149176414425e-03
-8.010063601566320621e-03
-9.139230208582630258e-03
-7.855585122499590331e-03
-7.641908618110538655e-03
-7.772182214785824418e-03
-8.341853843191053205e-03
-8.034417348183891736e-03
-7.671382262890354478e-03
-7.106059897907294164e-03
-7.826581414538515483e-03
-7.171975492841189438e-03
-8.148448221628112539e-03
-7.921521020109543315e-03
-7.921268611807573759e-03
-7.645991906539142784e-03
-7.963677848858057365e-03
-8.437362035828408283e-03
-7.903856076412014639e-03
-7.582756827300626834e-03
-8.440561915873492568e-03
-6.977955906050679023e-03
-7.948258716826899634e-03
-7.888465850109343050e-03
-8.302098369753107415e-03
-8.471962366758100868e-03
-7.607282172672711999e-03
-8.102716341596502211e-03
-7.682137611790611567e-03
-8.446572628110580322e-03
-7.707812008572728114e-03
-8.014068471601137542e-03
-7.931447461817767511e-03
-7.864848670538597541e-03
-7.348931170160365352e-03
-7.813695167453926435e-03
-7.938291346844289498e-03
-8.065837189121523310e-03
-7.894492911845549937e-03
-7.308471266939139607e-03
-8.204692356334215148e-03
-7.813245418700275752e-03
-8.363687777502593415e-03
-8.538477447561445416e-03
-8.420446871637092198e-03
-8.021928472080937927e-03
-8.190778892238341491e-03
-9.078744785596004618e-03
-7.358356124200307082e-03
-7.706560143333389748e-03
-8.197037461981564882e-03
-7.960729902527852522e-03
-8.017614817722321444e-03
-7.751558792067868298e-03
-7.613538454948692857e-03
-8.271516801042154074e-03
-7.347444733872948372e-03
-7.725386378668148805e-03
-8.195189101527002376e-03
-8.258227443318239686e-03
-8.075375412041551140e-03
-7.881104191891599720e-03
-7.521356209175262923e-03
-7.748570562930517068e-03
-7.945315030804206077e-03
-8.034810890992840141e-03
-7.778960491259840661e-03
-8.073559690593670041e-03
-8.060902468371902024e-03
-8.197970667537824233e-03
-9.178565607087062553e-03
-7.885386121906300463e-03
-7.862820806413484132e-03
-8.268247612653881889e-03
-8.200551829035644322e-03
-8.272305405920877402e-03
-8.156876146597723948e-03
-8.678300609825434844e-03
-7.734671731639840113e-03
-8.100063087354166663e-03
-8.100069990514897206e-03
-7.875932843691171165e-03
-8.345289064964738976e-03
-8.139822585340896963e-03
-8.346894430526465708e-03
-7.767683650233566696e-03
-8.439844404757848931e-03
-7.936054969711028168e-03
-9.092267263495082755e-03
-7.905838570257129813e-03
-7.653943120142192059e-03
-7.841298065181925847e-03
-7.598111219461293163e-03
-7.953614382237754812e-03
-8.012658334041859037e-03
-8.745014034715949472e-03
-8.230861126380712225e-03
-7.678708826495613503e-03
-8.179713508666364152e-03
-8.617644169323417092e-03
-8.067016948510707247e-03
-7.523987695013304930e-03
-7.677967783492086265e-03
-7.766276302315159794e-03
-8.001657407072444023e-03
-7.540439115436016124e-03
-7.985551371969660389e-03
-7.983172644891385270e-03
-8.084551327584016053e-03
-8.468803092469466554e-03
-8.826185460696835128e-03
-7.552301213150198859e-03
-7.812218074473908924e-03
-7.756404877679013397e-03
-7.714964935538974784e-03
-8.488597648758620245e-03
-8.211068825838137644e-03
-7.915257678957048765e-03
-8.245563952867174945e-03
-8.186242280279931033e-03
-7.941040581745608187e-03
-7.315933116120933340e-03
-8.567807575502140935e-03
-7.963255071252280798e-03
-7.629950783709776689e-03
-8.314869153313499822e-03
-7.921815957612520984e-03
-7.761428879759653052e-03
-7.832283265969658403e-03
-7.883819962605143408e-03
-7.952554426811760113e-03
-7.480405458696674260e-03
-9.741462840286971292e-03
-8.099383715682995435e-03
-8.246623249739475428e-03
-7.098252892794444484e-03
-7.662212113641718274e-03
-7.902805164458678172e-03
-7.656790651938181515e-03
-7.990612491777234622e-03
-7.761252238053329387e-03
-7.575385603041441887e-03
-8.462180379849465819e-03
-8.228290550974298387e-03
-7.920637548986612583e-03
-7.990576355288494040e-03
-7.521594364952402870e-03
-8.166071892561603193e-03
-7.582138189676964658e-03
-8.496663932809735489e-03
-7.897350287546392109e-03
-7.766269469096395532e-03
-7.727569008666222358e-03
-8.198152818928884991e-03
-7.938129920759238317e-03
-7.862195937071580695e-03
-7.803991056496433973e-03
-7.697213318906377492e-03
-7.866011908751125575e-03
-8.094056940397094044e-03
-7.645014350266007494e-03
-7.689578511986266615e-03
-8.102376678338180441e-03
-7.299128931393101746e-03
-7.625454655450464130e-03
-7.813806316090160520e-03
-7.693012266512999110e-03
-7.812406886705110416e-03
-7.772977553156872228e-03
-8.245456423317131314e-03
-6.995417531955286546e-03
-6.957801999557765120e-03
-7.338053194014732862e-03
-7.423165799080329481e-03
-7.896183202034195991e-03
-7.074580181116530211e-03
-7.379943478544433166e-03
-7.327546772557930709e-03
-7.655943274972458121e-03
-7.624111724990357934e-03
-7.827818463930508869e-03
-6.773849057850186636e-03
-8.779314295464444445e-03
-7.718837933612657763e-03
-8.113906571787657743e-03
-8.305903007133368446e-03
-7.792096013410941720e-03
-7.695648789757265906e-03
-8.268038641837919742e-03
-6.787245911327116112e-03
-8.350200000319780991e-03
-7.781471999342800226e-03
-7.991419372387649836e-03
-7.679190438557157404e-03
-7.145089341702745393e-03
-6.913853701572555445e-03
-7.483077384539037202e-03
-8.660211191436287953e-03
-7.875260926748428245e-03
-7.838940049742254557e-03
-7.738564969602140624e-03
-7.951953377545104007e-03
-7.517539811213359673e-03
-7.917432242754729801e-03
-8.284736628537138145e-03
-7.793266213055795311e-03
-8.007186874912150878e-03
-7.168195065044162366e-03
-7.746707586220167273e-03
-7.520437451960034110e-03
-7.563098075230724297e-03
-8.090546102294659397e-03
-8.316002936615014135e-03
-8.303731731293508347e-03
-7.923236749791191108e-03
-8.085955187114792983e-03
-8.234426437677829294e-03
-8.100143547865848795e-03
-8.611437112380064887e-03
-8.493788977849142316e-03
-7.645783215004945017e-03
-7.321623465624363912e-03
-8.098480420712692029e-03
-7.329804280446271768e-03
-7.603169790150858705e-03
-7.201263782732984613e-03
-7.566535208681097677e-03
-7.253167540853552517e-03
-7.573858142818963406e-03
-8.195204461000875698e-03
-8.175444507075654496e-03
-7.427657040453234348e-03
-7.953851147496070542e-03
-7.695699644270666620e-03
-7.511906957534983213e-03
-7.938297588524373741e-03
-7.923213228249252962e-03
-7.846345573898351813e-03
-7.884781957582458201e-03
-7.832498185534149046e-03
-8.119392618891848809e-03
-8.269480380645307868e-03
-7.783280553969126707e-03
-7.835720637462564517e-03
-7.638703520610073440e-03
-7.868082438165847556e-03
-7.603449772004525382e-03
-7.837179235848874825e-03
-8.138883981634689735e-03
-6.998278923024675059e-03
-7.880178747745436585e-03
-8.489622203006752521e-03
-7.345263083084426804e-03
-8.164134495383649007e-03
-7.749029206426003187e-03
-7.823399420047002367e-03
-8.400043046587845827e-03
-7.947192008026971941e-03
-7.893271812248275898e-03
-7.884702860962270604e-03
-8.617356202565746789e-03
-8.053404220434453795e-03
-7.716963339915178764e-03
-8.369759577748997134e-03
-8.008880610234392003e-03
-7.862583078416069890e-03
-8.278356878235434632e-03
-8.104230893988493070e-03
-7.460525695656054432e-03
-7.944429332674045677e-03
-7.893263563304395505e-03
-8.194180011962622426e-03
-8.532790567111774374e-03
-8.207747012120103144e-03
-7.518096874537445219e-03
-7.859147153602462701e-03
-8.586075187793685420e-03
-7.938983186254531046e-03
-8.550452178613563228e-03
-8.170632445524076554e-03
-7.685396804944191751e-03
-7.467127801220322346e-03
-8.074880999682895050e-03
-8.499531410039265836e-03
-8.155602048893441022e-03
-7.283880169057303268e-03
-7.724082163559608735e-03
-7.610138625511645750e-03
-8.265523138530678562e-03
-7.803836532458619489e-03
-8.303755263462402406e-03
-7.887883823371397152e-03
-8.183999756240244866e-03
-8.213837703419709507e-03
-7.873331699662616812e-03
-8.237563882815520169e-03
-7.881413200628750032e-03
-7.766846007358564272e-03
-8.265019886636642762e-03
-7.766637106822628714e-03
-7.809764505470136522e-03
-8.047890669858207349e-03
-7.939915918094746575e-03
-7.498426040940081062e-03
-7.663721844846889571e-03
-7.743619055925771155e-03
-8.240209642170299650e-03
-7.935804839922176376e-03
-7.353796508413674125e-03
-8.056619733724269816e-03
-8.272252378609784920e-03
-8.151222127725097494e-03
-7.744613697865799888e-03
-8.132733100239489948e-03
-8.417188843713063751e-03
-7.526328770180427778e-03
-8.479461766396290817e-03
-8.151119372830433266e-03
-8.203120791497337666e-03
-8.291986540792068566e-03
-8.165186438741050060e-03
-7.956007648882599745e-03
-8.228970421051329601e-03
-8.726427975359668174e-03
-8.205135818868261946e-03
-8.387767149080913379e-03
-8.325201167526854323e-03
-8.509648759676835192e-03
-8.104429149778878336e-03
-7.979061883993244023e-03
-8.515690184737124274e-03
-7.706303662852913468e-03
-8.114350976904494139e-03
-8.262141565980122768e-03
-8.075098295640358720e-03
-8.056536870027530481e-03
-7.796243451158322083e-03
-7.881214050837588581e-03
-8.223379395284096532e-03
-8.063775910053304005e-03
-8.157389636359707250e-03
-7.867000661220311872e-03
-7.762558259103138382e-03
-7.997367909855262330e-03
-8.467292690287711934e-03
-7.463207405313904315e-03
-8.557627830549623810e-03
-8.264250607782698196e-03
-8.352944225156344257e-03
-7.777626446515610234e-03
-7.875410964330210525e-03
-8.334526711038580532e-03
-8.214562096393833793e-03
-8.174227038632492226e-03
-7.314263133320877443e-03
-7.793479298604967000e-03
-7.497852392283117610e-03
-7.646617801063630877e-03
-8.025169473312655094e-03
-7.900065663420574938e-03
-7.661946169136408212e-03
-8.152556702768213454e-03
-8.498486128865513287e-03
-7.686977752420284284e-03
-8.194881811178124018e-03
-8.037969808760392701e-03
-8.016026112969181633e-03
-8.348271376937286062e-03
-7.684811595096868210e-03
-7.163512545179316973e-03
-7.990122729613960070e-03
-7.492254550714486441e-03
-8.271195624417582160e-03
-8.545601388577831262e-03
-8.174011108874163281e-03
-8.237944747292752501e-03
-7.992773641729287656e-03
-8.073755652011438064e-03
-8.214940582986567444e-03
-8.266610776933662127e-03
-7.791844415615733696e-03
-8.037658539574501007e-03
-8.302636180035643035e-03
-7.817947682616288585e-03
-7.700587862436385385e-03
-8.358251305626543740e-03
-8.164350185869985108e-03
-7.695636169510096554e-03
-7.912506126911220822e-03
-7.741965041775817138e-03
-7.876796587294935051e-03
-8.132305972340572037e-03
-7.842939508626847397e-03
-6.732753705244047364e-03
-7.975646027712637171e-03
-8.121850745706147776e-03
-8.166539294916824038e-03
-7.612293454084101060e-03
-7.875906059361620012e-03
-7.846845472588971290e-03
-8.037136834622402720e-03
-8.474765948946558908e-03
-8.334625015878340329e-03
-7.863183451365111237e-03
-7.543710422668743233e-03
-8.284679010983413486e-03
-8.405311431756356741e-03
-8.106405044260125634e-03
-8.281965377338237552e-03
-7.652159004628171501e-03
-8.059864624886853984e-03
-8.186659194512608054e-03
-7.886052202978980144e-03
-6.650064540430681778e-03
-7.840666990950659679e-03
-8.003623469981565458e-03
-7.399865214362790801e-03
-8.207230918584284413e-03
-7.352321172664510497e-03
-8.041551244329274775e-03
-8.026971326793183592e-03
-8.038069093111624430e-03
-8.065288239150631908e-03
-8.219696557529656417e-03
-8.222478224062334737e-03
-8.163641201418525215e-03
-8.268963677703489515e-03
-8.150114150724646275e-03
-8.808437513391057655e-03
-7.710273415651678133e-03
-8.193503254740981331e-03
-7.602875696186577395e-03
-8.318970423773172987e-03
-7.907319746658659707e-03
-8.375538119601138101e-03
-7.986271557083233358e-03
-7.854040049728621894e-03
-8.129691607474955409e-03
-8.886045399292013050e-03
-8.348436398725130048e-03
-7.620803838623539314e-03
-7.907237658695737831e-03
-8.820968038436339392e-03
-7.922374091019064937e-03
-8.618779293228196955e-03
-8.472818813063878393e-03
-7.763759345953459741e-03
-8.677790227207131044e-03
-7.901241888573400443e-03
-7.693221988687652668e-03
-7.588495248437581060e-03
-8.066864331757087059e-03
-7.840135896921217665e-03
-8.587926359917810032e-03
-8.066627691001490227e-03
-8.325070002766502691e-03
-8.482524866733202537e-03
-8.082587957935424144e-03
-8.016146286652132621e-03
-8.227747357437392717e-03
-8.068254750813451739e-03
-8.142238464885334648e-03
-8.482575188712484018e-03
-8.277063982088923508e-03
-8.103942653932121390e-03
-8.074972953557919830e-03
-7.991981939755513423e-03
-7.632939688309164049e-03
-7.879759868400400269e-03
-8.128192159852059770e-03
-8.354439439484015115e-03
-7.581043976868637180e-03
-8.279443782706856839e-03
-7.703160795874059927e-03
-8.386706701479087339e-03
-8.411067099499460256e-03
-8.234759352694109510e-03
-7.841123997727775588e-03
-8.044397242972723544e-03
-8.223002386870929478e-03
-7.933719922780255521e-03
-8.371823859240531615e-03
-8.254310717909798395e-03
-8.214032988452277945e-03
-8.262094992722375866e-03
-8.168457163506424173e-03
-8.060500131258009626e-03
-7.694316726918642990e-03
-8.512600130533062165e-03
-8.117729556016231932e-03
-8.338495107760158023e-03
-8.104656793587825675e-03
-7.966539685438983262e-03
-8.004104988844283966e-03
-7.624385962080212388e-03
-7.938808671494358704e-03
-8.033700256967831951e-03
-7.551996935254325430e-03
-8.177744742766170430e-03
-8.088967453291238605e-03
-7.665481078764348373e-03
-7.744322627427689329e-03
-8.195784770982728409e-03
-8.209922610763661574e-03
-8.055710474528406800e-03
-8.471258373763428801e-03
-8.000058845954843498e-03
-7.743410263241891009e-03
-7.812439994548128763e-03
-7.399849587601377288e-03
-8.182075760992712013e-03
-7.996875328377192269e-03
-7.855359343298217237e-03
-7.885583446152522741e-03
-8.196871552975180941e-03
-8.108837873972129726e-03
-7.681299457124921189e-03
-7.787272428628229728e-03
-8.139527037700466580e-03
-8.091734452935140515e-03
-8.036930246636507513e-03
-8.284477087120859298e-03
-7.514497202648962905e-03
-8.206462438024159783e-03
-8.331994433519554141e-03
-8.193155716521833762e-03
-8.448300788694138377e-03
-8.018062670018290261e-03
-7.938662567925547711e-03
-7.383250630516682324e-03
-7.911184755456660694e-03
-8.390939957222006557e-03
-8.433929534069278117e-03
-8.004991793908495731e-03
-8.021998605153790596e-03
-8.149787907062803691e-03
-8.087660533687096240e-03
-8.710253306646428134e-03
-8.231211207990082185e-03
-8.591593108795810702e-03
-8.006106611251175356e-03
-7.945209604009800461e-03
-8.650439967914544739e-03
-7.932961372674839431e-03
-8.251300427224309356e-03
-8.602515851246305897e-03
-8.164031470629478510e-03
-8.214105040360740115e-03
-8.030991117022672279e-03
-8.279005982201112848e-03
-8.515508935233237833e-03
-8.198170426470429567e-03
-8.105679316638485579e-03
-7.734330403036043973e-03
-7.715322860687489313e-03
-8.106834426764497267e-03
-8.372715707888341019e-03
-7.986522077450238302e-03
-7.874313904928837565e-03
-8.371862735548116219e-03
-7.221122876968130884e-03
-8.242815197965566373e-03
-8.050227131991830737e-03
-8.148298628447212671e-03
-8.423846675557433369e-03
-7.642899626737989505e-03
-7.731091510982035162e-03
-8.529357018178963107e-03
-8.532117473725984308e-03
-8.029844857282553497e-03
-8.771512136603720061e-03
-7.504168461903437670e-03
-7.824019952429230734e-03
-8.371049000054977055e-03
-8.657755687803464842e-03
-8.624561621802508127e-03
-7.835937404940469461e-03
-8.041159528823298500e-03
-7.788281885731588965e-03
-7.771607228157784153e-03
-8.247486684180934183e-03
-7.872364677109765577e-03
-7.773200969821788056e-03
-8.117210895574841420e-03
-8.174014224562988276e-03
-8.035821765497681152e-03
-8.296841337033915645e-03
-7.936153703286402683e-03
-7.706882479141893665e-03
-7.950815538109223812e-03
-8.243516365821865199e-03
-7.963618463210368065e-03
-8.443703899350150227e-03
-8.403485521739249495e-03
-7.869585465301632415e-03
-7.475092825463214297e-03
-7.867094062251589123e-03
-7.950678461768698885e-03
-8.195394239740068018e-03
-8.335890509457977854e-03
-7.653115365368191696e-03
-8.247659275835971318e-03
-7.937694006072243749e-03
-8.230533518494054929e-03
-8.070107623380926715e-03
-8.148452094266386836e-03
-8.462117584660396388e-03
-7.958458156673708581e-03
-7.779793203911285551e-03
-8.004455425845069874e-03
-8.381215763085201817e-03
-8.001396221653049243e-03
-7.563619429288535000e-03
-8.752223238800560870e-03
-8.608707351700675692e-03
-8.359453880137021620e-03
-7.991673881224381146e-03
-7.717108121274510700e-03
-8.590526739503822132e-03
-8.080737347361774056e-03
-8.253052327797782278e-03
-8.219016807915162717e-03
-7.894769232399167017e-03
-7.919679833349081363e-03
-8.077882562408588221e-03
-8.250324418164258281e-03
-8.313206364323746586e-03
-7.591609292672882488e-03
-8.123518847304517926e-03
-8.343292036076881482e-03
-7.827633752474139062e-03
-8.519154218285958022e-03
-7.798556446009077651e-03
-7.732578805986252066e-03
-8.054018575877430405e-03
-8.382908463693957909e-03
-7.878471691857097392e-03
-8.598097863425194914e-03
-8.097380162148233584e-03
-7.181296119302605328e-03
-8.856427020104711348e-03
-7.260282020931026724e-03
-7.922940946016318944e-03
-8.339274164453515728e-03
-8.704934597984704397e-03
-7.283476564039314052e-03
-8.514334179099965899e-03
-7.857716566885967688e-03
-8.524645570978234277e-03
-8.214660144243423126e-03
-7.828599977352756339e-03
-8.131616877534190643e-03
-8.428852370804961955e-03
-7.631406512498481454e-03
-7.786166981474455275e-03
-7.775176310273189048e-03
-8.013392519478758011e-03
-7.700739530218206862e-03
-8.416259818012616564e-03
-7.934394811567794734e-03
-7.926093610019701793e-03
-8.543325606128471250e-03
-8.227030890145958439e-03
-8.376825988973277473e-03
-8.253830470426189517e-03
-8.057205612246013879e-03
-8.074755947926847560e-03
-8.214077532435319975e-03
-8.368023926433858922e-03
-7.807611010434528133e-03
-8.031457097096846715e-03
-7.881671902915287492e-03
-8.005080946800571459e-03
-8.168473462036925092e-03
-8.155917420007817095e-03
-8.557392457886767168e-03
-7.904407485401903147e-03
-8.290937389686161771e-03
-7.470874237852670463e-03
-7.732320917907354284e-03
-7.631099674248177818e-03
-8.112695806549488284e-03
-8.262603271736739322e-03
-8.191866620168410454e-03
-8.217538227031726678e-03
-7.832515744584080120e-03
-7.960357750845029751e-03
-7.869276530909347436e-03
-7.947528695480177499e-03
-8.279068248937026045e-03
-7.857867963263511640e-03
-7.472318303908015436e-03
-8.478010206247001482e-03
-7.780135493559970326e-03
-7.950708642177074445e-03
-7.859064213506369509e-03
-8.260541530989718925e-03
-8.174629719936864561e-03
-7.941314094229779894e-03
-7.870390469465473118e-03
-8.036749819457225316e-03
-8.007408479952377034e-03
-7.964005180417862637e-03
-8.041211302078349679e-03
-8.131124531617744608e-03
-8.209099240536641903e-03
-7.763608313312149629e-03
-8.002992671064563732e-03
-8.057650177521507445e-03
-8.341853244595600486e-03
-7.451112918724393623e-03
-8.796470750059483951e-03
-8.164208112030993045e-03
-7.750343685599958565e-03
-8.301943527745827070e-03
-7.613120316236285552e-03
-8.152295606857429267e-03
-7.994963763704248175e-03
-7.974184875673499470e-03
-8.680081589458191541e-03
-8.183913208807588532e-03
-8.160374541439337562e-03
-7.812662898138792236e-03
-8.072473904410064349e-03
-7.910582060154670511e-03
-7.884036510365659972e-03
-7.459959995019446559e-03
-7.875884543622771461e-03
-8.744769621755153766e-03
-7.728070627655648020e-03
-7.691386873203090273e-03
-8.355540444074428114e-03
-8.089872405841400105e-03
-8.256970583052797644e-03
-8.136287198632014342e-03
-7.902455047525024784e-03
-8.667499305326658438e-03
-7.433390841312143872e-03
-8.166267686527799510e-03
-8.075152499566456282e-03
-8.219886606699143214e-03
-8.209655929660891402e-03
-8.144921727737609168e-03
-7.985512618160913248e-03
-8.116279031852633927e-03
-7.713294407842448061e-03
-7.875509707594327904e-03
-8.645328572161894987e-03
-7.675788149474413111e-03
-7.698178683379124955e-03
-7.773700007379904554e-03
-7.912805803065667970e-03
-7.957804767390160711e-03
-8.140558997445529812e-03
-8.295010335483765998e-03
-8.243789122361616997e-03
-7.778136043471632274e-03
-8.148104371674371599e-03
-8.121659426627255915e-03
-7.674396531123623376e-03
-7.607508325451576084e-03
-8.092399251559485168e-03
-8.044399220829967848e-03
-8.021169546440949649e-03
-7.661009092507915265e-03
-8.147164568470872947e-03
-7.979750192601057363e-03
-7.772004166378869774e-03
-8.379487891215736325e-03
-7.890810193907946829e-03
-7.665330421757351846e-03
-7.864201867944476190e-03
-8.325225230060693052e-03
-8.491499800199817441e-03
-8.277867618909456188e-03
-8.317800463852487863e-03
-8.363357150971400394e-03
-8.490788747498572570e-03
-8.080319020465335025e-03
-7.937250226066450143e-03
-7.993085904668651223e-03
-8.079187387621878866e-03
-7.667056972097742798e-03
-8.000369617685338872e-03
-7.905012311919984089e-03
-7.898771807627861033e-03
-8.060118247531772653e-03
-8.122168018136885145e-03
-8.723180258012558017e-03
-8.272636432275727245e-03
-8.187722826605936186e-03
-8.363867270655090877e-03
-8.197488717060618518e-03
-8.240167495450473681e-03
-7.849430203086983984e-03
-8.242190691074341782e-03
-8.239455472702422040e-03
-8.230213925419022775e-03
-7.976846846769563432e-03
-7.955942289970903761e-03
-7.751680476799756303e-03
-7.991999679025824782e-03
-8.561608497169628448e-03
-8.436304379746543611e-03
-7.973281157362175839e-03
-8.342192964575069133e-03
-8.001769060755470689e-03
-7.967086707478549662e-03
-8.222546021662887478e-03
-7.415584628227060889e-03
-7.684001571425533826e-03
-7.523674917851712329e-03
-7.936416421515848224e-03
-7.980541300828364673e-03
-7.926852815607983785e-03
-8.535952317591797775e-03
-8.119749838500311609e-03
-7.648022300256684079e-03
-7.674992374206462964e-03
-7.843964445559747228e-03
-7.982396073212041573e-03
-7.902688384652776371e-03
-7.656262400505146025e-03
-7.657459557475286560e-03
-8.509067335497779230e-03
-7.674298852061756625e-03
-7.875097738496148955e-03
-8.245454366487849768e-03
-8.255833826455694427e-03
-8.290714394966935269e-03
-7.821658853832806971e-03
-8.111522664837212543e-03
-8.329452363871421919e-03
-7.991425084871555881e-03
-8.630395258267368336e-03
-8.079845473695028077e-03
-8.448248277003585216e-03
-7.911928043552727760e-03
-8.175363931668714126e-03
-8.128182797458029588e-03
-8.155543897232607128e-03
-7.268645964006978204e-03
-8.358921628963431744e-03
-7.390017493240775941e-03
-7.998842010458039747e-03
-8.076749619110326628e-03
-8.099197821672517172e-03
-7.730810617824751714e-03
-7.652883891633570010e-03
-8.142530281564499400e-03
-8.031912300029421872e-03
-8.513869262194972629e-03
-8.266607688628222622e-03
-7.747227367340666325e-03
-7.990551558589052000e-03
-7.686799763638058405e-03
-8.068479755355502034e-03
-8.122412836787646848e-03
-8.101397711537002694e-03
-7.949470974758263836e-03
-8.380480322309619146e-03
-7.985689381749105226e-03
-7.749667852454751767e-03
-8.196959574845976565e-03
-7.955676647980736843e-03
-8.215055636486971388e-03
-8.156592790797844578e-03
-7.545096089176389631e-03
-8.491181582071131301e-03
-8.112722175636308611e-03
-8.128735051078358337e-03
-7.930452873170531700e-03
-8.195544701684116112e-03
-8.405810396483441235e-03
-8.226908997526979211e-03
-8.182868041160399133e-03
-8.049547202221011416e-03
-7.860569631996350629e-03
-7.699986479296013278e-03
-7.051277126515570481e-03
-7.583566434129894278e-03
-8.011854904522738505e-03
-8.163969158146084856e-03
-7.756946237995639495e-03
-8.172952464417418406e-03
-7.751622259115947995e-03
-7.641156823841444359e-03
-7.945324321132610224e-03
-8.125986832294668921e-03
-8.108272228064433360e-03
-8.237644610568526857e-03
-8.285850812539533039e-03
-7.641922754990081515e-03
-8.151582970256412639e-03
-7.252908621782070894e-03
-8.001657783407924163e-03
-7.814453088367466840e-03
-8.080230236059100096e-03
-7.977312950968814403e-03
-8.234981539806784934e-03
-8.500081788431543620e-03
-8.339510245292358973e-03
-8.388548535197907705e-03
-8.721984542791211617e-03
-8.489926444647894963e-03
-8.531933489901558781e-03
-8.217641072516032597e-03
-8.011333129803576564e-03
-7.789778080609262127e-03
-8.191311543200347281e-03
-8.312005741709566076e-03
-7.808134894446709835e-03
-7.865262840153481108e-03
-8.375814852022362908e-03
-8.215146026915995034e-03
-8.157358537781010666e-03
-8.242162011529689455e-03
-8.272596423280584310e-03
-8.484928507136968792e-03
-8.523593487314230083e-03
-8.339224546476104935e-03
-8.123230986863624187e-03
-8.018211549338407143e-03
-8.246118271792238219e-03
-8.582520937385240342e-03
-8.191222107733351493e-03
-8.324247083386911855e-03
-8.409914798187706139e-03
-8.182038265775470193e-03
-8.590558338394607349e-03
-8.331616093005339563e-03
-8.393110463676117100e-03
-8.573008517044105464e-03
-8.428148425281997008e-03
-7.771882772917408817e-03
-8.320762968246077709e-03
-8.732853645825013750e-03
-7.779975554955562145e-03
-8.038312125127466262e-03
-7.886450869218608259e-03
-7.655361795811702411e-03
-7.572923251071503499e-03
-8.303961280279935006e-03
-8.348666070758454030e-03
-8.247790814613647006e-03
-7.665393252642497580e-03
-8.297760828397320737e-03
-8.437572072714944263e-03
-8.066218516689269494e-03
-8.270613570239088164e-03
-8.266897068893323819e-03
-7.220299948054111246e-03
-8.577746750355103381e-03
-8.107643246563460068e-03
-8.025200489884115607e-03
-7.589019724431415696e-03
-8.589751285424954141e-03
-8.575140977081627605e-03
-7.600815537813798185e-03
-8.169401578776668699e-03
-7.788876895910614925e-03
-8.497196049568559589e-03
-7.529625615448529673e-03
-8.204648212827830162e-03
-7.739062781532371482e-03
-8.140083732972213520e-03
-8.400264457600841936e-03
-8.154670294875073291e-03
-8.090271289530602192e-03
-7.942836585675095221e-03
-7.721787654402646577e-03
-7.489733231476405038e-03
-8.322350862632374446e-03
-8.356525058152668509e-03
-8.251134532396928872e-03
-8.397764495034976823e-03
-7.942696344892851215e-03
-8.291015625615677856e-03
-8.178255867123345943e-03
-8.283815854635011994e-03
-7.927262351937275353e-03
-7.812359414282903612e-03
-8.534429409263155977e-03
-8.178675988522647253e-03
-7.751745156175109293e-03
-7.834207392444393972e-03
-8.391709020382966816e-03
-7.416208467542200790e-03
-8.221200171361070855e-03
-7.820718051114453756e-03
-8.075230372859430045e-03
-7.998677571140399775e-03
-8.138766425186268541e-03
-8.502690915039468056e-03
-8.298505065843536643e-03
-8.266543425419234023e-03
-8.659274425799886460e-03
-8.340067185859847965e-03
-7.816532406177276876e-03
-8.303444880683893969e-03
-7.852299957273394318e-03
-8.173244089376415639e-03
-7.990396053994259021e-03
-7.682181555937943850e-03
-8.366793290081263670e-03
-8.063094316939209069e-03
-8.521618077508775341e-03
-8.306259906166261683e-03
-8.209994455471419234e-03
-7.632470026049950097e-03
-8.014221136134395615e-03
-8.019346777909665616e-03
-8.188537657614463824e-03
-8.141094438548417828e-03
-7.982896087875042054e-03
-7.585708528307648531e-03
-7.985181166837253264e-03
-8.203517850360692032e-03
-8.192461878039710224e-03
-7.976450753916775743e-03
-7.592900078171450733e-03
-8.174644912904720576e-03
-8.304728017442131877e-03
-8.006514576666063157e-03
-7.627316764098591127e-03
-8.308592376473855623e-03
-8.239512143232412961e-03
-7.775736451246425748e-03
-7.990520804971498400e-03
-7.745081128523277972e-03
-7.820653498247058522e-03
-8.286205550109802809e-03
-8.120073254110718800e-03
-8.413405594412870156e-03
-8.584706081843149553e-03
-7.914053816478640660e-03
-8.645466941953863088e-03
-7.914679085369625416e-03
-8.460752632726548442e-03
-7.979887010533601513e-03
-8.336636954126121560e-03
-8.549841203007797069e-03
-8.022311474987104188e-03
-7.214527273834171577e-03
-8.096622346119406941e-03
-8.167969010995554044e-03
-8.360347203594771862e-03
-7.432580062070771529e-03
-8.738130748145601229e-03
-8.097451819870706349e-03
-8.202240322660191499e-03
-7.950068093603769939e-03
-8.338898024533906994e-03
-7.654722896174690969e-03
-8.682945156277531787e-03
-8.582755425168347649e-03
-8.173990527860072394e-03
-8.275624961797281229e-03
-7.830480482252849539e-03
-7.989306998034561083e-03
-8.393053888736059717e-03
-8.777584287720652592e-03
-8.336208081563632050e-03
-8.142688492940681685e-03
-8.252301997195033226e-03
-8.513918616668504982e-03
-7.786505819585406475e-03
-8.295846033264791045e-03
-7.914007973038860236e-03
-8.095592288509765103e-03
-8.247743005955179146e-03
-8.099172950969313681e-03
-8.314424893211559350e-03
-8.296625753831960576e-03
-8.129091841306062757e-03
-8.413131020741005175e-03
-7.856561298347808017e-03
-8.172273190180157076e-03
-8.049786474610735876e-03
-8.206487854861341594e-03
-7.783483458191034488e-03
-8.171385571678116064e-03
-8.186183850550405802e-03
-8.061863238798280470e-03
-9.161226010148787804e-03
-8.061590641181637720e-03
-7.972307133602680659e-03
-7.928916275996785584e-03
-8.531366743564970309e-03
-8.091228513172395859e-03
-8.249782819022170172e-03
-8.200816092817409669e-03
-8.052294992144767155e-03
-7.722887893826095064e-03
-7.914971846809139983e-03
-8.005657578445941544e-03
-8.112148840397247901e-03
-8.595487345822390435e-03
-8.133943993210407397e-03
-8.246846784699581739e-03
-7.937782657380347204e-03
-8.488304297466133658e-03
-8.144504508221909328e-03
-8.195303892582116861e-03
-8.011591561573622872e-03
-8.131508357172608295e-03
-8.090853364144470067e-03
-8.299337223440573716e-03
-7.495038946148104182e-03
-7.534020714487144575e-03
-8.415672092168096849e-03
-8.177136295523152604e-03
-7.546530855237217929e-03
-8.033893666997058564e-03
-7.887061183494257013e-03
-7.857986124988542917e-03
-7.947761469125569356e-03
-8.182742309045405379e-03
-8.076748784721813484e-03
-7.761821161144262342e-03
-8.089074758739479148e-03
-8.245980221296531423e-03
-8.481951858616946366e-03
-8.461851283329966528e-03
-8.075151730371545392e-03
-7.701680203683526453e-03
-8.105120580157892593e-03
-7.963768059646167755e-03
-8.151684844483165007e-03
-8.226671432184907290e-03
-7.974157463872047491e-03
-8.238023232562220050e-03
-7.901603430433943795e-03
-7.835796531298833828e-03
-8.178815553163479302e-03
-8.584097094068604203e-03
-7.857785063054381972e-03
-7.837991229227410372e-03
-7.707712230036363465e-03
-7.852638844201410492e-03
-8.102664598424484318e-03
-7.809820997057507173e-03
-8.281544368177809479e-03
-8.268406612615865001e-03
-8.183789649065024291e-03
-8.107983117478550356e-03
-8.112567636663537210e-03
-8.094662472008674198e-03
-7.992342718243079097e-03
-8.343691281086685479e-03
-8.353552479368489547e-03
-7.796249423238305401e-03
-8.469088539994710021e-03
-8.669693633240330849e-03
-8.016058719468078381e-03
-8.045501646200868898e-03
-7.914848771816822628e-03
-7.949336546447248117e-03
-8.002713902195920243e-03
-8.605628953700556610e-03
-7.990141659066961680e-03
-9.024100031718246262e-03
-7.863986536047407744e-03
-8.068100255282453087e-03
-8.084890328383987496e-03
-7.677510572780986073e-03
-8.445912192198267582e-03
-8.262203066512858671e-03
-7.803164347751979577e-03
-8.587303604559894457e-03
-8.036431234701562135e-03
-8.623746201883200971e-03
-7.706046299889936051e-03
-7.895104030639114520e-03
-8.320438159218439961e-03
-7.790450997205862135e-03
-7.951326399262024364e-03
-8.000549861203689120e-03
-8.061998764131359657e-03
-7.678187422599472289e-03
-8.416332545022317535e-03
-8.325646270113215563e-03
-8.087116383245602017e-03
-7.753595116502137209e-03
-7.869555083309137666e-03
-7.826215733475404626e-03
-7.653378252750332560e-03
-7.946812237719907274e-03
-7.989652765743994120e-03
-8.455811558004597966e-03
-8.405846619676188639e-03
-7.885748946652651817e-03
-7.607571868271158569e-03
-7.742487634637620388e-03
-8.082506649769298848e-03
-8.044951666115894920e-03
-7.610148301946875228e-03
-8.490918945695606970e-03
-7.842688341621642870e-03
-7.887721303282441143e-03
-8.160389824288049807e-03
-8.251889734094200457e-03
-8.100788568779836857e-03
-7.863619698477739700e-03
-7.825212620944977521e-03
-8.372776263502629615e-03
-7.964774525441437741e-03
-7.721483960202809096e-03
-8.053542768477871955e-03
-7.959158293899535816e-03
-8.381140329419617049e-03
-8.272718628354573320e-03
-7.821475416124549357e-03
-7.868029543047149257e-03
-8.041886645657058894e-03
-8.272140872101449091e-03
-8.450084409446660672e-03
-8.269626933900792176e-03
-8.608706793326944759e-03
-7.779533014886238010e-03
-8.127646064855963137e-03
-8.179927129304478614e-03
-7.537755785569953855e-03
-8.208572923534305371e-03
-8.307735013325321868e-03
-8.181822488744905711e-03
-8.044715035262484798e-03
-8.192928044469468402e-03
-8.111190352354007843e-03
-8.338729351062690656e-03
-7.820700524522371591e-03
-7.899036882160755807e-03
-8.395499196924850402e-03
-7.749944436160830473e-03
-8.038695320500664418e-03
-7.682390800069679657e-03
-8.222654266434469353e-03
-8.394566266955911377e-03
-7.960035771307735417e-03
-8.085882067826085859e-03
-8.037823649909792145e-03
-8.022537156740077238e-03
-7.792157430181513751e-03
-7.878221776258801518e-03
-8.056970840147160279e-03
-8.773162270568467952e-03
-8.264976668776130228e-03
-7.753323550034605001e-03
-8.238529480901158816e-03
-8.373767957118888328e-03
-8.161400533788712094e-03
-8.265996540633353470e-03
-7.717108099457593504e-03
-8.039346274755169303e-03
-7.887287004057172771e-03
-8.394816414896437776e-03
-8.329943027582794798e-03
-8.291847547474086658e-03
-8.390874512291712078e-03
-7.655952441741753142e-03
-8.260238317616405007e-03
-8.382326432970569827e-03
-7.926723786947864614e-03
-8.227934467506917843e-03
-8.149924702110622476e-03
-8.068842467956513498e-03
-8.580076871819917322e-03
-7.929343461026069906e-03
-7.702267197055670013e-03
-7.908169632402844984e-03
-8.242994250622456831e-03
-8.557207700146462342e-03
-8.058321644093485378e-03
-8.074177180439312887e-03
-8.517416028294859387e-03
-8.093473640320852230e-03
-8.043276198073061670e-03
-8.142939006053732248e-03
-8.401657194380745750e-03
-8.375645451774726274e-03
-8.501206274180080416e-03
-7.949870783432852819e-03
-8.229336698577336892e-03
-8.240087342995848843e-03
-8.098054166564564588e-03
-8.287632765428312384e-03
-7.934589367382732447e-03
-7.955298751095261911e-03
-8.188100244984456572e-03
-8.498090287617459174e-03
-8.231265396237735094e-03
-8.147552013789419872e-03
-8.312330999438630533e-03
-8.172371254390391887e-03
-7.954056533453339808e-03
-8.240680354922081535e-03
-8.118358657797248093e-03
-8.378411861413029987e-03
-7.885621502274684294e-03
-8.079827610046694947e-03
-7.617529254806495835e-03
-7.508538833240111822e-03
-7.846454980220702452e-03
-8.186981056870875489e-03
-8.198330657538730262e-03
-8.182428316306167293e-03
-8.280420866452947726e-03
-8.102352754528981127e-03
-8.060145804977861608e-03
-8.085476260725071168e-03
-8.191271248583684855e-03
-7.586775222951278562e-03
-7.993149873164439798e-03
-8.140627804477242740e-03
-7.782243282522022590e-03
-7.727266103578293507e-03
-8.497077239807139873e-03
-8.141430114204864163e-03
-8.141374700837367140e-03
-8.043959542127112131e-03
-7.747800800287388441e-03
-8.167491098887787529e-03
-8.251011265586744373e-03
-7.945403739837160473e-03
-8.177992160777313585e-03
-6.878501789995988304e-03
-7.889280402397032613e-03
-8.167685460377662257e-03
-8.317421947535957871e-03
-7.622992486121015279e-03
-8.149378786301531355e-03
-7.663827211347511333e-03
-8.054212535540936080e-03
-7.922897814842927433e-03
-7.665456496362105243e-03
-8.125132296282077185e-03
-8.377929855299604683e-03
-8.140386308713002533e-03
-8.057432584626388755e-03
-8.171991045004534798e-03
-8.266290837130161120e-03
-8.097702850094579824e-03
-7.804054126676674731e-03
-7.804721548911403885e-03
-7.838186322407106679e-03
-7.649468314156591779e-03
-8.511744245904144177e-03
-7.631831087422110728e-03
-8.282606093351319379e-03
-7.740737217335551604e-03
-8.581795654588669428e-03
-8.328472816967880457e-03
-8.176788262659478307e-03
-7.966030500268377751e-03
-7.823082303411539248e-03
-8.331981287660671781e-03
-8.241230464049642893e-03
-7.901442762412736950e-03
-7.778454853297484504e-03
-8.114302739483898047e-03
-8.029557781789443613e-03
-7.947921104863781006e-03
-8.325273631166255767e-03
-8.302042282327620412e-03
-8.139264838935263494e-03
-7.859151472905221911e-03
-8.079148621065710550e-03
-8.008024072325542128e-03
-8.206261602349258430e-03
-8.593451944891982580e-03
-8.168857213619422353e-03
-7.841140124694735355e-03
-7.962095138379478645e-03
-7.680927863980099857e-03
-7.905060506741000068e-03
-8.212829763166154887e-03
-8.277925377001112833e-03
-7.580841240369494763e-03
-8.095130446914114083e-03
-8.269978897627225031e-03
-8.553287610051803908e-03
-8.130730252737737931e-03
-7.931519710963589806e-03
-8.302435757954012424e-03
-8.375867454096842107e-03
-8.134148001656562807e-03
-8.264017015458426443e-03
-8.590518843613040648e-03
-8.008484077955154226e-03
-8.548878942261129571e-03
-8.071822587718957900e-03
-8.000338367374501547e-03
-7.871345713323171442e-03
-8.613902236194979911e-03
-7.942158773466859514e-03
-8.526692843056926999e-03
-7.876789487232581030e-03
-7.856524065603649395e-03
-8.049713759148492340e-03
-8.085749751203819349e-03
-8.620821976824474472e-03
-8.322198931125037585e-03
-7.780778737672471197e-03
-8.248324358289961522e-03
-8.164720186167895646e-03
-7.925652639615034592e-03
-8.283991274401972596e-03
-8.023372881640251225e-03
-8.526113837085014246e-03
-8.015612768047727932e-03
-8.258886043652890335e-03
-7.906671101981581698e-03
-8.151392544234895357e-03
-7.982887241920047505e-03
-8.188103205179094596e-03
-8.397296492130978604e-03
-8.351663314461110418e-03
-7.956498173580708183e-03
-7.895378738412350134e-03
-7.664243720606122787e-03
-8.075651118229928982e-03
-7.767168936459298637e-03
-8.050992544807965973e-03
-7.564022557537832848e-03
-8.155984895282946540e-03
-8.314398636598057876e-03
-7.457162198467206030e-03
-8.325805571361703100e-03
-7.974393330879561356e-03
-8.002277084660938331e-03
-7.840870477675510042e-03
-7.725980024279834567e-03
-8.876008339108140341e-03
-7.392014091547704016e-03
-7.720163502724123987e-03
-7.816622469526805089e-03
-8.154385399222375749e-03
-8.372001685712166311e-03
-7.859647603577529090e-03
-7.872408637303995177e-03
-8.072309892891441074e-03
-8.899803182243974653e-03
-8.026046490222007307e-03
-8.300970972151447413e-03
-8.389607967230646585e-03
-7.984916834203412833e-03
-8.115598905822815970e-03
-8.097925740835894975e-03
-7.641442747244357563e-03
-8.295171095796477143e-03
-7.946990664305302737e-03
-8.233267749235028896e-03
-7.846662154782330090e-03
-7.926800257625212301e-03
-8.324013523176083951e-03
-8.006991655182380332e-03
-7.792108218217854224e-03
-8.095928090516240835e-03
-8.000320102178434117e-03
-7.897668868303783091e-03
-8.636129912713157858e-03
-8.142844047024550697e-03
-8.293577767111695240e-03
-7.775508593941713939e-03
-8.452476318092622121e-03
-7.835887670433690916e-03
-7.844144224311943095e-03
-8.092645895287466432e-03
-8.647858723057977662e-03
-7.795594911440551812e-03
-7.840100215287859609e-03
-8.115519478783517898e-03
-7.758508497915365086e-03
-8.353523150385885887e-03
-7.760723713786850560e-03
-7.879789438011831557e-03
-8.493831792866347527e-03
-8.191043344830971351e-03
-8.256566341254699751e-03
-8.285815834517507375e-03
-7.782826891834444469e-03
-8.407190406756623324e-03
-8.106200829181803985e-03
-8.358086225241726994e-03
-7.925556217140845502e-03
-8.529085719137147886e-03
-7.847253127271388087e-03
-8.387616613568623508e-03
-7.968113212707614301e-03
-8.665238188114793294e-03
-7.602290455209913429e-03
-8.397936885193279730e-03
-8.209900474872078302e-03
-8.468217230618659691e-03
-7.730772159150555052e-03
-8.271786162475312440e-03
-8.380452988513529752e-03
-8.003695608627514613e-03
-7.551970569503583045e-03
-7.927600515903850814e-03
-8.018291979340407688e-03
-8.434161591208412870e-03
-7.825517794792872725e-03
-8.349610227964186088e-03
-7.943836178003146203e-03
-8.178973273680731695e-03
-7.400793763634632219e-03
-8.219583736986486519e-03
-7.895809241564884576e-03
