-2.244769409298896790e-02
-2.244824543595314026e-02
-2.242724038660526276e-02
-2.242297306656837463e-02
-2.243196777999401093e-02
-2.244426682591438293e-02
-2.242569811642169952e-02
-2.243949845433235168e-02
-2.245175093412399292e-02
-2.245327271521091461e-02
-2.244478277862071991e-02
-2.248257957398891449e-02
-2.247167192399501801e-02
-2.246205881237983704e-02
-2.248868532478809357e-02
-2.249484322965145111e-02
-2.248622849583625793e-02
-2.249692194163799286e-02
-2.250430546700954437e-02
-2.251632697880268097e-02
-2.250560745596885681e-02
-2.251495234668254852e-02
-2.250769361853599548e-02
-2.250871993601322174e-02
-2.251919731497764587e-02
-2.252401597797870636e-02
-2.253644540905952454e-02
-2.253471687436103821e-02
-2.254605107009410858e-02
-2.254097908735275269e-02
-2.255756035447120667e-02
-2.257967926561832428e-02
-2.256354317069053650e-02
-2.256557531654834747e-02
-2.255660109221935272e-02
-2.258044108748435974e-02
-2.259232290089130402e-02
-2.258212305605411530e-02
-2.259624190628528595e-02
-2.260808087885379791e-02
-2.261802740395069122e-02
-2.262009121477603912e-02
-2.261115424335002899e-02
-2.261126413941383362e-02
-2.262408658862113953e-02
-2.264033816754817963e-02
-2.262126281857490540e-02
-2.265347912907600403e-02
-2.266351319849491119e-02
-2.265310846269130707e-02
-2.263783290982246399e-02
-2.263082750141620636e-02
-2.265517786145210266e-02
-2.266482077538967133e-02
-2.266994491219520569e-02
-2.265594713389873505e-02
-2.267139405012130737e-02
-2.268111892044544220e-02
-2.268243767321109772e-02
-2.269496396183967590e-02
-2.270181290805339813e-02
-2.270918898284435272e-02
-2.270491793751716614e-02
-2.269515767693519592e-02
-2.272930927574634552e-02
-2.274001948535442352e-02
-2.272926457226276398e-02
-2.275688759982585907e-02
-2.273901179432868958e-02
-2.274766005575656891e-02
-2.274359017610549927e-02
-2.275587432086467743e-02
-2.275160700082778931e-02
-2.274131029844284058e-02
-2.276113070547580719e-02
-2.276151254773139954e-02
-2.277749031782150269e-02
-2.279476076364517212e-02
-2.278620563447475433e-02
-2.278656885027885437e-02
-2.278966642916202545e-02
-2.279657498002052307e-02
-2.279878407716751099e-02
-2.281823009252548218e-02
-2.281152829527854919e-02
-2.283586934208869934e-02
-2.282399125397205353e-02
-2.284569479525089264e-02
-2.283036522567272186e-02
-2.284502238035202026e-02
-2.282528765499591827e-02
-2.284097112715244293e-02
-2.285347692668437958e-02
-2.285484410822391510e-02
-2.286722324788570404e-02
-2.285755984485149384e-02
-2.288087829947471619e-02
-2.288619242608547211e-02
-2.288449555635452271e-02
-2.288973703980445862e-02
-2.288196794688701630e-02
-2.287966199219226837e-02
-2.290416695177555084e-02
-2.290942892432212830e-02
-2.292164042592048645e-02
-2.290967479348182678e-02
-2.291650883853435516e-02
-2.290484867990016937e-02
-2.293733507394790649e-02
-2.293445914983749390e-02
-2.293395251035690308e-02
-2.294407039880752563e-02
-2.295154891908168793e-02
-2.293094247579574585e-02
-2.294188924133777618e-02
-2.293296530842781067e-02
-2.297753468155860901e-02
-2.296956069767475128e-02
-2.296570502221584320e-02
-2.299177460372447968e-02
-2.297633513808250427e-02
-2.298373915255069733e-02
-2.297529391944408417e-02
-2.298979088664054871e-02
-2.298022620379924774e-02
-2.299082837998867035e-02
-2.300185337662696838e-02
-2.298367209732532501e-02
-2.299972437322139740e-02
-2.302656136453151703e-02
-2.302112430334091187e-02
-2.302803471684455872e-02
-2.302023582160472870e-02
-2.303085289895534515e-02
-2.303584106266498566e-02
-2.302702143788337708e-02
-2.304998226463794708e-02
-2.305083721876144409e-02
-2.305699698626995087e-02
-2.305721677839756012e-02
-2.306246943771839142e-02
-2.306961826980113983e-02
-2.307759039103984833e-02
-2.308456972241401672e-02
-2.307990379631519318e-02
-2.310325950384140015e-02
-2.309499494731426239e-02
-2.310110442340373993e-02
-2.309413813054561615e-02
-2.309826202690601349e-02
-2.310229651629924774e-02
-2.310172654688358307e-02
-2.310923673212528229e-02
-2.311666868627071381e-02
-2.311111241579055786e-02
-2.311291545629501343e-02
-2.312813885509967804e-02
-2.311036176979541779e-02
-2.313472516834735870e-02
-2.315304987132549286e-02
-2.314360812306404114e-02
-2.315038628876209259e-02
-2.316061221063137054e-02
-2.315781638026237488e-02
-2.316132374107837677e-02
-2.315962500870227814e-02
-2.317108586430549622e-02
-2.318099699914455414e-02
-2.317056804895401001e-02
-2.320803329348564148e-02
-2.319727651774883270e-02
-2.318169921636581421e-02
-2.320370264351367950e-02
-2.319159358739852905e-02
-2.319584228098392487e-02
-2.321469970047473907e-02
-2.321549504995346069e-02
-2.322091907262802124e-02
-2.320888265967369080e-02
-2.322575077414512634e-02
-2.323620393872261047e-02
-2.323158457875251770e-02
-2.324664220213890076e-02
-2.324253879487514496e-02
-2.325127460062503815e-02
-2.324998937547206879e-02
-2.324370108544826508e-02
-2.324874885380268097e-02
-2.326385118067264557e-02
-2.326102368533611298e-02
-2.326590381562709808e-02
-2.327608317136764526e-02
-2.328148856759071350e-02
-2.327721565961837769e-02
-2.328253723680973053e-02
-2.328291162848472595e-02
-2.328872308135032654e-02
-2.330145426094532013e-02
-2.329155430197715759e-02
-2.329527027904987335e-02
-2.330557443201541901e-02
-2.330097183585166931e-02
-2.330175414681434631e-02
-2.331159450113773346e-02
-2.332487888634204865e-02
-2.332472242414951324e-02
-2.332351543009281158e-02
-2.332450076937675476e-02
-2.333250269293785095e-02
-2.334046550095081329e-02
-2.333662658929824829e-02
-2.332462742924690247e-02
-2.333626709878444672e-02
-2.334715239703655243e-02
-2.335393615067005157e-02
-2.334704808890819550e-02
-2.336425147950649261e-02
-2.336097136139869690e-02
-2.336597070097923279e-02
-2.336820214986801147e-02
-2.336606010794639587e-02
-2.337499707937240601e-02
-2.338191494345664978e-02
-2.337920293211936951e-02
-2.338555641472339630e-02
-2.339833229780197144e-02
-2.339059300720691681e-02
-2.339551225304603577e-02
-2.339396625757217407e-02
-2.340324968099594116e-02
-2.340255491435527802e-02
-2.341414056718349457e-02
-2.342391759157180786e-02
-2.341195568442344666e-02
-2.340298518538475037e-02
-2.341914735734462738e-02
-2.343330904841423035e-02
-2.343832887709140778e-02
-2.342949248850345612e-02
-2.343697473406791687e-02
-2.341781929135322571e-02
-2.342977747321128845e-02
-2.342770807445049286e-02
-2.342730015516281128e-02
-2.344609610736370087e-02
-2.345705963671207428e-02
-2.345143631100654602e-02
-2.345765195786952972e-02
-2.345100231468677521e-02
-2.346279472112655640e-02
-2.346157468855381012e-02
-2.346947975456714630e-02
-2.346909791231155396e-02
-2.348440513014793396e-02
-2.348330244421958923e-02
-2.349819801747798920e-02
-2.349690720438957214e-02
-2.348708361387252808e-02
-2.349689789116382599e-02
-2.349919639527797699e-02
-2.349799126386642456e-02
-2.351651899516582489e-02
-2.350681275129318237e-02
-2.350351773202419281e-02
-2.351506985723972321e-02
-2.350944466888904572e-02
-2.351587638258934021e-02
-2.353241480886936188e-02
-2.352021075785160065e-02
-2.352619729936122894e-02
-2.352852933108806610e-02
-2.353269420564174652e-02
-2.355008758604526520e-02
-2.355825155973434448e-02
-2.354850061237812042e-02
-2.355993352830410004e-02
-2.355615608394145966e-02
-2.355268225073814392e-02
-2.356373146176338196e-02
-2.356838807463645935e-02
-2.356617525219917297e-02
-2.358113601803779602e-02
-2.356953173875808716e-02
-2.356997318565845490e-02
-2.358895167708396912e-02
-2.358532138168811798e-02
-2.358339354395866394e-02
-2.358317561447620392e-02
-2.360371686518192291e-02
-2.361372858285903931e-02
-2.359234355390071869e-02
-2.360267005860805511e-02
-2.360125258564949036e-02
-2.360606379806995392e-02
-2.360228449106216431e-02
-2.361177280545234680e-02
-2.362169139087200165e-02
-2.362846210598945618e-02
-2.361852303147315979e-02
-2.362688817083835602e-02
-2.363149635493755341e-02
-2.363380230963230133e-02
-2.362559549510478973e-02
-2.363535016775131226e-02
-2.364193275570869446e-02
-2.363199926912784576e-02
-2.363968640565872192e-02
-2.366112545132637024e-02
-2.365497685968875885e-02
-2.365282364189624786e-02
-2.366775088012218475e-02
-2.365736849606037140e-02
-2.366681210696697235e-02
-2.367353625595569611e-02
-2.368243224918842316e-02
-2.367343381047248840e-02
-2.367784455418586731e-02
-2.369834296405315399e-02
-2.367349341511726379e-02
-2.369353920221328735e-02
-2.368671633303165436e-02
-2.368397824466228485e-02
-2.368969842791557312e-02
-2.369474247097969055e-02
-2.369723841547966003e-02
-2.369150705635547638e-02
-2.370283193886280060e-02
-2.371738292276859283e-02
-2.370751462876796722e-02
-2.370613440871238708e-02
-2.370191924273967743e-02
-2.370663359761238098e-02
-2.372104115784168243e-02
-2.372050099074840546e-02
-2.372955158352851868e-02
-2.373650297522544861e-02
-2.373472787439823151e-02
-2.374044246971607208e-02
-2.374399267137050629e-02
-2.374495379626750946e-02
-2.374112419784069061e-02
-2.374745719134807587e-02
-2.375071495771408081e-02
-2.374056912958621979e-02
-2.374855987727642059e-02
-2.375239320099353790e-02
-2.375946380198001862e-02
-2.375564351677894592e-02
-2.375895343720912933e-02
-2.375114895403385162e-02
-2.377635799348354340e-02
-2.376477234065532684e-02
-2.377811819314956665e-02
-2.378080599009990692e-02
-2.376306429505348206e-02
-2.377968281507492065e-02
-2.377983555197715759e-02
-2.378706447780132294e-02
-2.378636971116065979e-02
-2.378672733902931213e-02
-2.380543388426303864e-02
-2.379831299185752869e-02
-2.379895560443401337e-02
-2.380635775625705719e-02
-2.380192652344703674e-02
-2.380100451409816742e-02
-2.379841171205043793e-02
-2.380446530878543854e-02
-2.381467260420322418e-02
-2.380990609526634216e-02
-2.381613291800022125e-02
-2.382003888487815857e-02
-2.382774092257022858e-02
-2.382054552435874939e-02
-2.381632849574089050e-02
-2.383025735616683960e-02
-2.383517846465110779e-02
-2.382560819387435913e-02
-2.383183687925338745e-02
-2.383647672832012177e-02
-2.383391000330448151e-02
-2.384150959551334381e-02
-2.384567074477672577e-02
-2.383832260966300964e-02
-2.383765764534473419e-02
-2.384901978075504303e-02
-2.385743148624897003e-02
-2.385723777115345001e-02
-2.386038377881050110e-02
-2.385707013309001923e-02
-2.385999821126461029e-02
-2.386199496686458588e-02
-2.386796660721302032e-02
-2.386005967855453491e-02
-2.387778647243976593e-02
-2.387144602835178375e-02
-2.388333156704902649e-02
-2.389213629066944122e-02
-2.387847751379013062e-02
-2.387870289385318756e-02
-2.388598397374153137e-02
-2.389087341725826263e-02
-2.388720959424972534e-02
-2.388668991625308990e-02
-2.388668619096279144e-02
-2.389132604002952576e-02
-2.390285208821296692e-02
-2.390215918421745300e-02
-2.391410060226917267e-02
-2.389960736036300659e-02
-2.391282655298709869e-02
-2.391566894948482513e-02
-2.391789294779300690e-02
-2.392946556210517883e-02
-2.392204850912094116e-02
-2.391985617578029633e-02
-2.392135001718997955e-02
-2.392533980309963226e-02
-2.392948605120182037e-02
-2.393484674394130707e-02
-2.393477596342563629e-02
-2.392903715372085571e-02
-2.393033728003501892e-02
-2.393500879406929016e-02
-2.393185906112194061e-02
-2.393904887139797211e-02
-2.394556254148483276e-02
-2.393827959895133972e-02
-2.394414879381656647e-02
-2.394879609346389771e-02
-2.394814416766166687e-02
-2.394938655197620392e-02
-2.395340427756309509e-02
-2.396029420197010040e-02
-2.396093122661113739e-02
-2.395870536565780640e-02
-2.395772188901901245e-02
-2.396229095757007599e-02
-2.396312914788722992e-02
-2.396174706518650055e-02
-2.396026626229286194e-02
-2.396658621728420258e-02
-2.397425845265388489e-02
-2.397636882960796356e-02
-2.397062256932258606e-02
-2.397404052317142487e-02
-2.396134100854396820e-02
-2.396700717508792877e-02
-2.398152463138103485e-02
-2.396664582192897797e-02
-2.397731877863407135e-02
-2.398030273616313934e-02
-2.398184128105640411e-02
-2.398359589278697968e-02
-2.397906966507434845e-02
-2.398267015814781189e-02
-2.400056272745132446e-02
-2.399472333490848541e-02
-2.399436943233013153e-02
-2.400129102170467377e-02
-2.399610728025436401e-02
-2.400049194693565369e-02
-2.400139719247817993e-02
-2.400023303925991058e-02
-2.399959601461887360e-02
-2.401215955615043640e-02
-2.399929799139499664e-02
-2.400313504040241241e-02
-2.399539574980735779e-02
-2.398714795708656311e-02
-2.397959493100643158e-02
-2.397449500858783722e-02
-2.398035489022731781e-02
-2.397236414253711700e-02
-2.397224120795726776e-02
-2.398071251809597015e-02
-2.397497743368148804e-02
-2.396881766617298126e-02
-2.397592924535274506e-02
-2.397837862372398376e-02
-2.396683581173419952e-02
-2.395689859986305237e-02
-2.395645715296268463e-02
-2.395365014672279358e-02
-2.396153099834918976e-02
-2.396357618272304535e-02
-2.395940758287906647e-02
-2.396265231072902679e-02
-2.395339682698249817e-02
-2.395882084965705872e-02
-2.395281754434108734e-02
-2.395514212548732758e-02
-2.394975535571575165e-02
-2.395467832684516907e-02
-2.394665591418743134e-02
-2.394646219909191132e-02
-2.394720353186130524e-02
-2.394758909940719604e-02
-2.393872477114200592e-02
-2.394324168562889099e-02
-2.395022660493850708e-02
-2.393713779747486115e-02
-2.395491674542427063e-02
-2.394640073180198669e-02
-2.394946105778217316e-02
-2.394832298159599304e-02
-2.392757311463356018e-02
-2.391839213669300079e-02
-2.393879741430282593e-02
-2.392094582319259644e-02
-2.392299287021160126e-02
-2.390650659799575806e-02
-2.392513491213321686e-02
-2.391867153346538544e-02
-2.391730807721614838e-02
-2.391597442328929901e-02
-2.391487546265125275e-02
-2.391715720295906067e-02
-2.392927743494510651e-02
-2.393843792378902435e-02
-2.393711917102336884e-02
-2.393898181617259979e-02
-2.393549866974353790e-02
-2.394432760775089264e-02
-2.394398674368858337e-02
-2.393978461623191833e-02
-2.394820563495159149e-02
-2.396317385137081146e-02
-2.397472411394119263e-02
-2.397257648408412933e-02
-2.398050390183925629e-02
-2.398766949772834778e-02
-2.398186177015304565e-02
-2.398385480046272278e-02
-2.397433854639530182e-02
-2.397971972823143005e-02
-2.398716844618320465e-02
-2.398306690156459808e-02
-2.397051826119422913e-02
-2.396872080862522125e-02
-2.397967502474784851e-02
-2.397841773927211761e-02
-2.397307008504867554e-02
-2.398433163762092590e-02
-2.398104406893253326e-02
-2.397954091429710388e-02
-2.398264966905117035e-02
-2.397592552006244659e-02
-2.398857660591602325e-02
-2.398405410349369049e-02
-2.398842386901378632e-02
-2.397765591740608215e-02
-2.398638240993022919e-02
-2.399260737001895905e-02
-2.399686910212039948e-02
-2.398925647139549255e-02
-2.399095334112644196e-02
-2.399958483874797821e-02
-2.401085756719112396e-02
-2.400152571499347687e-02
-2.400529012084007263e-02
-2.399198524653911591e-02
-2.399683929979801178e-02
-2.400684542953968048e-02
-2.400132082402706146e-02
-2.400544844567775726e-02
-2.400731667876243591e-02
-2.400434948503971100e-02
-2.400236204266548157e-02
-2.400688268244266510e-02
-2.401189319789409637e-02
-2.401757799088954926e-02
-2.401543594896793365e-02
-2.402100525796413422e-02
-2.402107231318950653e-02
-2.402938157320022583e-02
-2.403284423053264618e-02
-2.402379363775253296e-02
-2.402357198297977448e-02
-2.403003722429275513e-02
-2.402224950492382050e-02
-2.402900531888008118e-02
-2.401275560259819031e-02
-2.401795797049999237e-02
-2.401706948876380920e-02
-2.401756122708320618e-02
-2.401285618543624878e-02
-2.401496842503547668e-02
-2.401226572692394257e-02
-2.400346659123897552e-02
-2.400356717407703400e-02
-2.399436943233013153e-02
-2.399425022304058075e-02
-2.398467250168323517e-02
-2.397904358804225922e-02
-2.399064041674137115e-02
-2.398988045752048492e-02
-2.398779056966304779e-02
-2.399043925106525421e-02
-2.398512884974479675e-02
-2.397749200463294983e-02
-2.399181574583053589e-02
-2.397914044559001923e-02
-2.396812476217746735e-02
-2.397134155035018921e-02
-2.396993711590766907e-02
-2.397223375737667084e-02
-2.396517619490623474e-02
-2.395673468708992004e-02
-2.396317198872566223e-02
-2.394816838204860687e-02
-2.396249584853649139e-02
-2.395333722233772278e-02
-2.396421507000923157e-02
-2.395753189921379089e-02
-2.396992221474647522e-02
-2.395194582641124725e-02
-2.396758273243904114e-02
-2.396511472761631012e-02
-2.395674213767051697e-02
-2.396461740136146545e-02
-2.395669929683208466e-02
-2.396174520254135132e-02
-2.395243197679519653e-02
-2.394344471395015717e-02
-2.396132797002792358e-02
-2.395058609545230865e-02
-2.396073564887046814e-02
-2.395250648260116577e-02
-2.395923808217048645e-02
-2.395481988787651062e-02
-2.395606599748134613e-02
-2.395269833505153656e-02
-2.395576424896717072e-02
-2.394252456724643707e-02
-2.395193651318550110e-02
-2.393550984561443329e-02
-2.393897250294685364e-02
-2.395400032401084900e-02
-2.394938655197620392e-02
-2.394088730216026306e-02
-2.393308840692043304e-02
-2.394222468137741089e-02
-2.395347133278846741e-02
-2.394350618124008179e-02
-2.392884343862533569e-02
-2.393458969891071320e-02
-2.391597814857959747e-02
-2.393621578812599182e-02
-2.393775619566440582e-02
-2.393171563744544983e-02
-2.393912337720394135e-02
-2.394300140440464020e-02
-2.393442951142787933e-02
-2.393708564341068268e-02
-2.393541485071182251e-02
-2.392863109707832336e-02
-2.392854355275630951e-02
-2.393675781786441803e-02
-2.393049374222755432e-02
-2.394325472414493561e-02
-2.393244579434394836e-02
-2.393995039165019989e-02
-2.393445000052452087e-02
-2.394065447151660919e-02
-2.393348328769207001e-02
-2.393179573118686676e-02
-2.393531426787376404e-02
-2.394205890595912933e-02
-2.393499948084354401e-02
-2.393032424151897430e-02
-2.391003444790840149e-02
-2.392288297414779663e-02
-2.390626631677150726e-02
-2.391852252185344696e-02
-2.391353808343410492e-02
-2.391352504491806030e-02
-2.391686849296092987e-02
-2.391195856034755707e-02
-2.391063794493675232e-02
-2.390447445213794708e-02
-2.391537278890609741e-02
-2.389414981007575989e-02
-2.390868775546550751e-02
-2.390912733972072601e-02
-2.391717024147510529e-02
-2.392608113586902618e-02
-2.392595261335372925e-02
-2.391212061047554016e-02
-2.393342740833759308e-02
-2.393503859639167786e-02
-2.393403835594654083e-02
-2.393537014722824097e-02
-2.391978353261947632e-02
-2.392273768782615662e-02
-2.391517721116542816e-02
-2.392580732703208923e-02
-2.391634136438369751e-02
-2.393154427409172058e-02
-2.392672374844551086e-02
-2.392131276428699493e-02
-2.391585335135459900e-02
-2.391813322901725769e-02
-2.392243966460227966e-02
-2.392775937914848328e-02
-2.393753454089164734e-02
-2.393992990255355835e-02
-2.392989955842494965e-02
-2.393909357488155365e-02
-2.394588477909564972e-02
-2.393283694982528687e-02
-2.392332069575786591e-02
-2.391741611063480377e-02
-2.391940541565418243e-02
-2.391573041677474976e-02
-2.391353808343410492e-02
-2.391005866229534149e-02
-2.392699010670185089e-02
-2.392565086483955383e-02
-2.391432598233222961e-02
-2.392405085265636444e-02
-2.391535788774490356e-02
-2.391685917973518372e-02
-2.392110787332057953e-02
-2.392747066915035248e-02
-2.392679639160633087e-02
-2.391640655696392059e-02
-2.390393242239952087e-02
-2.391064539551734924e-02
-2.389543317258358002e-02
-2.391785196959972382e-02
-2.390608750283718109e-02
-2.392093650996685028e-02
-2.391508780419826508e-02
-2.392590232193470001e-02
-2.392142266035079956e-02
-2.391609363257884979e-02
-2.392670139670372009e-02
-2.390318922698497772e-02
-2.389546111226081848e-02
-2.389497496187686920e-02
-2.389957942068576813e-02
-2.390416525304317474e-02
-2.388363331556320190e-02
-2.387784980237483978e-02
-2.387728542089462280e-02
-2.387800998985767365e-02
-2.386966533958911896e-02
-2.384845353662967682e-02
-2.386507950723171234e-02
-2.385606244206428528e-02
-2.385396882891654968e-02
-2.385435067117214203e-02
-2.385712228715419769e-02
-2.386191114783287048e-02
-2.382850833237171173e-02
-2.384413406252861023e-02
-2.385236881673336029e-02
-2.386577054858207703e-02
-2.384783700108528137e-02
-2.384102717041969299e-02
-2.384378388524055481e-02
-2.383956499397754669e-02
-2.384523116052150726e-02
-2.384075149893760681e-02
-2.383400127291679382e-02
-2.382535859942436218e-02
-2.382068708539009094e-02
-2.380446903407573700e-02
-2.380445040762424469e-02
-2.379171364009380341e-02
-2.379909344017505646e-02
-2.376766689121723175e-02
-2.375802211463451385e-02
-2.373833395540714264e-02
-2.372892759740352631e-02
-2.372280694544315338e-02
-2.371599897742271423e-02
-2.372268401086330414e-02
-2.372998930513858795e-02
-2.371827699244022369e-02
-2.370899170637130737e-02
-2.369662746787071228e-02
-2.369060553610324860e-02
-2.366777509450912476e-02
-2.369636483490467072e-02
-2.369686402380466461e-02
-2.367527224123477936e-02
-2.366310544312000275e-02
-2.368160337209701538e-02
-2.367220632731914520e-02
-2.368772402405738831e-02
-2.366790547966957092e-02
-2.368671633303165436e-02
-2.369868941605091095e-02
-2.368583902716636658e-02
-2.367983199656009674e-02
-2.368942089378833771e-02
-2.368575893342494965e-02
-2.366343699395656586e-02
-2.365609072148799896e-02
-2.362729981541633606e-02
-2.361716702580451965e-02
-2.360715530812740326e-02
-2.359390631318092346e-02
-2.357492595911026001e-02
-2.357242442667484283e-02
-2.357124537229537964e-02
-2.353351190686225891e-02
-2.354181371629238129e-02
-2.355290763080120087e-02
-2.355037443339824677e-02
-2.354668453335762024e-02
-2.354220859706401825e-02
-2.353703044354915619e-02
-2.357734367251396179e-02
-2.356375567615032196e-02
-2.356596663594245911e-02
-2.357045002281665802e-02
-2.356613241136074066e-02
-2.353179641067981720e-02
-2.348846755921840668e-02
-2.343581989407539368e-02
-2.341035380959510803e-02
-2.340007200837135315e-02
-2.338777855038642883e-02
-2.337297424674034119e-02
-2.339345403015613556e-02
-2.339575439691543579e-02
-2.343506924808025360e-02
-2.342723496258258820e-02
-2.343294769525527954e-02
-2.340304479002952576e-02
-2.338636107742786407e-02
-2.339256741106510162e-02
-2.338893152773380280e-02
-2.337276190519332886e-02
-2.336248010396957397e-02
-2.333957888185977936e-02
-2.335484512150287628e-02
-2.335264533758163452e-02
-2.339503727853298187e-02
-2.338777296245098114e-02
-2.338253706693649292e-02
-2.340438775718212128e-02
-2.340819686651229858e-02
-2.338560298085212708e-02
-2.335430122911930084e-02
-2.333754859864711761e-02
-2.334311045706272125e-02
-2.334083057940006256e-02
-2.335032261908054352e-02
-2.332712151110172272e-02
-2.332308515906333923e-02
-2.335035242140293121e-02
-2.333885617554187775e-02
-2.332265861332416534e-02
-2.330332621932029724e-02
-2.329954132437705994e-02
-2.329912036657333374e-02
-2.329175919294357300e-02
-2.331116236746311188e-02
-2.332092076539993286e-02
-2.329821325838565826e-02
-2.328670211136341095e-02
-2.330867387354373932e-02
-2.329920977354049683e-02
-2.328945137560367584e-02
-2.330287918448448181e-02
-2.331033535301685333e-02
-2.331270091235637665e-02
-2.332653850317001343e-02
-2.333270758390426636e-02
-2.333887666463851929e-02
-2.329141646623611450e-02
-2.329477481544017792e-02
-2.328875474631786346e-02
-2.329737134277820587e-02
-2.327676489949226379e-02
-2.327177114784717560e-02
-2.326793037354946136e-02
-2.326194755733013153e-02
-2.326554805040359497e-02
-2.325137332081794739e-02
-2.326057665050029755e-02
-2.325596660375595093e-02
-2.327908948063850403e-02
-2.328030951321125031e-02
-2.327483147382736206e-02
-2.329484559595584869e-02
-2.328634634613990784e-02
-2.325503900647163391e-02
-2.328834123909473419e-02
-2.330353483557701111e-02
-2.331710793077945709e-02
-2.334919199347496033e-02
-2.335662581026554108e-02
-2.336547710001468658e-02
-2.339131012558937073e-02
-2.338453754782676697e-02
-2.337316796183586121e-02
-2.338380180299282074e-02
-2.342600189149379730e-02
-2.342147193849086761e-02
-2.342215552926063538e-02
-2.340304292738437653e-02
-2.341636642813682556e-02
-2.341263368725776672e-02
-2.342880703508853912e-02
-2.341594174504280090e-02
-2.341635897755622864e-02
-2.339861728250980377e-02
-2.341440878808498383e-02
-2.340497449040412903e-02
-2.340115793049335480e-02
-2.339839003980159760e-02
-2.336481958627700806e-02
-2.337667904794216156e-02
-2.338426187634468079e-02
-2.341908775269985199e-02
-2.341148070991039276e-02
-2.339596860110759735e-02
-2.341193519532680511e-02
-2.340371347963809967e-02
-2.343350276350975037e-02
-2.341408841311931610e-02
-2.343178912997245789e-02
-2.343872934579849243e-02
-2.342048846185207367e-02
-2.340671047568321228e-02
-2.339898608624935150e-02
-2.339337579905986786e-02
-2.340120263397693634e-02
-2.340045757591724396e-02
-2.340408787131309509e-02
-2.338254079222679138e-02
-2.337462268769741058e-02
-2.335650287568569183e-02
-2.336479537189006805e-02
-2.336354367434978485e-02
-2.336844056844711304e-02
-2.336187474429607391e-02
-2.337086759507656097e-02
-2.338022552430629730e-02
-2.338405884802341461e-02
-2.339142188429832458e-02
-2.338478714227676392e-02
-2.335007302463054657e-02
-2.334721758961677551e-02
-2.334342338144779205e-02
-2.336769551038742065e-02
-2.338919974863529205e-02
-2.340006455779075623e-02
-2.341973036527633667e-02
-2.342240698635578156e-02
-2.342947572469711304e-02
-2.344313822686672211e-02
-2.343902178108692169e-02
-2.343097515404224396e-02
-2.343583665788173676e-02
-2.343939803540706635e-02
-2.343727089464664459e-02
-2.346051670610904694e-02
-2.346666902303695679e-02
-2.345749363303184509e-02
-2.346525155007839203e-02
-2.344325743615627289e-02
-2.345040813088417053e-02
-2.344694174826145172e-02
-2.347850240767002106e-02
-2.346668578684329987e-02
-2.347144670784473419e-02
-2.344679459929466248e-02
-2.348062582314014435e-02
-2.347389422357082367e-02
-2.347630448639392853e-02
-2.348638884723186493e-02
-2.348748780786991119e-02
-2.349091507494449615e-02
-2.349180728197097778e-02
-2.353619411587715149e-02
-2.353279665112495422e-02
-2.353919483721256256e-02
-2.354732342064380646e-02
-2.358336187899112701e-02
-2.356863394379615784e-02
-2.357553318142890930e-02
-2.358740754425525665e-02
-2.361481636762619019e-02
-2.359438687562942505e-02
-2.359868772327899933e-02
-2.360495552420616150e-02
-2.360897138714790344e-02
-2.358942665159702301e-02
-2.359590120613574982e-02
-2.358983270823955536e-02
-2.359559945762157440e-02
-2.358416840434074402e-02
-2.360776253044605255e-02
-2.361180074512958527e-02
-2.362026087939739227e-02
-2.364182099699974060e-02
-2.363966964185237885e-02
-2.364269271492958069e-02
-2.363686822354793549e-02
-2.361324243247509003e-02
-2.361790649592876434e-02
-2.363471500575542450e-02
-2.360024489462375641e-02
-2.362055703997612000e-02
-2.361582592129707336e-02
-2.361538074910640717e-02
-2.360739745199680328e-02
-2.359795384109020233e-02
-2.359886281192302704e-02
-2.360613457858562469e-02
-2.360145188868045807e-02
-2.359689585864543915e-02
-2.358343079686164856e-02
-2.358331531286239624e-02
-2.357858046889305115e-02
-2.359527908265590668e-02
-2.357705682516098022e-02
-2.357188612222671509e-02
-2.359421923756599426e-02
-2.357259020209312439e-02
-2.359616942703723907e-02
-2.357543446123600006e-02
-2.359570935368537903e-02
-2.358770184218883514e-02
-2.361504547297954559e-02
-2.361377701163291931e-02
-2.360671386122703552e-02
-2.362351864576339722e-02
-2.359916456043720245e-02
-2.361880801618099213e-02
-2.363201417028903961e-02
-2.365271188318729401e-02
-2.366325072944164276e-02
-2.369565330445766449e-02
-2.370020560920238495e-02
-2.371823415160179138e-02
-2.370453439652919769e-02
-2.370781451463699341e-02
-2.372160367667675018e-02
-2.373578399419784546e-02
-2.373388595879077911e-02
-2.374102361500263214e-02
-2.374536730349063873e-02
-2.377416007220745087e-02
-2.377025596797466278e-02
-2.375798858702182770e-02
-2.376221306622028351e-02
-2.376324497163295746e-02
-2.375387772917747498e-02
-2.376511879265308380e-02
-2.377630956470966339e-02
-2.378622628748416901e-02
-2.379361726343631744e-02
-2.379108406603336334e-02
-2.378416247665882111e-02
-2.379049174487590790e-02
-2.380575053393840790e-02
-2.380382269620895386e-02
-2.381069399416446686e-02
-2.381774038076400757e-02
-2.382562309503555298e-02
-2.383131720125675201e-02
-2.382013760507106781e-02
-2.382270805537700653e-02
-2.382926829159259796e-02
-2.382596954703330994e-02
-2.381793595850467682e-02
-2.384299598634243011e-02
-2.383185364305973053e-02
-2.383396960794925690e-02
-2.383058890700340271e-02
-2.382782474160194397e-02
-2.383645810186862946e-02
-2.384192682802677155e-02
-2.381880395114421844e-02
-2.381778508424758911e-02
-2.382543869316577911e-02
-2.383149415254592896e-02
-2.385515160858631134e-02
-2.385169826447963715e-02
-2.386837266385555267e-02
-2.385036088526248932e-02
-2.384648285806179047e-02
-2.385120466351509094e-02
-2.385893836617469788e-02
-2.384826354682445526e-02
-2.385383099317550659e-02
-2.387036569416522980e-02
-2.386255376040935516e-02
-2.387125045061111450e-02
-2.388035133481025696e-02
-2.387197501957416534e-02
-2.388580515980720520e-02
-2.387991733849048615e-02
-2.387190051376819611e-02
-2.386017888784408569e-02
-2.385665290057659149e-02
-2.387318201363086700e-02
-2.387024648487567902e-02
-2.387089096009731293e-02
-2.387585863471031189e-02
-2.386103384196758270e-02
-2.387989871203899384e-02
-2.387383207678794861e-02
-2.388764731585979462e-02
-2.388572320342063904e-02
-2.387670241296291351e-02
-2.386221475899219513e-02
-2.387189492583274841e-02
-2.387932687997817993e-02
-2.384458296000957489e-02
-2.386563830077648163e-02
-2.386807650327682495e-02
-2.386283501982688904e-02
-2.386676147580146790e-02
-2.386064454913139343e-02
-2.386897429823875427e-02
-2.385446988046169281e-02
-2.386934868991374969e-02
-2.386185340583324432e-02
-2.385509759187698364e-02
-2.384633757174015045e-02
-2.385668270289897919e-02
-2.385493554174900055e-02
-2.385368011891841888e-02
-2.385506220161914825e-02
-2.384893037378787994e-02
-2.384070120751857758e-02
-2.385672181844711304e-02
-2.384722046554088593e-02
-2.385524846613407135e-02
-2.385875768959522247e-02
-2.384958975017070770e-02
-2.385043911635875702e-02
-2.383605577051639557e-02
-2.383411861956119537e-02
-2.383918315172195435e-02
-2.383944950997829437e-02
-2.383233979344367981e-02
-2.382611855864524841e-02
-2.382676675915718079e-02
-2.382257021963596344e-02
-2.382288128137588501e-02
-2.382311411201953888e-02
-2.380913123488426208e-02
-2.383882366120815277e-02
-2.381018921732902527e-02
-2.380584552884101868e-02
-2.381823025643825531e-02
-2.380892261862754822e-02
-2.381435222923755646e-02
-2.380691841244697571e-02
-2.381471544504165649e-02
-2.381512150168418884e-02
-2.381033450365066528e-02
-2.382286079227924347e-02
-2.380140870809555054e-02
-2.381554804742336273e-02
-2.381111867725849152e-02
-2.381307817995548248e-02
-2.382050268352031708e-02
-2.380611374974250793e-02
-2.381033077836036682e-02
-2.382122725248336792e-02
-2.380806580185890198e-02
-2.381318993866443634e-02
-2.379020303487777710e-02
-2.380631677806377411e-02
-2.379957772791385651e-02
-2.379522286355495453e-02
-2.380448207259178162e-02
-2.378914132714271545e-02
-2.380436845123767853e-02
-2.379604615271091461e-02
-2.379979752004146576e-02
-2.378718368709087372e-02
-2.379598096013069153e-02
-2.380138263106346130e-02
-2.380330488085746765e-02
-2.379612810909748077e-02
-2.380106039345264435e-02
-2.378537133336067200e-02
-2.379133924841880798e-02
-2.381102181971073151e-02
-2.380701154470443726e-02
-2.380985580384731293e-02
-2.380091883242130280e-02
-2.379120513796806335e-02
-2.378392778337001801e-02
-2.378014102578163147e-02
-2.380770817399024963e-02
-2.379902079701423645e-02
-2.380619756877422333e-02
-2.381656877696514130e-02
-2.381819114089012146e-02
-2.380858734250068665e-02
-2.381330356001853943e-02
-2.381766960024833679e-02
-2.382682077586650848e-02
-2.382816933095455170e-02
-2.382911182940006256e-02
-2.382388152182102203e-02
-2.382086776196956635e-02
-2.383211068809032440e-02
-2.382816188037395477e-02
-2.382340468466281891e-02
-2.381935529410839081e-02
-2.382304519414901733e-02
-2.382034622132778168e-02
-2.381774038076400757e-02
-2.382998540997505188e-02
-2.382084913551807404e-02
-2.381230518221855164e-02
-2.380767278373241425e-02
-2.380865998566150665e-02
-2.382750436663627625e-02
-2.381809428334236145e-02
-2.382632717490196228e-02
-2.381932362914085388e-02
-2.382962219417095184e-02
-2.383444644510746002e-02
-2.383108250796794891e-02
-2.383962832391262054e-02
-2.382891252636909485e-02
-2.385113388299942017e-02
-2.385416813194751740e-02
-2.384990081191062927e-02
-2.384414337575435638e-02
-2.385025843977928162e-02
-2.385656349360942841e-02
-2.385806664824485779e-02
-2.386935241520404816e-02
-2.387126907706260681e-02
-2.385822869837284088e-02
-2.385873906314373016e-02
-2.384672872722148895e-02
-2.385669574141502380e-02
-2.386532537639141083e-02
-2.385954186320304871e-02
-2.385926060378551483e-02
-2.385778911411762238e-02
-2.385617233812808990e-02
-2.387164160609245300e-02
-2.386360429227352142e-02
-2.387384697794914246e-02
-2.387114241719245911e-02
-2.386195398867130280e-02
-2.385337091982364655e-02
-2.386415936052799225e-02
-2.387190796434879303e-02
-2.387503720819950104e-02
-2.386820688843727112e-02
-2.386131137609481812e-02
-2.385118231177330017e-02
-2.387133054435253143e-02
-2.386575378477573395e-02
-2.386653609573841095e-02
-2.388012968003749847e-02
-2.387948147952556610e-02
-2.388501353561878204e-02
-2.387883514165878296e-02
-2.388340421020984650e-02
-2.388313598930835724e-02
-2.388248406350612640e-02
-2.388241514563560486e-02
-2.388254739344120026e-02
-2.388254925608634949e-02
-2.389989420771598816e-02
-2.388653345406055450e-02
-2.387935668230056763e-02
-2.386901900172233582e-02
-2.388129197061061859e-02
-2.387703396379947662e-02
-2.388642169535160065e-02
-2.385499142110347748e-02
-2.387387864291667938e-02
-2.387971058487892151e-02
-2.387752011418342590e-02
-2.386565320193767548e-02
-2.387596853077411652e-02
-2.387153543531894684e-02
-2.386686764657497406e-02
-2.388182654976844788e-02
-2.388413995504379272e-02
-2.388888783752918243e-02
-2.388924732804298401e-02
-2.386819198727607727e-02
-2.389762364327907562e-02
-2.389648184180259705e-02
-2.388136647641658783e-02
-2.388795651495456696e-02
-2.389021031558513641e-02
-2.390495315194129944e-02
-2.390432916581630707e-02
-2.390888519585132599e-02
-2.391301654279232025e-02
-2.390252240002155304e-02
-2.389027923345565796e-02
-2.389197610318660736e-02
-2.390334196388721466e-02
-2.390695735812187195e-02
-2.391046844422817230e-02
-2.391378395259380341e-02
-2.391973324120044708e-02
-2.391384169459342957e-02
-2.393130771815776825e-02
-2.392555586993694305e-02
-2.391209639608860016e-02
-2.392677403986454010e-02
-2.391071245074272156e-02
-2.391365356743335724e-02
-2.392568811774253845e-02
-2.391050197184085846e-02
-2.392798103392124176e-02
-2.391920052468776703e-02
-2.392947860062122345e-02
-2.392229624092578888e-02
-2.392284199595451355e-02
-2.391137555241584778e-02
-2.390950545668601990e-02
-2.390885539352893829e-02
-2.390660718083381653e-02
-2.390895225107669830e-02
-2.391158416867256165e-02
-2.391386218369007111e-02
-2.391310781240463257e-02
-2.390589565038681030e-02
-2.392275072634220123e-02
-2.392504177987575531e-02
-2.391930855810642242e-02
-2.392030693590641022e-02
-2.392272092401981354e-02
-2.393516339361667633e-02
-2.394281700253486633e-02
-2.393597550690174103e-02
-2.393932081758975983e-02
-2.395572699606418610e-02
-2.396363765001296997e-02
-2.396589145064353943e-02
-2.396793477237224579e-02
-2.397187426686286926e-02
-2.397331222891807556e-02
-2.397378347814083099e-02
-2.397790737450122833e-02
-2.395961806178092957e-02
-2.397283166646957397e-02
-2.396848611533641815e-02
-2.396123483777046204e-02
-2.397012896835803986e-02
-2.397207729518413544e-02
-2.397133782505989075e-02
-2.397036738693714142e-02
-2.397601120173931122e-02
-2.397622354328632355e-02
-2.397926524281501770e-02
-2.398408204317092896e-02
-2.398028597235679626e-02
-2.397817559540271759e-02
-2.397633157670497894e-02
-2.396270260214805603e-02
-2.396507933735847473e-02
-2.397051826119422913e-02
-2.397591806948184967e-02
-2.397934161126613617e-02
-2.398004196584224701e-02
-2.396318875253200531e-02
-2.396075800061225891e-02
-2.397191151976585388e-02
-2.395745739340782166e-02
-2.395832724869251251e-02
-2.396550960838794708e-02
-2.396176569163799286e-02
-2.396229840815067291e-02
-2.396666444838047028e-02
-2.396889217197895050e-02
-2.396327070891857147e-02
-2.396330796182155609e-02
-2.395795099437236786e-02
-2.397244237363338470e-02
-2.395718172192573547e-02
-2.396031469106674194e-02
-2.395615726709365845e-02
-2.395525015890598297e-02
-2.396484278142452240e-02
-2.395256236195564270e-02
-2.395610325038433075e-02
-2.394962869584560394e-02
-2.395302988588809967e-02
-2.395814098417758942e-02
-2.395483292639255524e-02
-2.394248917698860168e-02
-2.395789697766304016e-02
-2.394499257206916809e-02
-2.394525893032550812e-02
-2.395239099860191345e-02
-2.394221536815166473e-02
-2.395186945796012878e-02
-2.394182793796062469e-02
-2.394963614642620087e-02
-2.394573949277400970e-02
-2.394264191389083862e-02
-2.394563145935535431e-02
-2.394491061568260193e-02
-2.394527569413185120e-02
-2.394188381731510162e-02
-2.394881471991539001e-02
-2.394575811922550201e-02
-2.394233085215091705e-02
-2.394494600594043732e-02
-2.395004965364933014e-02
-2.393556758761405945e-02
-2.394746057689189911e-02
-2.394032664597034454e-02
-2.393138036131858826e-02
-2.393302880227565765e-02
-2.394140139222145081e-02
-2.393168397247791290e-02
-2.393575944006443024e-02
-2.393435128033161163e-02
-2.392602339386940002e-02
-2.394817396998405457e-02
-2.394311875104904175e-02
-2.393341250717639923e-02
-2.394476905465126038e-02
-2.394950948655605316e-02
-2.394134737551212311e-02
-2.393789216876029968e-02
-2.393134683370590210e-02
-2.393909171223640442e-02
-2.393389679491519928e-02
-2.394559606909751892e-02
-2.393831498920917511e-02
-2.394380792975425720e-02
-2.393221482634544373e-02
-2.393410168588161469e-02
-2.393815293908119202e-02
-2.394663356244564056e-02
-2.395160123705863953e-02
-2.393420413136482239e-02
-2.392836660146713257e-02
-2.393888495862483978e-02
-2.392880059778690338e-02
-2.394061163067817688e-02
-2.392938174307346344e-02
-2.393263392150402069e-02
-2.392898686230182648e-02
-2.393485978245735168e-02
-2.393000200390815735e-02
-2.393137104809284210e-02
-2.393677644431591034e-02
-2.392115443944931030e-02
-2.392830699682235718e-02
-2.393198944628238678e-02
-2.394194342195987701e-02
-2.393323741853237152e-02
-2.393484301865100861e-02
-2.392763830721378326e-02
-2.393340505659580231e-02
-2.393205836415290833e-02
-2.391845174133777618e-02
-2.393048629164695740e-02
-2.392660640180110931e-02
-2.394046634435653687e-02
-2.392681129276752472e-02
-2.393064461648464203e-02
-2.392785623669624329e-02
-2.392335608601570129e-02
-2.391619794070720673e-02
-2.392749860882759094e-02
-2.392777614295482635e-02
-2.393839508295059204e-02
-2.393281273543834686e-02
-2.393268980085849762e-02
-2.393113449215888977e-02
-2.394326217472553253e-02
-2.393008954823017120e-02
-2.394594065845012665e-02
-2.392654307186603546e-02
-2.393336407840251923e-02
-2.392930537462234497e-02
-2.392603643238544464e-02
-2.393098920583724976e-02
-2.393095940351486206e-02
-2.393339946866035461e-02
-2.392164245247840881e-02
-2.393334731459617615e-02
-2.391784079372882843e-02
-2.392728999257087708e-02
-2.391455508768558502e-02
-2.391034550964832306e-02
-2.393591590225696564e-02
-2.392781153321266174e-02
-2.392751164734363556e-02
-2.393249236047267914e-02
-2.391583658754825592e-02
-2.391691133379936218e-02
-2.392032183706760406e-02
-2.393261156976222992e-02
-2.392150834202766418e-02
-2.392425015568733215e-02
-2.393344230949878693e-02
-2.393338643014431000e-02
-2.392189018428325653e-02
-2.391216903924942017e-02
-2.391568571329116821e-02
-2.392525784671306610e-02
-2.391231991350650787e-02
-2.391789481043815613e-02
-2.392626740038394928e-02
-2.392698638141155243e-02
-2.392397448420524597e-02
-2.391728945076465607e-02
-2.390777319669723511e-02
-2.391687221825122833e-02
-2.391104213893413544e-02
-2.391909249126911163e-02
-2.392602898180484772e-02
-2.391811832785606384e-02
-2.392736449837684631e-02
-2.392000891268253326e-02
-2.393107861280441284e-02
-2.392106503248214722e-02
-2.391984313726425171e-02
-2.391316555440425873e-02
-2.391359396278858185e-02
-2.391046099364757538e-02
-2.393178828060626984e-02
-2.391905151307582855e-02
-2.392096631228923798e-02
-2.391091734170913696e-02
-2.391934022307395935e-02
-2.390797622501850128e-02
-2.391992136836051941e-02
-2.391145378351211548e-02
-2.390702813863754272e-02
-2.389875240623950958e-02
-2.390344254672527313e-02
-2.392465062439441681e-02
-2.391730062663555145e-02
-2.391488105058670044e-02
-2.390710450708866119e-02
-2.391602843999862671e-02
-2.391605824232101440e-02
-2.391712181270122528e-02
-2.391420118510723114e-02
-2.392316423356533051e-02
-2.390951476991176605e-02
-2.392010204493999481e-02
-2.392883040010929108e-02
-2.392169088125228882e-02
-2.392424829304218292e-02
-2.391036599874496460e-02
-2.391709201037883759e-02
-2.392051927745342255e-02
-2.391232363879680634e-02
-2.392373420298099518e-02
-2.392576821148395538e-02
-2.391353435814380646e-02
-2.392296865582466125e-02
-2.390702627599239349e-02
-2.392271719872951508e-02
-2.391937561333179474e-02
-2.391270361840724945e-02
-2.392301149666309357e-02
-2.391742914915084839e-02
-2.392277680337429047e-02
-2.391588874161243439e-02
-2.392339333891868591e-02
-2.392456494271755219e-02
-2.392649836838245392e-02
-2.391901053488254547e-02
-2.392742596566677094e-02
-2.392651885747909546e-02
-2.393510565161705017e-02
-2.392658963799476624e-02
-2.392026036977767944e-02
-2.392394468188285828e-02
-2.392967417836189270e-02
-2.393303252756595612e-02
-2.393960207700729370e-02
-2.392397262156009674e-02
-2.392906509339809418e-02
-2.392304316163063049e-02
-2.393485978245735168e-02
-2.393126115202903748e-02
-2.391771040856838226e-02
-2.392198890447616577e-02
-2.392855845391750336e-02
-2.391557767987251282e-02
-2.392539195716381073e-02
-2.392623946070671082e-02
-2.393387630581855774e-02
-2.392856031656265259e-02
-2.392664179205894470e-02
-2.393128909170627594e-02
-2.393825165927410126e-02
-2.394809573888778687e-02
-2.393855527043342590e-02
-2.393830567598342896e-02
-2.392849512398242950e-02
-2.393108792603015900e-02
-2.393354102969169617e-02
-2.393584698438644409e-02
-2.393050678074359894e-02
-2.393349446356296539e-02
-2.394128032028675079e-02
-2.394155971705913544e-02
-2.393583580851554871e-02
-2.392923273146152496e-02
-2.393263205885887146e-02
-2.393207512795925140e-02
-2.392423525452613831e-02
-2.395125105977058411e-02
-2.393946237862110138e-02
-2.393885701894760132e-02
-2.395022474229335785e-02
-2.394526079297065735e-02
-2.395086735486984253e-02
-2.395506389439105988e-02
-2.394618466496467590e-02
-2.394785918295383453e-02
-2.394900657236576080e-02
-2.395092323422431946e-02
-2.393760904669761658e-02
-2.395277097821235657e-02
-2.394879795610904694e-02
-2.395459637045860291e-02
-2.395590580999851227e-02
-2.394231595098972321e-02
-2.394448034465312958e-02
-2.394140698015689850e-02
-2.394821122288703918e-02
-2.395927347242832184e-02
-2.394761517643928528e-02
-2.395399473607540131e-02
-2.394085004925727844e-02
-2.393557876348495483e-02
-2.395357936620712280e-02
-2.393995970487594604e-02
-2.395276166498661041e-02
-2.395103499293327332e-02
-2.395496331155300140e-02
-2.395487390458583832e-02
-2.394663356244564056e-02
-2.394210919737815857e-02
-2.394322119653224945e-02
-2.396028675138950348e-02
-2.395267039537429810e-02
-2.395634166896343231e-02
-2.394310198724269867e-02
-2.395429462194442749e-02
-2.396612614393234253e-02
-2.396056987345218658e-02
-2.395619265735149384e-02
-2.396373264491558075e-02
-2.395782060921192169e-02
-2.395284362137317657e-02
-2.395067177712917328e-02
-2.395796030759811401e-02
-2.396469563245773315e-02
-2.395843341946601868e-02
-2.396293729543685913e-02
-2.396472543478012085e-02
-2.396138757467269897e-02
-2.396262995898723602e-02
-2.395660243928432465e-02
-2.396994084119796753e-02
-2.396268211305141449e-02
-2.396121807396411896e-02
-2.394137345254421234e-02
-2.394771389663219452e-02
-2.397671528160572052e-02
-2.395812794566154480e-02
-2.396781183779239655e-02
-2.396304532885551453e-02
-2.396165207028388977e-02
-2.397080510854721069e-02
-2.397368289530277252e-02
-2.396521158516407013e-02
-2.396280504763126373e-02
-2.396694757044315338e-02
-2.396016754209995270e-02
-2.395639009773731232e-02
-2.395943924784660339e-02
-2.397332899272441864e-02
-2.397355064749717712e-02
-2.397547103464603424e-02
-2.398602105677127838e-02
-2.397879213094711304e-02
-2.397983148694038391e-02
-2.396765165030956268e-02
-2.397244796156883240e-02
-2.397240139544010162e-02
-2.396619878709316254e-02
-2.397299744188785553e-02
-2.398066595196723938e-02
-2.397374249994754791e-02
-2.398188039660453796e-02
-2.398115582764148712e-02
-2.397504821419715881e-02
-2.397110871970653534e-02
-2.398347295820713043e-02
-2.398406714200973511e-02
-2.398208715021610260e-02
-2.397928945720195770e-02
-2.397593297064304352e-02
-2.396699227392673492e-02
-2.398232184350490570e-02
-2.398565970361232758e-02
-2.398528717458248138e-02
-2.397935651242733002e-02
-2.398001775145530701e-02
-2.399288862943649292e-02
-2.399165369570255280e-02
-2.398442476987838745e-02
-2.398792654275894165e-02
-2.399005368351936340e-02
-2.398327924311161041e-02
-2.397457696497440338e-02
-2.398150786757469177e-02
-2.398429252207279205e-02
-2.399438247084617615e-02
-2.397710457444190979e-02
-2.399816922843456268e-02
-2.399460785090923309e-02
-2.398272790014743805e-02
-2.398792468011379242e-02
-2.399281412363052368e-02
-2.399482578039169312e-02
-2.400331944227218628e-02
-2.399780601263046265e-02
-2.399012632668018341e-02
-2.399488538503646851e-02
-2.400016598403453827e-02
-2.399973943829536438e-02
-2.400418557226657867e-02
-2.400285191833972931e-02
-2.400186844170093536e-02
-2.400068379938602448e-02
-2.399070374667644501e-02
-2.399231679737567902e-02
-2.399821393191814423e-02
-2.399829216301441193e-02
-2.400204725563526154e-02
-2.399948798120021820e-02
-2.399708144366741180e-02
-2.400241605937480927e-02
-2.400645427405834198e-02
-2.400488220155239105e-02
-2.400595322251319885e-02
-2.401288971304893494e-02
-2.401169948279857635e-02
-2.400493808090686798e-02
-2.400513738393783569e-02
-2.400558814406394958e-02
-2.399462834000587463e-02
-2.402552589774131775e-02
-2.399883978068828583e-02
-2.400693856179714203e-02
-2.399682253599166870e-02
-2.400594577193260193e-02
-2.399770356714725494e-02
-2.401008456945419312e-02
-2.400619350373744965e-02
-2.401158958673477173e-02
-2.401385083794593811e-02
-2.401088923215866089e-02
-2.400861121714115143e-02
-2.401619404554367065e-02
-2.401294559240341187e-02
-2.401743642985820770e-02
-2.400707080960273743e-02
-2.401615120470523834e-02
-2.401957102119922638e-02
-2.401842735707759857e-02
-2.402056567370891571e-02
-2.399791404604911804e-02
-2.401600219309329987e-02
-2.401903457939624786e-02
-2.402109652757644653e-02
-2.402191609144210815e-02
-2.402699366211891174e-02
-2.402813918888568878e-02
-2.402091585099697113e-02
-2.401946112513542175e-02
-2.401858195662498474e-02
-2.403042279183864594e-02
-2.402023784816265106e-02
-2.402239292860031128e-02
-2.401608414947986603e-02
-2.402175776660442352e-02
-2.401465922594070435e-02
-2.402348630130290985e-02
-2.402609772980213165e-02
-2.402824722230434418e-02
-2.403145283460617065e-02
-2.403268404304981232e-02
-2.402199245989322662e-02
-2.402608469128608704e-02
-2.402095124125480652e-02
-2.401438914239406586e-02
-2.401415817439556122e-02
-2.402230538427829742e-02
-2.401777170598506927e-02
-2.401371113955974579e-02
-2.402701601386070251e-02
-2.402622066438198090e-02
-2.402745001018047333e-02
-2.403522096574306488e-02
-2.403083629906177521e-02
-2.402993291616439819e-02
-2.403580956161022186e-02
-2.403912879526615143e-02
-2.402267418801784515e-02
-2.403105609118938446e-02
-2.402377687394618988e-02
-2.402558550238609314e-02
-2.403542958199977875e-02
-2.403920702636241913e-02
-2.402227744460105896e-02
-2.402428351342678070e-02
-2.402389980852603912e-02
-2.403946779668331146e-02
-2.403258532285690308e-02
-2.402367442846298218e-02
-2.402040921151638031e-02
-2.402340248227119446e-02
-2.402678690850734711e-02
-2.402766793966293335e-02
-2.402273379266262054e-02
-2.402370236814022064e-02
-2.404186502099037170e-02
-2.403207868337631226e-02
-2.402902953326702118e-02
-2.402966096997261047e-02
-2.403393760323524475e-02
-2.402413822710514069e-02
-2.402287162840366364e-02
-2.403321303427219391e-02
-2.403317578136920929e-02
-2.402158267796039581e-02
-2.401795238256454468e-02
-2.400520630180835724e-02
-2.401179634034633636e-02
-2.401546575129032135e-02
-2.401602827012538910e-02
-2.401131577789783478e-02
-2.401109784841537476e-02
-2.402606047689914703e-02
-2.403025142848491669e-02
-2.401996776461601257e-02
-2.402006834745407104e-02
-2.401550300419330597e-02
-2.402234636247158051e-02
-2.403004653751850128e-02
-2.402066066861152649e-02
-2.402671799063682556e-02
-2.402605488896369934e-02
-2.402171306312084198e-02
-2.401808090507984161e-02
-2.401698939502239227e-02
-2.402533963322639465e-02
-2.402459830045700073e-02
-2.403099648654460907e-02
-2.402640320360660553e-02
-2.402294613420963287e-02
-2.401991933584213257e-02
-2.402527257800102234e-02
-2.402049116790294647e-02
-2.402459830045700073e-02
-2.402528747916221619e-02
-2.402609214186668396e-02
-2.403513155877590179e-02
-2.403498999774456024e-02
-2.402377873659133911e-02
-2.401588670909404755e-02
-2.402680367231369019e-02
-2.402854152023792267e-02
-2.403767779469490051e-02
-2.401742152869701385e-02
-2.402189001441001892e-02
-2.402786538004875183e-02
-2.401750162243843079e-02
-2.402536012232303619e-02
-2.402545884251594543e-02
-2.402749285101890564e-02
-2.403896488249301910e-02
-2.403113059699535370e-02
-2.403230033814907074e-02
-2.402840368449687958e-02
-2.401493862271308899e-02
-2.402414940297603607e-02
-2.403115481138229370e-02
-2.402142621576786041e-02
-2.402874641120433807e-02
-2.402972057461738586e-02
-2.402030304074287415e-02
-2.401632256805896759e-02
-2.402085810899734497e-02
-2.402088604867458344e-02
-2.402730658650398254e-02
-2.401552908122539520e-02
-2.402355894446372986e-02
-2.401627972722053528e-02
-2.402586117386817932e-02
-2.402985282242298126e-02
-2.403179742395877838e-02
-2.401983924210071564e-02
-2.402291260659694672e-02
-2.402206137776374817e-02
-2.402298338711261749e-02
-2.403045259416103363e-02
-2.401740103960037231e-02
-2.403088659048080444e-02
-2.402572706341743469e-02
-2.401971071958541870e-02
-2.402502857148647308e-02
-2.401090972125530243e-02
-2.401850186288356781e-02
-2.402452193200588226e-02
-2.403131499886512756e-02
-2.402676828205585480e-02
-2.402692660689353943e-02
-2.404054068028926849e-02
-2.402702532708644867e-02
-2.401902899146080017e-02
-2.402369119226932526e-02
-2.402829751372337341e-02
-2.402357198297977448e-02
-2.402624674141407013e-02
-2.402666397392749786e-02
-2.402865141630172729e-02
-2.402491681277751923e-02
-2.403238601982593536e-02
-2.403075434267520905e-02
-2.402924373745918274e-02
-2.402528934180736542e-02
-2.402379736304283142e-02
-2.402281388640403748e-02
-2.402339503169059753e-02
-2.402718737721443176e-02
-2.403003536164760590e-02
-2.402063086628913879e-02
-2.402694895863533020e-02
-2.401597611606121063e-02
-2.402896992862224579e-02
-2.402919717133045197e-02
-2.402973547577857971e-02
-2.401624992489814758e-02
-2.402075380086898804e-02
-2.402562461793422699e-02
-2.402766980230808258e-02
-2.402339503169059753e-02
-2.402276359498500824e-02
-2.401917055249214172e-02
-2.403042651712894440e-02
-2.402498945593833923e-02
-2.402319572865962982e-02
-2.397145703434944153e-02
-2.398842759430408478e-02
-2.400157414376735687e-02
-2.399572916328907013e-02
-2.399183250963687897e-02
-2.400756068527698517e-02
-2.400589548051357269e-02
-2.400346845388412476e-02
-2.398905344307422638e-02
-2.399487048387527466e-02
-2.399671263992786407e-02
-2.399774268269538879e-02
-2.399632893502712250e-02
-2.399984933435916901e-02
-2.399395219981670380e-02
-2.400084957480430603e-02
-2.398819848895072937e-02
-2.399370633065700531e-02
-2.399668656289577484e-02
-2.400118671357631683e-02
-2.399158850312232971e-02
-2.400066703557968140e-02
-2.399981953203678131e-02
-2.399545721709728241e-02
-2.399146743118762970e-02
-2.400245890021324158e-02
-2.400557883083820343e-02
-2.400599233806133270e-02
-2.400024048984050751e-02
-2.400686964392662048e-02
-2.400449290871620178e-02
-2.400373667478561401e-02
-2.400100976228713989e-02
-2.399415522813796997e-02
-2.400639094412326813e-02
-2.399618364870548248e-02
