-3.170080421562909700e-02
-3.168301954512069835e-02
-3.167882642875956972e-02
-3.166001368680944339e-02
-3.164884123136700589e-02
-3.164131289082712517e-02
-3.162531147534147768e-02
-3.161200788157362412e-02
-3.157216904167371024e-02
-3.154739529640762652e-02
-3.154599989711238256e-02
-3.150702908371277866e-02
-3.149376238178718673e-02
-3.147390123806338702e-02
-3.144085905445413026e-02
-3.144343723973118399e-02
-3.140739441357837114e-02
-3.140532516484013242e-02
-3.137496107989729693e-02
-3.135969273271373148e-02
-3.134821257802127698e-02
-3.133594809793532887e-02
-3.133498107208539107e-02
-3.131529230845411099e-02
-3.129864491546006933e-02
-3.129320033748484581e-02
-3.129920275265461738e-02
-3.129613254745371859e-02
-3.127844143213216049e-02
-3.126199218878773084e-02
-3.126291359638690842e-02
-3.125256055753704992e-02
-3.124205843821148409e-02
-3.124631797786962470e-02
-3.124882153726906558e-02
-3.123006478924948356e-02
-3.121161679878211442e-02
-3.123250426209229352e-02
-3.122074834267855523e-02
-3.121473358798710490e-02
-3.121542340140833968e-02
-3.120937271695198301e-02
-3.120643809217746312e-02
-3.120172754561467005e-02
-3.120932656550187007e-02
-3.119245302930928609e-02
-3.118834425306069719e-02
-3.121176091347213286e-02
-3.121298681834916780e-02
-3.120150543168169130e-02
-3.120993353011294880e-02
-3.119201543839087223e-02
-3.118584003783209102e-02
-3.119191885758852353e-02
-3.119669732888838767e-02
-3.118338848913281697e-02
-3.119270923238948862e-02
-3.121619254195507481e-02
-3.120109293277709486e-02
-3.118735707371583094e-02
-3.118345622049106119e-02
-3.120468880932735639e-02
-3.119120562914024647e-02
-3.119686590953472255e-02
-3.118156094924627239e-02
-3.117557289958232045e-02
-3.118571978034615291e-02
-3.119251231338316527e-02
-3.118628891482611021e-02
-3.117899525165076027e-02
-3.119445711325811652e-02
-3.115702752085068236e-02
-3.118348908663696670e-02
-3.118956875755603611e-02
-3.117584446801405229e-02
-3.118641236698690630e-02
-3.117284837706796319e-02
-3.118506610742636728e-02
-3.118232123339409814e-02
-3.116953993615684607e-02
-3.118621247926914308e-02
-3.117174070186529838e-02
-3.116228096903669517e-02
-3.117043908308414490e-02
-3.118981300805364829e-02
-3.117685719886166898e-02
-3.116509475734155835e-02
-3.117163876553748561e-02
-3.116602597427440766e-02
-3.117512068063633610e-02
-3.116702447700409745e-02
-3.116253315166299040e-02
-3.116764267732511154e-02
-3.118260934846112456e-02
-3.115729436681002537e-02
-3.116444309082676625e-02
-3.117435857528581475e-02
-3.119395288557631415e-02
-3.118920588968301932e-02
-3.115948857093539179e-02
-3.117033202409471779e-02
-3.117250770136915233e-02
-3.116999775401189596e-02
-3.117986932453188295e-02
-3.115910469275598796e-02
-3.118430810027375891e-02
-3.118219802608265118e-02
-3.117938558813136349e-02
-3.118471615277942921e-02
-3.116874427543975951e-02
-3.117480022651494820e-02
-3.116115923263056489e-02
-3.116776565565777465e-02
-3.117651448788695892e-02
-3.116316850941083794e-02
-3.116029120277191700e-02
-3.117123038351924877e-02
-3.119049297554163727e-02
-3.119237700187812989e-02
-3.120541772516636711e-02
-3.120553066807125672e-02
-3.118450702958773177e-02
-3.118945329107059364e-02
-3.118067686168888783e-02
-3.118853739251029392e-02
-3.119591063208811826e-02
-3.119497331162328010e-02
-3.120214774683714026e-02
-3.116917752580679671e-02
-3.121392616495812303e-02
-3.121389678865498993e-02
-3.120514740622425467e-02
-3.119633652202459875e-02
-3.119633350533528374e-02
-3.118105936749304002e-02
-3.117738425954144632e-02
-3.118819335170594162e-02
-3.117461213253299931e-02
-3.116380962880529321e-02
-3.118203703575491911e-02
-3.117912949364947187e-02
-3.119917918434671894e-02
-3.119316179163447375e-02
-3.117097100180402439e-02
-3.118174688431111022e-02
-3.117780918770383242e-02
-3.117831832704051273e-02
-3.119540890007735379e-02
-3.117117476234787174e-02
-3.119407734575741983e-02
-3.120387092906303297e-02
-3.119613475398356692e-02
-3.119803706464639032e-02
-3.119679675122782186e-02
-3.120270876663646178e-02
-3.121264563443438417e-02
-3.123351156228984515e-02
-3.121915672482585349e-02
-3.121253234998338372e-02
-3.122122834084573029e-02
-3.121537186885879958e-02
-3.121152182146096424e-02
-3.121980777328967407e-02
-3.122469702382521181e-02
-3.121165184493032360e-02
-3.124101843868563183e-02
-3.125033719177467556e-02
-3.127011760092446302e-02
-3.124813844020952330e-02
-3.124491055620117266e-02
-3.123734901902419647e-02
-3.124767947550281116e-02
-3.123935800182366454e-02
-3.125442832295106943e-02
-3.123667149771518908e-02
-3.124667798188680151e-02
-3.124498097185524764e-02
-3.124336145766300546e-02
-3.125815634154790329e-02
-3.126954682031474198e-02
-3.126004285257800996e-02
-3.125820370065209713e-02
-3.126963626629924303e-02
-3.128359616991126940e-02
-3.127503914001678736e-02
-3.128762749438009777e-02
-3.128700326277760596e-02
-3.128373801940938920e-02
-3.131199584927425728e-02
-3.131344112902747362e-02
-3.134162707833765965e-02
-3.134876570829090575e-02
-3.136586515114568596e-02
-3.137079492483861587e-02
-3.137000576248257649e-02
-3.139598746541087670e-02
-3.139820467593272546e-02
-3.140195813259002294e-02
-3.140408961002996713e-02
-3.142364598480866522e-02
-3.141856157312328951e-02
-3.142925118325702594e-02
-3.145342288077488530e-02
-3.145696946334811117e-02
-3.147230645490289858e-02
-3.148662355036229571e-02
-3.148272752474778197e-02
-3.149707867076998596e-02
-3.148999624206489517e-02
-3.150520459834987158e-02
-3.151151561983831645e-02
-3.151563055979433869e-02
-3.150491190318453066e-02
-3.151417856143644974e-02
-3.152212990476614685e-02
-3.151877704487875825e-02
-3.150658107493980314e-02
-3.153904395897141888e-02
-3.152372457386034416e-02
-3.152287394273223936e-02
-3.152611080380292308e-02
-3.153496809989157768e-02
-3.151865667023419360e-02
-3.153431192457784721e-02
-3.152766184280637873e-02
-3.155091808895964939e-02
-3.155561581538686433e-02
-3.154300402293770678e-02
-3.154755868691670045e-02
-3.155926898255188157e-02
-3.154334340815617005e-02
-3.155585663836845550e-02
-3.155123789125957590e-02
-3.156042513091540658e-02
-3.156846732759526625e-02
-3.157546537088408434e-02
-3.156954226957812276e-02
-3.158100528021775405e-02
-3.158107444900234984e-02
-3.158446378806133159e-02
-3.159344445462120010e-02
-3.161038496418964311e-02
-3.160131648022813933e-02
-3.160520391485178299e-02
-3.162009514019465534e-02
-3.161275201476842350e-02
-3.161987013782853462e-02
-3.163513763243842175e-02
-3.164240993266305424e-02
-3.163469271813160177e-02
-3.165742233451902810e-02
-3.166628016664280176e-02
-3.167043157979339968e-02
-3.168379275843805076e-02
-3.169489702557974631e-02
-3.168730615623234492e-02
-3.169845967165042799e-02
-3.171142560692523371e-02
-3.171212638637700004e-02
-3.171559377757402626e-02
-3.171446173741066660e-02
-3.172662112580285770e-02
-3.173321672951654598e-02
-3.172981248344444727e-02
-3.173720474016785559e-02
-3.173510112261752197e-02
-3.173489699033614497e-02
-3.174995383418137418e-02
-3.175488755915804179e-02
-3.175596785668499678e-02
-3.174656637209116034e-02
-3.175055814526411835e-02
-3.175815010565462976e-02
-3.175425839254520516e-02
-3.177004053189484006e-02
-3.177852067545573755e-02
-3.176948505998558603e-02
-3.176809378746118379e-02
-3.176850660159651757e-02
-3.177208210431987923e-02
-3.177931169906551140e-02
-3.177910098571017777e-02
-3.177730147872510208e-02
-3.178111772434149412e-02
-3.178267073748333033e-02
-3.179057983376570862e-02
-3.178641056956717920e-02
-3.179757809491007975e-02
-3.179463834537028105e-02
-3.178913340996620401e-02
-3.179276317220759013e-02
-3.179041764578693224e-02
-3.180198806341220236e-02
-3.179411733340038737e-02
-3.180642496080585135e-02
-3.180810499154895776e-02
-3.181289870045090479e-02
-3.180847334065089321e-02
-3.180791834787932010e-02
-3.181378601087640062e-02
-3.181132815578511380e-02
-3.180666870055726819e-02
-3.181894836667806953e-02
-3.181589801017879054e-02
-3.181729091685717853e-02
-3.181420766368890651e-02
-3.182431104423378426e-02
-3.181316917391574517e-02
-3.182573842012938886e-02
-3.182200694211516356e-02
-3.182435966185904325e-02
-3.181904271349851598e-02
-3.182934297737064627e-02
-3.183025524454582283e-02
-3.182846714043759823e-02
-3.182869350266025882e-02
-3.182946035914892280e-02
-3.182662582050004713e-02
-3.182508373681388475e-02
-3.183259739521283188e-02
-3.182605225827882245e-02
-3.183458774668809083e-02
-3.183424230435095287e-02
-3.183250579725884627e-02
-3.182768140076377289e-02
-3.184038833649394801e-02
-3.183232745239556599e-02
-3.184055341900330488e-02
-3.183521930975161812e-02
-3.183466632141383756e-02
-3.183564980801568967e-02
-3.184113230893714785e-02
-3.183322441821201387e-02
-3.183946176185482868e-02
-3.183517151030630654e-02
-3.184286132712944861e-02
-3.184100594121123950e-02
-3.184441223810626637e-02
-3.183779358287840144e-02
-3.184357222656062497e-02
-3.184345039112020798e-02
-3.184759776993269925e-02
-3.183944122384450848e-02
-3.183430322106366173e-02
-3.184593260209522131e-02
-3.184593770384758910e-02
-3.184283895538633086e-02
-3.184350644084763676e-02
-3.184225990191415223e-02
-3.184219204489056182e-02
-3.184214662956381253e-02
-3.184958835707946828e-02
-3.185123852804135763e-02
-3.185143303922337299e-02
-3.185280383389576392e-02
-3.184550975352099661e-02
-3.184631929060918049e-02
-3.185094825087490811e-02
-3.184939663152209360e-02
-3.184836700223530465e-02
-3.185408421852684024e-02
-3.185535691159107480e-02
-3.185416998518730836e-02
-3.184960152608348055e-02
-3.184654621653176115e-02
-3.184849873034360790e-02
-3.184978917513433400e-02
-3.185135416075685760e-02
-3.185514883106163597e-02
-3.185395905353975710e-02
-3.184942256915915954e-02
-3.184892799858191070e-02
-3.185001789675343670e-02
-3.184944934978388431e-02
-3.185519667298004898e-02
-3.185210073139489034e-02
-3.185218467767586548e-02
-3.185085195363625277e-02
-3.185728781166263096e-02
-3.185317116594855308e-02
-3.185792929789159345e-02
-3.186074067389612491e-02
-3.186528025775121897e-02
-3.185697032453068539e-02
-3.185473864300699537e-02
-3.185498298629522995e-02
-3.186345901127323604e-02
-3.186274339250486781e-02
-3.185515402862977574e-02
-3.185808761025998859e-02
-3.185956702028934495e-02
-3.185705386611812490e-02
-3.186299315003032068e-02
-3.185976352646732040e-02
-3.185510558202735848e-02
-3.186300605740505915e-02
-3.186272802142842142e-02
-3.186377326051913900e-02
-3.186395757084366231e-02
-3.185957563894288580e-02
-3.185866372871395957e-02
-3.185677448102425952e-02
-3.185965307236655886e-02
-3.185932488328929724e-02
-3.186112321808360487e-02
-3.186476706830814604e-02
-3.187100609513281169e-02
-3.186859597813627987e-02
-3.187105434263667186e-02
-3.186269606252355863e-02
-3.186028688171591711e-02
-3.186400125048245019e-02
-3.186937101037879555e-02
-3.186959809505061220e-02
-3.186132327147917637e-02
-3.186461504843541431e-02
-3.186692615690295965e-02
-3.186974083526280394e-02
-3.186251272217219266e-02
-3.187131663473560111e-02
-3.186758159206609653e-02
-3.186753469471823724e-02
-3.186714952657895145e-02
-3.187229350742461220e-02
-3.186985154061953290e-02
-3.187136066888773822e-02
-3.187608172580035787e-02
-3.187225458401867634e-02
-3.187370534942231964e-02
-3.186920911710049154e-02
-3.186298732073885448e-02
-3.187162746527606727e-02
-3.187118187114356543e-02
-3.186889796229008809e-02
-3.187553666950359438e-02
-3.187590184639362001e-02
-3.187443186769790826e-02
-3.186914514665543235e-02
-3.186712236690993766e-02
-3.187325077946910612e-02
-3.187479142871318949e-02
-3.188016116186170174e-02
-3.187241165391849901e-02
-3.187044996520795037e-02
-3.187411905036278970e-02
-3.187377541196410868e-02
-3.187012151749655381e-02
-3.186874270199583498e-02
-3.187686699225482367e-02
-3.186992173925628363e-02
-3.187734009452660583e-02
-3.187486534325224136e-02
-3.187342741703201587e-02
-3.187148556120460163e-02
-3.187277993960103278e-02
-3.187561778978394156e-02
-3.188265636377927287e-02
-3.187482154924974748e-02
-3.187412176420782034e-02
-3.187992381603631936e-02
-3.187682814756523375e-02
-3.187951265605876855e-02
-3.187434737957015735e-02
-3.187494410111865739e-02
-3.187681014077964337e-02
-3.187817088353962769e-02
-3.187924263394824320e-02
-3.187835696046761175e-02
-3.187422155507768640e-02
-3.187980334952209699e-02
-3.188053764829641007e-02
-3.187493390407181854e-02
-3.188186369441923379e-02
-3.187525161529396883e-02
-3.188100532968363154e-02
-3.188207789914709878e-02
-3.188140809489142108e-02
-3.188045167471104113e-02
-3.188199122633889743e-02
-3.188298746416842050e-02
-3.188174409380608448e-02
-3.188313930969501053e-02
-3.187949961230261003e-02
-3.188202156406821919e-02
-3.187978644718485882e-02
-3.188280216344878404e-02
-3.188093305103244929e-02
-3.187793979958375434e-02
-3.188286629138322587e-02
-3.188367795289542145e-02
-3.187763963893188585e-02
-3.187825885573540574e-02
-3.188364899897939975e-02
-3.188221244807478566e-02
-3.188055377765057485e-02
-3.188759647837629413e-02
-3.188065144722781324e-02
-3.188269045105164567e-02
-3.188117793905755060e-02
-3.187435749450304168e-02
-3.187837992274440008e-02
-3.188164450366003794e-02
-3.188004665112765396e-02
-3.187718624188330685e-02
-3.188057903489231043e-02
-3.188238328511244085e-02
-3.188533002036819664e-02
-3.187669883657246600e-02
-3.188500878821970419e-02
-3.189025127581055635e-02
-3.188129303932680375e-02
-3.188701008107913681e-02
-3.188859691711443817e-02
-3.188236722093583386e-02
-3.188622036413194666e-02
-3.188393440054520384e-02
-3.188969525403147903e-02
-3.188718173641184178e-02
-3.188896036789903854e-02
-3.188762155041859753e-02
-3.188136049449410286e-02
-3.187596911985035586e-02
-3.188211810962433834e-02
-3.188628879813178857e-02
-3.188679033190223305e-02
-3.188520009684171763e-02
-3.188423632568664762e-02
-3.188954841210130120e-02
-3.188291061354159989e-02
-3.188136095908720297e-02
-3.187917818620295690e-02
-3.189264567961395264e-02
-3.188998036632836180e-02
-3.188762207427576351e-02
-3.188696056286306063e-02
-3.188683744528951480e-02
-3.188577519968838897e-02
-3.188265587963341058e-02
-3.188810011922105919e-02
-3.188979369171045936e-02
-3.188706418028940115e-02
-3.188002053553117693e-02
-3.188378362015207440e-02
-3.188291801659851737e-02
-3.188236791939170339e-02
-3.188539311061376613e-02
-3.188664117982169949e-02
-3.188677734072266345e-02
-3.188263028703658408e-02
-3.187966193358740541e-02
-3.188965603767888318e-02
-3.189314481563739617e-02
-3.188954684580879578e-02
-3.188695005855540776e-02
-3.188414494949848993e-02
-3.188684856836641185e-02
-3.188720394590843082e-02
-3.188492178743089489e-02
-3.189417026018730172e-02
-3.188575956401141359e-02
-3.188525864224905915e-02
-3.189006530983748422e-02
-3.188838875744761520e-02
-3.188733098190376508e-02
-3.189096779969680800e-02
-3.188218832199964103e-02
-3.188569252570189888e-02
-3.188315112006358254e-02
-3.189356393065025108e-02
-3.188872357817987974e-02
-3.189043359982696862e-02
-3.188079675626930704e-02
-3.187685541939196815e-02
-3.188767109542205158e-02
-3.188445158556058034e-02
-3.188407727921704210e-02
-3.188524891394705491e-02
-3.188882248144631754e-02
-3.189028147907375238e-02
-3.189329776397471783e-02
-3.188983244008922885e-02
-3.188913255336213448e-02
-3.188475767990013587e-02
-3.188786649766859466e-02
-3.189422896557320142e-02
-3.188531339476786963e-02
-3.188368502183155234e-02
-3.188918725281787714e-02
-3.188855738779436400e-02
-3.188885904127827103e-02
-3.189245935553684796e-02
-3.189059613692851042e-02
-3.188540837131781380e-02
-3.188428873960468674e-02
-3.188984911890636875e-02
-3.189017910567443909e-02
-3.188744779151835018e-02
-3.189175022660119957e-02
-3.189730056026811311e-02
-3.189084556656725244e-02
-3.189614064746323224e-02
-3.188820912703721477e-02
-3.189289921262596084e-02
-3.188589996566975476e-02
-3.189166810972684368e-02
-3.188780019849626890e-02
-3.189450208170686862e-02
-3.189263463761616429e-02
-3.189103929131172077e-02
-3.189257838053206201e-02
-3.189603949504678931e-02
-3.188914088910128897e-02
-3.188635503797176973e-02
-3.188777513746339498e-02
-3.188663497543749170e-02
-3.188796219728502745e-02
-3.189314980831830376e-02
-3.188411256683938710e-02
-3.189519603515572621e-02
-3.188892808714486465e-02
-3.189025588481357587e-02
-3.188754076699785306e-02
-3.188974686150918003e-02
-3.189401633984046552e-02
-3.189258304894439233e-02
-3.189025901247900113e-02
-3.189009323110802985e-02
-3.188670471351436747e-02
-3.189023532213430129e-02
-3.189229513421119183e-02
-3.189362181296982041e-02
-3.189048445925412451e-02
-3.188682439320431744e-02
-3.189426897437800529e-02
-3.189754797631500632e-02
-3.188877086308011116e-02
-3.189544280562209982e-02
-3.189328895925112872e-02
-3.189469700161619292e-02
-3.189257532676274126e-02
-3.189678023834598836e-02
-3.189182635282468425e-02
-3.189415714534282048e-02
-3.189488873044025313e-02
-3.188851061310512408e-02
-3.189351828387860383e-02
-3.189101656530753115e-02
-3.189302863922881953e-02
-3.189761436496865721e-02
-3.189782456957319240e-02
-3.189944540777159970e-02
-3.189273707108866013e-02
-3.189527672006210735e-02
-3.189621636296358781e-02
-3.189074174077739104e-02
-3.189427933406867310e-02
-3.189045171625500691e-02
-3.188888390846450482e-02
-3.188866576363503375e-02
-3.189241971797524694e-02
-3.189434825094961123e-02
-3.189118303053501552e-02
-3.189680453694131862e-02
-3.189277863287977993e-02
-3.189514619055838079e-02
-3.189402942140403402e-02
-3.189401659189357308e-02
-3.189320238161582471e-02
-3.189558417172053822e-02
-3.189425820179246640e-02
-3.189159530990368085e-02
-3.189307921162495840e-02
-3.189147512701811377e-02
-3.189901788274453198e-02
-3.189643605765761503e-02
-3.189334266925465677e-02
-3.189370858900170136e-02
-3.189711208097177619e-02
-3.189259432076694406e-02
-3.189753795585434371e-02
-3.189241945780422333e-02
-3.188945856872470175e-02
-3.189368476279579728e-02
-3.189607265189640939e-02
-3.189515019852784405e-02
-3.189622597593523567e-02
-3.189675846377214991e-02
-3.189748147625438152e-02
-3.189727898471348549e-02
-3.190030156415833706e-02
-3.189746160045705409e-02
-3.189801633983082446e-02
-3.189566653164811055e-02
-3.189417924631139656e-02
-3.189513517844872609e-02
-3.189853659306537276e-02
-3.189154335094481624e-02
-3.189204457454351133e-02
-3.189414008264178368e-02
-3.189165783732906406e-02
-3.190279632299754253e-02
-3.189661156127196473e-02
-3.189676907344641404e-02
-3.189674455882521992e-02
-3.189414932152926513e-02
-3.189826295784063681e-02
-3.189525295224972939e-02
-3.189929286828946386e-02
-3.189476762768788526e-02
-3.189643993249752923e-02
-3.189649274293376857e-02
-3.190102559718733383e-02
-3.189833566032965889e-02
-3.189364908757157113e-02
-3.189443164034030942e-02
-3.189985090157886061e-02
-3.189891112842509202e-02
-3.189937151793358072e-02
-3.189508687704829815e-02
-3.189314044469179071e-02
-3.189819663044340253e-02
-3.190640911902935944e-02
-3.189986220280291440e-02
-3.190428419614144834e-02
-3.189760454400995121e-02
-3.190048659630063260e-02
-3.190154562873932093e-02
-3.189777558638784427e-02
-3.189635614711409245e-02
-3.189111656400489547e-02
-3.189615541620260258e-02
-3.189823352532737688e-02
-3.189753277882016042e-02
-3.190206694644959207e-02
-3.189883918159824167e-02
-3.189760884530588175e-02
-3.189902330651763623e-02
-3.189803364631190602e-02
-3.189482635258290150e-02
-3.189707942015530817e-02
-3.190052781372672286e-02
-3.190000725552887689e-02
-3.189849948249237621e-02
-3.190534707502774153e-02
-3.189615401088672503e-02
-3.189649860534754522e-02
-3.189821685979853105e-02
-3.189856778713994617e-02
-3.190503629674284330e-02
-3.189930054631805872e-02
-3.189786364823705284e-02
-3.189583108960343527e-02
-3.189450959235795580e-02
-3.189432864574676812e-02
-3.189949774352345696e-02
-3.190348279774034290e-02
-3.189931992559032203e-02
-3.189962018145379302e-02
-3.189463297293465560e-02
-3.189333265434285414e-02
-3.189532937530960288e-02
-3.189367807004791361e-02
-3.189067071576304896e-02
-3.189639398247875318e-02
-3.190290106930832037e-02
-3.189519317559513789e-02
-3.189076913978267092e-02
-3.189736013074075810e-02
-3.189476099106976908e-02
-3.189552977605467771e-02
-3.189904091408100190e-02
-3.190183290138388222e-02
-3.190071375343845467e-02
-3.190145228858005250e-02
-3.189636404456255153e-02
-3.189750298420506586e-02
-3.189543162247250596e-02
-3.189335355057131005e-02
-3.189532299975501861e-02
-3.189894877575157744e-02
-3.190210398557662141e-02
-3.189572634660305106e-02
-3.189959683205331048e-02
-3.189825053194593474e-02
-3.190038045642143438e-02
-3.189947795351800314e-02
-3.189963627748117203e-02
-3.189862534909368441e-02
-3.189479262903667511e-02
-3.189496050524297938e-02
-3.190002176424691638e-02
-3.189559569492661506e-02
-3.190055008448606372e-02
-3.190004728968198755e-02
-3.189924633041701929e-02
-3.190206720807825524e-02
-3.189701725706999696e-02
-3.189559683778048216e-02
-3.189592476160787310e-02
-3.190415356369170202e-02
-3.189790065129618352e-02
-3.189715812676875706e-02
-3.189506929730859947e-02
-3.189430426504623328e-02
-3.189879948461828846e-02
-3.190066333955436650e-02
-3.189792846560335349e-02
-3.189641748500398472e-02
-3.189920134971236526e-02
-3.189695593323394612e-02
-3.189546414486521542e-02
-3.189989401451465839e-02
-3.189659883008033603e-02
-3.190054989906674493e-02
-3.190308905343521018e-02
-3.189807634808294184e-02
-3.189375292502507481e-02
-3.189418760035604011e-02
-3.190011954228056529e-02
-3.190327958053200408e-02
-3.190407699284467102e-02
-3.189985209856734810e-02
-3.189966414539047168e-02
-3.189657230329716320e-02
-3.189525631432355707e-02
-3.190023772317085449e-02
-3.189998744119509205e-02
-3.189748943265389991e-02
-3.190072549139578301e-02
-3.189925184372688349e-02
-3.190429255727933455e-02
-3.189911691455832310e-02
-3.189551756124360538e-02
-3.189638789861533319e-02
-3.190042793426284967e-02
-3.189673574728370958e-02
-3.190140776658618310e-02
-3.189596265360503807e-02
-3.189710075170567455e-02
-3.189907784014555520e-02
-3.190209424772206398e-02
-3.189708366458481048e-02
-3.189978800110161022e-02
-3.189681763061626152e-02
-3.190223959567699274e-02
-3.189322582463240130e-02
-3.189522424556307661e-02
-3.189950743383292153e-02
-3.190028830549485744e-02
-3.189550079894962892e-02
-3.189830006889832897e-02
-3.189754757592252327e-02
-3.189562082407133153e-02
-3.189851327948473730e-02
-3.190034262591524145e-02
-3.189799447730760212e-02
-3.189714764310253720e-02
-3.190319462972777270e-02
-3.189786848287334137e-02
-3.189993313425097676e-02
-3.189949546724072521e-02
-3.190377555715525476e-02
-3.189998886587973315e-02
-3.190236630995758882e-02
-3.189939817665395777e-02
-3.189984724641847097e-02
-3.190087355913514416e-02
-3.189732807497148992e-02
-3.190227437105561809e-02
-3.189254597081171705e-02
-3.189879773807562796e-02
-3.189385406106524240e-02
-3.190237185270183157e-02
-3.190020433497499364e-02
-3.189988260702576045e-02
-3.190171488085604551e-02
-3.190572690344201795e-02
-3.189922637175511555e-02
-3.189660333396213826e-02
-3.190695022001591857e-02
-3.190018073594337589e-02
-3.189836962451635116e-02
-3.189590721661154232e-02
-3.190129301410284113e-02
-3.190042939172359204e-02
-3.189895016997364163e-02
-3.189566821955124726e-02
-3.189864089394441743e-02
-3.189665696612572349e-02
-3.189766213870812162e-02
-3.189280026918654004e-02
-3.190357379473217347e-02
-3.190227107495492709e-02
-3.190254245792514126e-02
-3.189802421253358500e-02
-3.189992398346967739e-02
-3.190577700988881521e-02
-3.190014439586279227e-02
-3.189920992695810531e-02
-3.190262675339113757e-02
-3.190122176819061572e-02
-3.190073428362425606e-02
-3.189816289872322158e-02
-3.189462613426249232e-02
-3.190111129540691703e-02
-3.189932882238272899e-02
-3.189818052123462311e-02
-3.190349607289236916e-02
-3.190186057147068738e-02
-3.189977721240487563e-02
-3.189968048984955645e-02
-3.189924772007611542e-02
-3.189700189132359254e-02
-3.189927977894242705e-02
-3.190073682897954371e-02
-3.189957764239679389e-02
-3.189869522060877899e-02
-3.190108797978590677e-02
-3.190101186462600269e-02
-3.189669500797371465e-02
-3.189772854332996455e-02
-3.189746716241752961e-02
-3.190481412252144794e-02
-3.190524590508889841e-02
-3.190385966065965168e-02
-3.190425484129774669e-02
-3.190433850867677862e-02
-3.190280656055070191e-02
-3.190721313945917709e-02
-3.190349572895425506e-02
-3.190308662513060417e-02
-3.190215523635515221e-02
-3.190130117827332662e-02
-3.189968433380133833e-02
-3.189639132223012069e-02
-3.190315862052350154e-02
-3.190331957519162293e-02
-3.190072482023906947e-02
-3.190046231712668351e-02
-3.190315079682469468e-02
-3.189895476007639091e-02
-3.190687950495273845e-02
-3.190353311562963562e-02
-3.190329015043331246e-02
-3.189850987135118415e-02
-3.189793000135838358e-02
-3.189666304554399090e-02
-3.190133070091173695e-02
-3.190285567686033247e-02
-3.189889260309069358e-02
-3.190132635130706051e-02
-3.189743440522190693e-02
-3.189741522467626211e-02
-3.190594811329775654e-02
-3.190024875222555178e-02
-3.189494500188001791e-02
-3.190462450523439547e-02
-3.189416245594104554e-02
-3.189665262961582926e-02
-3.190315843571257109e-02
-3.190048674469780216e-02
-3.190238830544458309e-02
-3.189578411636400518e-02
-3.189975736965514758e-02
-3.190166212042767208e-02
-3.190236322714533335e-02
-3.189955566859321162e-02
-3.189950586379204645e-02
-3.190003449796634249e-02
-3.189973394562813092e-02
-3.189996866681731741e-02
-3.190384433031059203e-02
-3.189995143306478126e-02
-3.190137460818296550e-02
-3.190608549485101503e-02
-3.190272542363434966e-02
-3.190257055525336227e-02
-3.190558474930058758e-02
-3.190205940184344391e-02
-3.190453577945193825e-02
-3.190170827378412122e-02
-3.190268865335757487e-02
-3.189749829152638966e-02
-3.190000615841080689e-02
-3.190304950954269553e-02
-3.190415915268237507e-02
-3.190755022733447743e-02
-3.190473402872861380e-02
-3.189984727202072046e-02
-3.190231388531335893e-02
-3.190341497749479144e-02
-3.189889014805589312e-02
-3.190892095765494180e-02
-3.190036197135236867e-02
-3.190092939947233169e-02
-3.190457439721507832e-02
-3.190588022901772597e-02
-3.190715754731913989e-02
-3.190705936908960066e-02
-3.190811064586098617e-02
