5.691247983456484416e-01
5.704276874851379464e-01
5.709245513626676205e-01
5.756544624202017957e-01
5.809283505903906075e-01
5.811086461794673363e-01
5.804131427161445256e-01
5.839207835509380162e-01
5.921294545110588059e-01
5.993095724553997306e-01
5.978224611403243349e-01
6.086565137006321180e-01
6.068000202217538330e-01
6.097993466303869292e-01
6.208989348676173803e-01
6.258310780725534483e-01
6.271424324265458816e-01
6.399994140206667348e-01
6.372807746394135719e-01
6.431572748665004280e-01
6.493579697241506077e-01
6.477131036168878309e-01
6.675680077579749794e-01
6.749564698331743662e-01
6.785084019875092798e-01
6.748557985214127530e-01
6.465831756306611444e-01
6.199917505072461976e-01
6.295388086909773362e-01
6.261630992801252571e-01
6.458671487479888951e-01
6.461505795924760154e-01
6.634100011139043573e-01
6.755425474400471586e-01
6.632894182844690789e-01
6.704174681497605537e-01
6.941192674342718805e-01
7.001440630693477329e-01
7.069458521459086597e-01
6.940346798984428078e-01
6.672824778507069343e-01
6.546389669750311002e-01
6.501999624036748360e-01
6.535034152797966067e-01
6.546184328425450616e-01
6.412859661262884092e-01
6.363416652385802674e-01
6.491001981772129836e-01
6.531196443701382526e-01
6.823692093797478764e-01
6.783667804648193522e-01
6.813512601146383130e-01
6.808929784775704652e-01
6.657335231546801513e-01
6.529823861170659383e-01
6.349114589181622526e-01
6.280635320921438280e-01
6.149992176852899783e-01
6.129233652091101714e-01
5.984810005279065370e-01
5.907433446622805118e-01
5.831859525855593862e-01
5.788873606252182835e-01
5.774942716581515922e-01
5.771188984845385672e-01
5.744723882404428883e-01
5.821029817290689357e-01
5.819623594171415837e-01
5.854180967457605078e-01
5.869847511075647617e-01
5.910470752349398227e-01
5.942329002565210905e-01
5.990574172467845182e-01
6.061070504228587286e-01
6.098577536480345174e-01
6.075237941354737492e-01
6.104486758139382463e-01
6.211649176641041992e-01
6.249745547675912283e-01
6.304645819876520951e-01
6.354156308546033971e-01
6.507474199687576233e-01
6.539555641478592696e-01
6.601957245690138754e-01
6.649225869462925820e-01
6.587032886797045128e-01
6.613632342756083915e-01
6.498782086867888053e-01
6.442704694921027597e-01
6.338973276347866781e-01
6.324685270567709239e-01
6.325589819134981306e-01
6.367427398576959163e-01
6.312923642523550205e-01
6.334804138720259159e-01
6.395260543055637514e-01
6.255770819791515169e-01
6.494146860320689774e-01
6.497899046807447121e-01
6.544279805645510928e-01
6.427721640514254542e-01
6.606889911991932207e-01
6.654639570589508946e-01
6.549884303400680396e-01
6.569044413031457363e-01
6.445047381110767803e-01
6.368405002549157867e-01
6.636692270608701705e-01
6.548042936607768594e-01
6.369342805589047751e-01
6.296195415120516836e-01
6.221375167316313126e-01
6.127671868779805964e-01
6.142315412869682190e-01
6.213383715178029121e-01
6.240060228834490852e-01
6.280734874031981274e-01
6.369868409137465770e-01
6.330427152215484243e-01
6.319211125822189468e-01
6.343496233620482538e-01
6.282723463877051273e-01
6.258421427640825652e-01
6.359252409376823234e-01
6.347233608778289904e-01
6.456109833208155679e-01
6.358989577525100412e-01
6.461806326077953466e-01
6.369609009326558935e-01
6.555899460117908806e-01
6.600108596659711724e-01
6.628262293005965367e-01
6.622343952118000532e-01
6.650212808684534682e-01
6.603685903302708438e-01
6.562339130796814857e-01
6.473364330246498266e-01
6.485205428232363456e-01
6.350254505884054268e-01
6.460102902722295592e-01
6.375337604062334407e-01
6.393349009014350770e-01
6.509062540297426702e-01
6.419573096584328953e-01
6.639041942051390199e-01
6.606222275659675569e-01
6.516252560322425280e-01
6.401276967970748188e-01
6.158769980661953358e-01
6.062948460553884145e-01
5.941311805201306973e-01
5.855363619647905304e-01
5.833071354084446991e-01
5.830607618210260634e-01
5.799327168971341040e-01
5.820736092434088960e-01
5.779882288730939788e-01
5.759827166431211731e-01
5.736920829137350797e-01
5.726211614425290586e-01
5.784887026201357418e-01
5.817311046828229637e-01
5.805732660519234978e-01
5.744588181791269177e-01
5.720495576974630181e-01
5.726253269276762037e-01
5.720038550720942805e-01
5.695594869666523730e-01
5.694346349486104630e-01
5.694789722558042389e-01
5.694285583741516277e-01
5.723464248310564662e-01
5.751076800169896419e-01
5.702058048765211717e-01
5.701582962522359077e-01
5.710450193903401361e-01
5.703056130834037729e-01
5.687573779738548385e-01
5.747862366659516331e-01
5.780650928935532340e-01
5.739057273117775804e-01
5.707530719233491201e-01
5.708031047829063009e-01
5.718665713986846866e-01
5.734557003083742277e-01
5.706035454314195565e-01
5.697063104894455332e-01
5.764333472647071854e-01
5.771601783049958856e-01
5.780005890385668810e-01
5.829307128624580114e-01
5.820383760858371947e-01
5.835223740313352225e-01
5.856131822603251047e-01
5.871588469354406259e-01
5.849816904118068095e-01
5.864309991742582273e-01
5.921596607145424018e-01
5.896719564897834331e-01
5.953353248675722353e-01
5.907455198003438435e-01
6.038148064139393645e-01
5.988436389531336390e-01
6.036522353054966095e-01
6.002015968430703952e-01
5.976457253910594236e-01
5.931665284969748209e-01
5.994961089196593207e-01
5.968083907914975006e-01
5.925803043751305399e-01
5.891687482437776291e-01
5.877168074470799919e-01
5.869641175719364501e-01
5.845828366658165631e-01
5.890033767970359602e-01
5.864855069027631318e-01
5.926437990359454400e-01
5.996176433804540906e-01
6.065770103884585707e-01
6.131525496894195681e-01
6.064735715847708875e-01
6.054237993217135294e-01
5.959472740893706488e-01
5.915419873355514113e-01
5.952277739623793584e-01
5.885626665726749751e-01
5.950150711259555303e-01
6.034850620203741078e-01
6.012336805302310738e-01
6.012835310646734710e-01
6.037613916594066765e-01
6.049632995776994537e-01
6.034596705668547889e-01
6.045426140948055860e-01
5.998925384740472211e-01
6.015360068932900095e-01
6.016684744718061584e-01
6.042941308776441645e-01
6.069825963765597132e-01
6.015128389812781640e-01
6.053464657775359248e-01
6.105235659736008014e-01
6.089998128165603486e-01
6.074569763267601008e-01
6.063816454181084614e-01
6.077939697432309663e-01
6.068541582228460518e-01
6.094703237402795404e-01
6.059320376760884974e-01
5.887255372321228419e-01
5.807814315077653999e-01
5.759287996170304735e-01
5.705682872657596993e-01
5.725907912097818464e-01
5.721093096964656732e-01
5.707847745684473395e-01
5.698340672663979589e-01
5.704311420718458647e-01
5.766450750141186576e-01
5.781303034344232872e-01
5.880920680483335827e-01
5.854610688885504288e-01
5.877724813862658104e-01
6.013387433257619819e-01
6.037978810606094981e-01
6.024326809041214981e-01
6.028922175479747292e-01
6.082652551146143782e-01
6.104475337646780853e-01
6.059131823028217623e-01
6.116237235048674892e-01
6.009088601104018990e-01
6.116095954183473626e-01
6.149517337997751909e-01
6.027135159171786993e-01
5.990457391028005674e-01
5.875544208703686877e-01
5.810679698479578326e-01
5.781917310813230459e-01
5.796406392670908625e-01
5.862016898379417418e-01
5.944033247942966947e-01
5.971165827414827154e-01
6.066842461706836165e-01
6.139870665807186656e-01
6.049935042708778354e-01
6.129240214492774896e-01
6.212525719834589566e-01
6.166295488175632666e-01
6.233925480049785639e-01
6.103238784683414631e-01
6.021383590240770856e-01
5.948111512984085580e-01
5.867015647478871498e-01
5.787641497770934507e-01
5.824599799687756319e-01
5.844558327364778316e-01
5.866837266944706641e-01
5.928982192683943664e-01
6.011375071094089417e-01
6.036470653182303137e-01
6.032330270229460112e-01
5.996263208866855487e-01
5.967588547976444557e-01
5.933639338531596641e-01
6.027944683162770323e-01
6.074473704924711059e-01
6.224158988710994933e-01
6.193755037974487676e-01
6.187604159886453958e-01
6.151958050683431489e-01
6.021171333894940192e-01
5.995434120375533471e-01
5.998341745828220661e-01
6.049198247751120805e-01
6.052909603692268048e-01
6.047351881641096494e-01
6.026380633009783550e-01
6.009794209497371087e-01
6.032093056159298916e-01
6.111197722135389698e-01
6.156329779182146966e-01
6.312237823574680107e-01
6.183115623160057028e-01
6.233486199105416903e-01
6.215994758212628479e-01
6.200947365929919686e-01
6.165476701886031252e-01
6.198219260777928508e-01
6.262633049398068641e-01
6.301555537121394934e-01
6.225870980135085331e-01
6.297082598850354263e-01
6.279207518922318432e-01
6.144720265515294377e-01
6.088561994433839830e-01
6.073117568882704376e-01
6.219723272996683372e-01
6.259310203112572468e-01
6.243713061586705360e-01
6.281408666023935439e-01
6.277301969712524299e-01
6.335144477947282082e-01
6.244225117636885702e-01
6.156842058620538571e-01
5.948727876729983377e-01
5.958323488048884453e-01
5.850423760634398951e-01
5.828736877436598851e-01
5.864036098421495646e-01
5.944868826692232266e-01
6.043276478059451673e-01
6.033193252845189258e-01
6.043317916631042452e-01
6.105921040212386464e-01
6.059912617341840502e-01
5.987821034785616447e-01
5.987606632808154528e-01
5.948091390643492904e-01
5.943727633847417646e-01
5.993349469042431599e-01
6.045007981100098959e-01
6.152502862147609664e-01
6.090565415840722974e-01
6.030461960774644581e-01
6.011227828760675740e-01
6.021918041579917835e-01
6.125848435564262839e-01
6.026510136716506372e-01
5.962339235439066965e-01
5.851625359799494941e-01
5.790431722564776118e-01
5.783351060803261223e-01
5.750671355635397219e-01
5.734623127768406770e-01
5.741659784272677980e-01
5.766685719162303325e-01
5.841296440638067411e-01
5.816600890699009652e-01
5.866316455046572953e-01
5.799874364179682384e-01
5.746523012715226697e-01
5.736275249284028543e-01
5.727197499242421275e-01
5.784260813156920644e-01
5.796313093393816729e-01
5.778320547047181011e-01
5.843318665040648785e-01
5.823498085730187679e-01
5.813482481174254701e-01
5.881880985368337367e-01
5.892037970642520772e-01
5.892212803645909824e-01
5.915188210482096309e-01
5.919271695358193641e-01
5.942975823677377756e-01
5.860380837342221705e-01
5.796356735686601924e-01
5.759741304034692311e-01
5.720155692864077324e-01
5.735285862924602851e-01
5.748925183585884557e-01
5.817649261433774921e-01
5.864418833808296982e-01
5.859187569661953310e-01
5.852166235020862528e-01
5.826072231752574826e-01
5.803319100299965116e-01
5.831337043946367427e-01
5.925121887836451995e-01
5.886546735385778106e-01
5.820357859674463175e-01
5.788989032658007350e-01
5.701568317648098017e-01
5.733526330730970288e-01
5.746346498488534849e-01
5.768428203095637974e-01
5.801913199888524275e-01
5.828243563792084858e-01
5.873053440550961568e-01
5.958186453619439549e-01
5.877856121606968021e-01
5.898067759748569783e-01
5.866145471392252286e-01
5.916487067300726377e-01
5.936051695419067853e-01
5.980666287128973968e-01
5.910329517741328420e-01
5.910074639462565838e-01
5.940317394415891572e-01
5.933686739294733448e-01
6.035250093619544121e-01
6.009307944270901869e-01
5.855156701464121483e-01
5.859353988589279805e-01
5.854786003902864300e-01
5.901159964926812052e-01
5.798285341683612204e-01
5.771135824074883347e-01
5.739309388163196246e-01
5.708026446527615372e-01
5.720592318155054423e-01
5.724292045198187129e-01
5.741475751887185064e-01
5.792180840839172840e-01
5.777205691870780369e-01
5.815952598355264014e-01
5.808352365761221270e-01
5.741857271254481310e-01
5.708045246061136391e-01
5.702575298311897134e-01
5.700790060579009610e-01
5.699038977763457581e-01
5.717274610412823588e-01
5.724161003779124623e-01
5.766050890487525171e-01
5.765420542136886484e-01
5.808921543037099955e-01
5.824466914174754040e-01
5.796665897714904370e-01
5.833190110651916838e-01
5.813293666483762001e-01
5.750832638980601930e-01
5.755846127535030332e-01
5.695445026047584181e-01
5.701185152307044479e-01
5.741457198252761795e-01
5.760862260039341098e-01
5.764130628180250682e-01
5.742358545852165319e-01
5.713857073834309741e-01
5.698270348728565748e-01
5.683117809398885445e-01
5.712463747656956192e-01
5.743997747291863520e-01
5.781729825093953057e-01
5.728399996383736203e-01
5.741798903061370307e-01
5.749343080065799638e-01
5.712391352712288262e-01
5.698233841414730438e-01
5.696560261666326896e-01
5.701184880128051802e-01
5.699232038623673890e-01
5.733146745542500033e-01
5.771589471822543560e-01
5.753398864004518609e-01
5.819106260464366187e-01
5.787637299820754810e-01
5.797167178795560316e-01
5.762203639167279290e-01
5.741593879617533647e-01
5.713630898467044750e-01
5.706319612382654283e-01
5.713923855198003166e-01
5.696222533291744883e-01
5.713807422473705655e-01
5.693460400227701168e-01
5.724133422957841111e-01
5.782082146689860869e-01
5.766248441689777460e-01
5.767132395416357804e-01
5.783736455358631234e-01
5.770845208013507532e-01
5.759877936012421928e-01
5.719125901126950184e-01
5.733175489803803426e-01
5.734484241036807983e-01
5.729543622868253916e-01
5.765454848108826358e-01
5.722426065476966528e-01
5.739960085130738632e-01
5.791522631293543055e-01
5.836517762719057867e-01
5.839357856594327156e-01
5.844020171602931635e-01
5.856741858990499594e-01
5.782022012477929795e-01
5.739466400216114428e-01
5.720147502565329223e-01
5.696358741975329210e-01
5.712458582096280324e-01
5.752518365153355129e-01
5.780634994286015793e-01
5.772651801339022670e-01
5.741382787795562548e-01
5.783386357408945022e-01
5.812104278892086251e-01
5.817820268488593793e-01
5.827032383162009666e-01
5.746409958647148430e-01
5.747933253710629797e-01
5.703493747095658151e-01
5.729086959569537063e-01
5.753721208148788735e-01
5.795202072853423703e-01
5.775142420247910691e-01
5.757925177227544156e-01
5.767737762191238460e-01
5.729858855420919550e-01
5.780048568123292707e-01
5.813398437039271061e-01
5.728325406443739443e-01
5.831124420254856222e-01
5.756604353960328435e-01
5.738640975388638044e-01
5.717166178630936901e-01
5.700704922081289983e-01
5.699578935215381392e-01
5.716458036567255707e-01
5.750076218807537165e-01
5.742364852922486884e-01
5.801699007563640986e-01
5.780186009153539528e-01
5.751866462333327101e-01
5.748110860025137381e-01
5.753153115782503324e-01
5.790574720314124457e-01
5.792912449932937635e-01
5.736964062891490856e-01
5.780953679799901712e-01
5.755622159841532470e-01
5.742342362811952983e-01
5.702102910408115566e-01
5.745960689423578183e-01
5.736402828242361807e-01
5.719635381155840914e-01
5.696861445581776762e-01
5.703940469856684237e-01
5.693104203861973911e-01
5.697917064874760129e-01
5.705527362293139060e-01
5.746332927328270390e-01
5.705379505283455499e-01
5.681442482976974961e-01
5.702853075990331755e-01
5.691625242002301688e-01
5.692495367468159984e-01
5.696461466022412212e-01
5.694060815681883936e-01
5.692560282997317644e-01
5.696809232353292618e-01
5.709026026080001870e-01
5.752683957442350504e-01
5.736537371034994282e-01
5.716650038175448145e-01
5.703776879172275383e-01
5.707716971703049591e-01
5.696192393971829526e-01
5.702910008077316517e-01
5.709235749809697946e-01
5.728426980121673617e-01
5.744799734859500351e-01
5.740494686081623055e-01
5.735594790447894331e-01
5.708401448179897253e-01
5.692611546261597821e-01
5.697200477072028590e-01
5.695787029242714850e-01
5.681667822188801731e-01
5.668893976352603614e-01
5.692226616635333025e-01
5.691382962293753955e-01
5.694053756630523822e-01
5.687036095832055382e-01
5.685477844763241473e-01
5.704457861992091594e-01
5.697256050343689759e-01
5.697166749293451904e-01
5.685888946905850450e-01
5.679214974650738101e-01
5.702407838185075128e-01
5.700555873769924675e-01
5.685136495879394847e-01
5.690122805084304458e-01
5.693271255149320309e-01
5.682392474388339165e-01
5.702117617325087595e-01
5.700337457789556028e-01
5.701064249889815638e-01
5.686889625734377063e-01
5.688504062308358256e-01
5.689375410738171102e-01
5.684582960324119361e-01
5.687690686573356746e-01
5.689486966848413818e-01
5.699336344872021343e-01
5.699586435378996008e-01
5.698109797199172322e-01
5.687882435137527892e-01
5.700410286188823950e-01
5.700694423400134436e-01
5.692870527113669255e-01
5.704890005098001149e-01
5.689863114609122752e-01
5.689193374165827377e-01
5.691999135768389673e-01
5.686611246867786518e-01
5.686309665743823905e-01
5.693304363223850029e-01
5.683429976670703043e-01
5.684918408988943739e-01
5.699877085149617217e-01
5.683560375375934504e-01
5.689129385733906474e-01
5.691420344757645022e-01
5.705956821165045767e-01
5.689841407460018985e-01
5.700663126138574288e-01
5.695645828152009482e-01
5.694808454405814180e-01
5.694328689725700610e-01
5.692554687780491118e-01
5.687879758885729942e-01
5.700268478188145194e-01
5.695036281613793383e-01
5.682882036606142773e-01
5.688403734553090230e-01
5.694564731565755489e-01
5.700547102017535783e-01
5.690292288876795945e-01
5.705757202129247974e-01
5.697934728847889874e-01
5.681546297402024770e-01
5.690662489657390966e-01
5.689189924408295518e-01
5.686694258714892758e-01
5.686409648201955491e-01
5.698013094714468041e-01
5.697627578636019763e-01
5.683205021949804259e-01
5.689801351270411534e-01
5.682880929465786712e-01
5.691408428510716933e-01
5.688030649715448694e-01
5.685557938391998523e-01
5.697139284489268762e-01
5.689537408356258874e-01
5.684961595657292976e-01
5.691870164593886283e-01
5.688444135871987273e-01
5.682914704424844032e-01
5.698199116254606400e-01
5.685380393992131021e-01
5.691619590987405664e-01
5.700327886680784939e-01
5.706313651456201841e-01
5.693218256312564396e-01
5.695477035737840366e-01
5.682064611654673580e-01
5.699014269805287025e-01
5.703911285207208248e-01
5.702449477241934295e-01
5.703122578755281946e-01
5.694664096617149118e-01
5.682511705665428403e-01
5.697664164179938595e-01
5.701176644059681164e-01
5.699931313463091342e-01
5.692669057042702985e-01
5.692068060055390788e-01
5.686398768271259119e-01
5.695714803901611445e-01
5.685140882846230204e-01
5.686198308318448635e-01
5.689549683108675593e-01
5.688743259664150731e-01
5.689907920485952619e-01
5.682304337079042700e-01
5.685411003543214825e-01
5.698590083664299977e-01
5.696915940353141083e-01
5.681070995610504326e-01
5.685563228955885506e-01
5.687683527528940575e-01
5.693348108857433365e-01
5.678090768748607076e-01
5.689035826219734915e-01
5.687837058307847471e-01
5.696618410664462395e-01
5.687983902891452503e-01
5.696957969117704135e-01
5.690963406560108906e-01
5.689549095855664929e-01
5.694491945410212752e-01
5.695517090895928503e-01
5.684930017618322617e-01
5.698543301895790947e-01
5.701597061370520247e-01
5.700947296513644291e-01
5.682705583284966000e-01
5.689375709883469634e-01
5.694443244950914140e-01
5.708730972715826413e-01
5.694384943953483269e-01
5.695846421436880913e-01
5.690650622272040993e-01
5.702673176465189453e-01
5.702382338533802386e-01
5.695371165795750645e-01
5.696985462553488810e-01
5.679742907898593929e-01
5.703052334646687704e-01
5.692409131372829778e-01
5.692493407416974183e-01
5.687963548233424538e-01
5.680689953629720623e-01
5.693154274441951657e-01
5.694662052529496643e-01
5.680179800180249483e-01
5.700514900959212650e-01
5.695371851888748616e-01
5.691086755947077913e-01
5.703059856159857777e-01
5.694440959837926419e-01
5.686300129855766938e-01
5.685683680107725957e-01
5.683804718939063916e-01
5.687551293027649502e-01
5.691059723946297888e-01
5.692873207133624103e-01
5.696662001437505785e-01
5.695871014476610039e-01
5.694534200425556136e-01
5.689325769476863970e-01
5.682242063201115023e-01
5.689710405863939169e-01
5.695038979668153312e-01
5.694329637551579504e-01
5.691363819041531658e-01
5.687211671379934774e-01
5.696136018891058139e-01
5.695929411952660448e-01
5.691639009322867482e-01
5.690201214989242251e-01
5.684772516955893806e-01
5.683815034723642690e-01
5.684700111570467618e-01
5.692055459532566752e-01
5.695370854251323722e-01
5.696543139916154797e-01
5.689176095325473304e-01
5.690441499693820182e-01
5.697860850375552344e-01
5.685275444027686476e-01
5.693709408221544477e-01
5.698327528047906210e-01
5.683617717480854425e-01
5.692908519120052357e-01
5.690953493266527330e-01
5.683778038166059643e-01
5.692845033248231656e-01
5.692584724604345947e-01
5.677115572130688737e-01
5.691813274233911146e-01
5.689158800490780044e-01
5.684997759037193621e-01
5.692673383144299937e-01
5.704755050206028466e-01
5.692593343360661251e-01
5.694600584904475626e-01
5.692024448419737981e-01
5.680008477923302879e-01
5.694639366208380515e-01
5.696889151886044278e-01
5.692606416578394057e-01
5.699539235314414753e-01
5.686679259966390676e-01
5.689894669500984437e-01
5.701610565719977819e-01
5.694433975853173679e-01
5.698499111093927594e-01
5.682237083780078413e-01
5.697665795579051062e-01
5.690863801594919780e-01
5.696868645967847478e-01
5.695388278044445363e-01
5.684099450953656874e-01
5.683759451305488986e-01
5.686814250264262682e-01
5.694830894333383631e-01
5.684435415841210260e-01
5.696001233225480576e-01
5.705270330636034171e-01
5.677223094205023912e-01
5.684201853410227878e-01
5.700195373877277039e-01
5.686116273919585851e-01
5.682032638482866771e-01
5.684181994234379642e-01
5.696327486697722042e-01
5.709552712325693946e-01
5.691705809451521603e-01
5.677059014141719873e-01
5.680117171771660312e-01
5.698704242275519638e-01
5.692931738062169122e-01
5.692863698588297439e-01
5.686777179694711970e-01
5.701468062317894825e-01
5.697018274813141492e-01
5.688274480581133608e-01
5.695875108475163540e-01
5.659177968631515787e-01
5.688988083812542840e-01
5.690920826269262323e-01
5.693262505495552128e-01
5.688985585121045796e-01
5.692335235941630156e-01
5.680957780672433177e-01
5.692040702585957623e-01
5.685913504944097863e-01
5.685549070572867292e-01
5.688154229442958787e-01
5.698587760761182341e-01
5.692316593765723853e-01
5.693221943723721923e-01
5.699813509064318717e-01
5.674565752143118091e-01
5.688872602517915933e-01
5.698006423127705000e-01
5.691955291667645245e-01
5.692539580066598992e-01
5.697305869273814327e-01
5.695688203885619361e-01
5.688058269106949227e-01
5.699335056130592214e-01
5.697181331261457204e-01
5.697926711225879126e-01
5.695998122129543040e-01
5.690200591029147548e-01
5.688954235939455151e-01
5.692740945308307765e-01
5.691823433809987121e-01
5.690673150290951332e-01
5.694532388530646472e-01
5.700295630445323392e-01
5.692206270958888314e-01
5.695986254982705610e-01
5.688219281071623668e-01
5.688350852092046717e-01
5.683892821306107956e-01
5.695980622973100260e-01
5.689740559082102633e-01
5.693791119403824874e-01
5.693932911386978546e-01
5.708594709933286770e-01
5.692848064153116505e-01
5.689409548081990620e-01
5.673208573682818612e-01
5.688504028080213493e-01
5.695652405871298729e-01
5.681626770709141683e-01
5.693175909332055529e-01
5.690668448847560068e-01
5.690055078443253533e-01
5.703250540746347408e-01
5.689258186817409690e-01
5.682858317220756961e-01
5.677279158018176952e-01
5.682933930729112681e-01
5.693848127779305157e-01
5.688915647582331037e-01
5.690212335771281937e-01
5.682897149546708437e-01
5.691529986566169486e-01
5.684993619030370704e-01
5.696726936783732542e-01
5.689395803770239679e-01
5.691473906198903920e-01
5.690784571654728952e-01
5.689626612373090975e-01
5.694292197695898228e-01
5.682870173075602604e-01
5.690836142284589894e-01
5.691110527035238009e-01
5.693781594726746720e-01
5.688767357028619021e-01
5.699854093712950487e-01
5.697770846939578249e-01
5.691930642710093524e-01
5.686669985478435274e-01
5.692931657203111895e-01
5.700649606013381554e-01
5.694474815131768120e-01
5.693681868661466527e-01
5.693593706309544311e-01
5.698421687118173651e-01
5.687008396310828662e-01
5.701928769657120810e-01
5.693665862086735308e-01
5.694277207802097562e-01
5.682651721646404530e-01
5.684040670655811089e-01
5.693105809645103710e-01
5.677239084752989662e-01
5.690456485424431055e-01
5.700503771064141523e-01
5.689802591648530639e-01
5.690198015163763223e-01
5.698637971722217976e-01
5.696137114572640270e-01
5.693102639544426191e-01
5.687792575293973973e-01
5.687429948484349351e-01
5.685599123672003818e-01
5.685762515804195782e-01
5.693708320014587709e-01
5.678695005568327181e-01
5.688774681738407724e-01
5.689039854653258343e-01
5.681686929039557743e-01
5.689899922463169668e-01
5.694553331309880617e-01
5.693006364618317106e-01
5.684151653692414152e-01
5.702065762880812461e-01
5.683012696255633767e-01
5.689893911720279585e-01
5.690627817196161065e-01
5.690542554991943058e-01
5.699800572514970298e-01
5.693936060489104278e-01
5.693943474479774558e-01
5.687301388683463355e-01
5.696309963390291387e-01
5.690379399886861256e-01
5.691679897796593224e-01
5.688121699590203972e-01
5.697422657946992208e-01
5.695798855333727984e-01
5.691251431042845255e-01
5.695927563276652617e-01
5.691949353307733661e-01
5.696992449328185382e-01
5.693340940490411173e-01
5.689011717844855154e-01
5.699165981280216453e-01
5.683883220461222185e-01
5.693305778831593278e-01
5.684243426485519057e-01
5.688006610848548306e-01
5.685914697744750557e-01
5.697374448616360221e-01
5.701845741193257711e-01
5.694669784654411426e-01
5.694402170563941379e-01
5.681404809229821939e-01
5.700966852896055537e-01
5.699798329652222550e-01
5.693258146130738551e-01
5.694569588225771861e-01
5.691354712796583559e-01
5.692091802558556513e-01
5.690695731861817874e-01
5.705966234695936112e-01
5.689791388445366582e-01
5.687564516705672091e-01
5.684333641550485261e-01
5.684422224936851453e-01
5.692908837320652671e-01
5.697155106152378412e-01
5.677766522676990224e-01
5.682822185751341681e-01
5.703919705388237338e-01
5.682437111251250617e-01
5.697337902553039068e-01
5.691115356741646147e-01
5.702165122971691869e-01
5.687702639274779814e-01
5.692989694021479696e-01
5.696276743315590307e-01
5.682468498449023686e-01
5.695955368985979872e-01
5.691258344480331077e-01
5.689838437942967841e-01
5.692684153396114777e-01
5.693260980079345446e-01
5.682986965392540224e-01
5.699138425697677368e-01
5.689211456646900977e-01
5.684892748377156080e-01
5.686376756004533073e-01
5.693724668575387282e-01
5.688526212504053658e-01
5.689082093282447072e-01
5.688609998504682297e-01
5.703234776901736636e-01
5.688026267372850997e-01
5.698878007173944216e-01
5.683449446887448575e-01
5.691627412980878598e-01
5.685716960431916878e-01
5.691943788579513219e-01
5.690522548355815280e-01
5.690833920980407079e-01
5.689418362811083929e-01
5.687427787627610254e-01
5.699809823663620767e-01
5.699436746664001685e-01
5.686890366004664354e-01
5.700523152014437267e-01
5.688534361131555306e-01
5.695093425067579984e-01
5.686938292494126967e-01
5.683495475888274973e-01
5.681663038271436150e-01
5.687291135892540428e-01
5.701331938309173175e-01
5.688808118037815831e-01
5.706584049918888013e-01
5.687459732921331668e-01
5.692479632864466677e-01
5.695602898207702269e-01
5.691011141502957393e-01
5.686953210005822879e-01
5.687659936945779204e-01
5.690231446798083015e-01
5.696287412154418250e-01
5.685688494136938997e-01
5.686268542109729207e-01
5.682242173692487741e-01
5.695513888364329702e-01
5.691096449213813857e-01
5.695701897895328880e-01
5.685993259783008735e-01
5.681981253259426046e-01
5.684495255535765290e-01
5.688121446885758825e-01
5.695837608824867448e-01
5.685408052508631460e-01
5.682729109685445978e-01
5.694632581075663724e-01
5.691396323627521125e-01
5.686659394604237638e-01
5.694617064557856434e-01
5.695534277247290555e-01
5.695739747563173250e-01
5.685695005769220156e-01
5.684685110981256839e-01
5.692619733914842106e-01
5.691174406340622216e-01
5.701733731970450858e-01
5.693840349290816283e-01
5.690058185523906298e-01
5.697206554821491187e-01
5.693891931931818196e-01
5.690169684168394637e-01
5.684704331057474080e-01
5.694170034860565055e-01
5.693727587318443417e-01
5.688372387487264925e-01
5.692716922065662599e-01
5.684572733372523778e-01
5.676957511890284858e-01
5.689625114871922351e-01
5.700672698021735929e-01
5.691191803836922469e-01
5.696074279689257169e-01
5.676501578931525405e-01
5.700960978998522721e-01
5.681277101584922828e-01
5.699760009336500843e-01
5.684870513469265640e-01
5.699230444782762417e-01
5.700781491469786300e-01
5.693546997199968596e-01
5.685971563563948505e-01
5.687459566392856214e-01
5.700751131544640193e-01
5.686735609981196093e-01
5.660453159787849353e-01
5.686808595248674658e-01
5.703503154122977481e-01
5.695649346354594300e-01
5.685833784955701686e-01
5.693281318473013553e-01
5.686065162133782103e-01
5.694483329750360534e-01
5.696029613669569835e-01
5.696510027986718683e-01
5.689018255219691067e-01
5.683540066544167102e-01
5.691780910151912343e-01
5.697175667844658342e-01
5.703052849543075453e-01
5.694215160631266315e-01
5.684077953542456818e-01
5.693875755581118137e-01
5.688515055216967209e-01
5.688364120183693196e-01
5.688414163577937277e-01
5.667112302643866339e-01
5.691638386037249919e-01
5.687032115395759257e-01
5.691240342922742057e-01
5.685718456109917218e-01
5.697015852937888925e-01
5.699915328242216583e-01
5.693095093624520597e-01
5.693507307310158305e-01
5.687780690116144289e-01
5.696645973950290598e-01
5.691714650940122855e-01
5.687913530389353545e-01
5.693327275801977061e-01
5.689591605217106940e-01
5.693227956257791433e-01
5.686229723238338529e-01
5.695707027186056592e-01
5.694314381200485942e-01
5.695724844693127453e-01
5.695428923179018943e-01
5.685096053664574489e-01
5.702739407724755072e-01
5.691694359591917829e-01
5.684839862930836096e-01
5.677033755571906370e-01
5.694237105359302165e-01
5.694365083052651544e-01
5.686894140629142891e-01
5.695337389241507120e-01
5.700420237050742855e-01
5.686508632619257098e-01
5.682076259191392031e-01
5.692132532898348529e-01
5.658870581871603411e-01
5.690977067638208764e-01
5.705912978191579610e-01
5.697874388397210499e-01
5.697698422735245627e-01
5.679581876468442481e-01
5.695536487169009510e-01
5.695941086738505188e-01
5.687279595505563279e-01
5.685754432436318506e-01
5.691126677474056539e-01
5.694109064531687192e-01
5.675164083649899549e-01
5.687861027770456657e-01
5.702548993710422343e-01
5.696461272760807715e-01
5.685327812610204701e-01
5.686451388059096113e-01
5.695773430799215831e-01
5.686376572905932347e-01
5.702449385894290401e-01
5.699368513327830454e-01
5.687893646902776323e-01
5.698985893740083908e-01
5.692236879524138482e-01
5.698880117594463668e-01
5.691671640969503398e-01
5.691604132307945818e-01
5.690877510214602530e-01
5.693453911116703736e-01
5.694147161864436812e-01
5.692203522067230681e-01
5.687476203052026502e-01
5.685993608567948554e-01
5.702162247993813882e-01
5.696226524519062417e-01
5.690983416265826822e-01
5.696713659626870818e-01
5.702442168457667604e-01
5.700858816118673511e-01
5.686736582068229184e-01
5.704406356651817722e-01
5.692258080121873620e-01
5.680661167860190375e-01
5.698271806444384913e-01
5.691525705270583657e-01
5.682970877000836918e-01
5.683154440069931868e-01
5.686266787689117086e-01
5.690855212366850990e-01
5.693061430708955539e-01
5.702497102375430060e-01
5.680292570497774696e-01
5.690627404651128485e-01
5.703633604223053988e-01
5.698506583700885253e-01
5.694540221686058556e-01
5.698570118009336216e-01
5.691401849132651236e-01
5.706335627727491255e-01
5.686556085204281796e-01
5.689303508628301698e-01
5.695126370509570046e-01
5.694054868473353848e-01
5.689802082780799353e-01
5.690640142525305034e-01
5.702266354477083521e-01
5.690687673161224369e-01
5.697051669087519477e-01
5.702217821980470891e-01
5.684147450753223030e-01
5.693479543202325521e-01
5.687680628977741515e-01
5.688982396662755070e-01
5.688036329131013202e-01
5.694222793922077974e-01
5.691921389139693588e-01
5.679121324621607680e-01
5.691766758830587580e-01
5.680639277461645431e-01
5.690611310357038821e-01
5.694487427576905292e-01
5.694329228577406088e-01
5.687411922071523573e-01
5.690529780092162815e-01
5.699873009501593701e-01
5.695049846560785722e-01
5.688634038513853408e-01
5.693596995139371675e-01
5.693243300896921877e-01
5.682268035719736377e-01
5.689163424214356279e-01
5.692097539789113814e-01
5.680231770783702450e-01
5.696671133047104263e-01
5.690298906304811499e-01
5.693999319112674762e-01
5.687970571328156977e-01
5.690971226528797056e-01
5.687362832678355407e-01
5.695266721926546261e-01
5.694605409047792666e-01
5.686421348493245764e-01
5.686349978318158138e-01
5.697712713151815711e-01
5.698128988436452769e-01
5.700032565201033075e-01
5.689061624653483085e-01
5.692640080931020696e-01
5.695521482362642107e-01
5.689535542282914138e-01
5.692873043774253627e-01
5.688508525268647364e-01
5.698404661179473640e-01
5.684675049177762007e-01
5.693232231547856736e-01
5.688219178795567155e-01
5.690976616823378853e-01
5.692779468035260582e-01
5.691395087399050423e-01
5.704706968662417443e-01
5.686720900900047448e-01
5.695421472261277263e-01
5.698027368304965368e-01
5.692321657593535367e-01
5.698761664484707223e-01
5.693217683213732672e-01
5.691653796997877546e-01
5.692063875960744479e-01
5.698505033438939771e-01
5.690189202416900960e-01
5.689929821577551783e-01
5.686608486845999844e-01
5.688669680324931477e-01
5.692881172687379587e-01
5.688765338666834648e-01
5.687996219606741288e-01
5.687650728253974552e-01
5.700921633951158141e-01
5.697760709991840367e-01
5.689409886386121995e-01
5.692819009480541981e-01
5.691560017342964795e-01
5.689413230877600203e-01
5.689331455664028425e-01
5.686192338908165889e-01
5.687406451185147427e-01
5.693118019278876618e-01
5.690527391397222079e-01
5.695796685984212404e-01
5.699768218383013396e-01
5.679622753379084399e-01
5.699727942060058838e-01
5.694940408780259089e-01
5.685700376533443512e-01
5.682343294602448802e-01
5.686201401304121772e-01
5.671465606157256589e-01
5.683595342855741750e-01
5.690067612514135842e-01
5.684732172944103601e-01
5.691919025976773794e-01
5.697055585919619247e-01
5.689658171313368706e-01
5.687007781540148743e-01
5.684102323414750302e-01
5.693766554710973926e-01
5.689875055190044550e-01
5.692423717423911178e-01
5.688754318724592585e-01
5.699392776301109853e-01
5.696368052424107820e-01
5.691545553485805042e-01
5.682011912875729598e-01
5.682797803456794972e-01
5.691874639329866925e-01
5.691978783928489660e-01
5.693197097780405835e-01
5.694636031198583304e-01
5.698964302203394228e-01
5.685167834279665211e-01
5.699046869452013553e-01
5.691350136686867955e-01
5.693207025702493596e-01
5.678485515548087337e-01
5.683821381135037987e-01
5.695679060105524050e-01
5.683157904460737209e-01
5.691594758558655709e-01
5.690602674784008830e-01
5.686778578797370143e-01
5.688254943186989987e-01
5.686886845412265634e-01
5.700117410522101968e-01
5.685522251810678496e-01
5.681297575950249312e-01
5.691864512036255430e-01
5.689980461120826005e-01
5.693686134785874708e-01
5.688024873312200747e-01
5.697655843113027530e-01
5.689585471136422434e-01
5.687326201793180269e-01
5.695652742599356388e-01
5.694334493060135838e-01
5.697118828911310606e-01
5.682829639256453680e-01
5.692294950558060007e-01
5.691246724684609903e-01
5.692419768216934184e-01
5.692748744371123326e-01
5.692715692529052296e-01
5.689038203596149534e-01
5.708172608502998235e-01
5.693640318911687981e-01
5.709617527095682821e-01
5.688152359125943081e-01
5.693696344545677857e-01
5.693739208166156418e-01
5.688117090217811311e-01
5.692003199072005470e-01
5.697426715836819699e-01
5.692559130359152730e-01
5.691797828936506765e-01
5.694553470044042554e-01
5.679896387961217430e-01
5.689872535574329593e-01
5.689668297498035043e-01
5.693223346049337552e-01
5.694803476644896278e-01
5.698439909861522379e-01
5.687121203294582816e-01
5.689338699151578194e-01
5.695808400764645896e-01
5.694652541810408808e-01
5.689977504850937118e-01
5.679283917149277050e-01
5.690486091105779742e-01
5.693619414035494541e-01
5.680106766842951682e-01
5.689605982073169255e-01
5.696224638258052808e-01
5.692178813632434720e-01
5.687740031021321085e-01
5.698213984537939814e-01
5.688680261228310497e-01
5.688570438042367394e-01
5.690427728469585889e-01
5.686566012055365160e-01
5.688031495725572873e-01
5.690899082363964911e-01
5.693848896669917448e-01
5.700037478419340831e-01
5.683333412463636991e-01
5.684546516714448217e-01
5.696906890268953472e-01
5.688516727447788801e-01
5.696727017310090346e-01
5.694933696405768409e-01
5.686129900056140496e-01
5.689958084930920590e-01
5.689184095248656092e-01
5.691970516543106706e-01
5.686421593891070048e-01
5.691707647243198220e-01
5.692484135945604651e-01
5.690782024186055166e-01
5.688429213116968919e-01
5.697132023470949935e-01
5.688495169240193050e-01
5.689273194934972855e-01
5.694439164282386612e-01
5.692920201043814021e-01
5.690210144847911433e-01
5.684294432113293771e-01
5.699518388631182875e-01
5.690128645385754691e-01
5.689250106742856916e-01
5.696736135089672803e-01
5.699950938855755656e-01
5.688245044037208986e-01
5.686517840923742684e-01
5.695174093769683754e-01
5.690835333909005644e-01
5.692145858003833103e-01
5.697418772174328572e-01
5.694464485476428139e-01
5.692198184767056635e-01
5.694591412509678596e-01
5.686294066849907347e-01
5.688265379792868393e-01
5.693593908313359098e-01
5.684802638874764114e-01
5.686087777386463760e-01
5.683965515042869177e-01
5.692588326209501171e-01
5.697551508055267444e-01
5.688873091822228556e-01
5.702137171518456560e-01
5.698061224666882696e-01
5.688308444129056562e-01
5.691312499879606079e-01
5.688499573764412842e-01
5.683444913874529103e-01
5.689406579622281468e-01
5.693922674647010629e-01
5.691546308245073460e-01
5.688972030754853026e-01
5.684170475297231073e-01
5.690029059116692434e-01
5.683534773815128727e-01
5.688166580139999429e-01
5.681428558812450236e-01
5.691658306165587877e-01
5.690066062281459169e-01
5.700436863700454326e-01
5.691029388978707804e-01
5.685780560293470787e-01
5.696404881644958618e-01
5.696304166174337436e-01
5.693694149727892562e-01
5.691303863844570099e-01
5.693501089322239306e-01
5.687221581949521987e-01
5.695634770086640541e-01
5.696238919263725275e-01
5.686348039396075249e-01
5.689021832262921574e-01
5.691749816669001705e-01
5.696015891888004390e-01
5.645512782477039027e-01
5.690116759192991314e-01
5.695011940234769865e-01
5.697570328304246701e-01
5.687585110177248993e-01
5.688766056011559380e-01
5.681948395386361428e-01
5.703298740104194575e-01
5.688103893900361419e-01
5.686528871875929925e-01
5.690059270334435482e-01
5.694680598308045072e-01
5.696692042193075567e-01
5.704812197131653440e-01
5.695194630783098066e-01
5.677992085721005333e-01
5.690568769777373248e-01
5.692966227827547243e-01
5.675603290356650010e-01
5.692867408854596079e-01
5.695083750405190992e-01
5.694108360215475173e-01
5.690735665039510227e-01
5.690340844978536428e-01
5.694088706877769024e-01
5.693786059611559702e-01
5.684423078853024780e-01
5.698957457718437647e-01
5.692524469246400542e-01
5.685591296165656283e-01
5.697221599652207980e-01
5.701538682134404956e-01
5.693565428336633261e-01
5.709543843986077949e-01
5.692567637306579220e-01
5.703547090825195065e-01
5.688069626919475263e-01
5.701395648417326711e-01
5.689797121402654367e-01
5.696888105209281239e-01
5.680121481698989783e-01
5.690879801114165915e-01
5.709173287048500134e-01
5.685707143463190061e-01
5.691413140937422455e-01
5.684678286906280631e-01
5.695466399517118417e-01
5.702920769737963580e-01
5.690394716953645071e-01
5.677775187266267398e-01
5.698653712775469948e-01
5.688896355210963929e-01
5.693260473924872667e-01
5.680107958667747203e-01
5.685933330401059527e-01
5.684859397131515335e-01
5.685163183633042960e-01
5.684609508685536383e-01
5.651922644282385555e-01
5.694780936454065801e-01
5.690597396962748800e-01
5.681001434055754640e-01
5.696542588213022729e-01
5.693450998963343057e-01
5.699171293253039172e-01
5.690484630252031772e-01
5.685995973335180587e-01
5.694340634666328338e-01
5.686610442686060862e-01
5.689826556988716311e-01
5.698955720139847747e-01
5.690864972766341845e-01
5.692608039853866986e-01
5.686539093933448141e-01
5.698428109135356134e-01
5.693921887457652486e-01
5.690827017121814491e-01
5.690008280896495796e-01
5.680874083870167679e-01
5.687194904976177190e-01
5.692111498598818597e-01
5.691826998218736389e-01
5.696844477860525391e-01
5.691563190494336455e-01
5.682764476881398963e-01
5.695521574773313445e-01
5.689891695169847496e-01
5.700615094616207079e-01
5.696581562229947604e-01
5.678847737310451782e-01
5.686889091821739628e-01
5.653813618791588835e-01
5.693292811523609220e-01
5.688156096585453847e-01
5.690477174401047389e-01
5.693416551272437731e-01
5.673549814297295102e-01
5.693591862391370606e-01
5.683130900196384783e-01
5.693681192884566533e-01
5.686677601152627659e-01
5.692074263946784729e-01
5.687649635495984901e-01
5.685121531895880320e-01
5.685758087592607257e-01
5.691523395887246872e-01
5.698671412015007265e-01
5.696989346213118255e-01
5.695515096177249381e-01
5.702135395302849741e-01
5.692616294412745637e-01
5.665241581488370537e-01
5.688384418818825949e-01
5.700073245174602787e-01
5.696766169668465718e-01
5.692347437978056979e-01
5.686064161354565938e-01
5.695194210136220736e-01
5.688487923505917143e-01
5.698270479398772626e-01
5.687035835899936220e-01
5.691916480814284141e-01
5.702506905914394020e-01
5.691221186481443262e-01
5.679662054282849093e-01
5.687497040930631353e-01
5.693278692803277474e-01
5.688456149701794917e-01
5.683137667649792446e-01
5.688558356189065135e-01
5.677801643473867621e-01
5.699958181858644224e-01
5.678752356720651040e-01
5.691362232127555876e-01
5.695239037583263997e-01
5.701850706674970182e-01
5.682099683904787701e-01
5.681479216240014063e-01
5.686231142973087183e-01
5.687484391404067363e-01
5.692383531854615653e-01
5.687368466690997382e-01
5.692502312827066868e-01
5.696749399656092505e-01
5.700326551021435151e-01
5.689949257318989151e-01
5.697396826473244413e-01
5.699217539027154888e-01
5.689556822217041177e-01
5.692407307587801224e-01
5.705502638218610256e-01
5.685627874578592644e-01
5.689633024219175050e-01
5.686513120761939044e-01
5.687311594047809171e-01
5.687373559197326234e-01
5.695736118078574828e-01
5.688939231150694775e-01
5.697811747040125718e-01
5.690860353429308960e-01
5.687069465105728527e-01
5.691278609901757601e-01
5.693381361886157288e-01
5.691231792454655158e-01
5.681167503533482988e-01
5.685728773431485417e-01
5.689661094672754382e-01
5.686126453220688992e-01
5.687704142454049761e-01
5.693714726397425263e-01
5.691140375044830835e-01
5.694572938026343234e-01
5.701482622493853070e-01
5.691775974109275493e-01
5.696628429677117467e-01
5.697054340656058091e-01
5.692503106075897934e-01
5.704210125405867471e-01
5.696302481153121544e-01
5.690340866798198061e-01
5.698724063836253517e-01
5.689907553920008354e-01
5.697084709223414478e-01
5.699416275873850912e-01
5.693631631106857993e-01
5.687912974377757891e-01
5.694688884892643577e-01
5.691179872518523641e-01
5.689707682044355952e-01
5.703984966746834528e-01
5.688422681188902708e-01
5.684061673702384132e-01
5.695407815959802056e-01
5.696396325794330640e-01
5.697543503412479948e-01
5.693167227600016700e-01
5.692953786945106343e-01
5.687862398968203115e-01
5.694844553606689397e-01
5.672516156903404383e-01
5.682574486138303183e-01
5.693212322112947144e-01
5.691376267689171042e-01
5.690625182181118236e-01
5.685348979541284820e-01
5.687723028253748314e-01
5.699041122640009505e-01
5.695474969324088033e-01
5.693255787888892305e-01
5.682824691647080373e-01
5.691237689938974942e-01
5.692726249494430846e-01
5.696291179272549021e-01
5.687798941890980231e-01
5.695332534359044407e-01
5.693804877790075158e-01
5.683154457327119768e-01
5.698741295324024625e-01
5.699257476134379496e-01
5.698755086725270091e-01
5.682668095661002061e-01
5.698822350530593495e-01
5.698051743265807323e-01
5.688306639124958153e-01
5.696760630158477223e-01
5.701608123946206863e-01
5.689077311804840997e-01
5.671586952248717228e-01
5.681963776230432028e-01
5.703099378606194536e-01
5.693897167743319221e-01
5.689012888925659706e-01
5.687845546240980488e-01
5.690784733056667433e-01
5.697190244122202207e-01
5.678053301845497058e-01
5.689539783983972310e-01
5.687667522654810126e-01
5.700876091069989604e-01
5.695749610111315864e-01
5.693033283119139920e-01
5.690979436875008846e-01
5.663122819235539840e-01
5.690955294452580970e-01
5.698495398263984102e-01
5.696632481445187413e-01
5.694077370328146648e-01
5.687357812944482394e-01
5.695631594413902432e-01
5.686118764765553113e-01
5.697977438122694416e-01
5.686431552764793507e-01
5.694826288827770089e-01
5.692225848488655648e-01
5.681934255156825264e-01
5.703327635221658864e-01
5.692891383872913380e-01
5.689569937839430436e-01
5.697290941977738443e-01
5.690334618473078532e-01
5.710523716482898138e-01
5.704401228930349177e-01
5.692177651218756074e-01
5.704178890386800704e-01
5.686684547878282370e-01
5.692536175717550773e-01
5.692693119435618954e-01
5.693181459662659538e-01
5.677898991146929086e-01
5.695431358102200914e-01
5.688549323796842083e-01
5.694473819055968500e-01
5.697709245737703210e-01
5.691873706993415549e-01
5.705155752964667926e-01
5.684633924782485082e-01
5.697703416872659243e-01
5.691679268376944600e-01
5.696069735022895042e-01
5.679856206264962681e-01
5.688940716129623487e-01
5.684202023540464443e-01
5.676487703179889932e-01
5.692899996174100030e-01
5.694224475945180997e-01
5.690074906849271752e-01
5.691680214138388205e-01
5.675090625826783031e-01
5.689044909168693431e-01
5.697930014981158475e-01
5.690679683260977395e-01
5.678081680126537689e-01
5.683047964029517285e-01
5.686562294850960875e-01
5.689722804461204708e-01
5.695628278202242711e-01
5.683207874111462221e-01
5.686714919577270377e-01
5.691219606963141553e-01
5.688471011971072411e-01
5.682141678545001851e-01
5.682179040751536014e-01
5.700121379549234479e-01
5.690804713459409747e-01
5.690196184578758531e-01
5.684756521420497588e-01
5.681851566854063673e-01
5.694844088588991715e-01
5.694882502896113641e-01
5.690601462924542719e-01
5.688151498064074607e-01
5.709818268427244714e-01
5.691830563593162085e-01
5.691474520576184082e-01
5.690280058983648859e-01
5.682134247844116137e-01
5.694993083755427454e-01
5.700912746848322277e-01
5.686744761105027024e-01
5.695214409873713413e-01
5.693452736413368021e-01
5.689074524706951852e-01
5.688920207904349935e-01
5.697728499181798911e-01
5.699639493875944263e-01
5.688271245639576756e-01
5.690856010073265248e-01
5.687906444768998648e-01
5.687750587412910841e-01
5.691903271625298188e-01
5.693822408082473974e-01
5.694807717628327381e-01
5.694575556604831723e-01
5.694890417428074558e-01
5.695691242707849877e-01
5.699920580539938886e-01
5.685727188554096090e-01
5.696276291306976436e-01
5.693862781131019402e-01
5.691004468332565569e-01
5.707063096514726208e-01
5.695053551169593220e-01
5.692815776476336520e-01
5.692212986137097364e-01
5.694763220450480556e-01
5.692761512485240427e-01
5.680589985590961399e-01
5.684676006423703409e-01
5.691133043539918779e-01
5.692158842375807382e-01
5.691164990252107758e-01
5.699716483594163829e-01
5.692325010109555716e-01
5.666751912550639370e-01
5.681429722766194734e-01
5.689117961052401196e-01
5.691742072265478791e-01
5.682838389308157989e-01
5.687283217755222386e-01
5.682465929634490376e-01
5.692384325069111961e-01
5.687465663290312001e-01
5.691606482083602092e-01
5.698269805821922773e-01
5.697861948293364565e-01
5.690797804543753502e-01
5.689327721056717246e-01
5.696203530606863685e-01
5.686361558819467144e-01
5.695145956322897884e-01
5.691865684892128963e-01
5.691474805167804352e-01
5.691389723770026166e-01
5.690522252335397102e-01
5.685473354866148465e-01
5.688788308852075204e-01
5.687176229880349654e-01
5.696599375247588526e-01
5.687836284431114775e-01
5.687716697747579042e-01
5.691466411140594372e-01
5.700379820212805315e-01
5.681497373285986363e-01
5.689626473697612097e-01
5.698653307014701630e-01
5.700772202777787401e-01
5.692643643545748366e-01
5.689502932577120697e-01
5.697219919213977191e-01
5.694889313981376100e-01
5.665246418927258887e-01
5.710682805016940033e-01
5.691966795527353407e-01
5.698888622123833292e-01
5.692654982176522660e-01
5.692805176366075859e-01
5.685742184783255659e-01
5.696925133213287529e-01
5.695042738298626839e-01
5.691689048506499704e-01
5.694826093095154418e-01
5.694444457837501972e-01
5.698486909656155230e-01
5.692070257481958162e-01
5.696674534356380715e-01
5.689936216742176311e-01
5.689448789637114867e-01
5.689128611143591252e-01
5.686186279709006808e-01
5.687830245176563881e-01
5.692009816798313526e-01
5.693854257503032645e-01
5.694932872584950179e-01
5.686063274847660276e-01
5.701183765315194218e-01
5.686117269830148757e-01
5.698668682165878296e-01
5.696645656541169389e-01
5.689907444000300574e-01
5.691622520249955963e-01
5.704554052738532999e-01
5.685839135198685890e-01
5.693892011013070853e-01
5.689382910826630280e-01
5.684349063366098687e-01
5.688341779500686313e-01
5.695654925992319484e-01
5.692136674448141642e-01
5.687480145067325132e-01
5.690767593740937436e-01
5.690108848408679254e-01
5.684472172126727729e-01
5.682899742865459292e-01
5.693347777495222362e-01
5.694974787113393777e-01
5.688594786702800832e-01
5.685561539265346909e-01
5.693251666699780111e-01
5.697796759906259556e-01
5.671711585289255231e-01
5.685919133970976924e-01
5.687442216726681377e-01
5.688726898991151026e-01
5.694343841192894828e-01
5.676855719366059594e-01
5.689932343985697472e-01
5.691034931173095668e-01
5.695476720546147620e-01
5.697889156857006698e-01
5.682425738167932172e-01
5.687543219626611801e-01
5.685571875567694278e-01
5.687836938400047115e-01
5.684050481568355684e-01
5.687655936730732220e-01
5.686028747006132145e-01
5.699642878805797341e-01
5.684688006818208184e-01
5.693693699087557514e-01
5.682707897671964714e-01
5.700895219835279137e-01
5.693109051611139337e-01
5.694899240904808257e-01
5.697553219096163080e-01
5.689712405261533323e-01
5.691611973743596620e-01
5.687064694665333597e-01
5.684879049214255353e-01
5.697650975178014665e-01
5.684648992093241926e-01
5.661297587682111443e-01
5.696585315200385358e-01
5.685092043616487567e-01
5.684618422532100590e-01
5.686656244024858031e-01
5.680309352040009419e-01
5.707148740070476789e-01
5.691139336453261421e-01
5.687350104710191534e-01
5.683139955799800802e-01
5.692511854184060249e-01
5.693875131942871537e-01
5.689080169126344844e-01
5.699212179512960219e-01
5.685129162957102134e-01
5.691477622492843169e-01
5.688819046745425823e-01
5.694800898729267535e-01
5.694986318768644473e-01
5.686836235164907105e-01
5.683385190127682174e-01
5.698310279617166962e-01
5.692119788705257699e-01
5.686136310646021652e-01
5.683518855132715375e-01
5.685878214284321164e-01
5.695682013438144731e-01
5.682253297745533116e-01
5.689470804783614000e-01
5.683379197587100640e-01
5.687296428308669105e-01
5.686472691409543145e-01
5.691653971443215720e-01
5.692815263302944961e-01
