5.768603830807889077e-01
5.814240666624852505e-01
5.794542977658209137e-01
5.760312981979203162e-01
5.775372691113732637e-01
5.768132274574042651e-01
5.787567135244220395e-01
5.756421035423449073e-01
5.760482945651784759e-01
5.740350341459254935e-01
5.774621254149694405e-01
5.762040817293468953e-01
5.744675023669147951e-01
5.784695798770219666e-01
5.781815765701138199e-01
5.767876089574990317e-01
5.743547790375200801e-01
5.784799111822016560e-01
5.777106912219698298e-01
5.737957078884997619e-01
5.784784165774008446e-01
5.794238517091443441e-01
5.768043460405437584e-01
5.758511044176548577e-01
5.742120670043318054e-01
5.763630698574521150e-01
5.733550434707035404e-01
5.758329912644118975e-01
5.724502880760214962e-01
5.732368696674429165e-01
5.747231937474153174e-01
5.761119990462711948e-01
5.697375005424220040e-01
5.756687995267382174e-01
5.720676944467345537e-01
5.760178354124884104e-01
5.736100339300413964e-01
5.731703808208615802e-01
5.734132625632989422e-01
5.710127434509799649e-01
5.745472021703681431e-01
5.769845892357379213e-01
5.759363799089403102e-01
5.750249184037041772e-01
5.704160503956733352e-01
5.700403171212755637e-01
5.720843366416511477e-01
5.719538734860459828e-01
5.755871648713052346e-01
5.732668221958451271e-01
5.702585042188437203e-01
5.719035660114814013e-01
5.740618668714958517e-01
5.717859764483238516e-01
5.710336335082077941e-01
5.699427930903591122e-01
5.663795538907051563e-01
5.701212364617606054e-01
5.724519692550236183e-01
5.696833676924270007e-01
5.711050260705058390e-01
5.722814482637808009e-01
5.739392904597268030e-01
5.701133811151439801e-01
5.685596351044968078e-01
5.675759034009597581e-01
5.725358093382918456e-01
5.735901003766400441e-01
5.708490133216593820e-01
5.716611050229885027e-01
5.739006919823340658e-01
5.721610289142721184e-01
5.707343673747039547e-01
5.734140858582245093e-01
5.689854012519222071e-01
5.703778939632858647e-01
5.725410437318704249e-01
5.708580105085424572e-01
5.732893834419473533e-01
5.699025239031960677e-01
5.704305838761800640e-01
5.707537620303230197e-01
5.709073715323066400e-01
5.703348750255659017e-01
5.705050359148252648e-01
5.695411983181646320e-01
5.704546182427200351e-01
5.704663900766547835e-01
5.709965629761649675e-01
5.677079104379614272e-01
5.698176476770941967e-01
5.687073257618165956e-01
5.718346420945079611e-01
5.693042924826162698e-01
5.676532467000331428e-01
5.711349641189975568e-01
5.689742782207779515e-01
5.689805841208241954e-01
5.681497923631698699e-01
5.706124904719319657e-01
5.686120776272501898e-01
5.691504527997637286e-01
5.697631038710664342e-01
5.702986027112146861e-01
5.693078855782498504e-01
5.700375869674559892e-01
5.699452077799116445e-01
5.700970178152594547e-01
5.702721927586730244e-01
5.693553115751409655e-01
5.705491518819542085e-01
5.688720583858277724e-01
5.682348976995216239e-01
5.688556080742311893e-01
5.691958661434698419e-01
5.681605788055531514e-01
5.686449005375612265e-01
5.715571296070850460e-01
5.682196678076465446e-01
5.704493541277434465e-01
5.700838488549044847e-01
5.697596353185397922e-01
5.699585719830482233e-01
5.696794206601500932e-01
5.695282103009536856e-01
5.696594302016347866e-01
5.698405613870555220e-01
5.693912644714048676e-01
5.706793062345677514e-01
5.672277701439200071e-01
5.696169879317375395e-01
5.692092199244900286e-01
5.702383785735795074e-01
5.696987906607045016e-01
5.682618795130830458e-01
5.693045087137689197e-01
5.700002470788230191e-01
5.695084167140204157e-01
5.691114715586375050e-01
5.683619979854126480e-01
5.692253872442988305e-01
5.696532877558900809e-01
5.685341492117326201e-01
5.690428561865443768e-01
5.700791456471251406e-01
5.690317513076921241e-01
5.698724786427059597e-01
5.696787035836905488e-01
5.700307236594566174e-01
5.689555970091232373e-01
5.695583972997904088e-01
5.700483748053997157e-01
5.695992756096270870e-01
5.694086195631709035e-01
5.690705787583923980e-01
5.692773247252663760e-01
5.693384954406837117e-01
5.684678443843410589e-01
5.698731542887720547e-01
5.704868711128165959e-01
5.688443449150853981e-01
5.691904655205298758e-01
5.696617956156886375e-01
5.693140410909898197e-01
5.701283903551219723e-01
5.693495519262335991e-01
5.689092836058796676e-01
5.698426123869930748e-01
5.693248357662277215e-01
5.687514714895589574e-01
5.696535033995512309e-01
5.698989314759090874e-01
5.693337779306008040e-01
5.694360209473610102e-01
5.681650835377355380e-01
5.689339241818247572e-01
5.682718935769167645e-01
5.689121675309464221e-01
5.686098639229436591e-01
5.688046222139446773e-01
5.697802033477433747e-01
5.698773083389312433e-01
5.699666472047304477e-01
5.704032094241866524e-01
5.699032558840956275e-01
5.679859293268315623e-01
5.703971386832252799e-01
5.691957116588517440e-01
5.695078405045975734e-01
5.687694819290383119e-01
5.702468148681888449e-01
5.693064070269905352e-01
5.703845100494442377e-01
5.695408551676984787e-01
5.689469204493136090e-01
5.693741324856682606e-01
5.693184919509296504e-01
5.687696156297198380e-01
5.704662488972293000e-01
5.685961321519158451e-01
5.696312303640146402e-01
5.695045178153368415e-01
5.699509830775900676e-01
5.690390366974916736e-01
5.684628263444897467e-01
5.683578984936389356e-01
5.685392068855684711e-01
5.684066535433202061e-01
5.700364577819606593e-01
5.695478870541136329e-01
5.683098324588964356e-01
5.671495965658694960e-01
5.699042050715568131e-01
5.704038872113316172e-01
5.689650412834802440e-01
5.700666974329067216e-01
5.678558563141823390e-01
5.689050706021869797e-01
5.695382261638026744e-01
5.692486751790737376e-01
5.690609880112740271e-01
5.695090666171634952e-01
5.695656553553386514e-01
5.703957915919742883e-01
5.691938080603199390e-01
5.676244434372651471e-01
5.699921716675709904e-01
5.700590378864651697e-01
5.694094898892413381e-01
5.695708905797902677e-01
5.692202284509945143e-01
5.699704267789742484e-01
5.684414854364657765e-01
5.691361408498593066e-01
5.694585590224017224e-01
5.688950831525375618e-01
5.693120225211715235e-01
5.698140382743536181e-01
5.697997950800145484e-01
5.692873752544626020e-01
5.688084576067699016e-01
5.691274628251777878e-01
5.693601704592005097e-01
5.689588442948545488e-01
5.693011435610033644e-01
5.699425516049314577e-01
5.696285119847462886e-01
5.699330174169932040e-01
5.708610477551026019e-01
5.695435931906335236e-01
5.690030704903856762e-01
5.689099918246551812e-01
5.688625054964099315e-01
5.695516811913829969e-01
5.696293394113796094e-01
5.700501016811971855e-01
5.693519706127350144e-01
5.695273756968807222e-01
5.686197231149463516e-01
5.689800225838440584e-01
5.691834622898561680e-01
5.698543919827915305e-01
5.685443125689667587e-01
5.689410258290371614e-01
5.690414638524151636e-01
5.689056669245340370e-01
5.692043320379684967e-01
5.696510275608978047e-01
5.696258399523302929e-01
5.695797621375616737e-01
5.698670965345346007e-01
5.690429952922803070e-01
5.705486124403837955e-01
5.687135326464749507e-01
5.703715766048474967e-01
5.682701393391349498e-01
5.697920422579285660e-01
5.701503869051973705e-01
5.694427322968821370e-01
5.680611636176788881e-01
5.689665780613027968e-01
5.699769794732205686e-01
5.695029429856370840e-01
5.694154876933356091e-01
5.686080772842386777e-01
5.689628857970338016e-01
5.689446780373209611e-01
5.715057255843324358e-01
5.694503065051691459e-01
5.683975156518762395e-01
5.692916556559682872e-01
5.696083741828557034e-01
5.681001952050077630e-01
5.695756843331742925e-01
5.697263961152913003e-01
5.689108279473993335e-01
5.698361747596331073e-01
5.689341080655491156e-01
5.697462022330220810e-01
5.697183164180802395e-01
5.702554231444240118e-01
5.691000214897232734e-01
5.704946237878117943e-01
5.684274722093396459e-01
5.686796830620323151e-01
5.693740938353525349e-01
5.702535268864549201e-01
5.698527879548550557e-01
5.688720307198483761e-01
5.691814358663837004e-01
5.689820296937714295e-01
5.692444379916672403e-01
5.696801807365891035e-01
5.696010126462669465e-01
5.688928853259731522e-01
5.686830604073953577e-01
5.701693017714172251e-01
5.678792751513873638e-01
5.699600535933707635e-01
5.692284173235788725e-01
5.689727916884508296e-01
5.695720647371386169e-01
5.693134232972788533e-01
5.696096216666328704e-01
5.693520015272360846e-01
5.691868076543269428e-01
5.688353318301939687e-01
5.695847950739190146e-01
5.698356791425224221e-01
5.685936410867362678e-01
5.690634607509355014e-01
5.668065717428467654e-01
5.704892538259439538e-01
5.684449276507581583e-01
5.698858725677088399e-01
5.693909429008732204e-01
5.678460000581281308e-01
5.694918682513872010e-01
5.682091213117994588e-01
5.693077319747374965e-01
5.695135916437050749e-01
5.689513111363867504e-01
5.699567649343959541e-01
5.690198217349795584e-01
5.690844677133546359e-01
5.693594817693315990e-01
5.691532105099074146e-01
5.686136378681724279e-01
5.697295793620945625e-01
5.669402417126537808e-01
5.689847342118434792e-01
5.678445687739394065e-01
5.692435203716093017e-01
5.702157241344121275e-01
5.693535420624926680e-01
5.693925908111130418e-01
5.696178429916842756e-01
5.685814271544263887e-01
5.698791591191819661e-01
5.696289464793654611e-01
5.696332733965795425e-01
5.692343537339255022e-01
5.693743121550102204e-01
5.697622275464893082e-01
5.683860428118924224e-01
5.671280259063316009e-01
5.699548758228430989e-01
5.673819495713734451e-01
5.692967922514399204e-01
5.683210368729737505e-01
5.693829905462800545e-01
5.697255508376520838e-01
5.685076007110189122e-01
5.690410462649292400e-01
5.689450158650947165e-01
5.691518728230978708e-01
5.684772134285476231e-01
5.704194250135258271e-01
5.686057346508187615e-01
5.685848593623934466e-01
5.690177154818403249e-01
5.696331262692568842e-01
5.691785236687766369e-01
5.692732803229341165e-01
5.694473205292958085e-01
5.694742836549669951e-01
5.685873900717461904e-01
5.696799693982217416e-01
5.687677482882038671e-01
5.696860385217561440e-01
5.677807913226003977e-01
5.690086044427322687e-01
5.694079680790558040e-01
5.683373906698321321e-01
5.691798895800885827e-01
5.683686296312179254e-01
5.681569321533386230e-01
5.695709193504108203e-01
5.692540884604954110e-01
5.697472498943368935e-01
5.688564760902823370e-01
5.685979172475615906e-01
5.690251603434713923e-01
5.700501691280611682e-01
5.692142235135099204e-01
5.685546384064886771e-01
5.690041415425787230e-01
5.686831982516685757e-01
5.687254608034096881e-01
5.699407451625932985e-01
5.686431823314196388e-01
5.697219871519708656e-01
5.679880308935273403e-01
5.698684730719649760e-01
5.706992905043682951e-01
5.689685739405617726e-01
5.692516787320638372e-01
5.683807589409454186e-01
5.686056947331342704e-01
5.691899169013513449e-01
5.681502252896321048e-01
5.688340210269023922e-01
5.679120907757565506e-01
5.692823664115170823e-01
5.693077519164996270e-01
5.696825499046901387e-01
5.685301275865513038e-01
5.691053511134583909e-01
5.696787491422561356e-01
5.691804588076480043e-01
5.689127727601339668e-01
5.693608069160652763e-01
5.692925667823532931e-01
5.691044973643537563e-01
5.695631191341298249e-01
5.685739092447451570e-01
5.708285103525252424e-01
5.703866718943785274e-01
5.683204375650897644e-01
5.682216496732004352e-01
5.688270199687454065e-01
5.701240867427420644e-01
5.694939982795210742e-01
5.701657691993087251e-01
5.703736191232374741e-01
5.692435153255362978e-01
5.696763592322158232e-01
5.706543138532138570e-01
5.686002247200083737e-01
5.685866705880082694e-01
5.681643019003559392e-01
5.695824615954531156e-01
5.695980072866207999e-01
5.672550924926713645e-01
5.699931263170652240e-01
5.700788970339365491e-01
5.685327242833253525e-01
5.689270015049301410e-01
5.690271200944251317e-01
5.689578418370523361e-01
5.693497453273023146e-01
5.694510921362608835e-01
5.674713968579178092e-01
5.697724919147836298e-01
5.688085556692967781e-01
5.690029998419156021e-01
5.699677150661043301e-01
5.691610558976516465e-01
5.686265580763699701e-01
5.680689472018436437e-01
5.702683453896846277e-01
5.683130868898433885e-01
5.700082149634393414e-01
5.693930246710251497e-01
5.691452640529534035e-01
5.680073491944718223e-01
5.688632132407166475e-01
5.705153690917628140e-01
5.690465573312758485e-01
5.698267422916188929e-01
5.691549848570568448e-01
5.698506576900761456e-01
5.690986722426322197e-01
5.693686559625058541e-01
5.688821901801036640e-01
5.698924229404053188e-01
5.694493043360093765e-01
5.691172691920142190e-01
5.694788136906334675e-01
5.700706633309028382e-01
5.693422904862274203e-01
5.701388567981103828e-01
5.691215481773066465e-01
5.684553580219312563e-01
5.690799913136419530e-01
5.703090942911142047e-01
5.697395121042475585e-01
5.687258268073552836e-01
5.691860868200530055e-01
5.686812384115282892e-01
5.695024701928520505e-01
5.688724823425521659e-01
5.689944400554625137e-01
5.697526568184184681e-01
5.694049086766523882e-01
5.696101702516126464e-01
5.690007501253703248e-01
5.691921471125354071e-01
5.692271800409247628e-01
5.673057754504886585e-01
5.699159557293607126e-01
5.694980378808768284e-01
5.700662173376920272e-01
5.691601882644967692e-01
5.692771532427346459e-01
5.699153566002442828e-01
5.680673101629329924e-01
5.690945166829832758e-01
5.700399535126472461e-01
5.697630172232102108e-01
5.700067827930901387e-01
5.685324383717206276e-01
5.693601077574906855e-01
5.689197781433051881e-01
5.690132496740425427e-01
5.696162665034337769e-01
5.692672265476641513e-01
5.697943360865030948e-01
5.703520936579576928e-01
5.685470510465665539e-01
5.702103958889280788e-01
5.690081789875284235e-01
5.686755098386181428e-01
5.680817636583349595e-01
5.697680136782156124e-01
5.698595761735963938e-01
5.702246319596497859e-01
5.687142191796308310e-01
5.699781311289598973e-01
5.697932302564435725e-01
5.693716682648581884e-01
5.697023462653699744e-01
5.708696917945838001e-01
5.685004413783382171e-01
5.695979218030512436e-01
5.692307738245465654e-01
5.691464944080580901e-01
5.695920593862731085e-01
5.695161212413222263e-01
5.682403248646809013e-01
5.695203035767636424e-01
5.684984268818477071e-01
5.697422574359567449e-01
5.690820777772370720e-01
5.688747419790167736e-01
5.683314051406053169e-01
5.681547927227267314e-01
5.687647038564010993e-01
5.674451738142403112e-01
5.697928633341384774e-01
5.696922721678838730e-01
5.705325428796345077e-01
5.694914294021594658e-01
5.689991336865038996e-01
5.694634053233886828e-01
5.684615631393127311e-01
5.694179588330471331e-01
5.679523223716325120e-01
5.691594252899060402e-01
5.680946716101530347e-01
5.695286582653652507e-01
5.690264410814552809e-01
5.697589532960386505e-01
5.686206847569312828e-01
5.689551356458507625e-01
5.689329209628352091e-01
5.699093424688207454e-01
5.690492708486765139e-01
5.689752247100058336e-01
5.674475830267794452e-01
5.697673723005893809e-01
5.690069241759813101e-01
5.674340810063253082e-01
5.689586761961569206e-01
5.693731570770463879e-01
5.693507109349876805e-01
5.693056997967042010e-01
5.689702296357532774e-01
5.692116424449796819e-01
5.692901372764364032e-01
5.675536027595131650e-01
5.692805024466067731e-01
5.686443627452393290e-01
5.690314047632938355e-01
5.692909379193497044e-01
5.702737305665730450e-01
5.692020951909287918e-01
5.688369240576152119e-01
5.697619808090587101e-01
5.697772371968424787e-01
5.693320129144073816e-01
5.698740514306532834e-01
5.690524901493596577e-01
5.695393063734547345e-01
5.697648626009598205e-01
5.693463756963879074e-01
5.694454472392737054e-01
5.696462169096014883e-01
5.690120629722992263e-01
5.678369233458780974e-01
5.689806767110406893e-01
5.699036252660695245e-01
5.694945210478721265e-01
5.692983898189039049e-01
5.689411493610416759e-01
5.696488026418472517e-01
5.692579671070510106e-01
5.696415606711657809e-01
5.694587329478301152e-01
5.691736985150281924e-01
5.694981991324405968e-01
5.696888548207602598e-01
5.694611376973256478e-01
5.688942402110772623e-01
5.703242304190430101e-01
5.685263219620378949e-01
5.695807972415833920e-01
5.693382670410045421e-01
5.699410183545937647e-01
5.683730148216813438e-01
5.697882820488073818e-01
5.693087616265765094e-01
5.695994745533535797e-01
5.705813915072402986e-01
5.692531994468380541e-01
5.690959961938731881e-01
5.685771264371813905e-01
5.686224195172963070e-01
5.692719512299648787e-01
5.689471572244816366e-01
5.688883241536727420e-01
5.695374198995500903e-01
5.696205273964938254e-01
5.692133520766570198e-01
5.700226866283354399e-01
5.689999814488064800e-01
5.693470514119233217e-01
5.695480097909988437e-01
5.696423575936730987e-01
5.697754260914210667e-01
5.698662353170672601e-01
5.689945979353190353e-01
5.699076160800566893e-01
5.699311154537699542e-01
5.692306054217002309e-01
5.687599472863198447e-01
5.683470692658804113e-01
5.679914508992582878e-01
5.690883438236958858e-01
5.697849789469486836e-01
5.693710764559175574e-01
5.700105705358587960e-01
5.685105854903188538e-01
5.728853978991906848e-01
5.691739507784724372e-01
5.696148284592520428e-01
5.686924481375650320e-01
5.703361899811504321e-01
5.688364306969045936e-01
5.694169340417560843e-01
5.694674919058810847e-01
5.694168627769308211e-01
5.681052622904785299e-01
5.689832268286448835e-01
5.699035347348045955e-01
5.697296546876801093e-01
5.700363460449874298e-01
5.699179116391277500e-01
5.681726153997272988e-01
5.693023489901056777e-01
5.704262370359696188e-01
5.689627197434253825e-01
5.679776047215850943e-01
5.689857317696535022e-01
5.679024578819775737e-01
5.680620713961163082e-01
5.699776123033892805e-01
5.697882819821112887e-01
5.683409632996081484e-01
5.679649498203188651e-01
5.687321144959358588e-01
5.703901980586811860e-01
5.680979557902300359e-01
5.690975788492169674e-01
5.695884942219057168e-01
5.689112486238047106e-01
5.703949318490505460e-01
5.695866765841092194e-01
5.697198562165092239e-01
5.695907201193178837e-01
5.699119169709487842e-01
5.683365467277989858e-01
5.687735917947409625e-01
5.675726548160391349e-01
5.698326414241249305e-01
5.697827542575106818e-01
5.684419868155330402e-01
5.689173630669744908e-01
5.692825642168631850e-01
5.693139189237614861e-01
5.692373935161372245e-01
5.689987970486483082e-01
5.682583541288424023e-01
5.699646807859737319e-01
5.696619578576563869e-01
5.686181034087007813e-01
5.698082662603596305e-01
5.688681987278145780e-01
5.688821191189800119e-01
5.689506377720265906e-01
5.689055386797884362e-01
5.690129368129507315e-01
5.697594738309346152e-01
5.692717096668791221e-01
5.699819530106831067e-01
5.695302586282559032e-01
5.686887979735776311e-01
5.693880696717235068e-01
5.689621502361374983e-01
5.688449778191470019e-01
5.696482591831835141e-01
5.683580265235480544e-01
5.686719794500263436e-01
5.689731752356984584e-01
5.696413188386439952e-01
5.682373453562064025e-01
5.690602306170050584e-01
5.695597556549688578e-01
5.686328486726510700e-01
5.695533192638480013e-01
5.696149469715353630e-01
5.684256901155787522e-01
5.705791210039626860e-01
5.690415861189906943e-01
5.696971817047051800e-01
5.673884837622399369e-01
5.697082522259261372e-01
5.681500153333317593e-01
5.688503906585918868e-01
5.695004384949740039e-01
5.690523472700691476e-01
5.685164612063594580e-01
5.689032727242879783e-01
5.689372371750238688e-01
5.684911960726288793e-01
5.696415493888306036e-01
5.683623205107199983e-01
5.696652523300721471e-01
5.685329539924838249e-01
5.698424009951122970e-01
5.693446242878029695e-01
5.692531101653236503e-01
5.694476466752108612e-01
5.697761528701004163e-01
5.684026781470000733e-01
5.691300259428870856e-01
5.694420865846997470e-01
5.696748373086382156e-01
5.674846106108425436e-01
5.700550173389762332e-01
5.689509602927848020e-01
5.703315375331416970e-01
5.696886970338980172e-01
5.695123760903877397e-01
5.697793674741301606e-01
5.686740072122388190e-01
5.691559501224399131e-01
5.696247391491526813e-01
5.693621802469494009e-01
5.685665011514481337e-01
5.700088173902453370e-01
5.687473350999948662e-01
5.696823686128403841e-01
5.699157836741640670e-01
5.692993878155782062e-01
5.695772722121891229e-01
5.697502903047341194e-01
5.686776582148742598e-01
5.697060268989300180e-01
5.681456071329654689e-01
5.694825741280061804e-01
5.700492548530898818e-01
5.700286687508037131e-01
5.688838050763752596e-01
5.680346340990299892e-01
5.680763938621666842e-01
5.692559191255092133e-01
5.692446241457342904e-01
5.688653451063971911e-01
5.692561895016321483e-01
5.700066448307924416e-01
5.687431338387768376e-01
5.694881191175504842e-01
5.696020619891222214e-01
5.689711262234428135e-01
5.692877596126307838e-01
5.691696487413236971e-01
5.675292768673776411e-01
5.695067425548492324e-01
5.694852469363100855e-01
5.694175091313092851e-01
5.690615283351004861e-01
5.695824771382881346e-01
5.696173060841459579e-01
5.679893994666074253e-01
5.694407874369719069e-01
5.683297933293082194e-01
5.690770365009143461e-01
5.693831106108341311e-01
5.692759354394526516e-01
5.700706690557250100e-01
5.694846555397250487e-01
5.687457377900481115e-01
5.699760142784026096e-01
5.681397638626112245e-01
5.697161146797986575e-01
5.692879770780435722e-01
5.691220028195792535e-01
5.694522215410272592e-01
5.691271145116308938e-01
5.689839961796075984e-01
5.673745997452461776e-01
5.667655774369431132e-01
5.693276675578853308e-01
5.696199554280537702e-01
5.684947473425109310e-01
5.691342446490873508e-01
5.704592781066656348e-01
5.697386729858967547e-01
5.685043485290773857e-01
5.687537040934260713e-01
5.690128442210523607e-01
5.700565186160149178e-01
5.683444838478298733e-01
5.679627939546237902e-01
5.682881974206115405e-01
5.691262667633518735e-01
5.691513328379488312e-01
5.690508071788143996e-01
5.694813019481899108e-01
5.687356246175034880e-01
5.700111846982587327e-01
5.698034749625154882e-01
5.702934943678062973e-01
5.688266654499536390e-01
5.700949345621115771e-01
5.689424180148815458e-01
5.714842741474382981e-01
5.687415490084523073e-01
5.686008149344502494e-01
5.698079356148995078e-01
5.693893354190645573e-01
5.693765523099182380e-01
5.696009710208350674e-01
5.696377153250159475e-01
5.695370686154876960e-01
5.693112143231162658e-01
5.692380278810594829e-01
5.681424135741635073e-01
5.694039936317842887e-01
5.685277449129866323e-01
5.687061481491458848e-01
5.684715032597925655e-01
5.696235751783197410e-01
5.691829183005311377e-01
5.691752450645101158e-01
5.687187083450606639e-01
5.694139599430499965e-01
5.695969970539608296e-01
5.697458436277961225e-01
5.693399425229044297e-01
5.696420029748308078e-01
5.691951402215208455e-01
5.692363025451464553e-01
5.702565523089947463e-01
5.687804896153038081e-01
5.686427949335932652e-01
5.682084696827111037e-01
5.695050634766745112e-01
5.700846491092521617e-01
5.686616481495746500e-01
5.686385257478921984e-01
5.691565028091564171e-01
5.690804242524831746e-01
5.690900584044775723e-01
5.701701553905049735e-01
5.685827428132748107e-01
5.668864605481780394e-01
5.693460432366785895e-01
5.692787975583269988e-01
5.682256929339773999e-01
5.682381397189250061e-01
5.690055108765234015e-01
5.666131016544075916e-01
5.700936637619163916e-01
5.694351314411429943e-01
5.694348311648493866e-01
5.702582509537407196e-01
5.682800153342631999e-01
5.688270051735182520e-01
5.698407292098718324e-01
5.687745579753299419e-01
5.696248083663478790e-01
5.684674210671671890e-01
5.695549400348026703e-01
5.696393941020773122e-01
5.702952943500962935e-01
5.686289565412414593e-01
5.691791812276217888e-01
5.703269710480822763e-01
5.699942864726013081e-01
5.694054465814906152e-01
5.691840718714485936e-01
5.694156694482156444e-01
5.681378070575063832e-01
5.692467709841908530e-01
5.698149959725151703e-01
5.683857759779936680e-01
5.690403762440752189e-01
5.688768983997304352e-01
5.703727390710711109e-01
5.699450163587254092e-01
5.693159794542906882e-01
5.706020196087715490e-01
5.703777305897667071e-01
5.693487624863839969e-01
5.690317693728480508e-01
5.677675847270299281e-01
5.679698320599918526e-01
5.685805788684421547e-01
5.691147732793534475e-01
5.685991766862251717e-01
5.701797270579002097e-01
5.694878219926712282e-01
5.683519993091020739e-01
5.700629581412987035e-01
5.699576547945992555e-01
5.696410765666933829e-01
5.662289568742078227e-01
5.691860068692690122e-01
5.696753058692985983e-01
5.694117121706384621e-01
5.688526669938357427e-01
5.693635131194831889e-01
5.679387268632730690e-01
5.694940131515168202e-01
5.693605708938157539e-01
5.690788981768173382e-01
5.681952213688032938e-01
5.686868965468655501e-01
5.687773471764742128e-01
5.693817502786572282e-01
5.694219462637641893e-01
5.699558718344308605e-01
5.695060793686657075e-01
5.699531689730529260e-01
5.698570992638218868e-01
5.690951409846760622e-01
5.692517004330104324e-01
5.693545960793465754e-01
5.693942945440062520e-01
5.702468971978050805e-01
5.694297165860635612e-01
5.698291887886838269e-01
5.703147706075821777e-01
5.687135017646219870e-01
5.699049657838963778e-01
5.702419156398942368e-01
5.684883089678154366e-01
5.697758750042007936e-01
5.681303578543883681e-01
5.695845100973854214e-01
5.686265989902086204e-01
5.693423070763096172e-01
5.691482488904433534e-01
5.687975211680925680e-01
5.705984655970494090e-01
5.680848139584612211e-01
5.685139234627785143e-01
5.698799482285280549e-01
5.690550119648127847e-01
5.694244384382814994e-01
5.694882978870209334e-01
5.690564189252775851e-01
5.695111722091436013e-01
5.688336639099415004e-01
5.694527129042319391e-01
5.696625782624481493e-01
5.695902147567726281e-01
5.681564208896754398e-01
5.695699576443927770e-01
5.699052268524068543e-01
5.689001691624543389e-01
5.689766267426260571e-01
5.697778609788634041e-01
5.698674318148173601e-01
5.685730198829326287e-01
5.686381210967257349e-01
5.691066795871001505e-01
5.688675139377495915e-01
5.691215532067891436e-01
5.685386797274407655e-01
5.684996971744460392e-01
5.681529244930033640e-01
5.690064457280702426e-01
5.696054397488838905e-01
5.695114046269040831e-01
5.693394305831661617e-01
5.704205783445737143e-01
5.680524587630687572e-01
5.692030838072282828e-01
5.694536828081064872e-01
5.689510096291316987e-01
5.695171974078500066e-01
5.698679794699321732e-01
5.693226942816657088e-01
5.690799304192212249e-01
5.691008076184363995e-01
5.693109801851091722e-01
5.689075976831708958e-01
5.693460261832546943e-01
5.681690175219273886e-01
5.691488450888180228e-01
5.713564871769661879e-01
5.685707130135720933e-01
5.697593040820031485e-01
5.691106178430404006e-01
5.693994392842635088e-01
5.685253384459473258e-01
5.682202542623239205e-01
5.690696413030941203e-01
5.687614587653861964e-01
5.694203426967765491e-01
5.693782365504665988e-01
5.688690759841058542e-01
5.688996784924628125e-01
5.696890416913925614e-01
5.689372661616429738e-01
5.695420799384537380e-01
5.701015424174541435e-01
5.688210633653325576e-01
5.697707551692742234e-01
5.692015442647042622e-01
5.688081332201951890e-01
5.695047954518253075e-01
5.682968796203654582e-01
5.691958183487230150e-01
5.681232425946535214e-01
5.684957132142253178e-01
5.696155848865395166e-01
5.684448268309052477e-01
5.680953514402801163e-01
5.690867891235181775e-01
5.686722917361174412e-01
5.701554888257812648e-01
5.703567844521875152e-01
5.692823415651597774e-01
5.688766486383788346e-01
5.691735956079283509e-01
5.691299497081285796e-01
5.695421352453886588e-01
5.689745262092757994e-01
5.683072362093775087e-01
5.688263613982086353e-01
5.677575330999538039e-01
5.694747466799551239e-01
5.691903915472977804e-01
5.679222453166253848e-01
5.688194343782757567e-01
5.698411838698638210e-01
5.694036665113214601e-01
5.682362915975907036e-01
5.697727722467733624e-01
5.703485927647958809e-01
5.693276888986791295e-01
5.686571028183492471e-01
5.686656160054838205e-01
5.693022489814719700e-01
5.686430497254354455e-01
5.681865020127804256e-01
5.695450497077233498e-01
5.689022196677043786e-01
5.693956038691404542e-01
5.694760847460219599e-01
5.697129212974944013e-01
5.682378254333066980e-01
5.690018161452002898e-01
5.689433054815475899e-01
5.693559742901166398e-01
5.688528520397881927e-01
5.687851052568738686e-01
5.695860592961745628e-01
5.691656695195415061e-01
5.698831591682648190e-01
5.696539492232384205e-01
5.688838501707971229e-01
5.695879518500215344e-01
5.690286602201712896e-01
5.697888595544732260e-01
5.699172413153220651e-01
5.685776334931181841e-01
5.691668751061376152e-01
5.698830668733233518e-01
5.698661677341816389e-01
5.690199910851561071e-01
5.683270435171242640e-01
5.691826603822098818e-01
5.694802023331091423e-01
5.693531597198827621e-01
5.687722558214070023e-01
5.693157937846410332e-01
5.695772787591234509e-01
5.683597075931319242e-01
5.680762792826383745e-01
5.674280353339050675e-01
5.694747766819066026e-01
5.686640074027097258e-01
5.693929213537479717e-01
5.694166819910123634e-01
5.694297135921833064e-01
5.695109661463931827e-01
5.691719702205191300e-01
5.694975777660095106e-01
5.682824403404816982e-01
5.692745188445132998e-01
5.701457528469735525e-01
5.693614395463841849e-01
5.690222772868952505e-01
5.698362892354407183e-01
5.684736160246747216e-01
5.634039021601492392e-01
5.690109896272589340e-01
5.692875974406782502e-01
5.691186181680827350e-01
5.695145208282252902e-01
5.704810657234375970e-01
5.690926452210111064e-01
5.691224982363697338e-01
5.695289911159564511e-01
5.691436150073047040e-01
5.692287539118648931e-01
5.692368988272179520e-01
5.694403391815786586e-01
5.694874037523167676e-01
5.692025558133428920e-01
5.698604100596730282e-01
5.701733742787093995e-01
5.703465735496210387e-01
5.697534106311293867e-01
5.679713835989973481e-01
5.691366706613522064e-01
5.695447388742002071e-01
5.694215443346867245e-01
5.693738311895917281e-01
5.680837567164179758e-01
5.706578824275416739e-01
5.693121251505696145e-01
5.695703079743524855e-01
5.694485259077769479e-01
5.682342080397176920e-01
5.694525083547559152e-01
5.687491915810929388e-01
5.704831729165780185e-01
5.683832568391232742e-01
5.692349785370192095e-01
5.693035245840196712e-01
5.684941490487162019e-01
5.693251798679350717e-01
5.691568999862123279e-01
5.701311921289967666e-01
5.685289839639978693e-01
5.702739609701170664e-01
5.689309628813559172e-01
5.683427203263030636e-01
5.690494777482072442e-01
5.692525353927793130e-01
5.697849624544406577e-01
5.687960052642627717e-01
5.691668824952221817e-01
5.698653319456660205e-01
5.693098456826914955e-01
5.696395015422170971e-01
5.682915920302131774e-01
5.698027713596319765e-01
5.697709057697547541e-01
5.696371051500713767e-01
5.688083100562818517e-01
5.691369476447473152e-01
5.688585957433822671e-01
5.704198901524930587e-01
5.697459464502534487e-01
5.689283855901381415e-01
5.695427902434727629e-01
5.689241253600526571e-01
5.692421722925568028e-01
5.696100260828150796e-01
5.686163316624981423e-01
5.690746992668583859e-01
5.693082952305826838e-01
5.697499998524924170e-01
5.691946023357297157e-01
5.698429705795595712e-01
5.692475828297817175e-01
5.677472502267066901e-01
5.699253289502461683e-01
5.692126429640794738e-01
5.679856171341117754e-01
5.699104682168544267e-01
5.683453396737181418e-01
5.692177673513979519e-01
5.690314697801257537e-01
5.698035458463487357e-01
5.693007117913848614e-01
5.686416384697396964e-01
5.691242846550673695e-01
5.682752987597547989e-01
5.695898700471546672e-01
5.680914879828284914e-01
5.702822149714998901e-01
5.683915094139586621e-01
5.687997013374224142e-01
5.700273923044935076e-01
5.692832367405687988e-01
5.700705003643224966e-01
5.690169672569573844e-01
5.683352007272364226e-01
5.695681005041354217e-01
5.675792344875491002e-01
5.687039297314653297e-01
5.699518872795339419e-01
5.682526870825514997e-01
5.699955391581420505e-01
5.688001271890809063e-01
5.693331077162632203e-01
5.692690152008184068e-01
5.695054154966129323e-01
5.688236595772128146e-01
5.688845536340381148e-01
5.695342841520787402e-01
5.696030231617680295e-01
5.692485003729299553e-01
5.669891637771610204e-01
5.697447532535612202e-01
5.687782322874442853e-01
5.692776907639309769e-01
5.695446544620884621e-01
5.694273116855173011e-01
5.685229416068507957e-01
5.683974556606610218e-01
5.687639836422653250e-01
5.707294603188196591e-01
5.697513216277234616e-01
5.689491822611537630e-01
5.685581802438904875e-01
5.693379448830147016e-01
5.684911257085395464e-01
5.695323400315973617e-01
5.692725263483486842e-01
5.690282921397511462e-01
5.694338066598072512e-01
5.697069917407783235e-01
5.681688856364536244e-01
5.683275451771403475e-01
5.693316866461380910e-01
5.697965463967465949e-01
5.685175540487285017e-01
5.698528329044755258e-01
5.686772655123005782e-01
5.684996276103785329e-01
5.690787725859577373e-01
5.693500586857969115e-01
5.700279875451893519e-01
5.683277164538305115e-01
5.694235288349998036e-01
5.693762291319358626e-01
5.694017373006361460e-01
5.690258736458917443e-01
5.698671042935190556e-01
5.693491256898608466e-01
5.689159705401408695e-01
5.694447946472043220e-01
5.693241467004417355e-01
5.687524736238467327e-01
5.694995089125616250e-01
5.682802978170971020e-01
5.688678282105095185e-01
5.697014580601861278e-01
5.690037933784056756e-01
5.690456314719528619e-01
5.693563388149390780e-01
5.691682605759150748e-01
5.693846629599349507e-01
5.694830995625267400e-01
5.692703016836158092e-01
5.691920410659860874e-01
5.681691262823337363e-01
5.697231998547233056e-01
5.695193667044040620e-01
5.693061032640753805e-01
5.699979232806715590e-01
5.692828703222897468e-01
5.694193488973037232e-01
5.686727010391824377e-01
5.694632665119524484e-01
5.687899413691146489e-01
5.685277320212873686e-01
5.683943808974444289e-01
5.690911137514194085e-01
5.690633805380527210e-01
5.706996148337789565e-01
5.684825145171351624e-01
5.693258500217948104e-01
5.694527735172243421e-01
5.689460010874667351e-01
5.691550060817206491e-01
5.693071817284596214e-01
5.695828915771837808e-01
5.690232648406996496e-01
5.702936580728896754e-01
5.682108003002938057e-01
5.692698473016234439e-01
5.698707883878334490e-01
5.691715772489798209e-01
5.691478127897555694e-01
5.700665109980070921e-01
5.691769660117760310e-01
5.693669142839464792e-01
5.692953841101074941e-01
5.684610348469207874e-01
5.680505930214938548e-01
5.695449292434312527e-01
5.692186899215515572e-01
5.693901424081810880e-01
5.691983772349882287e-01
5.700294622448914827e-01
5.695560884201501528e-01
5.695376695336359374e-01
5.694169873584529196e-01
5.686712115082671604e-01
5.695196385238766590e-01
5.681512962561086066e-01
5.691148729549515561e-01
5.691857611427237895e-01
5.692971860033207987e-01
5.701274462857389702e-01
5.682800445398111799e-01
5.691024804658690872e-01
5.707137204946677311e-01
5.698894359396834419e-01
5.692077133734387839e-01
5.694621109524854452e-01
5.692101174788952722e-01
5.691492386835805828e-01
5.700472838451419166e-01
5.696092034491957445e-01
5.685861041598644361e-01
5.682801318889091347e-01
5.694154178928662047e-01
5.695264190428540596e-01
5.694871700643677759e-01
5.689006768518301005e-01
5.674494489940778985e-01
5.703060271783795265e-01
5.686411423032374790e-01
5.696231184556153071e-01
5.698476304763914202e-01
5.701500539107434706e-01
5.689937250072538699e-01
5.684940763719721346e-01
5.691138742082680890e-01
5.697035525256914923e-01
5.693300041821550694e-01
5.696373514505562730e-01
5.697197218405913866e-01
5.686915015418672059e-01
5.692167656555848776e-01
5.695046793631354243e-01
5.696990863866538968e-01
5.694446482244176488e-01
5.700246457167591485e-01
5.705615909230894456e-01
5.685861976054599198e-01
5.700174939209803338e-01
5.697305936928300785e-01
5.692079241906454756e-01
5.682654086891304468e-01
5.691946846353623801e-01
5.685165488367690534e-01
5.680992331908446547e-01
5.690760425034346870e-01
5.687255630938221618e-01
5.697859910305439479e-01
5.700487279748204239e-01
5.680379126849792737e-01
5.683292546250126032e-01
5.690155818734813353e-01
5.689058643151637673e-01
5.693548016786540433e-01
5.697555471543650496e-01
5.694429694791106611e-01
5.692402263893636682e-01
5.699202369476554786e-01
5.699772055076068877e-01
5.690023833888039340e-01
5.687922183324793934e-01
5.699996575164002488e-01
5.685245481445910798e-01
5.687848286127776820e-01
5.697321777565507173e-01
5.699579237073735261e-01
5.690274307441109958e-01
5.703271196241608276e-01
5.683791331654415302e-01
5.693448669764644698e-01
5.691433864583704816e-01
5.698841381681932772e-01
5.689414038265654394e-01
5.682311976194835967e-01
5.697677689137815582e-01
5.691269108584977587e-01
5.673786491813370692e-01
5.687323215544385357e-01
5.697326325906744149e-01
5.693207484991369416e-01
5.687446427312771169e-01
5.691707035505543244e-01
5.686891435797286620e-01
5.700098545897002156e-01
5.692226219720638580e-01
5.698846836926387827e-01
5.690235500928976231e-01
5.682583573135729926e-01
5.696751831092358165e-01
5.696361866450114775e-01
5.694298976040096383e-01
5.692146631540830892e-01
5.700113665904676941e-01
5.694888260339564523e-01
5.699391215326857774e-01
5.684052089637371408e-01
5.695424502554768953e-01
5.694429312658980669e-01
5.687861798888020903e-01
5.698567158870331273e-01
5.678120833290876135e-01
5.696841145011197760e-01
5.692256521273806325e-01
5.691731440354497185e-01
5.684561226558385583e-01
5.689777459747402677e-01
5.677838084911183136e-01
5.694412901359618973e-01
5.698574212208746825e-01
5.693878536363646825e-01
5.694118738010404135e-01
5.699121326404937848e-01
5.688277465300232150e-01
5.686032968342015215e-01
5.687035279534723431e-01
5.685077989068740845e-01
5.695066403555529844e-01
5.684299050195769087e-01
5.704504521456440491e-01
5.705349823502726681e-01
5.686547245200629375e-01
5.700682754298196375e-01
5.695848156942308060e-01
5.690400794582035626e-01
5.692975152354659008e-01
5.689098275387116654e-01
5.694674015180186677e-01
5.699583708124451586e-01
5.696235550895594191e-01
5.692142333316851932e-01
5.694752541898358000e-01
5.692997664300053495e-01
5.690800698180986661e-01
5.691855743071541074e-01
5.690611045189433170e-01
5.681120920209937752e-01
5.689635843889285782e-01
5.693109416114958687e-01
5.697752572561434192e-01
5.688583025694680106e-01
5.695586312052658418e-01
5.691648169225370646e-01
5.692607851968448651e-01
5.694433835844999736e-01
5.699594010565500746e-01
5.700376730649410195e-01
5.694357873502363665e-01
5.696269982077396543e-01
5.693155224712614926e-01
5.685267918718498459e-01
5.699845484262134887e-01
5.693163468909147040e-01
5.685185688423786132e-01
5.691079556119171823e-01
5.679331417847863772e-01
5.697476462486532611e-01
5.696471355180838803e-01
5.673572906095436519e-01
5.687054209025416140e-01
5.690658507283310463e-01
5.690271935641153522e-01
5.688604718321373932e-01
5.671701446113677214e-01
5.698888114397632210e-01
5.687805954310648504e-01
5.690175527215350915e-01
5.694982367555765368e-01
5.692100223749348986e-01
5.690111974226026437e-01
5.691849439768777996e-01
5.684184006791090926e-01
5.691133936751294753e-01
5.671622081717099251e-01
5.698444864004031940e-01
5.691890024983985441e-01
5.683909535351987508e-01
5.684558784269674314e-01
5.691649120081022639e-01
5.698713528059907718e-01
5.703880802938573469e-01
5.695405246681507494e-01
5.684750353870826611e-01
5.682795519678516261e-01
5.689463336775661961e-01
5.676688335205632985e-01
5.695188984226190465e-01
5.691255170761280180e-01
5.678025690883540255e-01
5.690282243720748978e-01
5.686675869595291255e-01
5.687884142106736096e-01
5.693345140160218643e-01
5.697904725450391172e-01
5.673988920389588797e-01
5.695939460739436466e-01
5.685556905509125958e-01
5.614915048392682406e-01
5.695787671231545835e-01
5.680404410566064488e-01
5.696397499839861434e-01
5.702605878153155228e-01
5.695646763589073958e-01
5.701862126865318015e-01
5.693853819105619829e-01
5.688975846503797618e-01
5.686513973440943115e-01
5.682067855953510938e-01
5.687498097412276854e-01
5.691863998104743638e-01
5.689646940524019092e-01
5.691881591217521352e-01
5.684266922020503321e-01
5.692094607834529141e-01
5.684262947444533864e-01
5.696736501126585805e-01
5.684032815737906086e-01
5.692589767902834774e-01
5.685560035142426250e-01
5.688910449612595288e-01
5.685552724331095487e-01
5.693572535735731410e-01
5.691396587824257836e-01
5.691444140194865664e-01
5.699937850653969962e-01
5.699164997650891795e-01
5.701831443023166468e-01
5.684677787203581412e-01
5.696460319961781371e-01
5.693552509858041955e-01
5.673386610290482857e-01
5.680182251163515827e-01
5.693363667230000313e-01
5.684098490401070514e-01
5.685647050061055641e-01
5.694431684231285873e-01
5.698858619420795746e-01
5.697853437404267751e-01
5.694566532956847338e-01
5.694648990495191354e-01
5.692516156302122043e-01
5.700429572177369009e-01
5.687336972883266784e-01
5.689312202263981932e-01
5.694130101667782551e-01
5.701171729303070590e-01
5.695607811971927781e-01
5.696910954403752170e-01
5.682780361060548735e-01
5.687780165548123046e-01
5.679402647258778858e-01
5.694812021636550536e-01
5.698467764053238849e-01
5.710447676003200801e-01
5.692322899350401588e-01
5.686207272301533333e-01
5.689743980745048946e-01
5.687774917814286679e-01
5.695920609361453391e-01
5.686885329887603202e-01
5.687311371735396248e-01
5.686898721608978358e-01
5.703542046312917169e-01
5.687444047084551091e-01
5.689028873008842302e-01
5.696942051676330276e-01
5.690563540051717384e-01
5.693949227560839432e-01
5.693749798839520260e-01
5.689664276629203821e-01
5.681589632344997698e-01
5.695495478630198116e-01
5.694692393200987413e-01
5.699616023070530613e-01
5.689997469763067306e-01
5.691672571128478797e-01
5.699059603648989336e-01
5.683503229569834003e-01
5.694373586295579104e-01
5.698297269753203054e-01
5.696473733509235249e-01
5.699029861066223779e-01
5.688043049103840287e-01
5.697741006588477042e-01
5.692252964137447524e-01
5.698902049855394392e-01
5.697166499312695809e-01
5.694224141896032654e-01
5.695562012979306088e-01
5.695575722007324426e-01
5.692924662218086240e-01
5.684548327315027683e-01
5.690362591266003855e-01
5.692032222153782239e-01
5.693131747043361779e-01
5.706356240491574638e-01
5.689092150151574545e-01
5.692763978552208837e-01
5.693720081485494910e-01
5.695977529506427439e-01
5.696004645129960631e-01
5.682181068084479758e-01
5.684795807224766184e-01
5.682075375915073279e-01
5.693306693513811023e-01
5.689083718596003036e-01
5.695723817723000737e-01
5.691137046331716798e-01
5.691845757712210574e-01
5.693682603025799205e-01
5.692273295153479351e-01
5.693252001969334453e-01
5.703597047053098335e-01
5.688876624602817733e-01
5.695315939981854259e-01
5.697340864492972390e-01
5.691346048301392235e-01
5.687909876378322016e-01
5.694420812255838182e-01
5.688259776537852863e-01
5.700933452379342015e-01
5.693095866264819005e-01
5.691428523452152222e-01
5.700569352811738488e-01
5.692789693096371728e-01
5.688110991928890803e-01
5.688735579905671580e-01
5.708416121753873140e-01
5.689807149018176746e-01
5.688834329696571546e-01
5.692820069703043995e-01
5.696638805554009588e-01
5.693026547086711409e-01
5.670116382577179426e-01
5.688598947250322890e-01
5.681493583578999251e-01
5.688081009160601553e-01
5.692119878602389660e-01
5.699635142591182868e-01
5.683803254938901706e-01
5.689344093384881562e-01
5.694295815295377095e-01
5.670192911583820106e-01
5.695051235471143558e-01
5.691191178755828917e-01
5.694743867814739957e-01
5.689123775997092514e-01
5.688523551931677913e-01
5.701740235353807140e-01
5.697806279194050916e-01
5.694301534905887863e-01
5.688457238781114977e-01
5.694747015877117402e-01
5.683918288560612098e-01
5.683225759123833321e-01
5.694672742044458724e-01
5.697410545908890844e-01
5.686369329974391151e-01
5.698255944669146089e-01
5.700875081682764689e-01
5.685071106006732711e-01
5.690358839638630650e-01
5.692507200805695389e-01
5.679994839064567147e-01
5.701994446507859804e-01
5.694069113908760693e-01
5.678170727442830579e-01
5.691527571045043032e-01
5.696027280049645869e-01
5.699093598785276438e-01
5.692867020991174698e-01
5.688550612918522598e-01
5.697572869723577238e-01
5.692513995309205210e-01
5.696218551863585500e-01
5.686108900667515842e-01
5.692771057345620278e-01
5.683207921779188654e-01
5.698205651498916557e-01
5.686162107741496996e-01
5.697712494620220669e-01
5.688720899312753598e-01
5.695248337902206748e-01
5.679890947360841658e-01
5.689502518803352116e-01
5.680845155031161164e-01
5.694910677144658928e-01
5.693721641252652566e-01
5.698268744653802731e-01
5.689025033027995670e-01
5.688348946688348562e-01
5.683968109095497434e-01
5.690338511445064418e-01
5.690464583517312880e-01
5.696220021088491681e-01
5.691850028216463020e-01
5.695700596188173481e-01
5.688624587452043579e-01
5.687515648747211161e-01
5.686940216815857818e-01
5.696772965923404541e-01
5.695053095461829473e-01
5.684790930445636770e-01
5.697101254591923070e-01
5.693708665137998670e-01
5.692247388711634271e-01
5.692331822034069067e-01
5.649348320549086866e-01
5.690156622469254577e-01
5.701490321307386422e-01
5.691382815069336853e-01
5.693048194609495738e-01
5.681636253269035652e-01
5.687087217673189032e-01
5.690726886922065075e-01
5.689675596222432130e-01
5.685309103414787346e-01
5.689315655696323137e-01
5.701162817759223289e-01
5.700923502051217229e-01
5.689417323686828398e-01
5.688161074854078958e-01
5.694530792523360141e-01
5.673207173542433868e-01
5.697430106437161301e-01
5.697634772203594711e-01
5.689419603728956831e-01
5.686651277208020216e-01
5.694244315198210282e-01
5.696427167976859662e-01
5.692336814609758600e-01
5.701040374267226651e-01
5.694224301998310755e-01
5.696752124511236248e-01
5.688624190498769995e-01
5.692318638628263150e-01
5.695147777807462175e-01
5.687070217051725107e-01
5.679082916989014462e-01
5.690858902209675607e-01
5.685265065446972743e-01
5.690596073467840688e-01
5.694530150128901402e-01
5.683589449826030870e-01
5.686711993735206194e-01
5.684127590657455098e-01
5.691381557904682253e-01
5.686634379315366195e-01
5.694979991394928387e-01
5.696074858789199613e-01
5.688520579315569092e-01
5.700704449554953035e-01
5.693089457788473862e-01
5.677946805978740796e-01
5.690680485745386319e-01
5.682754215250866991e-01
5.695673305818030885e-01
5.692163551709661373e-01
5.694051935416289956e-01
5.680289166711826043e-01
5.698529825169458274e-01
5.696108692000859675e-01
5.686794529303577095e-01
5.697015816003807576e-01
5.695624354438429959e-01
5.699103984680095047e-01
5.686728365270109498e-01
5.687200992260414978e-01
5.693196504101070143e-01
5.683918819659509181e-01
5.688563686050266410e-01
5.684839104056397252e-01
5.685915858000109013e-01
5.685493776254222364e-01
5.689307008222446171e-01
5.695643926251962030e-01
5.686666904590528260e-01
5.695046810473806120e-01
5.693908006712955494e-01
5.684905633208151565e-01
5.699007860885957344e-01
5.691268669482706377e-01
5.684283708297170890e-01
5.696016016250310399e-01
5.703297490581784590e-01
5.688520357749734524e-01
5.688290881138154953e-01
5.697334306828384376e-01
5.689953003355913141e-01
5.696803490349955368e-01
5.701461542657498827e-01
5.693640949691396447e-01
5.699992675049215807e-01
5.688933733763973377e-01
5.696575870596338742e-01
5.687584403065252259e-01
5.697496701081038450e-01
5.695058265797693364e-01
5.691141631868333883e-01
5.700276004836877242e-01
5.695382039308031219e-01
5.696058797585976663e-01
5.695974414927986729e-01
5.683854091759751315e-01
5.690005764722944059e-01
5.693240747360505116e-01
5.696063868761019888e-01
5.692589160424057493e-01
5.684005120446872228e-01
5.686827961529824504e-01
5.690816771225875037e-01
5.690113561933503039e-01
5.690035488448496048e-01
5.695035806517436683e-01
5.691272758239611651e-01
5.698354415071477108e-01
5.691886175964739891e-01
5.689170493125618178e-01
5.692716004093710813e-01
5.684525018725262724e-01
5.676964558615906764e-01
5.692473239840520893e-01
5.696043895205182839e-01
5.697246923848711120e-01
5.696239183225620950e-01
5.688952737292474193e-01
5.698215271057790465e-01
5.686496574719723807e-01
5.695437883323107853e-01
5.690990854975600532e-01
5.686408718420108421e-01
5.697648752248215542e-01
5.688135718750590986e-01
5.695314690132179392e-01
5.698584484898863156e-01
5.685823019795677169e-01
5.694853126886667560e-01
5.703667639167327996e-01
5.693002767269922382e-01
5.688132359129520754e-01
5.688631055314694596e-01
5.697466928197277847e-01
5.696382713410594878e-01
5.687442628139006695e-01
5.693020289375521070e-01
5.686396317721704730e-01
5.695982262227252679e-01
5.690280051636991132e-01
5.698017088703646316e-01
5.680859934331464745e-01
5.698686966391426356e-01
5.684641950777923336e-01
5.690065211574247828e-01
5.679911768237938530e-01
5.692554047362637926e-01
5.690870242218333264e-01
5.688606154434439066e-01
5.693153307357536885e-01
5.686311675370078200e-01
5.696483533192836513e-01
5.687575626501161219e-01
5.684392560502014025e-01
5.697167806606312501e-01
5.698693198229377588e-01
5.686484321080599313e-01
5.687669625844444798e-01
5.686909543964148162e-01
5.692377329080416937e-01
5.680505791854669750e-01
5.689185490541535106e-01
5.692437890106986087e-01
5.696615475558391983e-01
5.689126810743744267e-01
5.693770262622609435e-01
5.690073846672280000e-01
5.687512301017384475e-01
5.686931023584891332e-01
5.699535160969535497e-01
5.696845624756842197e-01
5.696801704653633447e-01
5.694966687447063913e-01
5.700918200767050026e-01
5.688106719337464590e-01
5.684700580163000172e-01
5.680754593510988215e-01
5.695179357458397540e-01
5.681667894193627166e-01
5.685127189324464814e-01
5.688576079695583099e-01
5.687104444688539928e-01
5.692034039820141889e-01
5.695665674877912199e-01
5.695698942883244964e-01
5.686673992073397743e-01
5.697129747190757820e-01
5.687296560355419306e-01
5.698294568035577878e-01
5.692481094694364918e-01
5.688521341389783936e-01
5.701412334114371872e-01
5.677587301029216604e-01
5.698293809628648399e-01
5.694066883595206852e-01
5.690189081441772156e-01
5.695472729545334456e-01
5.689034464644533440e-01
5.680602858654183462e-01
5.697262579140046634e-01
5.694794772381411851e-01
5.693803741089240589e-01
5.683826450232284389e-01
5.695415896400892741e-01
5.689251349216857268e-01
5.692726771770463268e-01
5.698078248986337968e-01
5.690737665516499844e-01
5.697093583417809359e-01
5.696797295039680575e-01
5.693175645467910551e-01
5.684027131647521047e-01
5.692651787155771359e-01
5.689370874599389838e-01
5.703748000957338249e-01
5.669854585237646960e-01
5.692889379656016491e-01
5.690494575133266952e-01
5.694830157711979757e-01
5.700483190786104215e-01
5.695168699554680192e-01
5.688070749607732068e-01
5.682851976756145840e-01
5.690918787652073929e-01
5.694315132064832197e-01
5.693223717580219168e-01
5.695059438992461365e-01
5.682544032081472407e-01
5.695781032739304361e-01
5.687213270327541315e-01
5.692916694447329728e-01
5.694261446526501791e-01
5.695349443390108624e-01
5.689808153369766419e-01
5.681431738836024703e-01
5.694607423473858621e-01
5.690747853416228130e-01
5.692792068599005217e-01
5.686960912195300200e-01
