-2.177129552436125794e-03
-2.380357201683786905e-03
-1.995104410910484606e-03
-1.633979247148572688e-03
-1.030349069179065536e-03
-6.146588715994806551e-04
-7.741322527579770586e-04
-2.692346672906017341e-03
-1.541027277745981531e-03
-1.365484963210214422e-03
-2.710489006062871947e-03
-2.411123425332805260e-03
-2.720469411198136404e-03
-1.270155770366857137e-03
-2.838911697198735762e-03
-2.785952702233413739e-03
-5.156231273768590966e-03
-4.964427151152801636e-03
-2.948633012352370845e-03
-4.053146481300603197e-03
-5.184262119985001346e-03
-4.751059678932871046e-03
-3.480811009079846138e-03
-5.756147029415507009e-03
-3.826149908520365319e-03
-4.938046963123475692e-03
-4.506114867939574678e-03
-4.628358617681992311e-03
-7.434182121959441794e-03
-6.425210516368496348e-03
-4.325773949012072690e-03
-6.004646287869040873e-03
-5.865710612931749300e-03
-6.290745478148074450e-03
-6.904010656596753018e-03
-6.725528575015244336e-03
-5.330117866461603522e-03
-5.408809787097658417e-03
-5.789317633249586002e-03
-6.539812958729597329e-03
-6.754861412468543720e-03
-6.524169869628060336e-03
-7.014137802434412469e-03
-7.086128059472065858e-03
-6.888016997232761056e-03
-7.296255907965891463e-03
-7.078714252309823915e-03
-6.854461833578103305e-03
-6.840519738391212523e-03
-6.549880886302325914e-03
-6.483107037297256535e-03
-8.221213507901730874e-03
-7.492100648922734793e-03
-8.140690260263174632e-03
-7.347274237820044900e-03
-8.163403705780530872e-03
-7.593945071844735405e-03
-7.499570662986004312e-03
-8.037312750062662603e-03
-8.291689072815192768e-03
-7.488766477968463418e-03
-7.900627154854081291e-03
-8.007731001798530646e-03
-7.310807098859613100e-03
-7.762499897896459403e-03
-7.211034447353695601e-03
-7.879558372860777024e-03
-8.240389002916917449e-03
-8.295284036779211612e-03
-7.915723751411465545e-03
-7.460463072903808501e-03
-8.013011570208072171e-03
-7.409712266210253216e-03
-7.793558080813619594e-03
-8.177339288691297045e-03
-7.710360083165107049e-03
-8.001670882370843715e-03
-7.491316670490714633e-03
-8.360581942032884600e-03
-7.806200336896406723e-03
-6.957871605963174624e-03
-8.036861380718417908e-03
-7.680959843742484090e-03
-8.106474757051135988e-03
-7.977794815156525471e-03
-8.250000009968774459e-03
-8.017386017447513530e-03
-8.411724941297698405e-03
-8.189020626952082244e-03
-8.202800270762127671e-03
-7.895672274618936379e-03
-7.848386664040933949e-03
-7.949053552626345054e-03
-8.072296918877730487e-03
-7.988095428277702109e-03
-8.444334890393336707e-03
-8.120651974934067069e-03
-7.450204066635906196e-03
-7.723779078646014241e-03
-8.056693707780450756e-03
-8.189884039570532320e-03
-7.718189264816238682e-03
-7.783126487690539448e-03
-8.408189409551614785e-03
-8.079828537450687090e-03
-7.706328405261037538e-03
-8.167863738508281471e-03
-7.608496496163477674e-03
-8.636097290750568284e-03
-8.557933827290623366e-03
-8.659146700463535642e-03
-8.006687038967775366e-03
-7.876418592487574241e-03
-7.798851654845512758e-03
-8.212023050295598134e-03
-8.024402324983206936e-03
-7.908623743132028178e-03
-7.868475949948678522e-03
-7.871625152515262722e-03
-8.144437178392634896e-03
-8.257751687140208255e-03
-7.589957538422566555e-03
-8.179143498645628091e-03
-7.695204385066926889e-03
-8.120782559631235450e-03
-7.858316691828733797e-03
-8.068117653877510814e-03
-7.742637038413735864e-03
-7.948212043380198377e-03
-7.601448400595282873e-03
-8.140166239573419157e-03
-8.168275873775446977e-03
-8.108356153806244374e-03
-7.958771171039007511e-03
-8.068210384271339713e-03
-8.306661518837667180e-03
-8.228825008877191025e-03
-7.245067856797260744e-03
-7.691973212886100628e-03
-8.428814501461105030e-03
-8.008905512171376681e-03
-7.714100962983853026e-03
-8.179843199387989636e-03
-7.983114026506631447e-03
-8.019489366646335993e-03
-8.394059922826411363e-03
-8.232506887044757637e-03
-7.809197195647256569e-03
-8.209694124342267404e-03
-7.769483040206625127e-03
-8.125359496804939602e-03
-8.668653640582875061e-03
-8.326495217629396872e-03
-8.708320397364013518e-03
-8.591631057535898536e-03
-8.066833245247524362e-03
-8.038380639836906899e-03
-8.067993989416504322e-03
-7.505153039460304466e-03
-8.677997855523573653e-03
-7.871618796468049864e-03
-7.935426323436496968e-03
-8.115398314986222231e-03
-7.926370619270308934e-03
-7.612183513155490119e-03
-8.045503993353559855e-03
-8.283444001525381434e-03
-8.283381448148703294e-03
-8.244898935371921048e-03
-7.776214047397304006e-03
-8.229141411400244313e-03
-8.333954666090314170e-03
-7.634626838743330257e-03
-7.420022666083982317e-03
-8.787196689275501849e-03
-7.955467010449085094e-03
-9.341100661511277797e-03
-7.985497767236884523e-03
-8.149892647253640168e-03
-8.128422904970176652e-03
-8.517114417312020985e-03
-8.795075863454484416e-03
-8.227928407191609228e-03
-8.386645476804491586e-03
-8.467964000777391739e-03
-8.328723456198183078e-03
-8.059571656211296856e-03
-8.027499062036647093e-03
-8.301526128348104758e-03
-8.139369045403023820e-03
-8.423494927475709201e-03
-7.810012999044268177e-03
-8.378578216807723925e-03
-8.310323090828155429e-03
-8.401601697453988521e-03
-8.441981922748037145e-03
-8.177505699127951555e-03
-7.574455732936086726e-03
-8.448592992653171027e-03
-7.880199240311329054e-03
-8.443342887575392905e-03
-8.307360763866697070e-03
-7.917423791081895992e-03
-7.868306496615783477e-03
-7.942965917404625972e-03
-8.082034839201451479e-03
-7.886707149018224589e-03
-7.903492196373002737e-03
-7.847029167558685833e-03
-7.886760704970980501e-03
-9.171730986466225879e-03
-7.480036705986237155e-03
-8.254175688863260585e-03
-8.331868279746343364e-03
-8.760327117876181083e-03
-8.145254756352532030e-03
-7.678270653518672398e-03
-7.813270757477399145e-03
-8.497722859069701748e-03
-7.838334195511760180e-03
-9.126381005668707941e-03
-8.389504152710208079e-03
-7.873038120842900528e-03
-8.102061097455637989e-03
-8.100545024666103155e-03
-7.959383026979996792e-03
-8.301877290586510624e-03
-7.949043785886499361e-03
-8.615642465439473166e-03
-8.037658731842528895e-03
-8.185976942043132060e-03
-8.191821161664527423e-03
-8.035460262028209372e-03
-7.793384754458410231e-03
-8.513541264395473734e-03
-7.909428408456455756e-03
-7.700396014390516533e-03
-8.209454372768506744e-03
-8.603387790759073339e-03
-8.323284624500392609e-03
-8.712734959113786412e-03
-8.156325084270651948e-03
-7.718664043805450667e-03
-8.365904162513905507e-03
-8.076991877310148518e-03
-8.320192208528533542e-03
-7.814046526529578457e-03
-8.215821274889322998e-03
-7.886434783920670891e-03
-7.921842406436549466e-03
-8.150157841178253676e-03
-8.361646642796816131e-03
-7.967173956661504491e-03
-8.075918201391984325e-03
-8.060686304810335892e-03
-8.479096827701964462e-03
-7.792696840854115500e-03
-8.321553458447922616e-03
-7.762652604517237577e-03
-8.370917848990345328e-03
-8.035569978103685937e-03
-8.117085712146752605e-03
-8.083554417454974841e-03
-8.028721920694393069e-03
-8.218965114706742320e-03
-8.243282455013739574e-03
-8.408219819133280065e-03
-8.956876777995332120e-03
-8.351216586041765311e-03
-8.057422038969296388e-03
-8.098728036199116104e-03
-7.812780492871143276e-03
-7.795992049334290845e-03
-7.780766644751082109e-03
-7.484125810020568308e-03
-8.150905095812229634e-03
-7.938546765845710951e-03
-7.766913691870984404e-03
-8.062671533449774358e-03
-8.553091378339996997e-03
-7.884219502168379398e-03
-8.142196821423789213e-03
-8.557332474719432994e-03
-7.822550918982323562e-03
-7.737006045764449787e-03
-8.680603187514013275e-03
-7.882684583407911436e-03
-8.003789878061325774e-03
-8.088903710091941562e-03
-8.069355821620102093e-03
-8.254049256608624388e-03
-7.737182728448368033e-03
-7.657225595704702722e-03
-8.490983162817494420e-03
-8.407615092238149637e-03
-8.122084597035237122e-03
-8.937061575073528344e-03
-8.032417578485695139e-03
-7.777980528178694668e-03
-8.058480466870306114e-03
-7.732378965139957358e-03
-8.386802821741012534e-03
-7.655284154764852023e-03
-8.275334048651978788e-03
-7.811224767970019467e-03
-7.896765168869840021e-03
-8.111024595325215872e-03
-8.098397976879915736e-03
-7.940793585504210897e-03
-8.165230902697299606e-03
-7.842330829419727131e-03
-7.859372626362217187e-03
-8.186976622096478820e-03
-7.696683691135339234e-03
-7.997276967145602530e-03
-7.936852077198467553e-03
-8.327474270600029871e-03
-8.161687623919973780e-03
-8.384295567775963340e-03
-8.168821039465109721e-03
-7.943671802547442803e-03
-1.044803771450208106e-02
-7.754245164090288120e-03
-8.149823373161859535e-03
-8.080445417632479282e-03
-8.477250164827965923e-03
-8.127195960247985546e-03
-7.996939129628800533e-03
-8.490262944466017703e-03
-8.169811517816403384e-03
-8.481518846953460880e-03
-8.155179817483688628e-03
-8.126254103223347694e-03
-8.534623772653463641e-03
-8.158502881105211130e-03
-8.487673065588409102e-03
-8.554554007679135777e-03
-7.946188532919421996e-03
-8.218913450605788359e-03
-8.376885481111163642e-03
-7.924024685923342429e-03
-8.134844698490793433e-03
-8.249683687630321449e-03
-8.337846373835769084e-03
-8.099459593589302536e-03
-8.255618641907018149e-03
-8.126198277005020759e-03
-7.990019757075070284e-03
-8.228280679154284169e-03
-8.201332019228574008e-03
-7.587914623533706729e-03
-7.724896420996228523e-03
-8.169490607139893654e-03
-8.096917434035906525e-03
-8.188123271179787235e-03
-8.074174404856139867e-03
-7.967007395969850567e-03
-8.342693841868602592e-03
-8.035196207200345081e-03
-7.995532010611339571e-03
-7.986665347819206159e-03
-8.491254413858187466e-03
-7.711531787914372403e-03
-8.280839766851039174e-03
-8.158793720436477090e-03
-8.580873890942317464e-03
-8.218120333974543099e-03
-8.098135639492303958e-03
-7.859806111401482220e-03
-8.151574285328731101e-03
-7.753660290209752823e-03
-8.156298737351517711e-03
-8.633752386398211784e-03
-8.060397113281840900e-03
-8.272178666680878728e-03
-8.257897260320350499e-03
-8.397601005051038778e-03
-7.993762653898481979e-03
-8.379833596302821083e-03
-8.412017701321394120e-03
-8.486410881344766052e-03
-8.464205114375992003e-03
-8.118924620580064352e-03
-8.000620682640289735e-03
-8.408440417241138873e-03
-7.868328450940204402e-03
-7.885557383333534689e-03
-8.172237274563814990e-03
-8.514636140849520321e-03
-8.282132684000511821e-03
-8.683502782878405393e-03
-8.104222886252536104e-03
-8.229629288719692709e-03
-8.208396491158316891e-03
-8.145744965127715495e-03
-8.241223834963333494e-03
-8.107246158108791928e-03
-8.142358920500195746e-03
-8.056871968918428301e-03
-8.248655512211487337e-03
-7.963381907837685514e-03
-8.403556580128205417e-03
-8.477535742689487619e-03
-8.263574338878787104e-03
-8.285842676413785954e-03
-8.321129366070696351e-03
-8.086403839813630784e-03
-7.949117994281390195e-03
-8.246954937188978249e-03
-7.777836294438096945e-03
-8.229649888711363520e-03
-7.996239663617838236e-03
-8.329069538069859210e-03
-7.957995011493319143e-03
-8.496095322901140237e-03
-7.628800929323629153e-03
-8.051206682057377578e-03
-7.968358921857493157e-03
-8.094777343106002859e-03
-8.147368284673810884e-03
-8.156477068830176452e-03
-8.226316828224859365e-03
-8.356862009629850360e-03
-7.674692775326985225e-03
-8.013241430556011791e-03
-8.209602520246828128e-03
-7.886986762565178014e-03
-7.900551700539616348e-03
-8.037630775310913162e-03
-8.389114201163755391e-03
-8.030445028126954529e-03
-8.384388670046946310e-03
-8.153298679476053343e-03
-8.325360930952178593e-03
-8.468828833522174318e-03
-8.295154328434027266e-03
-8.332738942503038412e-03
-8.165010476640704659e-03
-7.843689753513811286e-03
-7.831631898352852533e-03
-7.907342044459303790e-03
-8.225270722775068766e-03
-8.041580840580016612e-03
-8.252132919858290797e-03
-8.418566148464298737e-03
-8.343745913077543763e-03
-8.309224121033935082e-03
-7.637421507510023730e-03
-8.252167070387114028e-03
-8.188650562397566460e-03
-8.426162802386935602e-03
-7.669793112475746868e-03
-7.664810077006327729e-03
-7.843711917141551679e-03
-7.515756011619732259e-03
-8.359644080627419080e-03
-7.814154830206296309e-03
-8.485853364059565279e-03
-9.975514813364227962e-03
-8.022047289122693700e-03
-8.381851509903391270e-03
-8.204857927976105109e-03
-8.073163002449038755e-03
-7.679641701204825179e-03
-7.777618605240563428e-03
-8.358011089947312011e-03
-8.391512259977184154e-03
-8.452258648410138769e-03
-8.353407088407144646e-03
-8.012354108752858459e-03
-8.238560381099971699e-03
-7.825384718484188276e-03
-8.104525161999139374e-03
-7.669572890533402597e-03
-8.639003829646366497e-03
-7.765146807115456615e-03
-8.115378091631096288e-03
-7.760431842020647578e-03
-8.270244963734884810e-03
-8.275660453190721716e-03
-8.436673920423734194e-03
-8.437889442252826874e-03
-8.168015976055372634e-03
-7.731303804435568638e-03
-8.179967395734413782e-03
-8.049398513770631217e-03
-8.064360553328113815e-03
-8.098386925103612591e-03
-8.068392783115939035e-03
-8.439682914989612289e-03
-8.538592617109914615e-03
-7.885645094084495557e-03
-8.630590005704879761e-03
-8.263074320557705840e-03
-8.301445367474272544e-03
-8.048881518203397645e-03
-8.406335469228551002e-03
-8.265301014077814507e-03
-7.799624312284994532e-03
-8.056973346969434346e-03
-8.453452291330191062e-03
-7.578445823740958751e-03
-8.318836626999477971e-03
-8.683475226392537924e-03
-7.993943382619902657e-03
-8.346366138149553457e-03
-8.509707648544882763e-03
-8.520914368854602336e-03
-7.907127350976012048e-03
-7.666600577363187619e-03
-8.110878463245466477e-03
-8.443405261936034675e-03
-8.511914793520855560e-03
-8.095258930378077672e-03
-7.846900247874651763e-03
-7.862935327291809690e-03
-8.279674793618506737e-03
-7.835157643365949637e-03
-8.486614231108578418e-03
-8.010518004501027481e-03
-8.394029720387125720e-03
-8.091866148242489107e-03
-7.768342034282159705e-03
-8.163142720477726058e-03
-8.732064769178451286e-03
-8.292423201392940674e-03
-7.864541751020245192e-03
-8.597328380995718916e-03
-7.870415402342222436e-03
-8.061761396435940252e-03
-8.727590687913068870e-03
-8.306658253872766309e-03
-7.830491276156967273e-03
-7.589557346007338480e-03
-8.482477549963611529e-03
-8.421180026265488380e-03
-8.440457490021950268e-03
-8.391685249583571982e-03
-8.615821961764811091e-03
-7.543791551146329308e-03
-8.307341868753011574e-03
-7.988082466507111234e-03
-7.471624065027206336e-03
-8.232877935404865968e-03
-8.108087433398842789e-03
-8.172314561385165751e-03
-8.042371024727769727e-03
-8.290743992054589243e-03
-7.958567096982763558e-03
-7.936724693760454502e-03
-8.253544508052521739e-03
-8.201878361155125891e-03
-7.789430935676786884e-03
-8.089128154306757593e-03
-7.987542314251815795e-03
-7.847104850039293006e-03
-8.404870071226028597e-03
-8.608164519788524469e-03
-7.908857568473275437e-03
-8.278506410295965318e-03
-7.808154804537316418e-03
-8.132104890011326165e-03
-8.300101987537875092e-03
-8.404277149856411930e-03
-8.484855307060312421e-03
-8.671382174030600742e-03
-7.834082679205220737e-03
-8.450342259686171448e-03
-8.221628052480034130e-03
-8.099428812428973584e-03
-8.138020224503184422e-03
-8.145820390582618128e-03
-7.800293171049488619e-03
-8.167427838563673034e-03
-7.863393296885323389e-03
-8.288843440091947859e-03
-8.081819326851381532e-03
-7.782338551497571325e-03
-7.468434207776329485e-03
-8.328357991489286280e-03
-8.230309913757538273e-03
-7.904864612285145489e-03
-8.703647253080658980e-03
-8.617477387587091017e-03
-8.261357977025743718e-03
-8.104416831854010725e-03
-8.556651971632838610e-03
-8.717744295037020349e-03
-8.172414765200742420e-03
-8.294155090305895678e-03
-8.650684931655810289e-03
-8.186106913660571097e-03
-8.052612937640051330e-03
-7.556038056396406806e-03
-7.838779901742145076e-03
-7.997436431351383559e-03
-8.409233921653038943e-03
-8.271244687437655924e-03
-8.132648641741868981e-03
-7.807300240008400831e-03
-8.335449464774435935e-03
-8.094124061465242034e-03
-8.083997111599324284e-03
-8.151632380964656324e-03
-8.911961242204054917e-03
-8.509960592046389785e-03
-7.814353309646870221e-03
-8.185439757944555292e-03
-8.116856696661628109e-03
-7.892000815353319293e-03
-8.507739502005748009e-03
-8.168493123123777427e-03
-7.807417707405206984e-03
-8.274971913254058203e-03
-8.255659798655921172e-03
-7.964280259407733806e-03
-7.940410427889548622e-03
-8.090327180889044650e-03
-8.287728991190899605e-03
-7.584407159262947055e-03
-8.306978139042922593e-03
-8.171606052774066029e-03
-7.524113988446475519e-03
-7.892889828431049609e-03
-8.216876341040809870e-03
-8.204250024835837984e-03
-8.323320224171691997e-03
-7.963728484114864295e-03
-8.479340221558339524e-03
-7.962135297520727198e-03
-7.970845846089747583e-03
-8.324821538129953402e-03
-8.230194474775218844e-03
-7.862745989045497388e-03
-7.796260069635289024e-03
-8.240252906346508255e-03
-7.876474020755783872e-03
-7.811548256242642312e-03
-8.069146796720275822e-03
-8.255843416594388015e-03
-8.131305574178761958e-03
-8.338317344649508189e-03
-7.955005758669279545e-03
-7.719402748468176534e-03
-7.647136754033905318e-03
-8.638768433209789016e-03
-7.810994027511048918e-03
-8.451065655861450879e-03
-8.360678976676253621e-03
-8.539034662220054001e-03
-8.070784294189777691e-03
-8.388830202048112514e-03
-7.789285940500388465e-03
-7.859208786121906626e-03
-8.071719911021960764e-03
-8.095269094682692665e-03
-8.692603606214951636e-03
-8.304405994739482572e-03
-8.322552200985175105e-03
-8.283089045388871904e-03
-7.898681275193235665e-03
-7.946705916700156844e-03
-8.469653302166927494e-03
-8.323806382587849856e-03
-8.182477772013531728e-03
-8.034492317387800786e-03
-8.256334897464133113e-03
-8.220667551562503214e-03
-8.176610708009585810e-03
-8.475421962990377020e-03
-8.098543184127919223e-03
-8.107161649697708708e-03
-7.863329845816868433e-03
-7.655053954280039742e-03
-8.329330420618646924e-03
-8.205354711667908404e-03
-8.122214414307566549e-03
-8.107904420798063908e-03
-8.638684618908659338e-03
-8.157896165054195556e-03
-8.222796331737241074e-03
-8.071599598491527652e-03
-8.178378142455935973e-03
-8.264335778648422906e-03
-8.162868942629800811e-03
-8.144625406815842253e-03
-8.344238055386020772e-03
-8.622778069876570889e-03
-8.024304771860774413e-03
-8.093621242912255043e-03
-8.133421925679623285e-03
-8.007627338770492362e-03
-8.092346308350975223e-03
-8.432122499628652915e-03
-8.485057281317565439e-03
-8.103695795864942694e-03
-8.240491366528589559e-03
-7.816716128401028987e-03
-8.203680733120579521e-03
-8.216846782514624151e-03
-8.732397667477629841e-03
-8.180769966886275099e-03
-8.452940801441823429e-03
-8.008128803316668168e-03
-8.289861906115501139e-03
-8.621234142111916174e-03
-8.151360348939673886e-03
-8.131534358574752513e-03
-8.045568070728576979e-03
-8.240297531426033981e-03
-8.404649227006209117e-03
-7.821520933882853202e-03
-8.211862388540913313e-03
-8.479152975835275649e-03
-7.862559093597369306e-03
-7.993535144655446872e-03
-7.866772592028068237e-03
-7.794231539232166286e-03
-8.049366220087145196e-03
-8.448706621070414119e-03
-8.294479067535682343e-03
-8.569700378666745069e-03
-7.959622454352525620e-03
-8.259987935971548415e-03
-8.149810080729789560e-03
-7.835075755034516184e-03
-8.221011245647695184e-03
-7.869848932500197319e-03
-7.579451062917393588e-03
-7.775405736208427544e-03
-8.106010018051624730e-03
-8.264963128053685881e-03
-8.721149822859623410e-03
-8.029014270175768159e-03
-7.852187747928101452e-03
-8.382006034917054496e-03
-8.042144220947842689e-03
-7.996743625057704113e-03
-7.937647648098154068e-03
-8.437803033055604057e-03
-8.128404655795803610e-03
-8.221391842333215100e-03
-7.958409500178601284e-03
-7.943976089260595605e-03
-8.217340256407064045e-03
-8.477893918428751688e-03
-8.387663329679185056e-03
-8.491822743504512730e-03
-8.318012527587308538e-03
-8.140418951373910167e-03
-8.259471571913772417e-03
-8.451536368854456471e-03
-8.248688628917580021e-03
-7.796767695173597093e-03
-8.023087748835545582e-03
-8.230402349685288915e-03
-8.085623502504723711e-03
-8.277747377209545079e-03
-7.926281398644454551e-03
-8.229628345963609440e-03
-8.370955242983145125e-03
-8.627324450027609379e-03
-8.234474237142335590e-03
-8.701551183286247368e-03
-8.186807507254428504e-03
-8.162201958537177587e-03
-8.751922188072120898e-03
-8.553567129393594565e-03
-8.333348339831776405e-03
-8.698311506252862785e-03
-8.151667594954078652e-03
-8.464079835807812938e-03
-8.109054594323943446e-03
-8.052460894128369434e-03
-8.793410522673327998e-03
-8.030547900722067103e-03
-8.554333226054113698e-03
-8.114494682570529485e-03
-8.265671885380134268e-03
-8.184057150328548011e-03
-8.123169243909810280e-03
-7.846449685917756753e-03
-8.074866000677484099e-03
-8.130077498598071994e-03
-8.056764710731840681e-03
-8.136879555507427891e-03
-8.149443624834424790e-03
-8.563699182610321967e-03
-8.466528909842962330e-03
-8.580133644912679020e-03
-7.975493965240517888e-03
-8.275090779776842626e-03
-8.421474418534699927e-03
-7.991955488649282735e-03
-8.031142679453179278e-03
-8.398090082020489774e-03
-8.305336537081100048e-03
-7.847305367072477181e-03
-8.187156262827701564e-03
-8.039587205219748262e-03
-8.075393528308424940e-03
-8.078132604932479130e-03
-8.314193600955175484e-03
-7.702192514601186382e-03
-8.046073198506661570e-03
-8.258072539157664677e-03
-7.764182394110859080e-03
-8.448695617062155702e-03
-8.076180395324159336e-03
-8.319954625799050665e-03
-8.268660494615789891e-03
-8.503006979137651619e-03
-8.096224506341261409e-03
-8.013642740016087979e-03
-7.952565018642434799e-03
-7.897981409255504584e-03
-8.525850834817464904e-03
-8.446881194774094256e-03
-7.764698445001974071e-03
-8.003631955045295218e-03
-8.033041562577791089e-03
-8.188613032516226659e-03
-8.204052431181515712e-03
-8.289805966927802500e-03
-8.163005563000877776e-03
-8.425064540413508551e-03
-8.050336112192704729e-03
-8.559955925888200479e-03
-7.780844292507346771e-03
-7.982734639082838743e-03
-8.230573489599402395e-03
-8.277325111397797544e-03
-8.523790882163215579e-03
-8.407598437814326961e-03
-8.262319067619540783e-03
-8.560133687116819323e-03
-8.477459694777103594e-03
-8.406728073560841910e-03
-8.122736382243688283e-03
-8.184611566143459860e-03
-8.104896436630567094e-03
-8.722347051808470794e-03
-8.186964194876439338e-03
-8.321373076187885826e-03
-8.285121508201962609e-03
-8.062708664191332170e-03
-8.251549862147770226e-03
-8.288796353862570507e-03
-8.441292050020128210e-03
-8.449722574247430645e-03
-8.302324250995687591e-03
-8.124982652645204584e-03
-8.115497759852995791e-03
-7.943649446151517315e-03
-8.418139306223952276e-03
-8.208101771474759709e-03
-8.194598724291256298e-03
-8.259847165718469178e-03
-8.275975189506538585e-03
-8.362711760618006182e-03
-8.433732123973747274e-03
-8.091380201508841311e-03
-8.355937317864858480e-03
-8.067768778989454007e-03
-8.028463237805901279e-03
-8.181504373968775251e-03
-8.267010392426924273e-03
-8.262899404979779511e-03
-8.132012223121093744e-03
-8.005669079050809281e-03
-8.165753566427671681e-03
-8.272574363023204799e-03
-8.226318208301068927e-03
-8.102587285579264734e-03
-8.465420068781944959e-03
-8.089953625616742861e-03
-8.426232337728186209e-03
-8.312528528729974317e-03
-8.371894891066352165e-03
-8.463732882986801584e-03
-8.412275786794650573e-03
-8.188986923551855313e-03
-7.793009673456730534e-03
-8.242909350660306000e-03
-8.357167127822051969e-03
-8.167422209356581253e-03
-8.246307798804893355e-03
-7.975639880126257977e-03
-8.400686090988609966e-03
-8.397536312976286096e-03
-8.173736804836002554e-03
-7.976799978856297796e-03
-8.288396924793970527e-03
-8.564362875604605158e-03
-7.963032958404118317e-03
-8.228562433846361643e-03
-8.240204626070111657e-03
-8.390117046607676807e-03
-8.024190724464811547e-03
-8.367428268335960762e-03
-8.326789628662446124e-03
-8.083229715339869739e-03
-8.356887058923722147e-03
-8.352785334827856137e-03
-8.086395117926402712e-03
-8.068644617678566097e-03
-7.921444327660740262e-03
-8.041812219673498754e-03
-8.332843325604886303e-03
-8.216897026463186593e-03
-8.056170584612842162e-03
-8.383336993945795373e-03
-8.526656105302435687e-03
-8.492247945400235171e-03
-8.166201263042618605e-03
-8.269522688622471182e-03
-8.318479585981895102e-03
-7.935245189524707185e-03
-8.551126634171275429e-03
-8.333371635160643706e-03
-8.604158815788838163e-03
-8.249966517331870988e-03
-8.344485024464312964e-03
-8.430774119972634512e-03
-8.327893993808422116e-03
-8.744461071300547311e-03
-8.252237856929795293e-03
-8.297811885400272619e-03
-8.296272464178956058e-03
-8.177252646221280785e-03
-8.375024379461127461e-03
-8.063071787938228333e-03
-8.181324407100060495e-03
-8.309625279960427408e-03
-8.513163834446961856e-03
-8.118854051356889229e-03
-8.000195277804449459e-03
-8.195921460465079370e-03
-8.287504063737878915e-03
-8.431465811530151205e-03
-8.265557092654638935e-03
-7.937673103340979128e-03
-8.438243138852068517e-03
-8.050063078482898662e-03
-8.213394930082317316e-03
-8.096754383364929489e-03
-8.282718049309014882e-03
-8.276321847978020813e-03
-8.233603583075264215e-03
-7.733643722209665450e-03
-8.186655202395804257e-03
-8.234348465235626774e-03
-8.266396989234843853e-03
-7.971662573319203762e-03
-8.287067301348170767e-03
-7.905745791074432136e-03
-7.923180198384924960e-03
-8.284307124926667404e-03
-8.313092718999747985e-03
-8.262391267312688484e-03
-8.328376680416957334e-03
-8.606314704720906955e-03
-8.260516307293552449e-03
-8.340769808777310362e-03
-8.044233743061009884e-03
-8.081370563340264240e-03
-8.237996384413012740e-03
-8.192093414951634803e-03
-7.738085454157901839e-03
-8.191465582045641056e-03
-8.082175318065000155e-03
-8.567164418041315482e-03
-8.168551883717536238e-03
-8.072007430827378080e-03
-8.345513723715029461e-03
-8.321380823117409051e-03
-7.802938171974263537e-03
-8.012044131357301188e-03
-8.263173994650718085e-03
-8.372292357452163283e-03
-7.906248676901293099e-03
-8.198000022070895884e-03
-7.930927539692999434e-03
-8.394460766692422513e-03
-8.257765875673594644e-03
-8.250297899109556091e-03
-7.800762102514309689e-03
-8.482734745195810028e-03
-8.189474736199835875e-03
-8.080833077679575385e-03
-7.982349694419105246e-03
-8.036838073418319309e-03
-7.808346747513045250e-03
-8.016411901281337085e-03
-8.312944982642633124e-03
-8.133653649754784068e-03
-7.722273538383401213e-03
-8.012739545590591428e-03
-8.528244591929969379e-03
-8.930067191883783034e-03
-8.210168191954986955e-03
-8.050838123977095348e-03
-8.423508214213615286e-03
-8.187443248937617893e-03
-8.093641440980601370e-03
-8.200310851392228137e-03
-8.240757695561649540e-03
-8.431562354688624042e-03
-8.396148055270228477e-03
-8.276761769058768592e-03
-8.197502953913126181e-03
-8.179864208626505193e-03
-8.215870526343708319e-03
-8.064081889692034308e-03
-7.989449616962407408e-03
-8.079069195778772888e-03
-8.183037569487431814e-03
-8.234216786912445726e-03
-7.932362612810581887e-03
-7.805231021611467104e-03
-8.567995450948136596e-03
-7.953186913654845466e-03
-8.357012946095426428e-03
-8.071602738576395125e-03
-8.231602591402920749e-03
-8.287463672523202179e-03
-8.318995622451570357e-03
-8.240219219625198252e-03
-8.121811091852159173e-03
-8.194363698171386670e-03
-7.986609890052670871e-03
-8.505761541710074938e-03
-8.108384233254901235e-03
-8.025347794533895657e-03
-8.215769793968515436e-03
-8.502143170368972602e-03
-8.113541933583413857e-03
-7.724683794200608473e-03
-8.328343304253350149e-03
-8.228204908783030846e-03
-8.913356446098233757e-03
-8.269008486953641907e-03
-7.816371821415726145e-03
-8.058321311625439229e-03
-8.507741191397756239e-03
-8.020952382869374689e-03
-7.949603151853784286e-03
-7.971740808815798787e-03
-7.988286217658459656e-03
-8.496117152507642878e-03
-8.746825137783003495e-03
-7.885618729011967601e-03
-8.132087426276362815e-03
-8.825380359359107432e-03
-7.956081876206281406e-03
-8.147757531390454472e-03
-8.259710493312016205e-03
-8.290116631618479892e-03
-7.964523341812683455e-03
-8.187263525706620776e-03
-8.504305955442397272e-03
-8.260967475738092286e-03
-7.950855250434049962e-03
-8.136551263483433535e-03
-8.167263110254157493e-03
-8.484940685465125476e-03
-7.828762727185998443e-03
-8.186099226327681055e-03
-8.343718441614607698e-03
-8.183990604126435003e-03
-7.842872878765649522e-03
-8.013766491695903035e-03
-8.210319989964662973e-03
-8.618503901094084346e-03
-8.137672054572196029e-03
-7.889409261688387978e-03
-7.800015404562769990e-03
-8.518073355146182565e-03
-8.226653461987162505e-03
-8.114282329397440319e-03
-8.160002476571106764e-03
-8.007874522114899821e-03
-8.312604006982957094e-03
-8.596773025217725739e-03
-8.183121906174786048e-03
-8.027650755783741904e-03
-8.161273885737844319e-03
-8.424260137848027519e-03
-8.548808664066060575e-03
-7.884601000367775017e-03
-7.929439994861129173e-03
-8.321555588731816347e-03
-8.161049557212942535e-03
-7.816214021721246477e-03
-8.316930443584833951e-03
-8.407569541565605015e-03
-7.669409141612216173e-03
-7.993559443175068599e-03
-7.987828209058004184e-03
-8.110924289321263386e-03
-8.141335253073587672e-03
-8.415569407224135837e-03
-8.360139283596247986e-03
-8.328099833046947661e-03
-8.292387362883037877e-03
-8.196044725897671385e-03
-7.870476195485021781e-03
-7.724965539518491818e-03
-8.240501165115857521e-03
-8.012357013982833454e-03
-8.113657237139635867e-03
-8.002946666539457674e-03
-8.329950376537369888e-03
-7.915381600258781028e-03
-8.112659542991788181e-03
-8.205334663713636026e-03
-8.442809690790217467e-03
-7.907919581088385108e-03
-8.361595526452113986e-03
-8.238326659109193248e-03
-8.283924106491634756e-03
-7.901843379975773476e-03
-8.458281004049859192e-03
-8.672286301221044172e-03
-7.628995224238668826e-03
-8.250615619836268455e-03
-8.308479892678183668e-03
-8.098846099545116764e-03
-8.086494665992484746e-03
-8.212795040586065923e-03
-8.028429781510458899e-03
-8.226977545063584446e-03
-8.214733134610940554e-03
-8.204708388201578315e-03
-8.119602534579011335e-03
-8.349154227954050725e-03
-8.540833077877871965e-03
-8.172029575871634158e-03
-8.504710230619541220e-03
-8.321621019532873115e-03
-8.544535217911299052e-03
-8.138965932921427351e-03
-8.037781902047244978e-03
-8.026909902624022874e-03
-7.891666280012640117e-03
-8.045725772179291094e-03
-7.895006270876718177e-03
-8.654576877203569094e-03
-7.851668862783453204e-03
-7.830470263003928497e-03
-8.140556985356777256e-03
-8.345325779473678970e-03
-8.234256435725112802e-03
-8.214670378004865561e-03
-8.252568100781810037e-03
-8.258225725179998630e-03
-8.216635716577885482e-03
-7.969678842014491990e-03
-7.859853462557705658e-03
-7.920253388293590352e-03
-8.162680860922047477e-03
-8.153442250689309917e-03
-7.925104762033880965e-03
-7.825981414625971661e-03
-8.523958480380743746e-03
-8.377443854400189530e-03
-7.965137267730154624e-03
-8.280658024818950483e-03
-8.160636596630249304e-03
-7.695536782981178374e-03
-8.273881062982170118e-03
-7.971486492604182988e-03
-8.275176159625165923e-03
-8.101594735405380845e-03
-8.037827025614872195e-03
-8.370406751667594861e-03
-8.368972919256407669e-03
-8.117770976084359019e-03
-8.888411458648723742e-03
-8.557971735830911114e-03
-8.399788713598605600e-03
-8.000405218428846554e-03
-8.093822246934393588e-03
-8.129578658067055860e-03
-8.080264822506349684e-03
-8.395972794190298405e-03
-8.299034429121596168e-03
-8.790792481947569056e-03
-7.759781968613355639e-03
-8.205530414207675913e-03
-8.385009808269784995e-03
-7.973632789071285337e-03
-7.793847381147914026e-03
-7.961627318187345162e-03
-8.215874884682561330e-03
-7.849488775499770254e-03
-8.253061153452220453e-03
-8.323060293771583629e-03
-8.094242466798294219e-03
-8.124383367951831109e-03
-8.322377264305621386e-03
-8.200288236190752741e-03
-8.111847750960557782e-03
-8.136794873271379833e-03
-8.220611710868063263e-03
-8.122581481241841761e-03
-7.984040351613486131e-03
-1.049757320078999190e-02
-7.947112902323225786e-03
-8.404111884440124136e-03
-8.159879910493907790e-03
-8.259147352107020293e-03
-8.358025496049361139e-03
-8.222596979118592178e-03
-8.008731925215385045e-03
-8.390230413147516456e-03
-8.263770038496763212e-03
-7.902598373665321169e-03
-8.186667816313797710e-03
-8.170712673697554454e-03
-8.155098870477425765e-03
-7.866460295794021687e-03
-8.467613230894793439e-03
-8.305151706776394555e-03
-8.198178366119532670e-03
-7.750342350182497057e-03
-7.920550652251808280e-03
-7.859342840918902284e-03
-8.239174832071852542e-03
-8.021300501821667858e-03
-8.282795258908352137e-03
-8.237885711090900051e-03
-7.989880872206556531e-03
-7.843977543593906240e-03
-8.154168936292926703e-03
-8.109473129407143710e-03
-7.981897162024234257e-03
-9.665809660786258209e-03
-7.655961564021662898e-03
-8.120869831599850791e-03
-7.931088909897155217e-03
-8.061083870513357716e-03
-7.927230854619786785e-03
-8.449815749790303906e-03
-8.174117444486348610e-03
-7.948372360156042565e-03
-8.082029339757173039e-03
-8.819292195465592774e-03
-8.280456857533400467e-03
-8.555382246948696132e-03
-8.313724611460472300e-03
-8.135130259989754517e-03
-8.663830680173793125e-03
-8.323980233157156697e-03
-8.588235610668517109e-03
-8.125722116421671068e-03
-8.168022475850467146e-03
-7.908111668822968149e-03
-8.418165197868901842e-03
-8.311943774073425606e-03
-8.313682831754622832e-03
-8.016845397142020532e-03
-8.310729704846891996e-03
-8.382583993043563053e-03
-8.117968004578703448e-03
-8.370752595358734935e-03
-8.096922130784374103e-03
-8.202511938169326083e-03
-8.103499301944179847e-03
-8.358257298953770606e-03
-8.265406716665452125e-03
-8.277343011652279342e-03
-7.980716012141909552e-03
-8.241146581742396851e-03
-7.940613843856036275e-03
-8.145381921280624854e-03
-8.171582266872404535e-03
-8.144357267449916019e-03
-8.241165756625980568e-03
-8.149491612662224799e-03
-8.240396206058799022e-03
-8.323546362783524818e-03
-8.421899712306887137e-03
-8.048966903643926460e-03
-8.239431871273067767e-03
-8.167101875831672339e-03
-8.190175651506837254e-03
-7.968352056878685516e-03
-8.234857683167949235e-03
-8.373626275449524634e-03
-8.373791440515821957e-03
-8.128999287731034779e-03
-8.146054081722014367e-03
-8.079153659231229009e-03
-8.268227796366737700e-03
-8.054818551756550218e-03
-8.183082268772332024e-03
-8.253929935258875680e-03
-7.974406928689158416e-03
-8.215208105443979822e-03
-8.495416337436429918e-03
-7.693115666398716093e-03
-8.004974562430048485e-03
-8.446227133934199396e-03
-8.095632785976225251e-03
-8.542683137993856493e-03
-8.214586286766582118e-03
-7.638742016267985671e-03
-8.188582823949479630e-03
-8.274045562875474366e-03
-8.234113055887341132e-03
-8.091898309432089473e-03
-7.955620468840891510e-03
-8.229470173864213839e-03
-8.258659819405279531e-03
-7.843491223713791594e-03
-8.467727000664632825e-03
-8.174030421082393444e-03
-8.451226369687677223e-03
-8.061173393990614042e-03
-8.324172691641814475e-03
-8.083556290845259756e-03
-8.189372292731677758e-03
-8.285785112215492479e-03
-8.318673299109890021e-03
-7.783254555996420646e-03
-8.761817391988561271e-03
-8.407344124241777211e-03
-7.948129743308865805e-03
-8.003245418424452182e-03
-7.920475038309223587e-03
-8.273698668585903124e-03
-8.323873025378767526e-03
-8.353749559217598167e-03
-8.393459346901251464e-03
-7.952680384728917293e-03
-8.566313871781248632e-03
-7.930456836514524974e-03
-8.294495507543322294e-03
-8.110786811044112116e-03
-8.167127238107725964e-03
-8.446256084837807862e-03
-7.873121484969672346e-03
-8.303598180540579590e-03
-8.248625070783525623e-03
-8.353540515233201166e-03
-8.581924824202006447e-03
-8.163598214238714651e-03
-8.490127451082506507e-03
-8.074765067245977257e-03
-7.619969442991322318e-03
-8.380557459314876348e-03
-8.144483824541014563e-03
-8.499559223366535618e-03
-8.156557631404281333e-03
-8.397940840863090534e-03
-8.169494102364288288e-03
-8.005677625924547541e-03
-8.217056437357508208e-03
-7.892862340961492168e-03
-7.993966644426028084e-03
-7.678413220208334458e-03
-8.112402069333609494e-03
-7.955323290778007830e-03
-8.618847685829669758e-03
-8.296837604817565437e-03
-8.090338440363031500e-03
-8.305135217520558805e-03
-8.211886497502268387e-03
-8.292406360261248346e-03
-8.176113647161585216e-03
-8.055030339275048509e-03
-8.266818631472262063e-03
-8.354825551813374260e-03
-8.268264531406185544e-03
-8.318912128936017600e-03
-8.205554137510718410e-03
-7.853937466190759678e-03
-7.948587088467223144e-03
-8.275714972895293828e-03
-8.453534968474177985e-03
-8.531392032999320779e-03
-8.610313896449261692e-03
-8.843428142729656619e-03
-8.441315857939717116e-03
-8.430273926158094941e-03
-7.850793980970650204e-03
-7.884309698148234472e-03
-8.259566315667769137e-03
-8.467308487019547733e-03
-8.458353535844497298e-03
-8.403486225681466512e-03
-8.320537829416673609e-03
-8.530125970999568458e-03
-8.295714594221922575e-03
-8.018167279405909523e-03
-8.043152239844929968e-03
-8.267098828106144923e-03
-8.071751330880888933e-03
-8.235265270417336386e-03
-8.057165326972145353e-03
-7.890432290021695202e-03
-8.294401731276259890e-03
-8.295525044622850327e-03
-7.607356397823430462e-03
-8.453320241415405306e-03
-8.123230880274447466e-03
-8.207809981022331017e-03
-8.465080520409286671e-03
-8.386667126961967408e-03
-8.227244985394987706e-03
-8.105237751683513556e-03
-8.590640680949068048e-03
-8.020408573546999528e-03
-8.274839891767840974e-03
-8.533436584066815891e-03
-8.386785730875338449e-03
-7.876599283869965482e-03
-7.987365986755425376e-03
-8.323637503768750723e-03
-8.286097447713582434e-03
-8.343258714867383269e-03
-8.453517102785950560e-03
-8.542713841365625130e-03
-7.938159230184952883e-03
-8.535339486207521587e-03
-8.308165557748129967e-03
-8.432045167923302859e-03
-8.348399127706762970e-03
-8.692736381547864002e-03
-8.117917002733383500e-03
-7.970957473466513260e-03
-8.238355195263414102e-03
-8.233866971669530702e-03
-8.394956285613741284e-03
-7.851013556023205345e-03
-8.549640415434904203e-03
-7.884091290375741870e-03
-7.934164929065805685e-03
-8.586783787718510821e-03
-8.148632473986118854e-03
-7.591666529729534929e-03
-8.265859506591224232e-03
-8.323193273402819045e-03
-8.311075222200335622e-03
-8.303364205488708225e-03
-7.981016436972977399e-03
-8.310619429677689254e-03
-8.032922466612510415e-03
-7.798879957091328814e-03
-8.077876161211373571e-03
-7.819073336112378550e-03
-8.395883815757456195e-03
-8.621833655563229323e-03
-8.161445028417131306e-03
-8.260246249447596861e-03
-8.470685443643473020e-03
-8.254875710898484237e-03
-8.130214525249737992e-03
-8.679579306685277634e-03
-8.122940433010202715e-03
-8.248363399127680434e-03
-8.168877213848157667e-03
-8.436671184041654933e-03
-8.041911169317560518e-03
-8.059703661033318020e-03
-7.864973564764860675e-03
-7.993756817255736474e-03
-8.179249652704114262e-03
-8.384986374385169222e-03
-8.411893187455546025e-03
-8.236279828341077150e-03
-7.857153203233317729e-03
-8.076573779400365513e-03
-8.279688555891531049e-03
-8.225887418943964025e-03
-8.020131968194699548e-03
-7.625964604751451006e-03
-8.249103857712299440e-03
-8.208636597062579990e-03
-8.333714245855409694e-03
-8.355504832975904975e-03
-8.347955479339547874e-03
-8.558337737287083011e-03
-8.210737869897599336e-03
-7.811731624182755539e-03
-8.219258918625873406e-03
-8.621362214170428390e-03
-8.323180882248556664e-03
-8.042324271784737078e-03
-7.879594217142888921e-03
-8.384614921900235274e-03
-8.272907979408692519e-03
-7.875373188731825055e-03
-8.449306632143870413e-03
-8.204226966276543381e-03
-8.136021028791783419e-03
-8.386645869433032377e-03
-8.346091906149986570e-03
-8.174191452337869340e-03
-7.945859169848209710e-03
-8.487286063666620722e-03
-8.120698354805796701e-03
-7.881390323386876576e-03
-7.906647782925007098e-03
-7.957136544986852592e-03
-8.540346865598898857e-03
-8.286195647711816145e-03
-8.013915093540172063e-03
-8.811021799938780624e-03
-8.207964533086180986e-03
-7.867486810993711346e-03
-8.506988556039943306e-03
-8.166235863777069823e-03
-8.313529576390360845e-03
-7.971317613872997906e-03
-8.305117427313241096e-03
-7.975583113425476975e-03
-8.109327716317938500e-03
-8.393569463463269528e-03
-8.051401116329315669e-03
-8.276071083181608598e-03
-8.089425514491647984e-03
-8.165101881499114284e-03
-8.348148373505575107e-03
-7.988764405401013735e-03
-8.129288815756250883e-03
-8.255542378718875099e-03
-8.472595363645127331e-03
-7.995498500027847441e-03
-8.171878925382647721e-03
-8.247712753852403170e-03
-8.151461285731643677e-03
-8.087680158854500603e-03
-8.390776685175009575e-03
-7.953222037533484376e-03
-8.437234226258633410e-03
-8.245691766964742889e-03
-7.974517925080817915e-03
-7.918277159577035221e-03
-8.404187797500474108e-03
-8.000275248305797199e-03
-8.212079729778188134e-03
-8.219230344950504905e-03
-8.406361097406599495e-03
-8.040849847813669182e-03
-7.968993478549431589e-03
-8.351355460836146563e-03
-8.010079636615997575e-03
-8.117328097857730643e-03
-8.407883019498537877e-03
-7.923245582653126035e-03
-8.257846406324050037e-03
-8.188640326695008353e-03
-8.081393248718685487e-03
-8.569506738064240972e-03
-8.197378411826631781e-03
-8.390431655586816015e-03
-7.924569850420346354e-03
-8.334507649349951960e-03
-7.722427953758927328e-03
-8.278237699173764813e-03
-8.170263894558165915e-03
-7.989874156829201643e-03
-8.162814571810105349e-03
-7.937690368877708610e-03
-8.325515780463888307e-03
-8.260613817339555395e-03
-8.008219384006361879e-03
-8.245183604281221962e-03
-8.426756191447965644e-03
-8.204854026069701226e-03
-7.961162117143464126e-03
-8.081571403905456891e-03
-8.084453888578108788e-03
-8.362587071398057056e-03
-7.927429795973902835e-03
-7.932312034841503337e-03
-7.850456300778803354e-03
-8.429257646108009872e-03
-8.390695592934340613e-03
-8.824773178094711887e-03
-8.140100693890289785e-03
-8.368626897168931697e-03
-8.176851711752548130e-03
-8.135377257834334672e-03
-8.261745482184768702e-03
-7.808795102557010079e-03
-8.685005210074033671e-03
-8.252949131276358583e-03
-8.380386924986540573e-03
-8.450702091701199625e-03
-8.119354899239187087e-03
-8.699892221224199418e-03
-8.101733946529144845e-03
-8.449444205920775622e-03
-8.306058312577037014e-03
-8.357461687435037770e-03
-8.459287413591438237e-03
-8.555578937782807453e-03
-7.892566491917676896e-03
-7.693921087208699730e-03
-8.234547977668496554e-03
-8.205926415376702324e-03
-8.135668422933934815e-03
-8.426426810391096991e-03
-8.258374970352446581e-03
-8.466822316082773386e-03
-8.005971474649721184e-03
-8.095754631311629854e-03
-8.238394715506136556e-03
-8.673724989874112209e-03
-8.119143428467276088e-03
-8.021369792029988885e-03
-7.922021152813799386e-03
-8.356815930237878123e-03
-8.422332980029817104e-03
-8.297280098854374966e-03
-7.974267189386572557e-03
-7.990289925793290365e-03
-8.088207460227526263e-03
-8.792862836021122369e-03
-8.100584153101589649e-03
-7.991117096006561046e-03
-8.821107295602466022e-03
-8.373966046800625923e-03
-8.164798377851596387e-03
-8.244037247835364277e-03
-8.437785047230568145e-03
-8.023181903796085604e-03
-8.479827888326652366e-03
-8.252465389925005973e-03
-8.025784508255806582e-03
-8.199719970816208084e-03
-8.288651629000906226e-03
-8.007857066484954864e-03
-8.510564856322188482e-03
-8.494752817469959291e-03
-8.480244483477301226e-03
-8.325834499791616786e-03
-8.080992863898957962e-03
-8.263365989930465672e-03
-8.577149532096459833e-03
-8.369439066325996129e-03
-8.392247341406920344e-03
-8.659592852174904237e-03
-7.667275669566079102e-03
-8.119220506735577020e-03
-8.602973175144430079e-03
-8.139594422319120642e-03
-8.140424291181964228e-03
-8.214993000790427047e-03
-8.656888382492710851e-03
-7.923752731686160497e-03
-8.173768520197147169e-03
-8.428919324207641631e-03
-7.960034994558589511e-03
-7.996463270148667854e-03
-8.105269452710762990e-03
-7.996508561460374115e-03
-8.607525131361107307e-03
-8.513263764978438314e-03
-9.933249664227927767e-03
-8.570324140765953405e-03
-8.296845956231268387e-03
-7.672372974730107612e-03
-7.950349994294034911e-03
-8.313346704795315095e-03
-8.920959900984024374e-03
-8.140682423124098038e-03
-7.835745809950377463e-03
-8.291092913684081425e-03
-7.951855626911174743e-03
-8.088033730116498191e-03
-8.493822787029663493e-03
-8.380390016428918704e-03
-8.216975760425999573e-03
-8.590956592960666965e-03
-8.475760322976215802e-03
-8.325399422632061980e-03
-8.509079661258411864e-03
-8.702773368840193216e-03
-8.064820101711875355e-03
-8.262936008717001318e-03
-8.075435809427884692e-03
-8.177919611775616784e-03
-8.193680601311505857e-03
-8.334079502534780595e-03
-8.826723231678892945e-03
-8.068738940995617143e-03
-8.389488895587635803e-03
-8.362625652468305346e-03
-8.418687688103025299e-03
-8.512849132781706921e-03
-7.976581235052642230e-03
-8.178633107311050060e-03
-8.129065120616237039e-03
-8.843374271935050199e-03
-8.632209205055826548e-03
-8.158959276296149504e-03
-8.106870034310686632e-03
-8.377169873147913629e-03
-8.290004116229893888e-03
-8.327420444047132705e-03
-7.810703255028100638e-03
-8.033029167842226786e-03
-8.915560316796543316e-03
-8.277760395228796197e-03
-8.031196677410052526e-03
-8.373868160708919720e-03
-8.569634965092288656e-03
-8.121699380703225474e-03
-8.799032491928348784e-03
-8.410759761340135324e-03
-8.222393587149382649e-03
-8.889196363822961591e-03
-8.416940499654803134e-03
-8.383184547038097234e-03
-7.991463672924683723e-03
-8.368690198481087278e-03
-8.195674316185648858e-03
-8.238880632840334464e-03
-7.831720795262333765e-03
-8.079776536025862904e-03
-8.280817245128980694e-03
-8.697271523509025534e-03
-8.355845561729557600e-03
-7.954247077291504153e-03
-8.272042564765937425e-03
-8.209990040308147788e-03
-8.035825556639276251e-03
-8.034768344131939383e-03
-8.352729557794839541e-03
-7.977161107490192068e-03
-8.016258543614788665e-03
-8.162933992564043797e-03
-8.374360245907635364e-03
-8.072777254652444695e-03
-8.457243639821332773e-03
-7.970815430615419209e-03
-8.385574754661702726e-03
-8.307401967578629046e-03
-7.720987357384338605e-03
-8.050116929224046189e-03
-7.928916114409411894e-03
-8.412914421310105362e-03
-7.811088888067989691e-03
-8.375691759836254024e-03
-8.184897380245954521e-03
-8.129840316811031559e-03
-8.000948621155188831e-03
-8.193837867676171186e-03
-8.451271788143758373e-03
-7.967757270528187316e-03
-8.382073053720543940e-03
-8.244156171857957432e-03
-8.050442463089535136e-03
-8.074195025117787347e-03
-8.009994848211696508e-03
-8.223497121631706194e-03
-8.357082305417247101e-03
-8.144786514753655712e-03
-8.386315197321912371e-03
-8.440772500480189441e-03
-8.012887881745801161e-03
-8.069309205755463218e-03
-8.074299012172306625e-03
-7.956988051769767201e-03
-8.719281299800150584e-03
-8.455539406735334412e-03
-7.968867461892532172e-03
-8.117854013188341780e-03
-8.111831387138520796e-03
-7.959018115088757964e-03
-8.627854321415783651e-03
-8.311885784625286377e-03
-8.598762193519108102e-03
-8.241641233171958375e-03
-8.054056338809453125e-03
-8.262714616903883008e-03
-8.124172015927744184e-03
-7.953737159315762625e-03
-8.013707193344484642e-03
-8.421412332166578613e-03
-8.353699289586988957e-03
-8.164595551050495351e-03
-7.968598643553504238e-03
-8.132639291841584420e-03
-8.218517640159713269e-03
-8.250153061718301997e-03
-8.311236200022361145e-03
-8.153876138011554447e-03
-8.511126179236499709e-03
-8.315696573859760951e-03
-8.136585454267144732e-03
-7.808890200545074226e-03
-8.412732661468719231e-03
-7.911711789517833146e-03
-8.027535229843545811e-03
-8.850288886612763667e-03
-8.180556308249920666e-03
-8.188886239898364450e-03
-8.052176795356257716e-03
-8.171752841420900845e-03
-8.333870732389728891e-03
-7.562222301017158636e-03
-7.941057728732386564e-03
-8.147282229257406944e-03
-8.541213220637033574e-03
-8.151935482059970844e-03
-8.557961369203550758e-03
-8.187093522544305890e-03
-7.831823006546287727e-03
-8.242796849964829572e-03
-8.306622020562962408e-03
-8.005012645140530125e-03
-8.072578858482875458e-03
-7.846515881791511424e-03
-8.211051120091558686e-03
-8.173246327190672456e-03
-7.822991978645261676e-03
-8.373557607188939975e-03
-8.109216178196222355e-03
-8.017438849292497435e-03
-8.059897099659684913e-03
-7.809583633861196320e-03
-7.967219887533778452e-03
-7.663169231699309102e-03
-8.418325515145047219e-03
-7.868758625278433200e-03
-8.204639241733592894e-03
-8.370212870742290909e-03
-8.540300249326218326e-03
-8.152561888031959608e-03
-8.423872201332302176e-03
-7.741587875435063278e-03
-7.887463686182561232e-03
-8.418958784607692009e-03
-8.320490323523910617e-03
-8.386817233822349907e-03
-8.454469181572294573e-03
-8.189638262668729601e-03
-8.031341012028247323e-03
-8.055079008019204803e-03
-8.035574929489834248e-03
-8.454854214512474986e-03
-8.541565900433898545e-03
-8.352002512771723383e-03
-8.279948813827738355e-03
-7.790129132021267853e-03
-8.228722991434121378e-03
-8.153099628331788098e-03
-8.380608108733285724e-03
-8.607036318127604321e-03
-8.378556348086410935e-03
-8.165922368646735471e-03
-8.283472698253994612e-03
-8.327936411754315732e-03
-7.828891017960581955e-03
-8.414653654060534269e-03
-7.812081679466951686e-03
-7.995199593550278080e-03
-8.501631361086836591e-03
-8.623271128411076972e-03
-8.371098050249390146e-03
-7.844715723314077405e-03
-8.611515286073647552e-03
-8.469309691145312374e-03
-8.091187073544097580e-03
-8.230478432179747991e-03
-8.046528447574977788e-03
-7.808171692895700920e-03
-7.951913118081709031e-03
-8.213280386789038184e-03
-8.635692546748579071e-03
-8.202687466300323180e-03
-8.491566399782551552e-03
-8.486404647327064690e-03
-7.885125207311121168e-03
-8.159139097398697762e-03
-8.223331451391936373e-03
-8.221314171583912409e-03
-7.702691777577467050e-03
-8.654676035703865247e-03
-8.019201697635335024e-03
-7.868929480557158504e-03
-8.355005911907248048e-03
-7.995822853849050144e-03
-7.972564274691182687e-03
-8.309747364570168465e-03
-8.157460402484672385e-03
-8.621486800606084286e-03
-8.263782698250505057e-03
-7.899627170808170770e-03
-8.797864025059063189e-03
-8.363143978693544575e-03
-8.068045719848367797e-03
-7.994927910799596096e-03
-8.364530719793025759e-03
-8.090155975465895474e-03
-8.152479054993236329e-03
-8.020287034200145396e-03
-7.954113596194505725e-03
-8.045914412395036019e-03
-7.873504631296390083e-03
-8.161870269821187851e-03
-8.132193433043740857e-03
-7.890269767997821690e-03
-8.201251615257970987e-03
-8.250836499502148952e-03
-8.224943402318659474e-03
-8.411844877496353276e-03
-8.224903676840575328e-03
-8.027330164604187107e-03
-7.971454598715043902e-03
-8.378335341220514293e-03
-7.765181940644706564e-03
-8.028175762616520522e-03
-8.881990795337708217e-03
-8.678486446062139495e-03
-8.377046995188550463e-03
-7.998549578474836372e-03
-7.928504868725641183e-03
-8.002608528639485949e-03
-8.413895003664647806e-03
-8.277914963227718873e-03
-7.987483012643948471e-03
-8.032680107533550148e-03
-8.627869023393021711e-03
-8.157909616158349683e-03
-8.174491470713312821e-03
-8.241963810043830344e-03
-8.404770796629811372e-03
-8.305630416194724128e-03
-8.197015814801754049e-03
-8.031084211442765172e-03
-8.018093325890155582e-03
-8.055317392354977707e-03
-7.813674651277927041e-03
-8.177375839470502408e-03
-8.410614410852570999e-03
-7.973789926404928688e-03
-7.968880865048115839e-03
-8.251409799954100704e-03
-8.353770804831949295e-03
-8.376319069978243811e-03
-8.068639279810958104e-03
-7.963791880845897536e-03
-7.806758629762521225e-03
-8.228365675384373065e-03
-8.016274885262670777e-03
-8.189848920261703219e-03
-8.317565451926311332e-03
-8.320581040009034784e-03
-8.197047500757849089e-03
-8.370645212037643862e-03
-8.101207422941647876e-03
-8.273455017893213692e-03
-8.059519210999515834e-03
-8.361509452872900247e-03
-8.328090860195772049e-03
-8.760912789872950940e-03
-8.233468810458418122e-03
-7.936589085494823864e-03
-8.129284207039896154e-03
-8.513013974523775743e-03
-8.125655430815123884e-03
-8.755701277056694709e-03
-8.431180583364051434e-03
-8.178233805121077477e-03
-8.131223017714597073e-03
-8.205251310851535695e-03
-8.195500037758327375e-03
-8.375091729544360125e-03
-7.782786452113126321e-03
-7.856775711085063965e-03
-8.315863847287122135e-03
-8.303093926807867536e-03
-8.053354285729312154e-03
-9.193006357867931563e-03
-8.418974262498372940e-03
-8.161465331268423842e-03
-7.911782708694262145e-03
-8.121830584320411522e-03
-8.693227092395795427e-03
-8.821296337159983264e-03
-8.334429606940880336e-03
-8.055093713233563504e-03
-8.118212860061825228e-03
-8.403171082384584475e-03
-8.101675017465616649e-03
-8.043972737532262621e-03
-8.032912878414889130e-03
-8.524249053339327115e-03
-8.358059057735310604e-03
-8.111542232018797635e-03
-8.059189203482152591e-03
-8.392587846094094056e-03
-8.810228339246471002e-03
-7.847851255513668689e-03
