-1.144138053550968837e-03
-2.108051250048163273e-03
-2.559496689622538842e-03
-1.613929307399619272e-03
-3.046559519703125052e-03
-1.964963828536277473e-03
-1.344546736721454307e-03
-3.242478907877867963e-03
-3.213266213143397242e-03
-3.315367103975664070e-03
-3.463793563395478441e-03
-3.757193820397033979e-03
-3.680560541544434117e-03
-3.375392225625955915e-03
-5.021367572060542704e-03
-4.421492784142599768e-03
-5.784658688202776698e-03
-5.098275501272814259e-03
-4.917620733369882334e-03
-5.308556215668800392e-03
-4.750647561288504593e-03
-5.921571303577803126e-03
-5.698985693877362847e-03
-5.639418759334814853e-03
-4.956848196538340100e-03
-5.720358026200804587e-03
-6.455565756165455686e-03
-6.544490569411936902e-03
-6.370442165238124864e-03
-6.468399203208373416e-03
-6.354540573773415600e-03
-6.400725280061432716e-03
-6.733366813589701863e-03
-6.567788891603536412e-03
-7.377553470378683288e-03
-6.287377765436035978e-03
-7.514814412654370612e-03
-6.801798021449341827e-03
-7.396726720953673666e-03
-7.500158772085841266e-03
-7.575784245627091920e-03
-7.405019749001593918e-03
-7.464834993810265905e-03
-7.789296241507269285e-03
-7.720912735593755093e-03
-7.939068474356669042e-03
-7.941702913733765870e-03
-8.029625271962626334e-03
-7.569559204490375164e-03
-7.737344826554766637e-03
-7.930555093774150494e-03
-8.043879331694694587e-03
-7.931979907029108531e-03
-7.890942142784167918e-03
-7.951383182537522659e-03
-7.732179214660439212e-03
-8.010101052148601783e-03
-8.099035735007061379e-03
-7.932991577685965384e-03
-7.883945625495646439e-03
-7.823855628166814791e-03
-7.849701268316130326e-03
-7.890108105950550260e-03
-7.786420784080432152e-03
-7.782994147128017778e-03
-8.065242874615246790e-03
-8.086210825859604587e-03
-8.037334132187714045e-03
-7.781192411224588379e-03
-8.049426153255699948e-03
-7.914691909395477065e-03
-8.079907459253604651e-03
-8.122714799391016552e-03
-8.185900324842246278e-03
-8.255437753693715963e-03
-7.855314057015866380e-03
-7.990557933666210880e-03
-7.973935366844759134e-03
-8.312890815227952715e-03
-8.320617730588704755e-03
-7.958700753387452226e-03
-8.336065297496695822e-03
-7.938925336241395292e-03
-8.061109958966050995e-03
-7.974386227958240800e-03
-7.701248149968152427e-03
-8.157053129654178933e-03
-8.072942774686045833e-03
-8.181269925815620042e-03
-8.133310468280365371e-03
-8.255589609036812979e-03
-7.684700212395987988e-03
-8.112698519117363463e-03
-7.927051146933216524e-03
-8.376358213920017531e-03
-8.084060070832647590e-03
-7.965888251214189170e-03
-8.037516370429830664e-03
-7.851525291237478402e-03
-8.001727435211436479e-03
-8.110882712097635880e-03
-8.050295017598933442e-03
-8.301383256033677618e-03
-8.133831236352518507e-03
-8.285997185045102312e-03
-8.407680815920460377e-03
-8.081820583528855420e-03
-7.915891607393936782e-03
-8.094801763884400606e-03
-8.036634469027612721e-03
-8.014830789711147735e-03
-8.174966557269224346e-03
-7.925062768530189219e-03
-8.351502923073173684e-03
-8.385542959814905675e-03
-8.267575335195547631e-03
-7.826058742968459644e-03
-7.992907418705659170e-03
-8.124811438449260417e-03
-8.052684107589235321e-03
-8.137126046255533859e-03
-8.000885523465723140e-03
-7.905446253083611360e-03
-8.263707037719492804e-03
-7.990164071605247026e-03
-8.345730968437822112e-03
-8.234837763833104465e-03
-8.017458198687096166e-03
-7.975946925251964706e-03
-8.325789732676275659e-03
-8.287686366681609393e-03
-8.158140461482690092e-03
-7.995522962127483285e-03
-8.263412497080015531e-03
-8.068793395325646670e-03
-8.133886270178339664e-03
-8.456698322969602791e-03
-8.241760253611427750e-03
-8.236029424348161390e-03
-8.287761465593441665e-03
-8.076773511371130101e-03
-8.305840244435013994e-03
-8.088900919499517755e-03
-7.830301311391752242e-03
-8.050096061594095784e-03
-8.209754832855230625e-03
-7.750177492195023908e-03
-8.018956011875832610e-03
-8.106220010319105732e-03
-8.286239794180408000e-03
-7.958018886225813951e-03
-8.367877071971384709e-03
-8.057679403493752182e-03
-8.118268227910100179e-03
-8.010533186878370654e-03
-8.100814763553407585e-03
-8.174414620681455523e-03
-8.104443550260582996e-03
-7.989248784211384208e-03
-8.163148633091614134e-03
-8.308597880543713496e-03
-8.116306116610171387e-03
-8.139937537626153533e-03
-8.243845975018196034e-03
-8.156992903502757047e-03
-8.040761051765632147e-03
-7.942715127259716151e-03
-7.910993797060226693e-03
-8.185227274878211987e-03
-8.104589114335722030e-03
-8.192974622441537985e-03
-7.846321572440206199e-03
-8.276022203779428293e-03
-8.016423008154166530e-03
-8.170971206813881088e-03
-7.981114788933653739e-03
-8.145364105636166904e-03
-7.931559407791617666e-03
-9.004703681484668362e-03
-8.101952957108018646e-03
-8.032145492610097762e-03
-8.039760968843170583e-03
-8.213122552129395806e-03
-8.092932121770793699e-03
-8.399408925464637785e-03
-8.446991817168103198e-03
-8.289381046398229189e-03
-8.131231491676573636e-03
-8.178372101855175061e-03
-8.339557918972550013e-03
-8.105111662139100406e-03
-8.253951655012350605e-03
-8.140013886007132007e-03
-8.206062203942368280e-03
-8.400598013613883031e-03
-8.053637207678454937e-03
-8.124601575921664917e-03
-8.310278665528846379e-03
-8.080989135246159985e-03
-8.143925552160619086e-03
-8.223916298093329053e-03
-8.255954483383828868e-03
-8.602674347705160929e-03
-7.934212000757771832e-03
-7.919816598696052465e-03
-8.196870115656533159e-03
-8.058448468171542506e-03
-8.131140390720707767e-03
-7.991596516750246876e-03
-7.972858480465944142e-03
-7.837396328829819223e-03
-8.138064304125596643e-03
-8.157224901751492299e-03
-8.077683843095156621e-03
-8.154177826477749386e-03
-7.984158021079228520e-03
-8.079441877344960277e-03
-8.274020747075146523e-03
-8.152601817886994881e-03
-8.224563831141281506e-03
-8.263772833478528340e-03
-8.315091655583225008e-03
-8.131175422161945193e-03
-8.137088749721264891e-03
-8.173670228181908332e-03
-8.306613411428976843e-03
-7.982576142368715683e-03
-8.010969193633293156e-03
-8.082427345919403899e-03
-8.232131674120337847e-03
-8.090659153985128513e-03
-8.190103952805708257e-03
-8.238610839993320070e-03
-8.165946394066651154e-03
-8.129081399139193725e-03
-8.271684106238559250e-03
-8.167263577213227863e-03
-7.919366460639469876e-03
-7.956183165915719016e-03
-8.225303224013744835e-03
-8.194059766122535268e-03
-8.042687737024203573e-03
-8.118455152193882612e-03
-8.292668362649243535e-03
-8.164961527883986617e-03
-8.289784366084455847e-03
-8.125927593325745976e-03
-8.191287772468120940e-03
-8.028808902923930194e-03
-7.927849564052898840e-03
-7.771239335677348863e-03
-8.172703599776974526e-03
-8.365853431017854572e-03
-8.105418984907197116e-03
-7.993966238211854675e-03
-8.160929135203817686e-03
-8.307804272743950919e-03
-8.203326067746275971e-03
-8.181840213933491701e-03
-8.134823687638676262e-03
-8.042330755403521297e-03
-8.261328124481433915e-03
-7.963869426317915154e-03
-7.956027650989338021e-03
-8.256555421558965310e-03
-8.062213476503505422e-03
-8.409993030538753106e-03
-8.158687614126584192e-03
-8.075194828364379643e-03
-8.355465176851066197e-03
-8.059736901817255925e-03
-8.014875392667110063e-03
-8.158244519709251588e-03
-8.423540522230316477e-03
-8.186182688739478824e-03
-8.207552932986339131e-03
-8.261621805587152784e-03
-7.893578161146264788e-03
-7.962481089831824690e-03
-8.138992010064485111e-03
-8.207148314572702136e-03
-8.233739715848667137e-03
-7.946691118655081071e-03
-8.302789350017145131e-03
-8.141885463005952769e-03
-8.312516485010010281e-03
-8.156867409555635870e-03
-8.090366586103571803e-03
-8.235705371360759267e-03
-8.074035625211787096e-03
-7.983634176125244467e-03
-8.010471655171259170e-03
-8.189740508752377940e-03
-8.266708671222233393e-03
-8.139609092401170823e-03
-8.138141179587039462e-03
-8.181540439140766452e-03
-8.223097353044536706e-03
-8.165267063557938784e-03
-8.091819493538061209e-03
-8.205849202193297998e-03
-8.116478860622729219e-03
-8.317989821515053492e-03
-8.311883639447669239e-03
-8.242310449167544392e-03
-8.200700715005988448e-03
-8.241252669464229838e-03
-8.461030728000702716e-03
-8.053596935749453289e-03
-8.287153471444175593e-03
-7.946707574811388494e-03
-8.089110933873105633e-03
-8.207084118797643504e-03
-8.097859923057526901e-03
-8.436328580902124896e-03
-8.338315417826386994e-03
-8.158053966717846578e-03
-8.097420828811936755e-03
-8.072246599697454825e-03
-8.414587317404206498e-03
-8.054310948709498402e-03
-8.264401778193616530e-03
-8.313914597537127790e-03
-8.307377320496266149e-03
-8.273044265266793137e-03
-8.058647451236623099e-03
-8.267981589339138890e-03
-8.226159129144925905e-03
-8.245291327264703263e-03
-8.160219513925112342e-03
-8.249972397701818908e-03
-8.155175043917366889e-03
-8.073040409453032321e-03
-8.327981832688765088e-03
-8.042543225092407475e-03
-8.269174582889921021e-03
-8.068464292103536689e-03
-8.227525531914536144e-03
-8.382449822536833933e-03
-8.326322988205790351e-03
-7.961189559628972096e-03
-8.093458672522452213e-03
-8.249769165488559167e-03
-8.095146754807944559e-03
-8.521529910331972907e-03
-7.954612930439133520e-03
-8.134054125055894396e-03
-8.199651106290315600e-03
-8.121133944193940912e-03
-7.889462717798865349e-03
-8.409864058334734147e-03
-7.829125528367276293e-03
-8.349606706149901442e-03
-8.352643582939026784e-03
-8.080481979821375546e-03
-8.128951341032177036e-03
-8.113356493925133819e-03
-8.298853441836593486e-03
-8.118646126514268008e-03
-8.470741944240462243e-03
-8.265982989102178477e-03
-8.281000830959905218e-03
-8.028204728244192970e-03
-8.435506749074530436e-03
-8.241489133296286615e-03
-8.242461930194948383e-03
-8.134321697482956720e-03
-8.179553284324719148e-03
-8.319552811396405817e-03
-8.276237578010121193e-03
-8.388537746067339582e-03
-8.156478606322750680e-03
-8.194127167467512782e-03
-8.026265074929090151e-03
-7.920447557298796251e-03
-8.100053627085832333e-03
-8.201637835503596333e-03
-8.231466990500065431e-03
-8.114110459523581412e-03
-8.316384671564527528e-03
-8.196255027995707695e-03
-8.242784099609245727e-03
-8.026753640647971491e-03
-8.234448259409188689e-03
-8.850073650948012474e-03
-7.904401184322782867e-03
-8.214842762743321605e-03
-8.381776998244969828e-03
-8.104986961237918910e-03
-8.261096092883141173e-03
-8.324442433783902501e-03
-8.081430015585127496e-03
-8.122612012532476333e-03
-8.247383934701648170e-03
-8.373470612634867360e-03
-8.378530951549452432e-03
-8.109239517890295609e-03
-8.294770626249194784e-03
-8.217432760779557616e-03
-7.907291083140395929e-03
-8.004088915681986313e-03
-8.240076853964382539e-03
-8.314670328938122967e-03
-8.298795133850362521e-03
-7.813851450582023211e-03
-8.368941828787978751e-03
-8.168852700381095885e-03
-8.295870907745639400e-03
-8.269150666756241649e-03
-8.062720571476299225e-03
-8.184801248580160157e-03
-8.368841789376519139e-03
-8.111400008825847552e-03
-8.177694953038430400e-03
-8.468919902889992038e-03
-8.096345794483058786e-03
-8.016084528618834179e-03
-8.007546644882389611e-03
-8.079788529046510667e-03
-8.210430164980285841e-03
-8.049365931011792999e-03
-8.214727467732656219e-03
-8.247161935039775890e-03
-8.346712336688046421e-03
-8.250740166819771002e-03
-8.435467863192004298e-03
-8.203470705850019959e-03
-8.018564908132424021e-03
-8.399747465371344701e-03
-8.224882209706950789e-03
-8.028361805112640970e-03
-8.046697158040839321e-03
-8.168769590614551393e-03
-8.266564538698378123e-03
-8.280174803920044638e-03
-8.288601229916181187e-03
-8.069403680012817923e-03
-8.248890257119620775e-03
-8.480452575759338946e-03
-8.177637117358207974e-03
-8.332128194075862429e-03
-8.355124825721213858e-03
-7.941065823309945149e-03
-8.362696416187026874e-03
-8.331342120031573484e-03
-8.278519738977243789e-03
-7.998115564254667381e-03
-8.339945285917858483e-03
-8.179433780383910113e-03
-8.118977513793392692e-03
-8.216351239853692673e-03
-8.258959590448798974e-03
-8.334224138295097048e-03
-8.093603493004326160e-03
-8.124394012177812638e-03
-8.153184664415516480e-03
-8.262141855692786349e-03
-8.061175478749004267e-03
-8.095365739763164120e-03
-8.044125875623571106e-03
-8.195907170497141250e-03
-8.209668881875303512e-03
-8.097090224237513470e-03
-8.096850703746216737e-03
-8.363876247311394577e-03
-7.663963554467721935e-03
-7.913848733565263457e-03
-8.558985801965851223e-03
-8.054584143545564373e-03
-8.260177047503765302e-03
-7.949246650436029779e-03
-7.939915134582465478e-03
-8.808838868673819766e-03
-8.252625702695151610e-03
-8.077120171596211332e-03
-8.384629635041713006e-03
-8.314958684152844517e-03
-8.110186457019510908e-03
-8.081021523430943418e-03
-8.112196606598934615e-03
-8.096627299023355026e-03
-8.131858160834589191e-03
-8.204238457495309847e-03
-8.315426817710729751e-03
-8.253699824795053194e-03
-8.214537917277397322e-03
-8.187989334861043092e-03
-8.285894621157571804e-03
-8.148770413397293452e-03
-8.477677776956012851e-03
-8.266124306247138454e-03
-8.240737541000988514e-03
-8.133066440864034075e-03
-8.224064484729651930e-03
-8.172306525928724891e-03
-8.116227270947972555e-03
-8.286018707479860315e-03
-8.312713531299347619e-03
-8.304107829908096913e-03
-8.181503423953616697e-03
-8.299254340053267495e-03
-8.153923618934872525e-03
-8.233671781049146932e-03
-8.567374254254401383e-03
-7.988400374820741820e-03
-8.072420281295518418e-03
-8.147396705720273344e-03
-8.268764107741599992e-03
-8.212466840290961675e-03
-7.996033327495682963e-03
-8.199199325135140062e-03
-8.274833822254116025e-03
-8.318632935597381969e-03
-8.215039666379857913e-03
-8.074369765624740333e-03
-8.028450971480529177e-03
-8.082642368732739779e-03
-8.332906541812111836e-03
-8.486828052619755855e-03
-8.090147662903899098e-03
-8.247026305947657149e-03
-8.007929977237612448e-03
-8.103483013265317531e-03
-8.303115831052853071e-03
-8.257260617606716410e-03
-8.115946838585049242e-03
-8.106428801999195077e-03
-8.298307986684788987e-03
-8.212364645351468220e-03
-8.233164407219143235e-03
-8.287033646978185508e-03
-8.197591973039332000e-03
-8.073233510167327626e-03
-8.311328631353290600e-03
-8.230637876917029291e-03
-8.158411212393860273e-03
-8.170227088703189283e-03
-8.192086477448408399e-03
-8.070366888375854475e-03
-8.249620260059750687e-03
-8.078538681411163297e-03
-8.165231300082570129e-03
-8.184338929094871554e-03
-8.408468172642539692e-03
-8.242821383452184070e-03
-8.108846322870556095e-03
-8.210488786220661653e-03
-8.323919975962200749e-03
-8.189180065908996040e-03
-8.148555383629832796e-03
-8.420074369931718553e-03
-8.442649589139915658e-03
-8.444864981791802214e-03
-8.220154501252787890e-03
-8.290749366848667798e-03
-8.187313159298744217e-03
-8.241066867732555964e-03
-8.176956725608695506e-03
-8.198315537954633386e-03
-8.121176852519030112e-03
-8.221885640986742808e-03
-8.464499994700514993e-03
-8.091295820012119056e-03
-8.051748883334208795e-03
-8.266675827361166795e-03
-8.093965027117311709e-03
-8.280505211569377105e-03
-8.161578900036579182e-03
-8.203706050140228620e-03
-8.297391391501218044e-03
-8.290096709825323790e-03
-8.220628282765549480e-03
-8.005827997714031266e-03
-8.166239146910510283e-03
-8.145494643568515838e-03
-8.318741933441680877e-03
-8.203252962660178421e-03
-8.202439712303116401e-03
-8.191488719667549753e-03
-8.606214762311895083e-03
-8.230180231619721801e-03
-8.210408830890391849e-03
-8.104911834360984182e-03
-8.159260501090755471e-03
-8.225560256397115161e-03
-8.175513517461544671e-03
-8.300209511409759391e-03
-8.128156542121645414e-03
-8.354002035969790643e-03
-8.172268123927312750e-03
-8.278214451550058514e-03
-8.151049983256159273e-03
-8.016082955211870434e-03
-8.292017674691003204e-03
-8.027406398150355518e-03
-8.239955509973116016e-03
-8.138742544387709416e-03
-8.535459552334392214e-03
-8.156335885745352732e-03
-8.206240319547079831e-03
-8.216273032066798501e-03
-8.117619068199468171e-03
-8.146673677874412961e-03
-8.273397420496359997e-03
-8.392986723238602537e-03
-8.085029061395682462e-03
-8.407173943214128753e-03
-8.151258150289714469e-03
-8.496180786797466467e-03
-8.550818975522759754e-03
-8.087273725806566615e-03
-9.882911585113353034e-03
-8.033132939664924116e-03
-8.053792890553530814e-03
-8.361178069239253580e-03
-8.305226849342239523e-03
-8.210744919176076254e-03
-8.024148082396752660e-03
-8.225381923969311143e-03
-8.357283445940734065e-03
-8.251927324101127059e-03
-8.247717730364234265e-03
-8.159454217339203938e-03
-8.263695666988575203e-03
-8.228516795356329364e-03
-8.058188584198084856e-03
-8.354977181295930935e-03
-8.322974295796181296e-03
-8.079980909969404143e-03
-8.187770123785539575e-03
-8.314587160362348420e-03
-8.384105494705902314e-03
-8.162729486477027577e-03
-8.276430415742762683e-03
-8.294993452215976976e-03
-8.146313616861350707e-03
-7.947664292012329365e-03
-8.317490970590861454e-03
-8.211056049455472267e-03
-8.183652908669415346e-03
-8.088395564177727065e-03
-8.191568675584865594e-03
-8.403129384967117713e-03
-8.353829950594285694e-03
-8.305141545660340088e-03
-8.330942344263000954e-03
-8.523736815704476694e-03
-8.077149900219876555e-03
-8.227355577596892622e-03
-7.932220813992568037e-03
-8.201608161793313978e-03
-8.227134251455945138e-03
-8.156569135007287266e-03
-7.926357821953125549e-03
-8.602367142026242849e-03
-8.176316791736984446e-03
-8.242645025982582238e-03
-8.120604832296722878e-03
-8.371017943248270851e-03
-8.216455951536942234e-03
-8.190516325200566244e-03
-8.047817927360997534e-03
-8.416807373103504797e-03
-8.194889079790863493e-03
-8.143660021248130473e-03
-8.355389374306800357e-03
-8.255706136468584505e-03
-8.463384779989082882e-03
-8.296101599159704659e-03
-8.151517158615706124e-03
-8.280974255792513880e-03
-8.146594837206500364e-03
-8.201718867556004669e-03
-8.395147162662642409e-03
-8.380410235926534848e-03
-8.257024206880880443e-03
-8.363543394675890252e-03
-8.227674203265858063e-03
-7.964370753869695965e-03
-8.160713844033187087e-03
-8.223955427599519835e-03
-8.242918975945312532e-03
-8.206867429922881652e-03
-8.081946246107153328e-03
-8.055575850894605358e-03
-8.037730199048253449e-03
-8.308091690374296012e-03
-8.239573184105869474e-03
-8.158726364123642522e-03
-8.258813556756240334e-03
-8.153503525998086546e-03
-8.318050127701185140e-03
-8.368444627636641500e-03
-8.219016227468498026e-03
-8.125959303817157503e-03
-8.232578157834258628e-03
-8.297474651409560836e-03
-8.180748441159802972e-03
-8.116128744514353177e-03
-8.130583700655880791e-03
-8.284593354579700489e-03
-8.321971068770145016e-03
-8.346712777765228145e-03
-8.294315800959422072e-03
-8.152876436448717318e-03
-8.224577779353340820e-03
-8.208156527482001960e-03
-8.205761550257718515e-03
-8.360676792431987261e-03
-8.136493214695649998e-03
-8.128388573243602172e-03
-8.220390055789689870e-03
-8.100483706833807099e-03
-8.244385430127352046e-03
-8.267343293496700815e-03
-8.197436282489346804e-03
-8.187994916596687961e-03
-8.048711036724592177e-03
-8.152588565882789087e-03
-7.977424911706850960e-03
-8.058065885420661809e-03
-8.466580316127847450e-03
-8.288904654999738192e-03
-8.220013905540271212e-03
-8.122294828403953462e-03
-8.112356512622570515e-03
-8.367646838395149597e-03
-8.109081052240780033e-03
-8.284187632594789200e-03
-8.382906108762428615e-03
-8.299629488432130886e-03
-8.497864868250519163e-03
-8.222555809241400768e-03
-8.198807710368988255e-03
-8.122607637891587212e-03
-8.462847326041880031e-03
-8.291675514269392783e-03
-8.480673943118533994e-03
-8.183354045482564218e-03
-8.245014287509868506e-03
-8.050016108688651945e-03
-8.308329250407590211e-03
-8.327439983662209694e-03
-8.177591819302760731e-03
-8.376893696282953009e-03
-8.183251355844174332e-03
-7.989299307025398214e-03
-8.287770081808483458e-03
-8.490410330456690108e-03
-8.271875378296348821e-03
-8.130026869949498122e-03
-8.303415423572994142e-03
-8.268079997457379940e-03
-8.175456234152483209e-03
-8.239417325788228608e-03
-8.066046818085908371e-03
-8.365589845035150893e-03
-8.285562733166012064e-03
-8.360051818520453093e-03
-8.306474308849592925e-03
-8.401292424248217594e-03
-8.305313569845818034e-03
-8.368749138577668417e-03
-8.236892751495684256e-03
-8.075709519996431690e-03
-8.164778672514317812e-03
-8.188990086327277082e-03
-8.194803026335305968e-03
-8.253890913023335593e-03
-8.175079841106540346e-03
-8.341809380421030123e-03
-8.380218556078797634e-03
-8.204868906841241566e-03
-8.393112938135511431e-03
-8.219745267618407125e-03
-7.803557911897266927e-03
-8.237931824228912972e-03
-8.107023029963477539e-03
-8.214281685888738527e-03
-8.144721722808915751e-03
-8.292201733190236734e-03
-8.356265352044653719e-03
-8.230057218590908219e-03
-8.291147994759719489e-03
-8.132098353799603260e-03
-8.224789409654809785e-03
-8.334028741232821919e-03
-8.162640534455442229e-03
-8.086551315527381115e-03
-8.211899768872868086e-03
-8.221978969109687910e-03
-8.105266101884269977e-03
-8.217876541838252044e-03
-8.335971423312339354e-03
-8.132472281533712974e-03
-8.316748609839341028e-03
-8.036035606281927840e-03
-8.193019835444789040e-03
-8.222628167125295429e-03
-8.370583655435278117e-03
-8.205559630753381239e-03
-8.214956766627297055e-03
-8.136852913557632294e-03
-8.102888473644752690e-03
-8.283564785321701970e-03
-8.350254996993367734e-03
-8.160763823815279580e-03
-8.111892453890596003e-03
-8.108187796261599398e-03
-8.125064456153829537e-03
-8.373612750700068844e-03
-8.072927407615129725e-03
-8.104236469169356916e-03
-8.308407764515189295e-03
-8.175757898413642602e-03
-8.044052548409353839e-03
-8.141324667108023466e-03
-7.990029472745725433e-03
-8.123525495367470498e-03
-8.216194561621804199e-03
-8.286582347312051317e-03
-8.266757562379109872e-03
-8.510131562918275133e-03
-7.988690000992303142e-03
-8.319276232906607643e-03
-8.403706260144246792e-03
-8.210890934797378596e-03
-8.272968220583074711e-03
-8.175846371328700929e-03
-8.438412854579696240e-03
-8.160240072504395745e-03
-8.397013237650458387e-03
-8.273730464316338823e-03
-8.227610164849893937e-03
-7.867071358519888910e-03
-8.346079922861427206e-03
-8.277679971652579169e-03
-8.130343953112217567e-03
-8.414108617118722447e-03
-8.310858336110954134e-03
-8.403977541554200764e-03
-8.277896804161613900e-03
-8.131345199966869344e-03
-8.319285607106166602e-03
-8.252395305530669384e-03
-8.096739890289207306e-03
-8.259281243773661241e-03
-8.274968316072229754e-03
-8.152919870065566260e-03
-8.206556301950650514e-03
-8.270621403527356197e-03
-8.213788233536264624e-03
-8.185588694915705427e-03
-8.523962005883060911e-03
-8.212058976980017230e-03
-8.161831643008952974e-03
-8.184525510160623601e-03
-8.317751572031266069e-03
-8.248628390883272835e-03
-8.177778144784743353e-03
-8.307961947689689736e-03
-8.264092414709572898e-03
-8.034812210258814383e-03
-8.234753010651461522e-03
-8.166013863786273155e-03
-8.358621653117506364e-03
-8.235369107663054883e-03
-8.358432329867793512e-03
-8.628195506827321393e-03
-8.020778438779204919e-03
-8.074707376718314941e-03
-8.002724335158802743e-03
-8.506041385378108541e-03
-8.299890226376702845e-03
-8.192235501886789908e-03
-8.191199675827754573e-03
-8.146023101827869553e-03
-8.303958982523671969e-03
-8.378742165838911835e-03
-8.335256382436333558e-03
-7.934449552089153576e-03
-8.212653884934100271e-03
-8.477691814500495568e-03
-8.552188281034978773e-03
-8.127085902700182871e-03
-8.187496903753576152e-03
-8.044632092793541425e-03
-8.215312288060487578e-03
-8.016223457087471443e-03
-8.404304627598713912e-03
-8.233021755367001676e-03
-8.285634759912240827e-03
-8.162490083785228431e-03
-8.289925068736018685e-03
-8.150748383753372156e-03
-8.326773685486399401e-03
-8.197983503961789667e-03
-8.263480910259995982e-03
-8.154005302935774316e-03
-8.288189909733342103e-03
-8.224411987044164332e-03
-8.328669727455474681e-03
-8.141444778847931746e-03
-8.394304013340131085e-03
-8.350017457349574387e-03
-8.265436026174358825e-03
-8.055712359648159807e-03
-8.133200440391447419e-03
-8.064550269184235856e-03
-8.203738459129672131e-03
-8.235819933245862659e-03
-8.132827380733185021e-03
-8.503712456016670682e-03
-8.432282740791840342e-03
-8.297808585011173452e-03
-8.392683456524665034e-03
-8.239082102829958093e-03
-8.397504082454491231e-03
-8.276008052940408630e-03
-8.105771812406407234e-03
-8.430822688329014589e-03
-8.054388746841185248e-03
-8.222273467944745881e-03
-8.473612996536700540e-03
-8.483603884021256522e-03
-8.590071418741096823e-03
-7.978370530435738989e-03
-8.135791855481980250e-03
-8.344203770215182989e-03
-7.938636774822035308e-03
-8.200287179586551040e-03
-8.170471620683383493e-03
-8.276501681703620980e-03
-8.294370301349862293e-03
-8.143545245623837539e-03
-8.244588240712202518e-03
-8.273416576312923182e-03
-8.137059218411414260e-03
-8.124161978109056825e-03
-8.117850970651598400e-03
-8.113428066953509363e-03
-8.206667658481553093e-03
-8.391207624287499653e-03
-8.041992001160191278e-03
-8.331386757271214138e-03
-8.435258164300619282e-03
-8.287525311549949480e-03
-8.152897863060804343e-03
-8.198365131625626190e-03
-8.264496247762240927e-03
-8.680542553005687542e-03
-8.125405522502461911e-03
-8.134799075134440186e-03
-8.191755148996369279e-03
-8.442362183504270937e-03
-8.325068194673601596e-03
-8.181066141446442092e-03
-8.346048508656686224e-03
-8.044658467600098936e-03
-8.298385896524453770e-03
-8.306201530370373523e-03
-8.177567156501027584e-03
-8.238858122430723491e-03
-8.376167790215442027e-03
-8.076229167496605868e-03
-8.461165957733737461e-03
-7.892822061382842244e-03
-8.284585798891257527e-03
-8.267737025724709518e-03
-8.258875084696446628e-03
-8.395892516530747279e-03
-8.263660816439971982e-03
-8.238818656829981213e-03
-8.355218353205139808e-03
-8.359858889978954641e-03
-8.151958512903369897e-03
-8.228733159001038258e-03
-8.232782176733819540e-03
-8.084039697084181506e-03
-8.127581208048332076e-03
-8.508941316420149531e-03
-8.235008940625001758e-03
-8.319268948504172229e-03
-8.239495991675982109e-03
-8.191579186878161431e-03
-8.385835822360446570e-03
-8.289513521714137259e-03
-8.283074096913051881e-03
-8.115312330964522675e-03
-8.238777032448019177e-03
-8.207299186441932570e-03
-8.149138449140775134e-03
-8.241239669988711242e-03
-8.486081531851425233e-03
-8.180603423970906826e-03
-8.499029190970402645e-03
-8.015399888401381415e-03
-8.485707257880965165e-03
-8.333018250399013352e-03
-8.124938237198587113e-03
-8.432403170696305822e-03
-8.143311556925696831e-03
-8.235310503246629291e-03
-8.605738417248534264e-03
-8.150755917239157003e-03
-8.152798034168183203e-03
-8.317487105878377390e-03
-8.228478238247493790e-03
-8.122001181437344536e-03
-8.107772999889290358e-03
-8.047389129558824017e-03
-8.262567708196475597e-03
-8.278128098508922422e-03
-8.128401343752396715e-03
-8.108060019318833259e-03
-7.978055999923886268e-03
-8.243309024108093006e-03
-8.224861135612396290e-03
-8.270240547279780405e-03
-8.283917316129315450e-03
-8.246895917765461465e-03
-8.345177662634857205e-03
-8.451047207134472494e-03
-8.280962405449893496e-03
-8.207117885005868821e-03
-8.174519906117557605e-03
-8.125320288650698941e-03
-8.193542685573247317e-03
-8.191304855690690126e-03
-8.291776521492053367e-03
-8.102512243884491677e-03
-8.249863041355328525e-03
-8.318980297486964007e-03
-8.175133712677072964e-03
-8.414815018456813303e-03
-8.365828449058336155e-03
-8.219141398662116460e-03
-8.237403953988088959e-03
-8.238791237134569442e-03
-8.168557125926470541e-03
-8.374738455872237156e-03
-8.376465735395922582e-03
-8.264598797835748592e-03
-8.146098997747637169e-03
-8.284460498919156424e-03
-8.281098118303574160e-03
-8.285193275798572940e-03
-8.317444025247885606e-03
-8.363282160870644591e-03
-8.275816466551209200e-03
-8.212898830473222903e-03
-8.212333101897119694e-03
-8.290997911023076025e-03
-8.380460694684545297e-03
-8.107177699051389824e-03
-8.468484532622857358e-03
-8.041192810966447599e-03
-8.306946703560408665e-03
-8.180534722337049272e-03
-8.231541579700662678e-03
-8.220618876760432334e-03
-8.073612220561769345e-03
-8.339179412733424210e-03
-8.307265271399300044e-03
-8.269711091898914596e-03
-8.092117807826416237e-03
-8.202136438468702814e-03
-8.159092021531810790e-03
-8.242139237108548830e-03
-8.259079532193165304e-03
-8.314038310767447523e-03
-8.107126702882322747e-03
-8.193409911546023147e-03
-8.144486383176760547e-03
-8.312131361341583771e-03
-8.168217798922442277e-03
-7.991313545673740457e-03
-8.049201076646004399e-03
-8.433722992445111602e-03
-8.184994083954962030e-03
-8.267791366401617409e-03
-8.360414521224495896e-03
-8.177455739396596174e-03
-8.189084192370804302e-03
-8.258528493109028659e-03
-8.178190628779906726e-03
-8.203506437863229347e-03
-8.023531870614844519e-03
-8.275501316619356812e-03
-8.178732158439548997e-03
-8.335104529353940320e-03
-8.087741663835166378e-03
-8.026896105314988011e-03
-8.125326412009591798e-03
-8.242626988768594204e-03
-8.253563351681352661e-03
-8.162691937490836394e-03
-8.482384676930373665e-03
-8.192804390330498537e-03
-8.239327392511749948e-03
-8.030280891377934022e-03
-8.138759630348721755e-03
-8.160560584533637501e-03
-8.151221764531793937e-03
-8.148963069060110448e-03
-8.297613432469241532e-03
-7.914616808877754026e-03
-8.246299095187616807e-03
-8.082948997928073032e-03
-8.264320324853606167e-03
-8.162947321623434740e-03
-8.213184435201217187e-03
-8.606722479217149280e-03
-8.140065501011163260e-03
-8.222691046121225616e-03
-8.105535994300569480e-03
-8.221758928380439382e-03
-8.213436649091595751e-03
-8.031423811076269723e-03
-8.022725922950125696e-03
-8.278023882466590058e-03
-8.266947964102286037e-03
-8.329907563484785851e-03
-8.215526998883285886e-03
-8.052995104455605915e-03
-8.061052805877658850e-03
-8.337692653098000006e-03
-8.360741241673672053e-03
-8.414320770714429215e-03
-8.125072456739500931e-03
-8.147377601233315655e-03
-8.163816483533536950e-03
-8.230637949754732174e-03
-8.149006011050240889e-03
-8.243035233354388883e-03
-8.213018691607749250e-03
-8.323350418845432488e-03
-8.220756023207846305e-03
-8.164288397296087102e-03
-8.167413574185409392e-03
-8.271532524207408227e-03
-8.174165883037170025e-03
-8.306783468651959129e-03
-8.229228641736790334e-03
-8.146005583326643498e-03
-8.233434603667263291e-03
-8.216124593473646959e-03
-8.188419107170641018e-03
-8.153700006799663100e-03
-7.986255640969696853e-03
-8.095603934892104531e-03
-8.167190743684363610e-03
-8.228214021047989060e-03
-8.308457732580803307e-03
-8.415915214480779866e-03
-8.195263463118834454e-03
-8.238124566418944181e-03
-8.284391501211621142e-03
-8.198016586815194337e-03
-8.241451323010027044e-03
-8.281519875395302460e-03
-8.267789621503447012e-03
-8.094381421911097524e-03
-8.197419291180918846e-03
-8.148716203184134740e-03
-8.126058092904437855e-03
-8.215031444842159011e-03
-8.302141402630408909e-03
-8.125192605699105286e-03
-8.074039642297267325e-03
-8.155395821525230834e-03
-8.545625587599756448e-03
-8.573751507449132309e-03
-8.241700781255006242e-03
-8.235631023474460424e-03
-8.060568035278518548e-03
-8.220830825229688554e-03
-8.168356104310825483e-03
-8.240246539267052570e-03
-8.190538451143673446e-03
-8.168678450646784175e-03
-8.196280737063570132e-03
-8.397513760579452397e-03
-8.139631286944721059e-03
-8.086693246387199538e-03
-8.121754061020312193e-03
-8.191778978312665507e-03
-8.121311598638807777e-03
-8.218227102529873304e-03
-8.086808232425730589e-03
-8.066533861130792404e-03
-8.256517508523509435e-03
-8.274664922382466564e-03
-8.185191045698845397e-03
-8.347710320162078645e-03
-8.330554824095110292e-03
-8.221718797579933777e-03
-8.354066988991397727e-03
-8.251431231685951717e-03
-8.152165252286449823e-03
-8.062427464158873278e-03
-8.173825742134198727e-03
-8.122292370436391337e-03
-8.326106911982551761e-03
-8.311541967742331130e-03
-8.158097393789916912e-03
-8.052557879549939943e-03
-7.975281272595835524e-03
-8.184044875658670268e-03
-8.036730857388837621e-03
-8.174664540334369150e-03
-8.203058400332450401e-03
-8.056189792056194995e-03
-8.225764818337951215e-03
-8.162040113292568649e-03
-8.395484368565311883e-03
-8.209888921945842841e-03
-8.050521431516449028e-03
-8.204230510720821393e-03
-8.101692642064201033e-03
-8.230778000065882422e-03
-8.175997559425692354e-03
-8.182949378059025183e-03
-8.610051613002246695e-03
-8.132769317246763344e-03
-8.373062248247211542e-03
-8.281932484973022340e-03
-8.068991802856395265e-03
-8.253345642021778228e-03
-8.323791328666578851e-03
-8.284641783207835966e-03
-8.275512564435481486e-03
-8.381844232394963790e-03
-8.189455500254410811e-03
-8.236003583348996265e-03
-8.165932369698356008e-03
-8.250658157513038327e-03
-8.001103936032507441e-03
-8.151435065999119642e-03
-8.221213873511500764e-03
-8.180430537535315558e-03
-8.370166179595350808e-03
-8.429914539149846453e-03
-8.101497176401179293e-03
-8.182009901121105322e-03
-8.314210162425216336e-03
-8.215205858366710773e-03
-8.427527379073079111e-03
-8.070821030443356761e-03
-8.278908714756097811e-03
-8.487609943026956996e-03
-8.251872534297311629e-03
-8.055245810999598147e-03
-8.353218213329755698e-03
-8.133855257055644730e-03
-7.983462458565741132e-03
-8.213299485451384246e-03
-8.326012851956493890e-03
-8.057642671539745963e-03
-8.136962886939545433e-03
-8.265513610822602941e-03
-8.041795076401191816e-03
-8.185740005058199029e-03
-8.200618844919465786e-03
-8.102068390550883764e-03
-8.326289216594739279e-03
-7.940106706441624543e-03
-8.302557968726453561e-03
-8.222563367846678906e-03
-8.258112925590024508e-03
-8.393738529518727023e-03
-8.472714776369936335e-03
-8.188550504974157276e-03
-8.215536762995931039e-03
-8.378170337732587444e-03
-8.130773126622680216e-03
-8.253686428215398566e-03
-8.535013121586375665e-03
-8.232968261480665476e-03
-8.177484194223963790e-03
-8.193577059728786652e-03
-8.245615634370701344e-03
-8.297455912346317006e-03
-8.104855171315698825e-03
-8.464635604988909531e-03
-8.149324758532477606e-03
-8.363477052511763404e-03
-8.163699097031632684e-03
-8.200756925750318435e-03
-8.155048497395064183e-03
-8.658378419257220515e-03
-8.151904629797477805e-03
-8.104841848704651477e-03
-8.069929397173939561e-03
-8.265278910972850140e-03
-8.409396660072220378e-03
-8.150940762245007312e-03
-8.124547121733478525e-03
-8.389787461678578293e-03
-8.263238254685259868e-03
-8.186275260143415292e-03
-8.116016389776676415e-03
-8.304314160175586476e-03
-8.382872986915977306e-03
-8.419623225602574160e-03
-8.334165262617699438e-03
-8.138672420677939973e-03
-8.161371440173261285e-03
-8.270983192320131155e-03
-8.387822358508293871e-03
-8.392944899545189477e-03
-8.197806396674393176e-03
-8.078114655919897344e-03
-8.281697375001631500e-03
-8.127121964831436271e-03
-8.150214059507681144e-03
-8.065635870404283189e-03
-8.099610377948504233e-03
-8.103299387129616130e-03
-8.251027026662938538e-03
-8.209258246924569860e-03
-8.286604485589670402e-03
-8.346273366849843445e-03
-8.648564681835705162e-03
-8.003014863699198234e-03
-8.420164071052647220e-03
-7.973849796671629575e-03
-8.086650645105209617e-03
-8.213312250792104488e-03
-8.349161400146978829e-03
-8.138833371376198722e-03
-8.299667689780033594e-03
-8.261673736937256637e-03
-8.364122715635802230e-03
-8.254862513291277501e-03
-8.203532080088072817e-03
-8.166470150278144421e-03
-8.062759627002480389e-03
-8.243727101988474262e-03
-8.328351132537952298e-03
-8.176603150740988438e-03
-8.143887801971574913e-03
-8.076107287123488951e-03
-8.580603434688536049e-03
-8.021934246239235261e-03
-8.138024359490582046e-03
-8.097992876850241759e-03
-8.145260511877945933e-03
-8.391832023042925318e-03
-8.114556525024225683e-03
-8.379919113351832691e-03
-8.235904430313259472e-03
-8.163543054217377651e-03
-8.221722159245803060e-03
-8.250675446940846161e-03
-8.065618291747516863e-03
-8.199964419175389402e-03
-8.118930080568216925e-03
-8.118836965065632377e-03
-8.267768198297368101e-03
-8.179590859644779444e-03
-8.206881815595611085e-03
-8.288150065213979387e-03
-8.171240475403547879e-03
-8.358665054522909990e-03
-8.405357236028200910e-03
-8.402637457076821831e-03
-8.381942007532431141e-03
-8.155141315586363765e-03
-8.243218504674198338e-03
-8.340623311075507501e-03
-8.259777813286989234e-03
-8.414479039203451999e-03
-8.228228981211805140e-03
-8.301099856318310682e-03
-8.422863741191348799e-03
-8.334578767837490243e-03
-8.188555650581463841e-03
-8.355256567603093140e-03
-8.301615222734901739e-03
-8.154131512521809941e-03
-8.580450065751359101e-03
-8.338829266367076692e-03
-8.017297829702013309e-03
-8.094882329593594897e-03
-8.302052749947119031e-03
-8.182087491760088593e-03
-8.391857693891516257e-03
-8.203361927850160579e-03
-8.041422140409402314e-03
-8.153868333190348455e-03
-8.219896556870704904e-03
-8.062769562676683904e-03
-8.160117568365267762e-03
-8.154045085780584415e-03
-8.196609812102861187e-03
-7.953837872059141972e-03
-8.162364552658948197e-03
-8.307788540075763603e-03
-8.293658175576781172e-03
-8.374086905959188948e-03
-8.263256876755342012e-03
-8.392942374030643721e-03
-8.203180863684711444e-03
-8.239128596194716936e-03
-8.428664431788293263e-03
-8.222645451148561865e-03
-8.175817739412196555e-03
-8.210358087500127869e-03
-8.348885631882695807e-03
-8.159403062390697611e-03
-8.199986144098166813e-03
-8.249128206069725189e-03
-8.132683298424705012e-03
-8.106799336889179350e-03
-8.037193420506103664e-03
-8.229089486856694044e-03
-8.149066410168038371e-03
-8.190125110259465976e-03
-8.299231686802103700e-03
-8.408148208549274041e-03
-8.384937361863740654e-03
-8.206339821869117895e-03
-8.165241379232718311e-03
-8.260099887108697178e-03
-8.332100437894689529e-03
-8.096560877856030097e-03
-8.197975021497506606e-03
-8.169815624566359111e-03
-8.206809196346646212e-03
-8.277698287180433948e-03
-8.354812701107782597e-03
-8.485223951715725396e-03
-8.227545197057282989e-03
-8.348702029989775800e-03
-8.036064742559537177e-03
-8.286476291819205170e-03
-8.217762721775958429e-03
-8.124087252292508388e-03
-8.300443187527437386e-03
-8.251826537709958456e-03
-8.295308155795036095e-03
-8.313223102358647393e-03
-8.131748317320138322e-03
-8.178955746644381644e-03
-8.334881755394003139e-03
-8.190589064782873366e-03
-8.421183716531157812e-03
-8.126692087663046557e-03
-8.132313468274091767e-03
-8.229454739909132857e-03
-8.116873310149519058e-03
-8.189744712413639036e-03
-8.252155846478976056e-03
-8.251753249576863208e-03
-8.190557090527050485e-03
-8.201822484500197880e-03
-8.444385768411522344e-03
-8.261072523458029906e-03
-8.594632732373970116e-03
-8.166380712152091631e-03
-8.146775673776623233e-03
-7.973372950686601762e-03
-8.169396439380373007e-03
-7.966533357924363359e-03
-7.963763810611554014e-03
-8.372380388113795022e-03
-8.125195953681217317e-03
-8.253667379384902955e-03
-8.227872208330324136e-03
-8.171602098633745301e-03
-8.323252127747442566e-03
-8.236622442481642339e-03
-8.355006419115063726e-03
-8.217448624476111907e-03
-8.119420887734485337e-03
-8.093281381973193439e-03
-8.218055429394280700e-03
-8.300984234183284710e-03
-8.179311605434103766e-03
-8.326986685857159023e-03
-8.329059717632928544e-03
-8.336068357061332187e-03
-8.284365032166040796e-03
-8.306564840882988895e-03
-8.255157875052016037e-03
-8.022129814411539314e-03
-8.217466462333095079e-03
-8.158199905065674842e-03
-8.377433793862562594e-03
-8.136849080425362368e-03
-8.069987521650941881e-03
-8.148939670670877350e-03
-8.342299757393579346e-03
-8.069254703658870417e-03
-8.227755977964979622e-03
-8.430531949321019153e-03
-8.191894190466666656e-03
-8.035658136298124907e-03
-8.227239685624413920e-03
-8.237661410112751340e-03
-8.669956626243981515e-03
-8.589597379044780837e-03
-8.407128561776961578e-03
-8.315713771879826299e-03
-8.308982100472863883e-03
-8.160038194081061652e-03
-8.248352979957188774e-03
-8.274697931032980874e-03
-8.154491606198938092e-03
-8.037887397805421053e-03
-8.077820475628341712e-03
-8.320842103199202824e-03
-8.283057232338780079e-03
-8.179059454130093582e-03
-8.151868429656410758e-03
-8.103018172318824167e-03
-8.379925653419491999e-03
-8.431429764219504353e-03
-8.294579189935249661e-03
-8.057577478382536504e-03
-8.194493064009282859e-03
-8.185192139194935948e-03
-8.181291568559814070e-03
-8.288795387883069257e-03
-8.315427687432628417e-03
-8.210625965595524586e-03
-8.105940583635130522e-03
-8.229560236877733054e-03
-8.125743435932563860e-03
-8.272780561475259059e-03
-8.274651502203340600e-03
-8.292533376281515864e-03
-8.345571158373579421e-03
-8.112725224106883543e-03
-8.167863854670403059e-03
-8.363409257619901574e-03
-8.301836868983912543e-03
-8.005508972411789700e-03
-8.200347609780682737e-03
-8.407191277816316449e-03
-8.444817636059582036e-03
-8.143511749392370186e-03
-8.265138444677201310e-03
-8.111799980494063811e-03
-8.137726350672691913e-03
-8.248755228687853353e-03
-8.438015223714092489e-03
-8.375297632277772103e-03
-8.351702714188584051e-03
-7.995514521941580674e-03
-8.157962451672228638e-03
-8.182177468799371398e-03
-8.203899243578014269e-03
-8.133504657327960893e-03
-8.317095883870053580e-03
-8.194880211607715598e-03
-8.277646719143768456e-03
-8.061522839561107920e-03
-8.299167625121256497e-03
-8.152300007483551450e-03
-8.142421732091776471e-03
-8.699343719485537127e-03
-8.301922903018083694e-03
-8.149681389551679742e-03
-8.227284462988631447e-03
-8.181966058276078993e-03
-8.240233425073647741e-03
-8.168992695663283843e-03
-8.141664186951901722e-03
-8.050390045196807384e-03
-8.295287944948871034e-03
-8.160247994358877169e-03
-8.230610548535171461e-03
-8.366496550607230992e-03
-8.282651849711431674e-03
-8.259547243388848034e-03
-8.187952392611856298e-03
-8.019541584472556980e-03
-8.278963805429759640e-03
-8.228980409082741962e-03
-8.217256803612004237e-03
-8.294432540719692132e-03
-8.249293172857474418e-03
-8.000709646818485871e-03
-8.243499298811613960e-03
-8.337388584866475827e-03
-8.220005780528349265e-03
-8.169742328378092749e-03
-8.265205765753534661e-03
-8.424860429698862591e-03
-8.261816522842463720e-03
-8.236510143087899874e-03
-8.375100821206567930e-03
-8.297880669088930627e-03
-8.131442032671905989e-03
-8.332281482408089579e-03
-8.219274228384856537e-03
-8.178881873039662090e-03
-8.281886534637404249e-03
-8.269729149642092089e-03
-8.054699286500363598e-03
-8.194198080077281371e-03
-8.529794848221009321e-03
-8.357584222157083895e-03
-8.284893005896571197e-03
-8.342007544215719606e-03
-8.224708215940429445e-03
-8.275117295899865610e-03
-8.017917112726412679e-03
-8.009119639425462539e-03
-8.336914533465276250e-03
-8.199149574941064569e-03
-8.384278241786590966e-03
-8.323669766993280206e-03
-8.191354786939705757e-03
-8.317542749615391279e-03
-8.023678120663072649e-03
-8.051382241852353405e-03
-8.196956916744506730e-03
-8.260606870038824170e-03
-8.118826103157178106e-03
-8.309759829152951055e-03
-8.390965704613216961e-03
-8.092669058359824169e-03
-8.326485471310362055e-03
-8.167076876448461226e-03
-8.127171077046748196e-03
-8.356970140311998155e-03
-8.097847583731885776e-03
-8.153338195450587564e-03
-8.156668659425788878e-03
-8.117629839038012149e-03
-8.375763640508423688e-03
-8.139206656612789706e-03
-8.246678177207400137e-03
-8.358023729571678259e-03
-8.139317828098567228e-03
-8.328687973314926468e-03
-8.354332393132626183e-03
-8.262267052103576884e-03
-8.515902765896884649e-03
-8.087955997293562807e-03
-8.268740428872531356e-03
-8.196084145292931514e-03
-8.431964325320116457e-03
-8.285325461825369248e-03
-8.263469642242110905e-03
-8.360787279672219144e-03
-8.137520692949607934e-03
-8.355110845866533728e-03
-8.258928432693730254e-03
-8.317972598915602742e-03
-8.147424548512149228e-03
-8.282809299625906035e-03
-8.494391849981627191e-03
-7.990405882454169537e-03
-8.416912162085369783e-03
-8.235254015351011272e-03
-8.049901273228996651e-03
-8.397875199338131896e-03
-8.203212143168802858e-03
-8.459379176071585640e-03
-8.464924468058207183e-03
-8.222571934456524012e-03
-8.245475847233734931e-03
-8.464306297693929837e-03
-8.221197280111215006e-03
-8.122005893795001402e-03
-8.071809567584868964e-03
-8.263260153632743382e-03
-8.411405952214658088e-03
-8.346850579219217137e-03
-8.135256050865841485e-03
-8.175109894559932922e-03
-8.171038355992390340e-03
-8.074767477998720522e-03
-8.423667428092246681e-03
-8.453015715468262248e-03
-8.211055156717881817e-03
-8.264167290876483704e-03
-8.402291905852505086e-03
-8.393473858742244234e-03
-8.360231824561203257e-03
-8.225556077419322876e-03
-8.432318156276184112e-03
-8.205745946746527061e-03
-8.202146034551705683e-03
-8.362841048518256451e-03
-8.067459763878579229e-03
-8.160831957498351774e-03
-8.275531403204545305e-03
-8.346167649427393628e-03
-8.289107441253029326e-03
-8.319413330413905766e-03
-8.323136011030919310e-03
-8.436011952269718145e-03
-8.144847538767601910e-03
-8.198663883109537018e-03
-8.365188530195816902e-03
-8.154700665084103212e-03
-8.161148586056030108e-03
-8.151654438108895881e-03
-8.179630141693166115e-03
-8.179494901218014105e-03
-8.225864406664234671e-03
-8.302485264253816818e-03
-8.224708458009297868e-03
-8.362370611489098118e-03
-8.275721297734333487e-03
-8.300899464076985645e-03
-8.192587134290144416e-03
-8.099960448927094950e-03
-8.427387296008538586e-03
-8.177679192625336019e-03
-8.213515618933020512e-03
-8.232462379329353805e-03
-8.249472935850953037e-03
-8.201809175212116526e-03
-8.327876574414744618e-03
-8.175603478273396618e-03
-8.347762137927317028e-03
-8.074832958572270708e-03
-8.190095677505036115e-03
-8.116453820820865306e-03
-8.498745697269176683e-03
-8.398508363161878015e-03
-8.371404346205887567e-03
-8.374986941463132342e-03
-8.250307985352828971e-03
-8.142330247066800752e-03
-8.172018596433214960e-03
-8.173063701411418039e-03
-8.278988785581723950e-03
-8.218893462148752979e-03
-8.258083137713711358e-03
-8.265921399605033817e-03
-8.142275661989875277e-03
-8.065270698338013536e-03
-8.127034744339744349e-03
-8.067842315595354086e-03
-8.074745584314061905e-03
-8.176999029648173573e-03
-8.084066379282764045e-03
-8.310330555109154277e-03
-8.402353971827309156e-03
-8.399740155436281192e-03
-8.047589702425987992e-03
-8.484066053395970114e-03
-8.125536250655809520e-03
-8.471825184743904738e-03
-8.225602113702669069e-03
-8.232793027839581737e-03
-8.288243332469000940e-03
-8.178346648608690594e-03
-8.402739100889790660e-03
-8.378801383303966649e-03
-8.137515753347136088e-03
-8.177393088908382207e-03
-8.205000001762722400e-03
-8.366882913143041181e-03
-8.167738693047731091e-03
-7.976093643885870041e-03
-8.260863858072521257e-03
-8.356238772436703349e-03
-8.050061222784616125e-03
-8.245543001939342059e-03
-8.336694933565242868e-03
-8.196397520427009878e-03
-8.092291578870319455e-03
-8.120792347627591584e-03
-8.141812920273980292e-03
-8.149915655643618154e-03
-8.081617086410102305e-03
-8.119732646440908780e-03
-8.221301146022706383e-03
-8.085871926474334434e-03
-8.361623682086056358e-03
-8.106225495457893351e-03
-8.116637023307313875e-03
-8.440261972380300529e-03
-8.193766146923020521e-03
-8.365732576118599731e-03
-8.449861648506350534e-03
-8.346206288531587622e-03
-8.227363278307560715e-03
-8.234284561309973896e-03
-8.482279428033253493e-03
-8.149246449010235857e-03
-8.149557016726037204e-03
-8.371046470693149430e-03
-8.248666370934994510e-03
-8.109520413742554376e-03
-8.142122940184808380e-03
-8.176505630191543625e-03
-8.153995747685230389e-03
-8.164116879898576651e-03
-8.169004588119184104e-03
-8.148597821569042443e-03
-8.127061234493887509e-03
-8.287797570536490840e-03
-8.173002976707127026e-03
-8.107840626995845706e-03
-8.405633038427643908e-03
-8.177680787772220392e-03
-8.141640992912689903e-03
-8.200345687963352462e-03
-8.253014645934534516e-03
-8.286328344326398046e-03
-8.171536348779177492e-03
-8.200539412153843785e-03
-8.151546772376559377e-03
-8.162144638575712791e-03
-8.236286566495044231e-03
-8.312603454256592417e-03
-8.137647794402187718e-03
-8.346060334987212212e-03
-8.140002657556504387e-03
-8.147789768227229126e-03
-8.293998190436841986e-03
-8.180385604115828629e-03
-8.321352615153116555e-03
-8.196053131451034104e-03
-8.400092019323185041e-03
-8.098244461435895672e-03
-8.117334844149450349e-03
-8.159541970689739715e-03
-8.221991449432582838e-03
-8.059998861475733273e-03
-8.181075397680859923e-03
-8.217976865082613283e-03
-8.406791113467124849e-03
-8.187326298963302010e-03
-8.120234183497164124e-03
-8.057445114691058619e-03
-8.272340336728929017e-03
-8.349910037082396499e-03
-8.035481808220140687e-03
-8.232977346841158922e-03
-8.222902714235891600e-03
-8.230440822499041423e-03
-8.197135195000228997e-03
-8.288603694549579598e-03
-8.331118222681259053e-03
-8.277051224713579888e-03
-8.276834962760732523e-03
-7.993278662965732154e-03
-8.323698287182563355e-03
-8.195428618228054948e-03
-8.169212052104675090e-03
-8.203551679994147694e-03
-8.274361175449116215e-03
-8.171632671953654031e-03
-8.331587887523415545e-03
-8.517225058561481849e-03
-8.066720628169151558e-03
-8.358112212131096549e-03
-8.323518570487856844e-03
-8.180539340147202632e-03
-8.266367058505924223e-03
-8.232504266756073691e-03
-8.517886652234001738e-03
-8.296557267184402618e-03
-8.125717121175856858e-03
-8.167925949515259312e-03
-8.083332468512375094e-03
-8.304639820655363922e-03
-8.210423259527161594e-03
-8.292519133116829991e-03
-8.136332909289481843e-03
-8.168194394354512736e-03
-8.266098848935277479e-03
-8.147357603163062068e-03
-8.338138306588843002e-03
-8.264945394487322253e-03
-8.652815372339800817e-03
-8.336643697264235417e-03
-8.159269928832339411e-03
-8.125563827495331515e-03
-8.170774228580930665e-03
-8.008799555566619224e-03
-8.287108993432100099e-03
-8.138265311425727649e-03
-8.208639670017213799e-03
-8.208217644596773818e-03
-8.329117956365433492e-03
-8.263477747277907931e-03
-8.115524670942711807e-03
-8.010057960518139966e-03
-8.395202212902496894e-03
-8.098655465382423313e-03
-8.145267664220953718e-03
-8.130874248017977424e-03
-8.065369063937000843e-03
-8.470096920317726416e-03
-8.176351729166699348e-03
-8.138591335589315592e-03
-8.156140012005029874e-03
-8.213377718461993895e-03
-8.210046244897324999e-03
-8.049744678286270202e-03
-8.433987769508618712e-03
-8.022666727808189929e-03
-8.263502244656144996e-03
-8.397723885786963910e-03
-8.368274304160972649e-03
-8.191450289721537853e-03
-8.292527110112258779e-03
-8.218635814490320851e-03
-8.309840764274633793e-03
-8.342279993971064497e-03
-8.271420545984247211e-03
-8.297781868405075881e-03
-8.208737292347912176e-03
-8.250964073428830245e-03
-8.187329783220948301e-03
-8.270989595814558573e-03
-8.303000038766777599e-03
-8.244406215291650089e-03
-8.220755956905969122e-03
-8.263713270782707676e-03
-7.909344662761474617e-03
-8.168102107018329963e-03
-8.122043432103312130e-03
-8.393515059388930236e-03
-8.055287241215739608e-03
-8.080055191724539940e-03
-8.248365591905068919e-03
-8.235400271621022908e-03
-8.234990458907394048e-03
-8.313273747364770261e-03
-8.106960588987773345e-03
-8.321385781931615530e-03
-8.276298851175667784e-03
-8.186297780641673197e-03
-7.948801513787948081e-03
-8.275825894921208861e-03
-8.203224018849602714e-03
-8.286611944244100594e-03
-8.301175100864683840e-03
-8.355462818846795189e-03
-8.250679674640578123e-03
-8.091150908136938991e-03
-8.147351595433229357e-03
-8.071267027754841852e-03
-8.317588659442333096e-03
-8.217670659942116415e-03
-8.296927504850211063e-03
-8.072206390596607314e-03
-8.214311773667496569e-03
-8.231256892855493695e-03
-8.012578937588936412e-03
-8.171663572668805622e-03
-8.311190712065995995e-03
-8.204770581054681919e-03
-8.259078318806021071e-03
-8.253217706006217222e-03
-8.182412451404172740e-03
-8.313210455614814670e-03
-8.243663338820152522e-03
-8.312213936205155654e-03
-8.409058888307825372e-03
-8.203144954969444555e-03
-8.317642785470981751e-03
-8.072085703130239473e-03
-8.449934316427635053e-03
-8.306686157159098860e-03
-8.277293647378529060e-03
-8.331992515853424083e-03
-8.144338033980182481e-03
-8.048566029457216234e-03
-8.365164751254001302e-03
-8.285949550448951095e-03
-8.257854970003045136e-03
-8.373971212505489786e-03
-8.392687574936346165e-03
-8.050426380171523885e-03
-8.294741760466952871e-03
-8.355525845371818486e-03
-8.051292161332284161e-03
-8.425491638367090322e-03
-8.404731348372503075e-03
-8.171123621707132578e-03
-8.152828862214904493e-03
-8.046075482918533042e-03
-8.155564258210248885e-03
-8.396110519452890456e-03
-7.960341318777847119e-03
-8.175448911004086494e-03
-8.190049923465335044e-03
-8.629629789357084677e-03
-8.208481091488056824e-03
-8.187309572970693713e-03
-8.259569645098783011e-03
-8.267737026521140148e-03
-8.291692068633987195e-03
-8.100190398254032351e-03
-8.280878317944027206e-03
-8.299987113537302813e-03
-8.346809415816397112e-03
