-8.445154130458831787e-02
-8.442712575197219849e-02
-8.441901952028274536e-02
-8.448372781276702881e-02
-8.453507721424102783e-02
-8.451132476329803467e-02
-8.452907949686050415e-02
-8.444614708423614502e-02
-8.449669182300567627e-02
-8.448477089405059814e-02
-8.448327332735061646e-02
-8.442195504903793335e-02
-8.453843742609024048e-02
-8.442286401987075806e-02
-8.447487652301788330e-02
-8.443544805049896240e-02
-8.440739661455154419e-02
-8.434470742940902710e-02
-8.441270142793655396e-02
-8.443751186132431030e-02
-8.446419984102249146e-02
-8.447550982236862183e-02
-8.445658534765243530e-02
-8.443543314933776855e-02
-8.442295342683792114e-02
-8.445329964160919189e-02
-8.437766879796981812e-02
-8.444125950336456299e-02
-8.445601910352706909e-02
-8.449835330247879028e-02
-8.444295823574066162e-02
-8.444822579622268677e-02
-8.442039787769317627e-02
-8.439280837774276733e-02
-8.440058678388595581e-02
-8.441565930843353271e-02
-8.444338291883468628e-02
-8.443807065486907959e-02
-8.439086377620697021e-02
-8.445827662944793701e-02
-8.434416353702545166e-02
-8.445478230714797974e-02
-8.439498394727706909e-02
-8.449958264827728271e-02
-8.442075550556182861e-02
-8.440896868705749512e-02
-8.445574343204498291e-02
-8.441423624753952026e-02
-8.447674661874771118e-02
-8.442822098731994629e-02
-8.443380147218704224e-02
-8.433182537555694580e-02
-8.445076644420623779e-02
-8.443851023912429810e-02
-8.444859832525253296e-02
-8.440068364143371582e-02
-8.437391370534896851e-02
-8.445981889963150024e-02
-8.438851684331893921e-02
-8.435593545436859131e-02
-8.438804000616073608e-02
-8.443696796894073486e-02
-8.445609360933303833e-02
-8.438453823328018188e-02
-8.435527235269546509e-02
-8.441001921892166138e-02
-8.443887531757354736e-02
-8.439696580171585083e-02
-8.436223864555358887e-02
-8.432479202747344971e-02
-8.439498394727706909e-02
-8.441989868879318237e-02
-8.438675105571746826e-02
-8.444321900606155396e-02
-8.441512286663055420e-02
-8.441779762506484985e-02
-8.435010164976119995e-02
-8.437446504831314087e-02
-8.438277989625930786e-02
-8.443718403577804565e-02
-8.440143615007400513e-02
-8.441503345966339111e-02
-8.438695222139358521e-02
-8.428578078746795654e-02
-8.433910459280014038e-02
-8.441241830587387085e-02
-8.443124592304229736e-02
-8.441548049449920654e-02
-8.432397246360778809e-02
-8.435445278882980347e-02
-8.444091677665710449e-02
-8.436391502618789673e-02
-8.446495234966278076e-02
-8.442728221416473389e-02
-8.443482220172882080e-02
-8.439643681049346924e-02
-8.441249281167984009e-02
-8.440618216991424561e-02
-8.441694080829620361e-02
-8.431099355220794678e-02
-8.440193533897399902e-02
-8.436084538698196411e-02
-8.441348373889923096e-02
-8.435834199190139771e-02
-8.433002978563308716e-02
-8.436087518930435181e-02
-8.432222157716751099e-02
-8.440581709146499634e-02
-8.438055217266082764e-02
-8.432441204786300659e-02
-8.437357842922210693e-02
-8.434868603944778442e-02
-8.436455577611923218e-02
-8.438691496849060059e-02
-8.438058197498321533e-02
-8.439420163631439209e-02
-8.439635485410690308e-02
-8.430112153291702271e-02
-8.435765653848648071e-02
-8.436135947704315186e-02
-8.435256779193878174e-02
-8.437078446149826050e-02
-8.437887579202651978e-02
-8.440046757459640503e-02
-8.437163382768630981e-02
-8.440718799829483032e-02
-8.440268784761428833e-02
-8.438601344823837280e-02
-8.443380147218704224e-02
-8.438991010189056396e-02
-8.445433527231216431e-02
-8.434793353080749512e-02
-8.434127271175384521e-02
-8.442946523427963257e-02
-8.437155932188034058e-02
-8.440931886434555054e-02
-8.437078446149826050e-02
-8.437918871641159058e-02
-8.442450314760208130e-02
-8.442882448434829712e-02
-8.432468026876449585e-02
-8.436968922615051270e-02
-8.438874036073684692e-02
-8.440616726875305176e-02
-8.432528376579284668e-02
-8.433999866247177124e-02
-8.435730636119842529e-02
-8.432582020759582520e-02
-8.440085500478744507e-02
-8.442826569080352783e-02
-8.434932678937911987e-02
-8.431448787450790405e-02
-8.439029008150100708e-02
-8.441338688135147095e-02
-8.431600034236907959e-02
-8.438111096620559692e-02
-8.438580483198165894e-02
-8.438073843717575073e-02
-8.439939469099044800e-02
-8.439691364765167236e-02
-8.438453078269958496e-02
-8.429243415594100952e-02
-8.434129506349563599e-02
-8.439397066831588745e-02
-8.443032205104827881e-02
-8.438635617494583130e-02
-8.442613482475280762e-02
-8.440848439931869507e-02
-8.436079323291778564e-02
-8.439861983060836792e-02
-8.437648415565490723e-02
-8.439620584249496460e-02
-8.437903225421905518e-02
-8.431942760944366455e-02
-8.433448523283004761e-02
-8.429520577192306519e-02
-8.440431207418441772e-02
-8.430662006139755249e-02
-8.438088744878768921e-02
-8.438357710838317871e-02
-8.433803170919418335e-02
-8.440028131008148193e-02
-8.441092818975448608e-02
-8.427765220403671265e-02
-8.437382429838180542e-02
-8.431550860404968262e-02
-8.430639654397964478e-02
-8.438197523355484009e-02
-8.438066393136978149e-02
-8.442581444978713989e-02
-8.439431339502334595e-02
-8.440925925970077515e-02
-8.443388342857360840e-02
-8.435290306806564331e-02
-8.436383306980133057e-02
-8.436694741249084473e-02
-8.433874696493148804e-02
-8.437220752239227295e-02
-8.442245423793792725e-02
-8.438839763402938843e-02
-8.436886221170425415e-02
-8.436620980501174927e-02
-8.441277593374252319e-02
-8.432206511497497559e-02
-8.435980230569839478e-02
-8.430152386426925659e-02
-8.433026820421218872e-02
-8.434946835041046143e-02
-8.437319099903106689e-02
-8.435430377721786499e-02
-8.445824682712554932e-02
-8.441235870122909546e-02
-8.431381732225418091e-02
-8.436382561922073364e-02
-8.436205238103866577e-02
-8.434730023145675659e-02
-8.432300388813018799e-02
-8.437637984752655029e-02
-8.443994820117950439e-02
-8.437383919954299927e-02
-8.445415645837783813e-02
-8.436658233404159546e-02
-8.438099175691604614e-02
-8.432157337665557861e-02
-8.439005911350250244e-02
-8.433253318071365356e-02
-8.432535082101821899e-02
-8.438067138195037842e-02
-8.438660204410552979e-02
-8.439195901155471802e-02
-8.442918211221694946e-02
-8.431489765644073486e-02
-8.437157422304153442e-02
-8.439806848764419556e-02
-8.431806415319442749e-02
-8.440743386745452881e-02
-8.434803783893585205e-02
-8.441974967718124390e-02
-8.438602089881896973e-02
-8.432264626026153564e-02
-8.436603844165802002e-02
-8.432064950466156006e-02
-8.442148566246032715e-02
-8.441584557294845581e-02
-8.429009467363357544e-02
-8.434636890888214111e-02
-8.431158214807510376e-02
-8.433339744806289673e-02
-8.439218252897262573e-02
-8.436895161867141724e-02
-8.433865010738372803e-02
-8.430678397417068481e-02
-8.435864001512527466e-02
-8.435453474521636963e-02
-8.433824032545089722e-02
-8.437344431877136230e-02
-8.437522500753402710e-02
-8.438442647457122803e-02
-8.441314846277236938e-02
-8.436240255832672119e-02
-8.431155979633331299e-02
-8.433265984058380127e-02
-8.433369547128677368e-02
-8.432230353355407715e-02
-8.435510098934173584e-02
-8.424022048711776733e-02
-8.437470346689224243e-02
-8.429900556802749634e-02
-8.440916985273361206e-02
-8.435772359371185303e-02
-8.438178896903991699e-02
-8.435065299272537231e-02
-8.440615236759185791e-02
-8.435222506523132324e-02
-8.434696495532989502e-02
-8.439718186855316162e-02
-8.434133976697921753e-02
-8.434941619634628296e-02
-8.446157723665237427e-02
-8.443392068147659302e-02
-8.435826748609542847e-02
-8.434809744358062744e-02
-8.430464565753936768e-02
-8.441431820392608643e-02
-8.438750356435775757e-02
-8.434791862964630127e-02
-8.437845110893249512e-02
-8.434566855430603027e-02
-8.434335142374038696e-02
-8.432889729738235474e-02
-8.425972610712051392e-02
-8.438920229673385620e-02
-8.437144011259078979e-02
-8.440308272838592529e-02
-8.438739180564880371e-02
-8.443441241979598999e-02
-8.436412364244461060e-02
-8.439666777849197388e-02
-8.437177538871765137e-02
-8.434297889471054077e-02
-8.438970893621444702e-02
-8.439856022596359253e-02
-8.435045927762985229e-02
-8.433522284030914307e-02
-8.437873423099517822e-02
-8.434811979532241821e-02
-8.435326069593429565e-02
-8.437392860651016235e-02
-8.436527103185653687e-02
-8.427340537309646606e-02
-8.438422530889511108e-02
-8.438284695148468018e-02
-8.446116745471954346e-02
-8.440781384706497192e-02
-8.429274708032608032e-02
-8.438988029956817627e-02
-8.437606692314147949e-02
-8.425536006689071655e-02
-8.434449136257171631e-02
-8.434119075536727905e-02
-8.433689922094345093e-02
-8.431110531091690063e-02
-8.435197919607162476e-02
-8.436288684606552124e-02
-8.434377610683441162e-02
-8.440060913562774658e-02
-8.435385674238204956e-02
-8.440018445253372192e-02
-8.425433933734893799e-02
-8.432897925376892090e-02
-8.433883637189865112e-02
-8.439788967370986938e-02
-8.436564356088638306e-02
-8.430213481187820435e-02
-8.432450890541076660e-02
-8.432361483573913574e-02
-8.434460312128067017e-02
-8.436539769172668457e-02
-8.429906517267227173e-02
-8.440338075160980225e-02
-8.435055613517761230e-02
-8.432700484991073608e-02
-8.433412015438079834e-02
-8.429440855979919434e-02
-8.439342677593231201e-02
-8.437346667051315308e-02
-8.429436385631561279e-02
-8.430100977420806885e-02
-8.431608974933624268e-02
-8.432582765817642212e-02
-8.442638069391250610e-02
-8.435960114002227783e-02
-8.432317525148391724e-02
-8.432260900735855103e-02
-8.440767228603363037e-02
-8.434364944696426392e-02
-8.431121706962585449e-02
-8.440692722797393799e-02
-8.435586094856262207e-02
-8.436329662799835205e-02
-8.437612652778625488e-02
-8.441802859306335449e-02
-8.434752374887466431e-02
-8.436045050621032715e-02
-8.431799709796905518e-02
-8.442118018865585327e-02
-8.435554057359695435e-02
-8.440688997507095337e-02
-8.442766219377517700e-02
-8.433404564857482910e-02
-8.434157818555831909e-02
-8.436713367700576782e-02
-8.432300388813018799e-02
-8.438456803560256958e-02
-8.443050086498260498e-02
-8.431802690029144287e-02
-8.434048295021057129e-02
-8.437388390302658081e-02
-8.440729975700378418e-02
-8.441057801246643066e-02
-8.433239161968231201e-02
-8.442298322916030884e-02
-8.437673747539520264e-02
-8.430450409650802612e-02
-8.433566242456436157e-02
-8.430422097444534302e-02
-8.428419381380081177e-02
-8.434881269931793213e-02
-8.435716480016708374e-02
-8.437773585319519043e-02
-8.431521058082580566e-02
-8.434278517961502075e-02
-8.431681245565414429e-02
-8.428611606359481812e-02
-8.438836038112640381e-02
-8.433415740728378296e-02
-8.434417098760604858e-02
-8.432231843471527100e-02
-8.428058028221130371e-02
-8.432846516370773315e-02
-8.435562998056411743e-02
-8.428166806697845459e-02
-8.435387164354324341e-02
-8.424683660268783569e-02
-8.425761014223098755e-02
-8.420003205537796021e-02
-8.428146690130233765e-02
-8.427680283784866333e-02
-8.423396944999694824e-02
-8.430176228284835815e-02
-8.433052897453308105e-02
-8.431157469749450684e-02
-8.427248895168304443e-02
-8.422475308179855347e-02
-8.424735814332962036e-02
-8.437220007181167603e-02
-8.434590697288513184e-02
-8.431646972894668579e-02
-8.429072797298431396e-02
-8.429904282093048096e-02
-8.424977958202362061e-02
-8.432011306285858154e-02
-8.427354693412780762e-02
-8.431287109851837158e-02
-8.428318798542022705e-02
-8.425188809633255005e-02
-8.427916467189788818e-02
-8.431202918291091919e-02
-8.430863171815872192e-02
-8.434227854013442993e-02
-8.429679274559020996e-02
-8.428385108709335327e-02
-8.438931405544281006e-02
-8.428873121738433838e-02
-8.430684357881546021e-02
-8.429955691099166870e-02
-8.431913703680038452e-02
-8.429647237062454224e-02
-8.428543061017990112e-02
-8.425672352313995361e-02
-8.431088179349899292e-02
-8.437161892652511597e-02
-8.428443223237991333e-02
-8.429083973169326782e-02
-8.435054123401641846e-02
-8.437369763851165771e-02
-8.434815704822540283e-02
-8.436658233404159546e-02
-8.436825871467590332e-02
-8.435781300067901611e-02
-8.428587764501571655e-02
-8.434429019689559937e-02
-8.434610813856124878e-02
-8.426484465599060059e-02
-8.425799757242202759e-02
-8.425918221473693848e-02
-8.425135165452957153e-02
-8.428312093019485474e-02
-8.431698381900787354e-02
-8.429834991693496704e-02
-8.436575531959533691e-02
-8.432224392890930176e-02
-8.430026471614837646e-02
-8.422050625085830688e-02
-8.426132053136825562e-02
-8.434633165597915649e-02
-8.433865755796432495e-02
-8.436681330204010010e-02
-8.429607748985290527e-02
-8.430621773004531860e-02
-8.435611426830291748e-02
-8.431614935398101807e-02
-8.442340046167373657e-02
-8.430289477109909058e-02
-8.435995876789093018e-02
-8.434709906578063965e-02
-8.432019501924514771e-02
-8.436065167188644409e-02
-8.432466536760330200e-02
-8.430398255586624146e-02
-8.427361398935317993e-02
-8.426751196384429932e-02
-8.435533195734024048e-02
-8.436401188373565674e-02
-8.428183197975158691e-02
-8.435290306806564331e-02
-8.429627865552902222e-02
-8.435557782649993896e-02
-8.428101986646652222e-02
-8.435967564582824707e-02
-8.437325060367584229e-02
-8.438935875892639160e-02
-8.439548313617706299e-02
-8.436331152915954590e-02
-8.436666429042816162e-02
-8.435883373022079468e-02
-8.439359813928604126e-02
-8.431962132453918457e-02
-8.430335670709609985e-02
-8.434386551380157471e-02
-8.435435593128204346e-02
-8.430052548646926880e-02
-8.429040759801864624e-02
-8.435007929801940918e-02
-8.435742557048797607e-02
-8.436980098485946655e-02
-8.430084586143493652e-02
-8.429730683565139771e-02
-8.439023047685623169e-02
-8.434674143791198730e-02
-8.426071703433990479e-02
-8.437563478946685791e-02
-8.423940092325210571e-02
-8.440615981817245483e-02
-8.433423191308975220e-02
-8.433051407337188721e-02
-8.436118066310882568e-02
-8.437012135982513428e-02
-8.435142785310745239e-02
-8.435313403606414795e-02
-8.432431519031524658e-02
-8.434834331274032593e-02
-8.438985049724578857e-02
-8.437588065862655640e-02
-8.436227589845657349e-02
-8.433039486408233643e-02
-8.431871235370635986e-02
-8.437167108058929443e-02
-8.432058244943618774e-02
-8.439541608095169067e-02
-8.437629789113998413e-02
-8.439257740974426270e-02
-8.434038609266281128e-02
-8.432727307081222534e-02
-8.439026027917861938e-02
-8.435537666082382202e-02
-8.436772227287292480e-02
-8.435623347759246826e-02
-8.427046239376068115e-02
-8.440201729536056519e-02
-8.433900773525238037e-02
-8.433605730533599854e-02
-8.435388654470443726e-02
-8.434267342090606689e-02
-8.432660251855850220e-02
-8.432456851005554199e-02
-8.435399085283279419e-02
-8.437231928110122681e-02
-8.436443656682968140e-02
-8.435557037591934204e-02
-8.437854796648025513e-02
-8.432989567518234253e-02
-8.440563827753067017e-02
-8.437079936265945435e-02
-8.437070250511169434e-02
-8.431690186262130737e-02
-8.436345309019088745e-02
-8.438589423894882202e-02
-8.432726562023162842e-02
-8.432187139987945557e-02
-8.432243764400482178e-02
-8.431833237409591675e-02
-8.434685319662094116e-02
-8.442068845033645630e-02
-8.439225703477859497e-02
-8.439625054597854614e-02
-8.437035977840423584e-02
-8.438900858163833618e-02
-8.433829247951507568e-02
-8.436147123575210571e-02
-8.429236710071563721e-02
-8.436372131109237671e-02
-8.439099043607711792e-02
-8.432597666978836060e-02
-8.438383042812347412e-02
-8.437300473451614380e-02
-8.432565629482269287e-02
-8.440051972866058350e-02
-8.440437167882919312e-02
-8.435939252376556396e-02
-8.432613313198089600e-02
-8.429321646690368652e-02
-8.435326069593429565e-02
-8.434668183326721191e-02
-8.436768501996994019e-02
-8.441893011331558228e-02
-8.439617604017257690e-02
-8.434823900461196899e-02
-8.432392030954360962e-02
-8.437462151050567627e-02
-8.433044701814651489e-02
-8.430369198322296143e-02
-8.438148349523544312e-02
-8.433555811643600464e-02
-8.436361700296401978e-02
-8.437173813581466675e-02
-8.439670503139495850e-02
-8.432273566722869873e-02
-8.437357842922210693e-02
-8.439883589744567871e-02
-8.437450230121612549e-02
-8.434236794710159302e-02
-8.433187752962112427e-02
-8.433342725038528442e-02
-8.433543145656585693e-02
-8.441157639026641846e-02
-8.440233021974563599e-02
-8.435889333486557007e-02
-8.429237455129623413e-02
-8.435607701539993286e-02
-8.437903225421905518e-02
-8.434565365314483643e-02
-8.436082303524017334e-02
-8.434999734163284302e-02
-8.435496687889099121e-02
-8.433850109577178955e-02
-8.439098298549652100e-02
-8.441065251827239990e-02
-8.433447778224945068e-02
-8.443396538496017456e-02
-8.441957831382751465e-02
-8.435019850730895996e-02
-8.433254808187484741e-02
-8.436129987239837646e-02
-8.430261164903640747e-02
-8.432857692241668701e-02
-8.434919267892837524e-02
-8.447947353124618530e-02
-8.436767011880874634e-02
-8.434578776359558105e-02
-8.432308584451675415e-02
-8.437136560678482056e-02
-8.436398953199386597e-02
-8.435905724763870239e-02
-8.439549803733825684e-02
-8.436425775289535522e-02
-8.440776169300079346e-02
-8.438714593648910522e-02
-8.442993462085723877e-02
-8.434437960386276245e-02
-8.432273566722869873e-02
-8.434214442968368530e-02
-8.437344431877136230e-02
-8.440718054771423340e-02
-8.442029356956481934e-02
-8.439970761537551880e-02
-8.438696712255477905e-02
-8.440004289150238037e-02
-8.441786468029022217e-02
-8.435960114002227783e-02
-8.428953588008880615e-02
-8.438806235790252686e-02
-8.437480777502059937e-02
-8.436112105846405029e-02
-8.438802510499954224e-02
-8.440078049898147583e-02
-8.435251563787460327e-02
-8.437035977840423584e-02
-8.439609408378601074e-02
-8.436378836631774902e-02
-8.435406535863876343e-02
-8.439432084560394287e-02
-8.435760438442230225e-02
-8.432907611131668091e-02
-8.428324013948440552e-02
-8.439108729362487793e-02
-8.437532931566238403e-02
-8.439947664737701416e-02
-8.436983078718185425e-02
-8.438692986965179443e-02
-8.436939120292663574e-02
-8.439222723245620728e-02
-8.437892049551010132e-02
-8.433279395103454590e-02
-8.440589159727096558e-02
-8.434863388538360596e-02
-8.440519124269485474e-02
-8.435814827680587769e-02
-8.433654159307479858e-02
-8.430936187505722046e-02
-8.441188186407089233e-02
-8.439449965953826904e-02
-8.434989303350448608e-02
-8.438915759325027466e-02
-8.435978740453720093e-02
-8.435369282960891724e-02
-8.440384268760681152e-02
-8.438749611377716064e-02
-8.440390974283218384e-02
-8.436062186956405640e-02
-8.434626460075378418e-02
-8.440927416086196899e-02
-8.438540250062942505e-02
-8.437565714120864868e-02
-8.441021293401718140e-02
-8.436440676450729370e-02
-8.431182056665420532e-02
-8.436626940965652466e-02
-8.440745621919631958e-02
-8.435796946287155151e-02
-8.440696448087692261e-02
-8.442493528127670288e-02
-8.443296700716018677e-02
-8.434173464775085449e-02
-8.437985926866531372e-02
-8.433892577886581421e-02
-8.437921851873397827e-02
-8.436942845582962036e-02
-8.433248847723007202e-02
-8.436427265405654907e-02
-8.443500846624374390e-02
-8.433143049478530884e-02
-8.438114076852798462e-02
-8.437117934226989746e-02
-8.436997234821319580e-02
-8.438023179769515991e-02
-8.442176133394241333e-02
-8.438132703304290771e-02
-8.432564139366149902e-02
-8.437366038560867310e-02
-8.434452861547470093e-02
-8.434403687715530396e-02
-8.441225439310073853e-02
-8.433537930250167847e-02
-8.442063629627227783e-02
-8.434506505727767944e-02
-8.438362926244735718e-02
-8.435915410518646240e-02
-8.432480692863464355e-02
-8.434493839740753174e-02
-8.429586142301559448e-02
-8.433537930250167847e-02
-8.433751761913299561e-02
-8.438970893621444702e-02
-8.439359813928604126e-02
-8.441491425037384033e-02
-8.442737162113189697e-02
-8.438479155302047729e-02
-8.431385457515716553e-02
-8.432669937610626221e-02
-8.436337858438491821e-02
-8.439359068870544434e-02
-8.441141992807388306e-02
-8.440117537975311279e-02
-8.439958840608596802e-02
-8.440539985895156860e-02
-8.434805274009704590e-02
-8.443291485309600830e-02
-8.436819165945053101e-02
-8.434634655714035034e-02
-8.434443175792694092e-02
-8.437991887331008911e-02
-8.442512154579162598e-02
-8.437650650739669800e-02
-8.432940393686294556e-02
-8.439780026674270630e-02
-8.438738435506820679e-02
-8.434549719095230103e-02
-8.438679575920104980e-02
-8.435183018445968628e-02
-8.435907214879989624e-02
-8.435667306184768677e-02
-8.438228070735931396e-02
-8.437202870845794678e-02
-8.441407978534698486e-02
-8.435820043087005615e-02
-8.434057980775833130e-02
-8.436421304941177368e-02
-8.441540598869323730e-02
-8.441814780235290527e-02
-8.445071429014205933e-02
-8.434895426034927368e-02
-8.438678085803985596e-02
-8.433960378170013428e-02
-8.438412100076675415e-02
-8.427742868661880493e-02
-8.437342941761016846e-02
-8.443251997232437134e-02
-8.434107154607772827e-02
-8.438850939273834229e-02
-8.436045050621032715e-02
-8.439801633358001709e-02
-8.439134061336517334e-02
-8.442441374063491821e-02
-8.432383835315704346e-02
-8.435090631246566772e-02
-8.441929519176483154e-02
-8.447549492120742798e-02
-8.432610332965850830e-02
-8.439119905233383179e-02
-8.438747376203536987e-02
-8.445402234792709351e-02
-8.436249196529388428e-02
-8.437555283308029175e-02
-8.438353985548019409e-02
-8.443512022495269775e-02
-8.440633118152618408e-02
-8.435635268688201904e-02
-8.438719063997268677e-02
-8.436772227287292480e-02
-8.442001044750213623e-02
-8.436840027570724487e-02
-8.437932282686233521e-02
-8.439970761537551880e-02
-8.443536609411239624e-02
-8.441094309091567993e-02
-8.442530781030654907e-02
-8.435208350419998169e-02
-8.435520529747009277e-02
-8.430965244770050049e-02
-8.442964404821395874e-02
-8.434646576642990112e-02
-8.439125120639801025e-02
-8.439651131629943848e-02
-8.437725901603698730e-02
-8.438836038112640381e-02
-8.436623960733413696e-02
-8.433982729911804199e-02
-8.435385674238204956e-02
-8.435401320457458496e-02
-8.433104306459426880e-02
-8.441065251827239990e-02
-8.439405262470245361e-02
-8.433585613965988159e-02
-8.438055962324142456e-02
-8.442641049623489380e-02
-8.440690487623214722e-02
-8.436772972345352173e-02
-8.434679359197616577e-02
-8.437681943178176880e-02
-8.442094177007675171e-02
-8.441144973039627075e-02
-8.437251299619674683e-02
-8.433108776807785034e-02
-8.437373489141464233e-02
-8.434657007455825806e-02
-8.437854796648025513e-02
-8.438155055046081543e-02
-8.433154970407485962e-02
-8.439965546131134033e-02
-8.443001657724380493e-02
-8.439699560403823853e-02
-8.432027697563171387e-02
-8.434083312749862671e-02
-8.410038053989410400e-02
-8.434421569108963013e-02
-8.444636315107345581e-02
-8.442096412181854248e-02
-8.441047370433807373e-02
-8.440908044576644897e-02
-8.436953276395797729e-02
-8.440757542848587036e-02
-8.439580351114273071e-02
-8.440557867288589478e-02
-8.437515050172805786e-02
-8.432015031576156616e-02
-8.437974750995635986e-02
-8.441159129142761230e-02
-8.442670851945877075e-02
-8.445879817008972168e-02
-8.432379364967346191e-02
-8.434856683015823364e-02
-8.442028611898422241e-02
-8.438234776258468628e-02
-8.436327427625656128e-02
-8.430359512567520142e-02
-8.435316383838653564e-02
-8.443398773670196533e-02
-8.433625102043151855e-02
-8.441234380006790161e-02
-8.438840508460998535e-02
-8.438643068075180054e-02
-8.441641926765441895e-02
-8.444867283105850220e-02
-8.434398472309112549e-02
-8.445124328136444092e-02
-8.435307443141937256e-02
-8.433512598276138306e-02
-8.438190817832946777e-02
-8.434410393238067627e-02
-8.433318883180618286e-02
-8.438059687614440918e-02
-8.430936187505722046e-02
-8.430621027946472168e-02
-8.446206897497177124e-02
-8.439639210700988770e-02
-8.435551077127456665e-02
-8.435261994600296021e-02
-8.439432084560394287e-02
-8.432348072528839111e-02
-8.431302011013031006e-02
-8.437658101320266724e-02
-8.437724411487579346e-02
-8.438155055046081543e-02
-8.434229344129562378e-02
-8.444528281688690186e-02
-8.444558084011077881e-02
-8.440144360065460205e-02
-8.431263267993927002e-02
-8.422027528285980225e-02
-8.439580351114273071e-02
-8.435621112585067749e-02
-8.437649905681610107e-02
-8.435537666082382202e-02
-8.444488793611526489e-02
-8.439978957176208496e-02
-8.438640087842941284e-02
-8.437695354223251343e-02
-8.438888937234878540e-02
-8.435165137052536011e-02
-8.437817543745040894e-02
-8.437467366456985474e-02
-8.439653366804122925e-02
-8.434866368770599365e-02
-8.436467498540878296e-02
-8.432406932115554810e-02
-8.438907563686370850e-02
-8.447404950857162476e-02
-8.440050482749938965e-02
-8.432838320732116699e-02
-8.436980843544006348e-02
-8.435825258493423462e-02
-8.438005298376083374e-02
-8.439771085977554321e-02
-8.433005958795547485e-02
-8.436325937509536743e-02
-8.437772840261459351e-02
-8.426246047019958496e-02
-8.438395708799362183e-02
-8.441405743360519409e-02
-8.437817543745040894e-02
-8.429597318172454834e-02
-8.443154394626617432e-02
-8.434902131557464600e-02
-8.435615897178649902e-02
-8.437654376029968262e-02
-8.431135118007659912e-02
-8.431876450777053833e-02
-8.437310159206390381e-02
-8.440919220447540283e-02
-8.427903056144714355e-02
-8.439484238624572754e-02
-8.436036854982376099e-02
-8.439682424068450928e-02
-8.433626592159271240e-02
-8.439160138368606567e-02
-8.437252789735794067e-02
-8.433632552623748779e-02
-8.430641144514083862e-02
-8.435731381177902222e-02
-8.438529819250106812e-02
-8.441063016653060913e-02
-8.437447249889373779e-02
-8.438129723072052002e-02
-8.437274396419525146e-02
-8.435747772455215454e-02
-8.446174114942550659e-02
-8.441926538944244385e-02
-8.443620800971984863e-02
-8.444008231163024902e-02
-8.449462801218032837e-02
-8.438145369291305542e-02
-8.446671068668365479e-02
-8.434207737445831299e-02
-8.431573212146759033e-02
-8.435145765542984009e-02
-8.444934338331222534e-02
-8.438892662525177002e-02
-8.440516889095306396e-02
-8.436476439237594604e-02
-8.442350476980209351e-02
-8.438865840435028076e-02
-8.441153913736343384e-02
-8.435510843992233276e-02
-8.436688035726547241e-02
-8.434529602527618408e-02
-8.432092517614364624e-02
-8.432672917842864990e-02
-8.439042419195175171e-02
-8.438161760568618774e-02
-8.434712141752243042e-02
-8.438081294298171997e-02
-8.437078446149826050e-02
-8.433613181114196777e-02
-8.439328521490097046e-02
-8.439698070287704468e-02
-8.437993377447128296e-02
-8.438005298376083374e-02
-8.437915891408920288e-02
-8.443596214056015015e-02
-8.434971421957015991e-02
-8.438984304666519165e-02
-8.440683782100677490e-02
-8.434696495532989502e-02
-8.440135419368743896e-02
-8.440585434436798096e-02
-8.435926586389541626e-02
-8.437941223382949829e-02
-8.438842743635177612e-02
-8.450123667716979980e-02
-8.447979390621185303e-02
-8.435793220996856689e-02
-8.436283469200134277e-02
-8.443859964609146118e-02
-8.442910760641098022e-02
-8.442585915327072144e-02
-8.437301218509674072e-02
-8.433604985475540161e-02
-8.440675586462020874e-02
-8.438394963741302490e-02
-8.439297974109649658e-02
-8.440844714641571045e-02
-8.439569920301437378e-02
-8.439595997333526611e-02
-8.435378968715667725e-02
-8.438961952924728394e-02
-8.438705652952194214e-02
-8.435871452093124390e-02
-8.448754251003265381e-02
-8.441882580518722534e-02
-8.445232361555099487e-02
-8.441168814897537231e-02
-8.441220968961715698e-02
-8.432184159755706787e-02
-8.438172191381454468e-02
-8.443847298622131348e-02
-8.435772359371185303e-02
-8.440001308917999268e-02
-8.439545333385467529e-02
-8.436997234821319580e-02
-8.434765785932540894e-02
-8.441893011331558228e-02
-8.429196476936340332e-02
-8.438109606504440308e-02
-8.440783619880676270e-02
-8.437255769968032837e-02
-8.434171974658966064e-02
-8.441875874996185303e-02
-8.435113728046417236e-02
-8.439628034830093384e-02
-8.436609804630279541e-02
-8.433616906404495239e-02
-8.435186743736267090e-02
-8.436434715986251831e-02
-8.441502600908279419e-02
-8.437672257423400879e-02
-8.437128365039825439e-02
-8.439604192972183228e-02
-8.439176529645919800e-02
-8.445445448160171509e-02
-8.441481739282608032e-02
-8.438544720411300659e-02
-8.438797295093536377e-02
-8.442135155200958252e-02
-8.440081030130386353e-02
-8.436448872089385986e-02
-8.442630618810653687e-02
-8.438996225595474243e-02
-8.439019322395324707e-02
-8.438580483198165894e-02
-8.431275188922882080e-02
-8.435949683189392090e-02
-8.438478410243988037e-02
-8.440373092889785767e-02
-8.439093083143234253e-02
-8.443146198987960815e-02
-8.448439091444015503e-02
-8.441780507564544678e-02
-8.438967168331146240e-02
-8.439538627862930298e-02
-8.437504619359970093e-02
-8.436295390129089355e-02
-8.441302180290222168e-02
-8.440627902746200562e-02
-8.441922068595886230e-02
-8.439704030752182007e-02
-8.442814648151397705e-02
-8.437208086252212524e-02
-8.435270190238952637e-02
-8.438102900981903076e-02
-8.438417315483093262e-02
-8.438541740179061890e-02
-8.443567156791687012e-02
-8.436162769794464111e-02
-8.440687507390975952e-02
-8.438172191381454468e-02
-8.440665155649185181e-02
-8.437076956033706665e-02
-8.436443656682968140e-02
-8.436937630176544189e-02
-8.432684093713760376e-02
-8.440301567316055298e-02
-8.443883061408996582e-02
-8.427356183528900146e-02
-8.446659147739410400e-02
-8.449122309684753418e-02
-8.441080898046493530e-02
-8.432741463184356689e-02
-8.435551822185516357e-02
-8.439036458730697632e-02
-8.443246781826019287e-02
-8.437356352806091309e-02
-8.435024321079254150e-02
-8.437899500131607056e-02
-8.440462499856948853e-02
-8.441320806741714478e-02
-8.437173813581466675e-02
-8.437971025705337524e-02
-8.435603976249694824e-02
-8.439337462186813354e-02
-8.440096676349639893e-02
-8.434428274631500244e-02
-8.430210500955581665e-02
-8.438911288976669312e-02
-8.434047549962997437e-02
-8.436181396245956421e-02
-8.436656743288040161e-02
-8.438759297132492065e-02
-8.437153697013854980e-02
-8.438458293676376343e-02
-8.445627987384796143e-02
-8.439538627862930298e-02
-8.433306962251663208e-02
-8.437565714120864868e-02
-8.448121696710586548e-02
-8.438125997781753540e-02
-8.437906205654144287e-02
-8.440401405096054077e-02
-8.443184196949005127e-02
-8.440104126930236816e-02
-8.439119160175323486e-02
-8.436622470617294312e-02
-8.436726033687591553e-02
-8.436982333660125732e-02
-8.438524603843688965e-02
-8.440700173377990723e-02
-8.441612124443054199e-02
-8.440916240215301514e-02
-8.440118283033370972e-02
-8.432348817586898804e-02
-8.438669145107269287e-02
-8.443359285593032837e-02
-8.435549587011337280e-02
-8.435802161693572998e-02
-8.435843884944915771e-02
-8.441571891307830811e-02
-8.439198881387710571e-02
-8.441151678562164307e-02
-8.442880213260650635e-02
-8.437533676624298096e-02
-8.440757542848587036e-02
-8.448613435029983521e-02
-8.438423275947570801e-02
-8.439699560403823853e-02
-8.437081426382064819e-02
-8.443314582109451294e-02
-8.437989652156829834e-02
-8.441964536905288696e-02
-8.439323306083679199e-02
-8.434785157442092896e-02
-8.439914137125015259e-02
-8.432652801275253296e-02
-8.436222374439239502e-02
-8.441755175590515137e-02
-8.442532271146774292e-02
-8.438008278608322144e-02
-8.435810357332229614e-02
-8.437340706586837769e-02
-8.430892974138259888e-02
-8.444309979677200317e-02
-8.436153084039688110e-02
-8.440910279750823975e-02
-8.438371121883392334e-02
-8.440242707729339600e-02
-8.443783223628997803e-02
-8.438327163457870483e-02
-8.438330143690109253e-02
-8.441392332315444946e-02
-8.439060300588607788e-02
-8.434627950191497803e-02
-8.437343686819076538e-02
-8.435121178627014160e-02
-8.440130203962326050e-02
-8.435731381177902222e-02
-8.437769860029220581e-02
-8.444516360759735107e-02
-8.441542088985443115e-02
-8.441670238971710205e-02
-8.440547436475753784e-02
-8.438844233751296997e-02
-8.440823853015899658e-02
-8.441350609064102173e-02
-8.441898226737976074e-02
-8.445553481578826904e-02
-8.436254411935806274e-02
-8.439622819423675537e-02
-8.439441025257110596e-02
-8.437158167362213135e-02
-8.446169644594192505e-02
-8.438924700021743774e-02
-8.444861322641372681e-02
-8.444989472627639771e-02
-8.448562026023864746e-02
-8.441706746816635132e-02
-8.444198966026306152e-02
-8.444420248270034790e-02
-8.442743122577667236e-02
-8.442934602499008179e-02
-8.443586528301239014e-02
-8.437648415565490723e-02
-8.438639342784881592e-02
-8.439610153436660767e-02
-8.440348505973815918e-02
-8.438776433467864990e-02
-8.443304896354675293e-02
-8.445910364389419556e-02
-8.443475514650344849e-02
-8.445392549037933350e-02
-8.436426520347595215e-02
-8.438225835561752319e-02
-8.441631495952606201e-02
-8.441321551799774170e-02
-8.437267690896987915e-02
-8.435674011707305908e-02
-8.436463773250579834e-02
-8.436606824398040771e-02
-8.436808735132217407e-02
-8.443395793437957764e-02
-8.445174992084503174e-02
-8.434931188821792603e-02
-8.438333868980407715e-02
-8.434981852769851685e-02
-8.440800011157989502e-02
-8.440187573432922363e-02
-8.437835425138473511e-02
-8.436199277639389038e-02
-8.433338254690170288e-02
-8.441035449504852295e-02
-8.435584604740142822e-02
-8.440794795751571655e-02
-8.443181961774826050e-02
-8.438512682914733887e-02
-8.438134938478469849e-02
-8.440969884395599365e-02
-8.439416438341140747e-02
-8.442101627588272095e-02
-8.432182669639587402e-02
-8.434323221445083618e-02
-8.437540382146835327e-02
-8.440656960010528564e-02
-8.437662571668624878e-02
-8.438418060541152954e-02
-8.437101542949676514e-02
-8.435030281543731689e-02
-8.437304943799972534e-02
-8.443059772253036499e-02
-8.444479107856750488e-02
-8.442102372646331787e-02
-8.435264229774475098e-02
-8.441214263439178467e-02
-8.431608229875564575e-02
-8.436753600835800171e-02
-8.428706228733062744e-02
-8.441262692213058472e-02
-8.437229692935943604e-02
-8.450503647327423096e-02
-8.444973826408386230e-02
-8.436668664216995239e-02
-8.441324532032012939e-02
-8.444774895906448364e-02
-8.444120734930038452e-02
-8.437700569629669189e-02
-8.439540117979049683e-02
-8.443121612071990967e-02
-8.430781960487365723e-02
-8.443079888820648193e-02
-8.439611643552780151e-02
-8.443533629179000854e-02
-8.437684178352355957e-02
-8.440367877483367920e-02
-8.446845412254333496e-02
-8.438363671302795410e-02
-8.443839102983474731e-02
-8.443970978260040283e-02
-8.439349383115768433e-02
-8.435004204511642456e-02
-8.440937846899032593e-02
-8.438195288181304932e-02
-8.450101315975189209e-02
-8.441977947950363159e-02
-8.445111662149429321e-02
-8.434662967920303345e-02
-8.443643897771835327e-02
-8.437501639127731323e-02
-8.439890295267105103e-02
-8.441711962223052979e-02
-8.437286317348480225e-02
-8.441333472728729248e-02
-8.443698287010192871e-02
-8.443950116634368896e-02
-8.442305028438568115e-02
-8.437707275152206421e-02
-8.434215933084487915e-02
-8.445740491151809692e-02
-8.439437299966812134e-02
-8.439912647008895874e-02
-8.435498923063278198e-02
-8.439667522907257080e-02
-8.439470082521438599e-02
-8.439697325229644775e-02
-8.444669842720031738e-02
-8.446136862039566040e-02
-8.432166278362274170e-02
-8.446302264928817749e-02
-8.437207341194152832e-02
-8.439661562442779541e-02
-8.439043909311294556e-02
-8.438929915428161621e-02
-8.438735455274581909e-02
-8.448677510023117065e-02
-8.430386334657669067e-02
-8.441482484340667725e-02
-8.438989520072937012e-02
-8.439139276742935181e-02
-8.438514173030853271e-02
-8.442061394453048706e-02
-8.443187177181243896e-02
-8.439835906028747559e-02
-8.437989652156829834e-02
-8.434759825468063354e-02
-8.435617387294769287e-02
-8.435283601284027100e-02
-8.442915230989456177e-02
-8.440051972866058350e-02
-8.440889418125152588e-02
-8.436275273561477661e-02
-8.437274396419525146e-02
-8.441191166639328003e-02
-8.443889766931533813e-02
-8.439674228429794312e-02
-8.438542485237121582e-02
-8.442226797342300415e-02
-8.438657969236373901e-02
-8.438505232334136963e-02
-8.440656960010528564e-02
-8.446598798036575317e-02
-8.438100665807723999e-02
-8.438020199537277222e-02
-8.435353636741638184e-02
-8.440605551004409790e-02
-8.435063809156417847e-02
-8.438836038112640381e-02
-8.442180603742599487e-02
-8.437407761812210083e-02
-8.437936753034591675e-02
-8.443912863731384277e-02
-8.442669361829757690e-02
-8.437998592853546143e-02
-8.443241566419601440e-02
-8.449991047382354736e-02
-8.436956256628036499e-02
-8.442953974008560181e-02
-8.436281979084014893e-02
-8.446322381496429443e-02
-8.443041890859603882e-02
-8.439361304044723511e-02
-8.436753600835800171e-02
-8.439149707555770874e-02
-8.443755656480789185e-02
-8.440145850181579590e-02
-8.446918427944183350e-02
-8.439471572637557983e-02
-8.440688997507095337e-02
-8.438304811716079712e-02
-8.434350788593292236e-02
-8.439860492944717407e-02
-8.446881175041198730e-02
-8.438322693109512329e-02
-8.436063677072525024e-02
-8.443068712949752808e-02
-8.441217243671417236e-02
-8.442138880491256714e-02
-8.440757542848587036e-02
-8.448975533246994019e-02
-8.434711396694183350e-02
-8.438619971275329590e-02
-8.435936272144317627e-02
-8.438101410865783691e-02
-8.433638513088226318e-02
-8.440014719963073730e-02
-8.442664891481399536e-02
-8.446944504976272583e-02
-8.446923643350601196e-02
-8.439631015062332153e-02
-8.444324880838394165e-02
-8.444049209356307983e-02
-8.438303321599960327e-02
-8.443231880664825439e-02
-8.436741679906845093e-02
-8.443997800350189209e-02
-8.435390889644622803e-02
-8.441075682640075684e-02
-8.439064770936965942e-02
-8.442548662424087524e-02
-8.443428575992584229e-02
-8.440951257944107056e-02
-8.444674313068389893e-02
-8.442772924900054932e-02
-8.440830558538436890e-02
-8.444521576166152954e-02
-8.434846997261047363e-02
-8.445027470588684082e-02
-8.437357842922210693e-02
-8.436295390129089355e-02
-8.440222591161727905e-02
-8.428499102592468262e-02
-8.439549803733825684e-02
-8.439569175243377686e-02
-8.438599854707717896e-02
-8.437855541706085205e-02
-8.440157771110534668e-02
-8.440075814723968506e-02
-8.440519124269485474e-02
-8.433275669813156128e-02
-8.432415872812271118e-02
-8.441393822431564331e-02
-8.440254628658294678e-02
-8.445299416780471802e-02
-8.439239859580993652e-02
-8.441083878278732300e-02
-8.442810922861099243e-02
-8.447034657001495361e-02
-8.435140550136566162e-02
-8.448732644319534302e-02
-8.437214791774749756e-02
-8.441661298274993896e-02
-8.439727872610092163e-02
-8.428183943033218384e-02
-8.436116576194763184e-02
-8.434155583381652832e-02
-8.441230654716491699e-02
-8.434744179248809814e-02
-8.441813290119171143e-02
-8.437912911176681519e-02
-8.442135155200958252e-02
-8.443429321050643921e-02
-8.448947221040725708e-02
-8.435904234647750854e-02
-8.435223996639251709e-02
-8.443800359964370728e-02
-8.438263088464736938e-02
-8.442755043506622314e-02
-8.438142389059066772e-02
-8.436813950538635254e-02
-8.445789664983749390e-02
-8.444507420063018799e-02
-8.440278470516204834e-02
-8.438923209905624390e-02
-8.439256995916366577e-02
-8.436096459627151489e-02
-8.441839367151260376e-02
-8.431915938854217529e-02
-8.440902829170227051e-02
-8.440445363521575928e-02
-8.434958755970001221e-02
-8.442562073469161987e-02
-8.440502732992172241e-02
-8.442700654268264771e-02
-8.440016955137252808e-02
-8.443338423967361450e-02
-8.440341800451278687e-02
-8.440467715263366699e-02
-8.437762409448623657e-02
-8.442311733961105347e-02
-8.442550152540206909e-02
-8.436991274356842041e-02
-8.443664014339447021e-02
-8.438240736722946167e-02
-8.441655337810516357e-02
-8.437032997608184814e-02
-8.443048596382141113e-02
-8.441331237554550171e-02
-8.431681990623474121e-02
-8.441030234098434448e-02
-8.434380590915679932e-02
-8.437226712703704834e-02
-8.440593630075454712e-02
-8.443606644868850708e-02
-8.437054604291915894e-02
-8.432148396968841553e-02
-8.438218384981155396e-02
-8.440443873405456543e-02
-8.435776084661483765e-02
-8.444514870643615723e-02
-8.440694212913513184e-02
-8.436666429042816162e-02
-8.439978957176208496e-02
-8.441545069217681885e-02
-8.440909534692764282e-02
-8.430585265159606934e-02
-8.438007533550262451e-02
-8.438123017549514771e-02
-8.433999866247177124e-02
-8.444963395595550537e-02
-8.437934517860412598e-02
-8.444820344448089600e-02
-8.439674228429794312e-02
-8.436138927936553955e-02
-8.436045795679092407e-02
-8.441167324781417847e-02
-8.440487831830978394e-02
-8.443090319633483887e-02
-8.439088612794876099e-02
-8.434261381626129150e-02
-8.437351137399673462e-02
-8.441082388162612915e-02
-8.435997366905212402e-02
-8.436942845582962036e-02
-8.431045711040496826e-02
-8.437295258045196533e-02
-8.443839848041534424e-02
-8.441021293401718140e-02
-8.444298058748245239e-02
-8.435968309640884399e-02
-8.437900990247726440e-02
-8.438129723072052002e-02
-8.438070118427276611e-02
-8.436700701713562012e-02
-8.438742905855178833e-02
-8.442860096693038940e-02
-8.445232361555099487e-02
-8.439090102910995483e-02
-8.439609408378601074e-02
-8.435536921024322510e-02
-8.440686017274856567e-02
-8.446930348873138428e-02
-8.439432829618453979e-02
-8.429829031229019165e-02
-8.440073579549789429e-02
-8.442218601703643799e-02
-8.435738831758499146e-02
-8.439936488866806030e-02
-8.441569656133651733e-02
-8.441800624132156372e-02
-8.440852910280227661e-02
-8.441849797964096069e-02
-8.442468196153640747e-02
-8.434461057186126709e-02
-8.436066657304763794e-02
-8.442112803459167480e-02
-8.443100750446319580e-02
-8.441079407930374146e-02
-8.435118943452835083e-02
-8.437002450227737427e-02
-8.440496772527694702e-02
-8.445251733064651489e-02
-8.445679396390914917e-02
-8.441833406686782837e-02
-8.435554802417755127e-02
-8.436680585145950317e-02
-8.443132787942886353e-02
-8.438844978809356689e-02
-8.436197787523269653e-02
-8.440317958593368530e-02
-8.436061441898345947e-02
-8.439037203788757324e-02
-8.438844978809356689e-02
-8.440221846103668213e-02
-8.435741066932678223e-02
-8.439848572015762329e-02
-8.438657224178314209e-02
-8.440418541431427002e-02
-8.438685536384582520e-02
-8.444209396839141846e-02
-8.440937101840972900e-02
-8.442487567663192749e-02
-8.437075465917587280e-02
-8.438165485858917236e-02
-8.435888588428497314e-02
-8.430428057909011841e-02
-8.436851948499679565e-02
-8.444127440452575684e-02
-8.442593365907669067e-02
-8.442172408103942871e-02
-8.436189591884613037e-02
-8.444178849458694458e-02
-8.440078049898147583e-02
-8.439642935991287231e-02
-8.439605683088302612e-02
-8.443587273359298706e-02
-8.436973392963409424e-02
-8.442118018865585327e-02
-8.439227938652038574e-02
-8.438711613416671753e-02
-8.442395180463790894e-02
-8.438228070735931396e-02
-8.445582538843154907e-02
-8.439092338085174561e-02
-8.443923294544219971e-02
-8.436618745326995850e-02
-8.430439978837966919e-02
-8.445759117603302002e-02
-8.438246697187423706e-02
-8.444539457559585571e-02
-8.444689214229583740e-02
-8.440370112657546997e-02
-8.434356749057769775e-02
-8.445427566766738892e-02
-8.439405262470245361e-02
-8.439287543296813965e-02
-8.435033261775970459e-02
-8.448246866464614868e-02
-8.440519124269485474e-02
-8.436520397663116455e-02
-8.442464470863342285e-02
-8.445286005735397339e-02
-8.436980843544006348e-02
-8.443050831556320190e-02
-8.432613313198089600e-02
-8.443538099527359009e-02
-8.444026857614517212e-02
-8.436630666255950928e-02
-8.447273075580596924e-02
-8.437183499336242676e-02
-8.444333821535110474e-02
-8.440236002206802368e-02
-8.443257212638854980e-02
-8.440656214952468872e-02
-8.429091423749923706e-02
-8.435449004173278809e-02
-8.441395312547683716e-02
-8.437652885913848877e-02
-8.442213386297225952e-02
-8.440125733613967896e-02
-8.437506854534149170e-02
-8.440701663494110107e-02
-8.449301123619079590e-02
-8.437740057706832886e-02
-8.440886437892913818e-02
-8.440235257148742676e-02
-8.439121395349502563e-02
-8.439580351114273071e-02
-8.437524735927581787e-02
-8.440459519624710083e-02
-8.439318090677261353e-02
-8.444445580244064331e-02
-8.435426652431488037e-02
-8.446031063795089722e-02
-8.452405780553817749e-02
-8.440912514925003052e-02
-8.449693024158477783e-02
-8.438364416360855103e-02
-8.446583896875381470e-02
-8.441619575023651123e-02
-8.445470780134201050e-02
-8.442725986242294312e-02
-8.440966159105300903e-02
-8.444342762231826782e-02
-8.438611775636672974e-02
-8.437290042638778687e-02
-8.440980315208435059e-02
-8.437850326299667358e-02
-8.439543098211288452e-02
-8.443952351808547974e-02
-8.439482748508453369e-02
-8.446314185857772827e-02
-8.441789448261260986e-02
-8.446300774812698364e-02
-8.445391058921813965e-02
-8.443817496299743652e-02
-8.441806584596633911e-02
-8.443541079759597778e-02
-8.443660289049148560e-02
-8.440845459699630737e-02
-8.440962433815002441e-02
-8.438939601182937622e-02
-8.437739312648773193e-02
-8.443143963813781738e-02
-8.439794927835464478e-02
-8.441169559955596924e-02
-8.437254279851913452e-02
-8.443246781826019287e-02
-8.438327163457870483e-02
-8.442440629005432129e-02
-8.440457284450531006e-02
-8.443446457386016846e-02
-8.436919748783111572e-02
-8.439997583627700806e-02
-8.443848043680191040e-02
-8.446323126554489136e-02
-8.435120433568954468e-02
-8.439634740352630615e-02
-8.438979089260101318e-02
-8.438914269208908081e-02
-8.438118547201156616e-02
-8.441848307847976685e-02
-8.443550020456314087e-02
-8.438620716333389282e-02
-8.443148434162139893e-02
-8.434919267892837524e-02
-8.435769379138946533e-02
-8.438714593648910522e-02
-8.433591574430465698e-02
-8.445777744054794312e-02
-8.444617688655853271e-02
-8.433974534273147583e-02
-8.441103994846343994e-02
-8.441312611103057861e-02
-8.440890163183212280e-02
-8.449248224496841431e-02
-8.443650603294372559e-02
-8.443822711706161499e-02
-8.439172804355621338e-02
-8.449225127696990967e-02
-8.437703549861907959e-02
-8.435132354497909546e-02
-8.442534506320953369e-02
-8.445289731025695801e-02
-8.440713584423065186e-02
-8.439640700817108154e-02
-8.439946919679641724e-02
-8.438660949468612671e-02
-8.442413061857223511e-02
-8.432979881763458252e-02
-8.431397378444671631e-02
-8.441237360239028931e-02
-8.440672606229782104e-02
-8.441010117530822754e-02
-8.438014239072799683e-02
-8.439658582210540771e-02
-8.442784845829010010e-02
-8.434822410345077515e-02
-8.445248007774353027e-02
-8.444596081972122192e-02
-8.441572636365890503e-02
-8.439525961875915527e-02
-8.445852249860763550e-02
-8.447514474391937256e-02
-8.441731333732604980e-02
-8.434335142374038696e-02
-8.437506109476089478e-02
-8.442516624927520752e-02
-8.439405262470245361e-02
-8.441130071878433228e-02
-8.443586528301239014e-02
-8.439975231885910034e-02
-8.440396189689636230e-02
-8.435183018445968628e-02
-8.441831916570663452e-02
-8.439180254936218262e-02
-8.439598232507705688e-02
-8.442073315382003784e-02
-8.443231880664825439e-02
-8.448272198438644409e-02
-8.441027998924255371e-02
-8.445373922586441040e-02
-8.445108681917190552e-02
-8.452162891626358032e-02
-8.440200984477996826e-02
-8.444721996784210205e-02
-8.440942317247390747e-02
-8.441253751516342163e-02
-8.442073315382003784e-02
-8.442354947328567505e-02
-8.438774943351745605e-02
-8.445194363594055176e-02
-8.440230041742324829e-02
-8.449418097734451294e-02
-8.436586707830429077e-02
-8.441687375307083130e-02
-8.437921851873397827e-02
-8.439100533723831177e-02
-8.440886437892913818e-02
-8.438602834939956665e-02
-8.445540070533752441e-02
-8.436617255210876465e-02
-8.436490595340728760e-02
-8.444500714540481567e-02
-8.441735804080963135e-02
-8.438184112310409546e-02
-8.440964668989181519e-02
-8.443891257047653198e-02
-8.438740670680999756e-02
-8.438619971275329590e-02
-8.444011956453323364e-02
-8.439827710390090942e-02
-8.439371734857559204e-02
-8.443344384431838989e-02
-8.444246649742126465e-02
-8.444438874721527100e-02
-8.442509919404983521e-02
-8.436266332864761353e-02
-8.442092686891555786e-02
-8.442991226911544800e-02
-8.443806320428848267e-02
-8.439980447292327881e-02
-8.441669493913650513e-02
-8.444796502590179443e-02
-8.441305905580520630e-02
-8.432169258594512939e-02
-8.442516624927520752e-02
-8.441397547721862793e-02
-8.434800058603286743e-02
-8.440939337015151978e-02
-8.440371602773666382e-02
-8.439240604639053345e-02
-8.438165485858917236e-02
-8.440457284450531006e-02
-8.438355475664138794e-02
-8.440261334180831909e-02
-8.444179594516754150e-02
-8.447371423244476318e-02
-8.445480465888977051e-02
-8.436627686023712158e-02
-8.440299332141876221e-02
-8.446519076824188232e-02
-8.440198004245758057e-02
-8.438830822706222534e-02
-8.447054773569107056e-02
-8.439823985099792480e-02
-8.440129458904266357e-02
-8.446189016103744507e-02
-8.438517898321151733e-02
-8.437389880418777466e-02
-8.438273519277572632e-02
-8.445611596107482910e-02
-8.444352447986602783e-02
-8.443383872509002686e-02
-8.442858606576919556e-02
-8.434922993183135986e-02
-8.441971242427825928e-02
-8.439830690622329712e-02
-8.437351137399673462e-02
-8.442068845033645630e-02
-8.443710207939147949e-02
-8.443021029233932495e-02
-8.443989604711532593e-02
-8.446093648672103882e-02
-8.443378657102584839e-02
-8.449683338403701782e-02
-8.444920182228088379e-02
-8.434196561574935913e-02
-8.444879949092864990e-02
-8.440534025430679321e-02
-8.435978740453720093e-02
-8.439286053180694580e-02
-8.440037816762924194e-02
-8.440310508012771606e-02
-8.440954983234405518e-02
-8.441516757011413574e-02
-8.443079143762588501e-02
-8.438772708177566528e-02
-8.443380147218704224e-02
-8.440711349248886108e-02
-8.436794579029083252e-02
-8.444935828447341919e-02
-8.443579077720642090e-02
-8.441923558712005615e-02
-8.441068232059478760e-02
-8.437892794609069824e-02
-8.440408110618591309e-02
-8.429937809705734253e-02
-8.440682291984558105e-02
-8.446118235588073730e-02
-8.440741896629333496e-02
-8.445980399847030640e-02
-8.440218120813369751e-02
-8.441536873579025269e-02
-8.440205454826354980e-02
-8.442582935094833374e-02
-8.441768586635589600e-02
-8.443911373615264893e-02
-8.446738123893737793e-02
-8.427337557077407837e-02
-8.439932763576507568e-02
-8.446416258811950684e-02
-8.444072306156158447e-02
-8.442976325750350952e-02
-8.435246348381042480e-02
-8.437468111515045166e-02
-8.421223610639572144e-02
-8.438549935817718506e-02
-8.436326682567596436e-02
-8.440788090229034424e-02
-8.440883457660675049e-02
-8.440743386745452881e-02
-8.444184809923171997e-02
-8.443630486726760864e-02
-8.444407582283020020e-02
-8.441808074712753296e-02
-8.437548577785491943e-02
-8.441179245710372925e-02
-8.439715206623077393e-02
-8.436460793018341064e-02
-8.432553708553314209e-02
-8.439300954341888428e-02
-8.435251563787460327e-02
-8.437184989452362061e-02
-8.437445014715194702e-02
-8.442228287458419800e-02
-8.441785722970962524e-02
-8.438590914011001587e-02
-8.438607305288314819e-02
-8.444127440452575684e-02
-8.442165702581405640e-02
-8.440479636192321777e-02
-8.434127271175384521e-02
-8.437344431877136230e-02
-8.439563959836959839e-02
-8.438485115766525269e-02
-8.442506194114685059e-02
-8.439890295267105103e-02
-8.440410345792770386e-02
-8.440936356782913208e-02
-8.446581661701202393e-02
-8.440356701612472534e-02
-8.441053330898284912e-02
-8.445302397012710571e-02
-8.445809781551361084e-02
-8.435683697462081909e-02
-8.445881307125091553e-02
-8.434384316205978394e-02
-8.446428924798965454e-02
-8.448506146669387817e-02
-8.444147557020187378e-02
-8.440842479467391968e-02
-8.437426388263702393e-02
-8.446370065212249756e-02
-8.441336452960968018e-02
-8.444920182228088379e-02
-8.442217856645584106e-02
-8.446338027715682983e-02
-8.435856550931930542e-02
-8.441826701164245605e-02
-8.440595120191574097e-02
-8.446494489908218384e-02
-8.445604890584945679e-02
-8.441163599491119385e-02
-8.447065204381942749e-02
-8.448369055986404419e-02
-8.444987237453460693e-02
-8.449745923280715942e-02
-8.444815129041671753e-02
-8.451489359140396118e-02
-8.440896868705749512e-02
-8.440377563238143921e-02
-8.440605551004409790e-02
-8.445089310407638550e-02
-8.441744744777679443e-02
-8.444254100322723389e-02
-8.441759645938873291e-02
-8.441358059644699097e-02
-8.445784449577331543e-02
-8.441854268312454224e-02
-8.446363359689712524e-02
-8.442815393209457397e-02
-8.442209661006927490e-02
-8.439059555530548096e-02
-8.440192043781280518e-02
-8.439043909311294556e-02
-8.442983031272888184e-02
-8.440575003623962402e-02
-8.447339385747909546e-02
-8.443257212638854980e-02
-8.441689610481262207e-02
-8.440934121608734131e-02
-8.444120734930038452e-02
-8.442422747611999512e-02
-8.441225439310073853e-02
-8.439015597105026245e-02
-8.439078927040100098e-02
-8.444812148809432983e-02
-8.441146463155746460e-02
-8.448173850774765015e-02
-8.433243632316589355e-02
-8.442588150501251221e-02
-8.440744131803512573e-02
-8.442679792642593384e-02
-8.437741547822952271e-02
-8.439772576093673706e-02
-8.441790938377380371e-02
-8.441213518381118774e-02
-8.437193185091018677e-02
-8.442136645317077637e-02
-8.441983163356781006e-02
-8.439867198467254639e-02
-8.433017134666442871e-02
-8.432635664939880371e-02
-8.442790061235427856e-02
-8.442876487970352173e-02
-8.441697061061859131e-02
-8.440007269382476807e-02
-8.437622338533401489e-02
-8.441945910453796387e-02
-8.440675586462020874e-02
-8.441992104053497314e-02
-8.440219610929489136e-02
-8.443253487348556519e-02
-8.440183103084564209e-02
-8.436766266822814941e-02
