-7.614226458236436623e-02
-7.564505543965929779e-02
-7.695412207558079143e-02
-7.601102731920279798e-02
-7.679705549474157011e-02
-7.714301130155364061e-02
-7.736408201141393992e-02
-7.733505416117668341e-02
-7.742235415515934249e-02
-7.721130228540158680e-02
-7.756779642306343980e-02
-7.788236786846158832e-02
-7.814755182846251647e-02
-7.829203920169570952e-02
-7.811442267946035189e-02
-7.861641569762357895e-02
-7.885133172474258212e-02
-7.902601547658909265e-02
-7.905355911479394759e-02
-7.913573745807515880e-02
-7.936013685224696523e-02
-7.932401414863189670e-02
-7.919908574090861464e-02
-7.953202876814181865e-02
-7.940240257785378952e-02
-7.965153187244887467e-02
-7.952936887642983455e-02
-7.939451802226070443e-02
-7.947424990772186670e-02
-7.970901150143787361e-02
-7.955583888608101784e-02
-7.962832727535880395e-02
-7.951240302601012000e-02
-7.962341697885443048e-02
-7.958149184305164658e-02
-7.959518786873771845e-02
-7.952214070666571710e-02
-7.970849188825204767e-02
-7.961937317169202888e-02
-7.955308320307140357e-02
-7.955448852249026592e-02
-7.957704185294743604e-02
-7.943454329336481490e-02
-7.969789271717228618e-02
-7.970388142935320996e-02
-7.974544020342880235e-02
-7.978742684135389784e-02
-7.973272954272593582e-02
-7.975485700218545859e-02
-7.980545251949851260e-02
-7.946566515501338190e-02
-7.950595460281294213e-02
-7.964968467646461880e-02
-7.971648681217420596e-02
-7.964354025890482691e-02
-7.969326986384424327e-02
-7.962227971403769422e-02
-7.961394844734930032e-02
-7.979219604298669333e-02
-7.955828746071798296e-02
-7.968879377337069470e-02
-7.964331498316389035e-02
-7.973145553972847688e-02
-7.974768672644375056e-02
-7.960130776086862814e-02
-7.968063577551601218e-02
-7.967654974547985769e-02
-7.971681828662711966e-02
-7.979232338878142206e-02
-7.962679108580335285e-02
-7.973252693897381338e-02
-7.973845561602861676e-02
-7.974596825781625486e-02
-7.968453002515540895e-02
-7.962429293616875292e-02
-7.974016689308383032e-02
-7.975411014794264730e-02
-7.986824915982430884e-02
-7.957214203785303863e-02
-7.973324448587752744e-02
-7.985323921268563940e-02
-7.969099166230390885e-02
-7.974098789536528120e-02
-7.967734469022527688e-02
-7.973703627625391976e-02
-7.978322805661908212e-02
-7.965567592681911668e-02
-7.981980485965381455e-02
-7.981145067033619533e-02
-7.968563360889020786e-02
-7.989486641421951474e-02
-7.966431432386714140e-02
-7.976254664396760508e-02
-7.982128541371880104e-02
-7.972435285342149847e-02
-7.978256072759702666e-02
-7.976388985322167835e-02
-7.978469301924695500e-02
-7.972126356339577502e-02
-7.987431977533732130e-02
-7.971132009103447380e-02
-7.972803946651699225e-02
-7.972099671424928702e-02
-7.961868523396493924e-02
-7.989671553030944229e-02
-7.977014090616769970e-02
-7.980640071712800931e-02
-7.984313822587538190e-02
-7.969362669991987558e-02
-7.975583762117097186e-02
-7.969136509465490903e-02
-7.969146083899603106e-02
-7.974568726132635899e-02
-7.982375057474845603e-02
-7.964089049343356375e-02
-7.983290362295122899e-02
-7.972474965213659226e-02
-7.968427850348182295e-02
-7.979703605016738588e-02
-7.972024728662131798e-02
-7.965310138994315114e-02
-7.973172977221974767e-02
-7.976951693879234806e-02
-7.962125885940916914e-02
-7.974987499642398336e-02
-7.975171099669289831e-02
-7.970630062077753430e-02
-7.988583606925832303e-02
-7.966181044176091908e-02
-7.969262465935064710e-02
-7.986345452629950437e-02
-7.973150136836740232e-02
-7.974685779184850776e-02
-7.966158166350283121e-02
-7.989904951537375732e-02
-7.975006096635579855e-02
-7.968473424492383828e-02
-7.966403651613331027e-02
-7.976942236146580822e-02
-7.977815535005294834e-02
-7.970911599761662525e-02
-7.967076087486191227e-02
-7.974319761495687886e-02
-7.978501794557837923e-02
-7.965382313305735540e-02
-7.963043072379873133e-02
-7.979939748579012448e-02
-7.981938756929597700e-02
-7.968081624394675322e-02
-7.977750808372222058e-02
-7.969703662863659999e-02
-7.971360758160275783e-02
-7.988517717690489517e-02
-7.964383277986644694e-02
-7.986382352823406805e-02
-7.975853014195941060e-02
-7.972172368430809064e-02
-7.999973821206417257e-02
-7.929049790895230376e-02
-7.972645127828281719e-02
-7.956002691584174169e-02
-7.977305317435072485e-02
-7.979735318537128919e-02
-7.968912158082874786e-02
-7.997661474234918355e-02
-7.973091255992288684e-02
-7.971457931903055960e-02
-7.967415511956567331e-02
-7.966558440901594373e-02
-7.981029246550121192e-02
-7.971138771941850554e-02
-7.971437973658813958e-02
-7.973434741627263844e-02
-7.982973188757226668e-02
-7.987907066449524696e-02
-7.982727339729774052e-02
-7.959038686955553776e-02
-7.976678242660874274e-02
-7.975187739989568481e-02
-7.988872207054989460e-02
-7.972284366067272643e-02
-7.967661492584092453e-02
-7.962530999163845713e-02
-7.971740901200878582e-02
-7.986560438115843097e-02
-7.973234369528259258e-02
-7.975413208110783414e-02
-7.987458717248803464e-02
-7.980476443500032768e-02
-7.971179297172338585e-02
-7.976977713024756278e-02
-7.963471318221702899e-02
-7.976453673217852314e-02
-7.975892101520047628e-02
-7.991967377902721437e-02
-7.973337769244302764e-02
-7.983890914865825195e-02
-7.991415086310967031e-02
-7.980863958133603553e-02
-7.969636222617536292e-02
-7.974681319791862566e-02
-7.983244591058043238e-02
-7.977349874101850868e-02
-7.980406738048219373e-02
-7.985340388123482458e-02
-7.975986647934882323e-02
-7.970139940898382513e-02
-7.970755801328356649e-02
-7.972842249051267927e-02
-7.968444144104787352e-02
-7.983488187374665479e-02
-7.984363904467405015e-02
-7.979307258666842873e-02
-7.981363287995835165e-02
-7.970147999675449013e-02
-7.976231758276328132e-02
-7.981088494178220638e-02
-7.993904298041387690e-02
-7.980960026935536578e-02
-7.983413865625525740e-02
-7.983571469846666158e-02
-7.967222878964062838e-02
-7.976154198026219611e-02
-7.984344475579104039e-02
-7.989006970092600579e-02
-7.973211026202112195e-02
-7.984175565711112976e-02
-7.978030042879002970e-02
-7.985998708498730225e-02
-7.933579689289681214e-02
-7.979049697586371170e-02
-7.988829033386680989e-02
-7.982978736526094576e-02
-7.990648662038411787e-02
-7.982289225660223198e-02
-7.980023963941526577e-02
-7.974624300983680636e-02
-7.979085415875901421e-02
-7.962557759024067872e-02
-7.985643408994984316e-02
-7.982466725996043011e-02
-7.972976873732402769e-02
-7.975149874354373059e-02
-7.978728098869078411e-02
-7.981736976763698088e-02
-7.979539629083579055e-02
-7.970814756099911524e-02
-7.971411675815529008e-02
-7.972733690211857016e-02
-7.968350130405303655e-02
-7.974037641408261712e-02
-7.984235076396259401e-02
-7.988732809785303868e-02
-7.988674433480381920e-02
-7.982319283390718057e-02
-7.977141647391543244e-02
-7.970507178524524616e-02
-7.980371876349304228e-02
-7.982199013074955940e-02
-7.985111915793573212e-02
-7.977240013732270207e-02
-7.976598590675103295e-02
-7.974861122938348146e-02
-7.973808445083822860e-02
-7.976363300893647701e-02
-7.972754102308365898e-02
-7.982598449165209664e-02
-7.980483147817718503e-02
-7.970386307977903040e-02
-7.959889436295575216e-02
-7.982395378849858891e-02
-7.981707231964792204e-02
-7.978914030129223567e-02
-7.978812001037008383e-02
-7.973122404774239669e-02
-7.959829271433639664e-02
-7.972666570777257877e-02
-7.977436176674733426e-02
-7.979753228259296727e-02
-7.971672694882649124e-02
-7.963490060017162919e-02
-7.985419567668214369e-02
-7.977141156882397444e-02
-7.975581213413351911e-02
-7.976718187415561545e-02
-7.975826626057426483e-02
-7.977917228329678423e-02
-7.978953434538678391e-02
-7.976415701158891258e-02
-7.972341136338279011e-02
-7.975990399302664013e-02
-7.978196438353747644e-02
-7.964536032637635488e-02
-7.976083299219609291e-02
-7.971443669814258504e-02
-7.977360743810543720e-02
-7.974455497393292958e-02
-7.967759683580613594e-02
-7.982880593028933436e-02
-7.991678432533179388e-02
-7.963804682054477502e-02
-7.973964241459399749e-02
-7.979310122692774565e-02
-7.964685871573905229e-02
-7.966867133596075568e-02
-7.978284779506956970e-02
-7.947236430985706035e-02
-7.969951782652669181e-02
-7.964710198517388484e-02
-7.973868350697424501e-02
-7.967853738810383446e-02
-7.972534638381553740e-02
-8.001933130222758928e-02
-7.953073269429351833e-02
-7.960930711525958381e-02
-7.968464533090477420e-02
-7.965889960047653484e-02
-7.970752627291666226e-02
-7.993915820384527027e-02
-7.978768583307117856e-02
-7.980899429356598518e-02
-7.968349601567596696e-02
-7.977913127304238350e-02
-7.967114901552777018e-02
-7.971039030976283246e-02
-7.975140031973615429e-02
-7.978658344389685797e-02
-7.967207935813504227e-02
-7.981971297275002042e-02
-7.963451816376861114e-02
-7.969325567379456632e-02
-7.982792593993966179e-02
-7.963427583283781697e-02
-7.971146524831107527e-02
-7.987573795560005963e-02
-7.974184247224995470e-02
-7.980019044089539659e-02
-7.964312572650501798e-02
-7.996803428754799270e-02
-7.969860538138243133e-02
-7.972754231240949951e-02
-7.976414108326523866e-02
-7.975181570894428196e-02
-7.971087945812052600e-02
-7.975793369630783392e-02
-7.989689968214472304e-02
-7.973352418205127690e-02
-7.977462599934413701e-02
-7.985814712773817159e-02
-7.971116912018248735e-02
-7.973564005748563777e-02
-7.977456220333298265e-02
-7.976907796732524147e-02
-7.972862787369602855e-02
-7.974747100632496866e-02
-7.977937413191750482e-02
-7.977157460823272594e-02
-7.973342569106925404e-02
-7.975035119203688350e-02
-7.976684765945755984e-02
-7.985691869478024618e-02
-7.973840752029347223e-02
-7.978404666466616668e-02
-7.968625730850338595e-02
-7.974882801581661962e-02
-7.974414434714396926e-02
-7.972384517669059423e-02
-7.979818372754143851e-02
-7.989705999675256187e-02
-7.957326500728512109e-02
-7.971136352780316958e-02
-7.979444693611559281e-02
-7.970340330928318839e-02
-7.970024883382556546e-02
-7.977006560763739984e-02
-7.962103874214740418e-02
-7.965606515170997604e-02
-7.975275907236960282e-02
-7.978060479112356052e-02
-7.968613860370321600e-02
-7.975774484128302089e-02
-7.970796964859301614e-02
-7.966773908445788643e-02
-7.974697825376694804e-02
-7.973762052074850892e-02
-7.974060683424696871e-02
-7.978808597233517930e-02
-7.976145422698326104e-02
-7.972334411324255576e-02
-7.981794691290382271e-02
-7.974943187515803888e-02
-7.981953975521692557e-02
-7.963829825266709184e-02
-7.983227565514654234e-02
-7.966034426669037216e-02
-7.984558113380572919e-02
-7.975116851747166002e-02
-7.964220803539324989e-02
-7.976381373456956081e-02
-7.979966999562394803e-02
-7.972226285516229027e-02
-7.978152131778602774e-02
-7.989241565537774648e-02
-7.980584900220726030e-02
-7.976414984675329889e-02
-7.975258917126486213e-02
-7.968392961956768938e-02
-7.982937087526105480e-02
-7.976841075841356599e-02
-7.968815414656711671e-02
-7.979106075891510830e-02
-7.973552591441115944e-02
-7.982660340145510125e-02
-7.970502193406263369e-02
-7.972753723655982838e-02
-7.977664846932218390e-02
-7.983468037155029562e-02
-7.993962404080377782e-02
-7.974819796851294329e-02
-7.971739833755139837e-02
-7.971281023870746552e-02
-7.962901716748631287e-02
-7.979234471741589174e-02
-7.973476084676542341e-02
-7.976818730151523373e-02
-7.978284061985864428e-02
-7.976090743051719723e-02
-7.986630387005504150e-02
-7.983600935912951724e-02
-7.973270529816499363e-02
-7.970453116814302241e-02
-7.964418252655434960e-02
-7.970713926494944757e-02
-7.968817913559064769e-02
-7.983338619285669513e-02
-7.986663305025154536e-02
-7.962280134095453543e-02
-7.965543075555107932e-02
-7.978995252220111301e-02
-7.988852667595466861e-02
-7.982662627125207411e-02
-7.986615794188980932e-02
-7.983598885444299909e-02
-7.967188235994540624e-02
-7.974939402076809680e-02
-7.991873414964437150e-02
-7.974449214444354062e-02
-7.970700809083804128e-02
-7.987716407832860799e-02
-7.970355586109792445e-02
-7.989791429058031025e-02
-7.974900608292014026e-02
-7.978797677776321151e-02
-7.984050766151404299e-02
-7.964591140921875589e-02
-7.978049562580248610e-02
-7.977376540669602056e-02
-7.989561179260488977e-02
-7.967931275432124649e-02
-7.981708949896279548e-02
-7.979424456653656794e-02
-7.983853788304193233e-02
-7.963197889401318896e-02
-7.982499825803912596e-02
-7.983884456288306564e-02
-7.972426680695478274e-02
-7.981603526905242663e-02
-7.987489842152108166e-02
-7.978276692942286308e-02
-7.982358714012584289e-02
-7.978675777975532957e-02
-7.976555333924749414e-02
-7.977167149909433763e-02
-7.981227571516884278e-02
-7.982575475742377524e-02
-7.972511467420348441e-02
-7.984368051603007999e-02
-7.972496764551269266e-02
-7.985061550529755359e-02
-7.973836226113015235e-02
-7.982073940983780425e-02
-7.982461350919943521e-02
-7.970247409718725362e-02
-7.977866063703555055e-02
-7.976377611993627770e-02
-7.989226759828504942e-02
-7.975981672599090355e-02
-7.980038094203213694e-02
-7.975123481223234112e-02
-7.973670963708286152e-02
-7.970371086094733826e-02
-7.987263161529475908e-02
-7.980206737931601346e-02
-7.987912584009652928e-02
-7.970933262145958598e-02
-7.981211496205575795e-02
-8.014552453653646380e-02
-7.960176902597522475e-02
-7.963442917622209904e-02
-7.979484532211035541e-02
-7.963188670763531041e-02
-7.972963205392098740e-02
-7.958442892638749322e-02
-7.962304349269648529e-02
-7.979209267485208590e-02
-7.980527156007939660e-02
-7.980473957910548533e-02
-7.979515828898263441e-02
-7.973417609084267055e-02
-7.988086442215659722e-02
-7.973486459839716767e-02
-7.976047819469303524e-02
-7.985871117253588725e-02
-7.970062155864214570e-02
-7.976104949746407047e-02
-7.987937993853767848e-02
-7.970045279179489850e-02
-7.975684576692952665e-02
-7.979610978253177944e-02
-7.992379997519823143e-02
-7.987618300582763342e-02
-7.982810331956205485e-02
-7.968542353167913650e-02
-7.960610382104636729e-02
-7.973575944754829337e-02
-7.968463304770653788e-02
-7.964567205909603431e-02
-7.974820210320268665e-02
-7.974966771802918797e-02
-7.981605037633718314e-02
-7.963524813195851926e-02
-7.975419123118301923e-02
-7.978002323614352687e-02
-7.980655302782389826e-02
-7.972777746780009001e-02
-7.989409039623818209e-02
-7.974126281668780791e-02
-7.985179601699489427e-02
-7.978884275508876800e-02
-7.971632423231825304e-02
-7.975803871789624577e-02
-7.986497225570414471e-02
-7.969494270583346585e-02
-7.962985873253239366e-02
-7.988036583284828518e-02
-7.978854963276026113e-02
-7.979532796909534487e-02
-7.972859760928696637e-02
-7.971944848773460102e-02
-7.976118352024766378e-02
-7.979916470031078735e-02
-7.976413541287753761e-02
-7.978959176885123961e-02
-7.984576523506937973e-02
-7.987177243739911059e-02
-7.970788383930149656e-02
-7.985295827345138819e-02
-7.975256977753757137e-02
-7.974002466208730822e-02
-7.986702697543869578e-02
-7.988021654127004656e-02
-7.982212906955218901e-02
-7.977310803951069562e-02
-7.978178908224339838e-02
-7.990080530054781416e-02
-7.979209384791872972e-02
-7.971398212334880606e-02
-7.973483259123746725e-02
-7.973314376079229659e-02
-7.978676294429952465e-02
-7.989384897895544790e-02
-7.976469954888508462e-02
-7.978187735564386263e-02
-7.971937171119113097e-02
-7.966781883698807742e-02
-7.973410180702654448e-02
-7.995894983787157906e-02
-7.979779413735234306e-02
-7.981896667334882622e-02
-7.975752917431451483e-02
-7.976688722245406371e-02
-7.957975251287376095e-02
-7.980713145837446676e-02
-7.977480304917193565e-02
-7.979454112149407530e-02
-7.973396288297143752e-02
-7.980783333008374669e-02
-7.980847168123368640e-02
-7.990677100087641149e-02
-7.977265342450060026e-02
-7.972771714982924973e-02
-7.969317984057147641e-02
-7.983593833473959234e-02
-7.982376282536182699e-02
-7.985392173982734654e-02
-7.983752216087329490e-02
-7.976503710739769881e-02
-7.990924807717537937e-02
-7.988446645400881785e-02
-7.973668519636033236e-02
-7.981510431425174745e-02
-7.965708607039614919e-02
-7.975827102193590312e-02
-7.980791247541188516e-02
-7.985498383205993922e-02
-7.980340043971294317e-02
-7.992762800657385314e-02
-7.978612171195058334e-02
-7.983666680311220232e-02
-7.981002545361724765e-02
-7.981173043757339158e-02
-7.981578426071604671e-02
-7.978340483180106080e-02
-7.990409883499362265e-02
-7.982377635902904167e-02
-7.985095845721179586e-02
-7.983415110043326490e-02
-7.972927910991567391e-02
-7.992795155768725457e-02
-7.976154753268469011e-02
-7.981590803615246088e-02
-7.987433642895809538e-02
-7.977911375315674403e-02
-7.975173140019919948e-02
-7.974176486220811710e-02
-7.981658471050830095e-02
-7.980139100393669749e-02
-7.983596709654847134e-02
-7.973706655247106423e-02
-7.970190783247839417e-02
-7.979432415245098220e-02
-7.979752133022532945e-02
-7.973663410343390101e-02
-7.987019504401450531e-02
-7.977708239437343585e-02
-7.972424881735366842e-02
-7.970369167249706510e-02
-7.978461258212272977e-02
-7.976373378294086824e-02
-7.975910233944014105e-02
-7.980547495912758416e-02
-7.991408722170180445e-02
-7.976920839128971707e-02
-7.978606332871361617e-02
-7.976824378446500940e-02
-7.976436292868349653e-02
-7.981933783624857448e-02
-7.976843171249954623e-02
-7.986619004287835721e-02
-7.985683828403503104e-02
-7.979441025801392584e-02
-7.988845015255495452e-02
-7.978316919092298676e-02
-7.976474462408934818e-02
-7.983375316469536187e-02
-7.979880010916717836e-02
-7.973172490789405542e-02
-7.973662736194987721e-02
-7.981895663892103754e-02
-7.978457340127732833e-02
-7.972963773672238352e-02
-7.971306138211985137e-02
-7.977418381185086282e-02
-7.993976116406496801e-02
-7.973962851169659471e-02
-7.972979714374497928e-02
-7.976603357570222208e-02
-7.976811450019390126e-02
-7.974408318129776185e-02
-7.970985554908849302e-02
-7.974843191624145233e-02
-7.982813021044751767e-02
-7.981871691652174527e-02
-7.975334913123932612e-02
-7.976870477310983587e-02
-7.984494723962963503e-02
-7.976607575593271104e-02
-7.978540987408651308e-02
-7.968729412134786805e-02
-7.979198253813124531e-02
-7.978751540363790418e-02
-7.976427437949237809e-02
-7.975464386397369820e-02
-7.970438086562867119e-02
-7.975126754978971444e-02
-7.972358093419695813e-02
-7.976000803799732086e-02
-7.965957083526384319e-02
-7.981675274087020322e-02
-7.971874133033661491e-02
-7.990643249650510038e-02
-7.973250162382934658e-02
-7.977909763711781010e-02
-7.963781691051344258e-02
-7.968390942422043377e-02
-7.978277564402490307e-02
-7.974575509873470247e-02
-7.979456105748924943e-02
-7.973184353010118186e-02
-7.980740276458189730e-02
-7.983959799275372471e-02
-7.979161751758491461e-02
-7.966429989468003237e-02
-7.981496757681534604e-02
-7.980388472324533022e-02
-7.975731408658726096e-02
-7.973888604010388736e-02
-7.981338768296961095e-02
-7.983992496345607148e-02
-7.981191918866872848e-02
-7.979787970053517365e-02
-7.970621641191974471e-02
-7.966983973943146669e-02
-7.980412149652219012e-02
-7.979561832880512073e-02
-7.988987121473702102e-02
-7.975598066208899883e-02
-7.975010644575666885e-02
-7.978054905606567215e-02
-7.972096373758222332e-02
-7.977079801894393363e-02
-7.986818351193927801e-02
-7.989701063259253833e-02
-7.972737990267975139e-02
-7.972100002303914024e-02
-7.979231907797061651e-02
-7.982460496282363371e-02
-7.983198116298793889e-02
-7.977312364649623289e-02
-7.969829491734239935e-02
-7.983625537072845668e-02
-7.973179347230623104e-02
-7.978343425480392825e-02
-7.988078982571733544e-02
-7.981671844035601038e-02
-7.983082103078277536e-02
-7.972100195221513974e-02
-7.980905807267443808e-02
-7.979957574196119841e-02
-7.979923185236018068e-02
-7.991907222112981657e-02
-7.974920029713146452e-02
-7.979526599975562962e-02
-7.982350454604596190e-02
-7.974148823267566966e-02
-7.979220186099279799e-02
-7.980443830104634595e-02
-7.980985287926044280e-02
-7.993595334131455010e-02
-7.970336159924103214e-02
-7.974545932829299466e-02
-7.970101844824581394e-02
-7.982021509326088504e-02
-7.978045346399927074e-02
-7.984293137842242427e-02
-7.986927378251186538e-02
-7.977695577359715517e-02
-7.979926548374970119e-02
-7.986345141210357546e-02
-7.980692171653136491e-02
-7.975540901952551942e-02
-7.973880460080431942e-02
-7.973912936492344450e-02
-7.994220293577843084e-02
-7.972492541648290576e-02
-7.983332350229965790e-02
-7.966506553752819575e-02
-7.978098119907360564e-02
-7.978903278248752895e-02
-7.980150370589236819e-02
-8.000642892820110375e-02
-7.987696436645752573e-02
-7.978413590151232915e-02
-7.972555632162656170e-02
-7.983067830706866430e-02
-7.980689012309727381e-02
-7.984795351001450214e-02
-7.965618036424602921e-02
-7.976143460361395654e-02
-7.974853678114020294e-02
-7.976812943066806383e-02
-7.980483513700306619e-02
-7.971380715306877751e-02
-7.984068794585914841e-02
-7.974873578015991005e-02
-7.973364467500518304e-02
-7.992773713727878426e-02
-7.983708035598231778e-02
-7.985789453669690785e-02
-7.974000937543160306e-02
-7.976265253583145198e-02
-7.995582849611514165e-02
-7.994880395855763489e-02
-7.983531886893738272e-02
-7.972149445782220067e-02
-7.985261591235881529e-02
-7.976092137035777074e-02
-7.989552605288866016e-02
-7.967573551828957545e-02
-7.976214246550251963e-02
-7.982943895935644407e-02
-7.971001687591332263e-02
-7.979863482291182919e-02
-7.983259664048451831e-02
-7.980489457259151709e-02
-7.975613860022447155e-02
-7.980921334952238710e-02
-7.972146736650542742e-02
-7.971336852552979302e-02
-7.976267956433272244e-02
-7.995957263982722552e-02
-7.968456155193667789e-02
-7.992474437907824691e-02
-7.975886479640470483e-02
-7.981621029836045988e-02
-7.990771930792306410e-02
-7.997055688176064880e-02
-7.971758886346984319e-02
-7.983761067648435794e-02
-7.976911649459120235e-02
-7.977711185098693147e-02
-7.986379560716730386e-02
-7.977381383246327784e-02
-7.979735410246105443e-02
-7.974496838190368864e-02
-7.969784165733277692e-02
-7.983266223567832276e-02
-7.973401192761499223e-02
-7.988951388475917792e-02
-7.989325575759823050e-02
-7.975345883313522677e-02
-7.979693623745458264e-02
-7.998239685979065261e-02
-7.983399639795073222e-02
-7.980214274265522156e-02
-7.982094155842446581e-02
-7.981171996132339908e-02
-7.990171553928261672e-02
-7.980753997974780745e-02
-7.971643723820354133e-02
-7.974339107590158737e-02
-7.983049450810035530e-02
-7.978541624323384762e-02
-7.980249158049887437e-02
-7.975852332827033930e-02
-7.982863887681848625e-02
-7.982335413581018169e-02
-7.977297776850635069e-02
-7.974620195921784671e-02
-7.987218762259661042e-02
-7.983671683038719158e-02
-7.977406865553862692e-02
-7.982935634238537415e-02
-7.981086797079332829e-02
-7.979874411025127123e-02
-7.986525980048675422e-02
-7.980583495672226302e-02
-7.974132359343656662e-02
-7.977509562903363494e-02
-7.986143928350300514e-02
-7.974890317394847661e-02
-7.983868972965738053e-02
-7.985886095493022196e-02
-7.977099046724935028e-02
-7.973786920250550136e-02
-7.985109289171786473e-02
-7.981998327866503262e-02
-7.980770685863888825e-02
-7.989117682206332838e-02
-7.982579369249154233e-02
-7.976929908413755987e-02
-7.979564859236340513e-02
-7.980135130838164614e-02
-7.974311574786344115e-02
-7.975258296264699232e-02
-7.984110393454639520e-02
-7.980226991987679486e-02
-7.989083132989863167e-02
-7.971102776146553326e-02
-7.990422340901567888e-02
-7.968334824497391722e-02
-7.980031040430704548e-02
-7.967769030554756882e-02
-7.972515482183538393e-02
-7.987515606971025417e-02
-7.985286294119633976e-02
-7.971837164224025718e-02
-7.991456343081264346e-02
-7.980888312236958382e-02
-7.979854715246541275e-02
-7.988094205881020315e-02
-7.964914811734315203e-02
-7.973502269440325974e-02
-7.971057758287417028e-02
-7.980961290221799675e-02
-7.980130306162570852e-02
-7.987715583547846943e-02
-7.974097205012244116e-02
-7.979134316903042923e-02
-7.984985939213662398e-02
-7.980002957834117505e-02
-7.977049130780468345e-02
-7.984242540894072315e-02
-7.979998181619629705e-02
-7.989190597704351471e-02
-7.986778170583981595e-02
-7.981069847667257577e-02
-7.966418683818697610e-02
-7.972411537264299797e-02
-7.983003944922344164e-02
-7.975452885841162465e-02
-7.970221482101817745e-02
-7.992893462314189235e-02
-7.966952967798375529e-02
-7.988906075242237226e-02
-7.961910536127329852e-02
-7.979795763375945039e-02
-7.973638962747599257e-02
-7.984390707820963884e-02
-7.966823969294196950e-02
-7.983310273049358530e-02
-7.977921185811738536e-02
-7.975672374192686875e-02
-7.980751286775089604e-02
-7.979007369896626289e-02
-7.982182651111115190e-02
-7.977051347424844729e-02
-7.978251674368939950e-02
-7.980912766190838281e-02
-8.020836045302326411e-02
-7.967334529516982566e-02
-7.962212070821918231e-02
-7.973121932293161795e-02
-7.972215628867859727e-02
-7.965635650978875049e-02
-7.979431571456396810e-02
-7.984828778235461555e-02
-7.979937123044300584e-02
-7.978954597958869133e-02
-7.982208624757028415e-02
-7.990785331532820890e-02
-7.975712856572382548e-02
-7.984503056384043007e-02
-7.981281436142155516e-02
-7.984115911608789806e-02
-7.972796850054332529e-02
-7.984799644541114294e-02
-7.975352887223650933e-02
-7.985694134776800956e-02
-7.976972842635150773e-02
-7.988809281796670214e-02
-7.984160570602358287e-02
-7.981004529093616018e-02
-7.979427027217129986e-02
-7.973778391735975024e-02
-7.992669611122207862e-02
-7.970605674197725476e-02
-7.979248234486525926e-02
-7.987573298126364463e-02
-7.984601844189927189e-02
-7.984964235552478862e-02
-7.983764388814769408e-02
-7.972163834055609466e-02
-7.977782186707230161e-02
-7.975961202517689586e-02
-7.978178083694036082e-02
-7.976631979304542319e-02
-7.974236589244297624e-02
-7.985322529721952667e-02
-7.987899421366402575e-02
-7.987552951792374623e-02
-7.980260382575096734e-02
-7.979896824736044947e-02
-7.985850148567884277e-02
-7.970081546190706245e-02
-7.978238929303395344e-02
-7.983163318252949059e-02
-7.984361582738107310e-02
-7.969412536135452030e-02
-7.986813874947397418e-02
-7.989982145939943103e-02
-7.997344000477521475e-02
-7.970399066659807075e-02
-7.970904729302917546e-02
-7.992382280217012747e-02
-7.977544963476976281e-02
-7.980675780522801521e-02
-7.985076686198633311e-02
-7.988147835350226100e-02
-7.985498887994106620e-02
-7.978754336845526873e-02
-7.986969263991432200e-02
-7.989463485811865162e-02
-7.964922673996520375e-02
-7.973314626828308105e-02
-7.976401197904373075e-02
-7.985843543944105838e-02
-7.984157921147756742e-02
-7.977014208368604642e-02
-7.982191273197650205e-02
-7.985783993685423299e-02
-7.983541451033371317e-02
-7.972283792811375724e-02
-7.992701628791833157e-02
-7.988593083442736831e-02
-7.983398746217247599e-02
-7.977077194587629816e-02
-7.976913661381886123e-02
-7.981122082281830177e-02
-7.980090888035716590e-02
-7.979569691821998545e-02
-7.973472805542268504e-02
-7.984338815682363866e-02
-7.984782030787888896e-02
-7.980280609184495222e-02
-7.976044658420154698e-02
-7.982781358867960253e-02
-7.980739740225109569e-02
-7.970585272478358796e-02
-7.978656064845712770e-02
-7.982976802375776892e-02
-7.990704897742319235e-02
-7.975283555230198995e-02
-7.985018566689554287e-02
-7.986483294505683506e-02
-7.986191435513033399e-02
-7.980373306394143718e-02
-7.980041465035843384e-02
-7.981522571215561579e-02
-7.978974734725793883e-02
-7.984258390116592830e-02
-7.976551352255567551e-02
-7.986059797688212225e-02
-7.977529657557454190e-02
-7.984524969496294144e-02
-7.981488747682551066e-02
-7.974324964700334195e-02
-7.971336624968049234e-02
-7.979185840359738491e-02
-7.984956886392484410e-02
-7.986517935055904849e-02
-7.973710075813199294e-02
-7.978753206754730931e-02
-7.984285566393281575e-02
-7.976644965623876093e-02
-7.981493385367824378e-02
-7.984754445906726283e-02
-7.966025819073056791e-02
-7.988944701293225481e-02
-7.970573170904986238e-02
-7.990236741259944264e-02
-7.991037774313866637e-02
-7.976900679260859328e-02
-7.976171503284593123e-02
-7.986723825453675984e-02
-7.978645004943386854e-02
-7.971476668421687006e-02
-7.990954565259980602e-02
-7.973759789222788219e-02
-7.972137743997499693e-02
-7.976102960969488898e-02
-7.969604189262602389e-02
-7.989292843104368880e-02
-7.981701992071450757e-02
-7.975556515787418643e-02
-7.988405168543802337e-02
-7.974881357133946358e-02
-7.979302142016179988e-02
-7.986427932741377300e-02
-7.980843358785724706e-02
-7.984030891530777274e-02
-7.980558239568892598e-02
-7.981925792316554857e-02
-7.973725347202147151e-02
-7.969487239221044461e-02
-7.976484435070595180e-02
-7.981900704355086862e-02
-7.964340530461988532e-02
-7.993266042837632313e-02
-7.974862575817402710e-02
-7.972950651967701530e-02
-7.975741662080286509e-02
-7.978210091582556285e-02
-7.984933043481075299e-02
-7.980409027861609661e-02
-7.973257605105724122e-02
-7.974974362405726214e-02
-7.985103648351477013e-02
-7.973543689572833160e-02
-7.973012164201978558e-02
-7.974929409125677826e-02
-7.964221897631680591e-02
-7.989935516616182565e-02
-7.989765414922429809e-02
-7.982779423864584667e-02
-7.991074272076688356e-02
-7.977833723898471174e-02
-7.978541078233966632e-02
-7.977187674763872027e-02
-7.985452353088835775e-02
-7.971742618523321167e-02
-7.977439751446326055e-02
-7.977207018476858980e-02
-7.975762469760379336e-02
-7.980074305754521202e-02
-7.975866889168989338e-02
-7.984621840373429258e-02
-7.985443187924279318e-02
-7.977281904582159133e-02
-7.976492596859226236e-02
-7.982495153040337910e-02
-7.978955728398449965e-02
-7.988901231109454826e-02
-7.982592569881565014e-02
-7.981891070431555713e-02
-7.993201047013467897e-02
-7.993290002456769627e-02
-7.985554387734086768e-02
-7.992173803146974953e-02
-7.975450404303122132e-02
-7.988188634943831079e-02
-7.971743755181716351e-02
-7.985124811536728484e-02
-7.994252182397902640e-02
-7.978710611523251450e-02
-7.978060993736579842e-02
-7.987250843195679850e-02
-7.983168216174384157e-02
-7.979429582634220419e-02
-7.983780312979946170e-02
-7.972644003469608887e-02
-7.982806905598079095e-02
-7.978177502694684675e-02
-7.987614074220870941e-02
-7.981257188157729610e-02
-7.969151424315541743e-02
-7.963817574038299651e-02
-7.986417638861831314e-02
-7.985272383514183114e-02
-7.967671888172049577e-02
-7.971878565977731645e-02
-7.981827323732705592e-02
-7.969348177964719060e-02
-7.983911377431993084e-02
-7.981352931873386680e-02
-7.977818174768401549e-02
-7.982348716672736655e-02
-7.980496709800823096e-02
-7.973302143597878200e-02
-7.977680957469654444e-02
-7.986346521680985633e-02
-7.967065018560881562e-02
-7.979947148456432993e-02
-7.984657739352164774e-02
-7.975665436631755589e-02
-7.982889525019636057e-02
-7.980597670281983080e-02
-7.983960305333082097e-02
-7.985458638391906838e-02
-7.993765553253766309e-02
-7.980275808497602763e-02
-7.986285949094105996e-02
-7.987333086425689455e-02
-7.982641169587834096e-02
-7.968967167805625362e-02
-7.970274985170211490e-02
-7.984292262964011455e-02
-7.970601363083022750e-02
-7.973394222441672341e-02
-7.988855644675929568e-02
-7.972940189048569049e-02
-7.979560926476621241e-02
-7.988617620409239894e-02
-7.976857219326320692e-02
-7.983704777173485090e-02
-7.979956768172194459e-02
-7.986703643740085401e-02
-7.990007225186344930e-02
-7.984676243818014663e-02
-7.982417962573906678e-02
-7.981852382546208990e-02
-7.987888159580662506e-02
-7.979953144353750527e-02
-7.981751359270675139e-02
-7.980745584736578802e-02
-7.988553542996938706e-02
-7.979625139188606386e-02
-7.984786906034810339e-02
-7.975697073897476674e-02
-7.983493944239281048e-02
-7.979727212327909769e-02
-7.988797179260302694e-02
-7.980444149586622682e-02
-7.992595224286605515e-02
-7.965626754307517099e-02
-7.986189026916866440e-02
-7.982467334683104876e-02
-7.982316205543152354e-02
-7.977890137545236293e-02
-7.980462544687653981e-02
-7.980805760267771498e-02
-7.989748261226482795e-02
-7.984433708012736441e-02
-7.977916515278889176e-02
-7.975991907888367594e-02
-7.993066502044886279e-02
-7.981565022276911059e-02
-7.971682576927741071e-02
-7.970264609170620018e-02
-7.977030203582838319e-02
-8.001907003646095695e-02
-7.962532036884487074e-02
-7.983243488959476664e-02
-7.965773803601286507e-02
-7.971431428225425608e-02
-7.977675807636637473e-02
-7.969200922537231224e-02
-7.971282242299218557e-02
-7.974987515627386669e-02
-7.981424255173240334e-02
-7.977431797518688694e-02
-7.981407743438685698e-02
-7.989767312306193803e-02
-7.981336745242373354e-02
-7.996379993404320596e-02
-7.974633648946942432e-02
-7.978469673144375496e-02
-7.986078450834954712e-02
-7.990960861199895848e-02
-7.979021439774713897e-02
-7.977678225388649957e-02
-7.976867594982264831e-02
-7.983962439223706020e-02
-7.985207280848301281e-02
-7.984039088798408623e-02
-7.982932387096657034e-02
-7.989586367607100226e-02
-7.992174976119792440e-02
-7.967304376931540200e-02
-7.979401901071152270e-02
-7.982013577342837729e-02
-7.979074139727658499e-02
-7.982271262352987062e-02
-7.988996607496434699e-02
-7.972274388764995223e-02
-7.981332711960464898e-02
-7.990925920718291997e-02
-7.951495312104207847e-02
-7.971273443682590221e-02
-7.970139421190491902e-02
-7.982547779932429310e-02
-7.964638098128891397e-02
-7.976815090663881558e-02
-7.983013913482843449e-02
-7.982677885606152823e-02
-7.983357118444397993e-02
-7.986942357998970399e-02
-7.968155434125930026e-02
-7.994323602666539297e-02
-7.975931086364804190e-02
-7.983038356909684385e-02
-7.984263185559732634e-02
-7.978445733143517404e-02
-7.979645350790011415e-02
-7.988023989777524869e-02
-7.983497507462886111e-02
-7.978547651530332185e-02
-7.970681858470464454e-02
-7.977863358563708207e-02
-7.982593058681140830e-02
-7.989729171817150366e-02
-7.965105017814629040e-02
-7.980676458171595544e-02
-7.985063989017972264e-02
-7.982948970147564494e-02
-7.977539328259711238e-02
-7.979971771070894226e-02
-7.964814716351550916e-02
-7.982960737466147927e-02
-7.987108801766927557e-02
-7.983811049474517918e-02
-7.980674787495042888e-02
-7.981722557547578367e-02
-7.978809301313449787e-02
-7.982530890627095865e-02
-7.979220021779639960e-02
-7.986153663318666662e-02
-7.989149779084524228e-02
-7.985868707664942057e-02
-7.983365502756964438e-02
-7.975914666735765823e-02
-7.981281084158305117e-02
-7.983440801238575468e-02
-7.982851259144183032e-02
-7.979897862267780473e-02
-7.975215780507730057e-02
-7.975024473370094513e-02
-7.982401412634561322e-02
-7.985138150392469270e-02
-7.986653417472636129e-02
-7.978154087502531411e-02
-7.993275257189710881e-02
-7.981242320657158662e-02
-7.970891229116876253e-02
-7.990454643016955960e-02
-7.973954431769390838e-02
-7.979700657862116853e-02
-7.984795655029884587e-02
-7.979236838713761604e-02
-7.979764484229580346e-02
-7.978370011179654331e-02
-7.977925455191733906e-02
-7.978342237185713504e-02
-7.980713560305674470e-02
-7.985879931513707730e-02
-7.991530145125226581e-02
-7.992373289247213519e-02
-7.979119405493596828e-02
-7.977631080960763399e-02
-7.988450262168325655e-02
-7.974816603119116998e-02
-7.980318101493863447e-02
-7.988148500005322339e-02
-7.986374777073172726e-02
-7.981029303200580516e-02
-7.980577741336650210e-02
-7.969604313805191131e-02
-7.988046994102214471e-02
-7.990826028637258716e-02
-7.981278768595470585e-02
-7.980904387857738758e-02
-7.977436614405641890e-02
-7.975465283743232714e-02
-7.967131801602277130e-02
-7.981750217789349011e-02
-7.978627092208519234e-02
-7.979508235300894481e-02
-7.984629974372335626e-02
-7.985481910405489714e-02
-7.990295575534056560e-02
-7.974164363902321029e-02
-7.979630334406793979e-02
-7.994279108806331968e-02
-7.991148150197673050e-02
-7.980822433655476722e-02
-7.981134159514215176e-02
-7.980489198957212149e-02
-7.986708493684017973e-02
-7.983595089046861826e-02
-7.975822319457316623e-02
-7.979928980934185290e-02
-7.990884984812203495e-02
-7.975086969972518258e-02
-7.976545459334717647e-02
-7.981789300900911377e-02
-7.969201213076934631e-02
-7.975954110057818791e-02
-7.990315059810461362e-02
-7.978878458632467086e-02
-7.986633888578552332e-02
-7.983360963575066027e-02
-7.972389916747937844e-02
-7.973970896905753503e-02
-7.971977512180493386e-02
-7.976263163271038459e-02
-7.982065464437952673e-02
-7.977303377044084320e-02
-7.975405065878894695e-02
-7.980135153588749364e-02
-7.980883159408048988e-02
-7.990693685992629469e-02
-7.981775084441944390e-02
-7.996743065792456806e-02
-7.976263540366104743e-02
-7.977329885466333259e-02
-7.982207364364558855e-02
-7.976812044593838136e-02
-7.985659044446155597e-02
-7.981116514849416477e-02
-7.981158972879749680e-02
-7.981967209052003021e-02
-7.983478669684389295e-02
-7.982333154004186970e-02
-7.983992571749895517e-02
-7.977851723659819261e-02
-7.975829865376257710e-02
-7.983250994286048008e-02
-7.971592866688957668e-02
-7.992520890205405404e-02
-7.981862579210992348e-02
-7.990437265214793416e-02
-7.982286234185220763e-02
-7.980137976100976083e-02
-7.969437689414560211e-02
-7.977323215750452279e-02
-7.990573397400525801e-02
-7.980325093044263185e-02
-7.980396088176881786e-02
-7.978002606791158302e-02
-7.975682947909486231e-02
-7.975227081773132720e-02
-7.982424494043748042e-02
-7.968000890302603945e-02
-7.987761798593548401e-02
-7.985487126674215008e-02
-7.988785142869740674e-02
-7.972794572466324059e-02
-7.981595372395301757e-02
-7.997321414732683209e-02
-7.984894058130875827e-02
-7.978620239195524655e-02
-7.974914680674720369e-02
-7.989375841490627128e-02
-7.984828862578359499e-02
-7.988656896358703463e-02
-7.982592458147604042e-02
-7.975118569829983683e-02
-7.982361767046874945e-02
-7.991538782096549443e-02
-7.975560056127527220e-02
-7.984238924528075376e-02
-7.989561402793531053e-02
-7.970962056976942101e-02
-7.983836725962138725e-02
-7.999190754953043603e-02
-7.984329019817555662e-02
-7.983629733978776788e-02
-7.981488710782198848e-02
-7.987629401729891276e-02
-7.995347801995489334e-02
-7.983665486266036670e-02
-7.986359463287270866e-02
-7.980265247406601037e-02
-7.976088233087799684e-02
-7.986742219010299626e-02
-7.986453989259333086e-02
-7.985688065182017237e-02
-7.973322309524646934e-02
-7.981382680119156192e-02
-7.979957273820525998e-02
-7.989373783003607399e-02
-7.982948944915416178e-02
-7.973135933855135526e-02
-7.981565955771770249e-02
-7.993845249801076469e-02
-7.976363528188852581e-02
-7.985051954370356309e-02
-7.983645064617735099e-02
-7.977633399270152303e-02
-7.972212460938583878e-02
-7.984031404011969479e-02
-7.976417273049610235e-02
-7.987528348889119667e-02
-7.983230692650852833e-02
-7.974208268094626351e-02
-7.984156178142955140e-02
-7.971594004215960816e-02
-7.982655262058470369e-02
-7.983774978928022403e-02
-7.986715741928038237e-02
-7.972091471897561898e-02
-7.975215372782730461e-02
-7.993753096154009030e-02
-7.980508972457156514e-02
-7.978303841368543370e-02
-7.986560830404966504e-02
-7.980647840921266389e-02
-7.975318732643767172e-02
-7.984419197138890867e-02
-7.980119983494046720e-02
-7.988175186143799122e-02
-7.987645615210732519e-02
-7.987686705141534838e-02
-7.991652993509866520e-02
-7.983172052504691751e-02
-7.982696068739299211e-02
-7.979673678172723161e-02
-7.981916764857663327e-02
-7.987499910553666482e-02
-7.989889019894420852e-02
-7.972786747134692764e-02
-7.970018425198463485e-02
-7.981975863088790202e-02
-7.974807669919260766e-02
-7.984407008014170193e-02
-7.978423965860560740e-02
-7.982728245320271088e-02
-7.970319104216452843e-02
-7.984050022986664830e-02
-7.979723483291223385e-02
-8.012808540011204239e-02
-7.977333490759462575e-02
-7.974225294060806324e-02
-7.978730474732685651e-02
-7.973177812454072810e-02
-7.976847645111254104e-02
-7.974807945004139254e-02
-7.975050140053682735e-02
-7.979764898521936323e-02
-7.976635857162039933e-02
-7.971421324588520707e-02
-7.989280651678923317e-02
-7.976766624009000439e-02
-7.990463820242502124e-02
-7.978843859172077280e-02
-7.970428111563261642e-02
-7.979518513934005797e-02
-7.975979501954300055e-02
-7.975318087901230035e-02
-7.975750360790756499e-02
-7.974148734653881132e-02
-7.988135520646398591e-02
-7.976992591616302586e-02
-7.973136628335107667e-02
-7.987775935042884523e-02
-7.976732611866069189e-02
-7.979846536978676963e-02
-7.984517253371629930e-02
-7.989351974269807977e-02
-7.975684319367373765e-02
-7.980321455689162735e-02
-7.977697989320166327e-02
-8.006157485069090307e-02
-7.975124962404538109e-02
-7.967122166970352914e-02
-7.972411644196379654e-02
-7.969329391232514437e-02
-7.977677119721560128e-02
-7.982187508640332940e-02
-7.978424977728640344e-02
-7.987641764050303073e-02
-7.974876237463505990e-02
-7.984438143488691020e-02
-7.984145567946331068e-02
-7.977397328416244160e-02
-7.978227813983641836e-02
-7.977797010989970405e-02
-8.047786305094316306e-02
-7.975205086948432276e-02
-7.980292712954635548e-02
-7.995065664513369141e-02
-7.970785259825927116e-02
-7.984693742126794391e-02
-7.978510357043254453e-02
-7.964201639859647130e-02
-7.987650169514813603e-02
-7.974951091350894472e-02
-7.985628354693016795e-02
-8.009091581936034210e-02
-7.974326379269577880e-02
-7.979818267777728791e-02
-7.982214729349880467e-02
-7.985231331039784053e-02
-7.986557099384584968e-02
-7.984294322714725889e-02
-7.989222961608730134e-02
-7.978741615811231480e-02
-7.984983223073512104e-02
-7.986115688138542557e-02
-7.988124823873030134e-02
-7.967671082143547301e-02
-7.971085943852636302e-02
-7.978121431340794156e-02
-7.983922697680254088e-02
-7.944574468023311853e-02
-7.976804307856985576e-02
-7.981013327242493516e-02
-7.981187380743900994e-02
-7.981261392426719503e-02
-7.989362906527253116e-02
-7.986466201513195418e-02
-7.972069129799952414e-02
-7.988277806871654785e-02
-7.990021653595162643e-02
-7.987226080719025956e-02
-7.993714878907155763e-02
-7.985193505945252512e-02
-7.983352219024232588e-02
-7.987104670876446488e-02
-7.976101882204465754e-02
-7.999319191456273626e-02
-7.980121225901992688e-02
-7.977272202133778300e-02
-7.986414391234575305e-02
-7.973776042560269672e-02
-7.985682302146905609e-02
-7.985023015369283050e-02
-7.981025532313158755e-02
-7.984773179125879972e-02
-7.985960188237725688e-02
-7.992149835955954240e-02
-7.978472446220703784e-02
-7.981295321581328983e-02
-7.981830730847609690e-02
-7.990657991878184763e-02
-7.989603111746777786e-02
-7.977645982077587183e-02
-7.986104560202351987e-02
-7.986021186774183711e-02
-7.976741565978327786e-02
-7.981699992466484428e-02
-7.978954931238957382e-02
-7.986506696914888459e-02
-7.975323340432693975e-02
-7.981448539089604222e-02
-7.988448503694822733e-02
-7.980866941501034428e-02
-7.986626188913599489e-02
-7.983879998495639618e-02
-7.980686156899015338e-02
-7.984193642512400768e-02
-7.980533126215402784e-02
-7.986963227176938074e-02
-7.976419077745267039e-02
-7.981255480994940699e-02
-7.987598251210648037e-02
-7.987940918796077039e-02
-7.973473219224026798e-02
-7.983141286262575298e-02
-7.978051171947872500e-02
-7.982775755649614002e-02
-7.980794044488459527e-02
-8.003490389045612996e-02
-7.975960385753848303e-02
-7.984057648288442333e-02
-7.984202389055203297e-02
-7.983424627785236372e-02
-7.997666192920689643e-02
-7.982655677532821126e-02
-7.975787435206464770e-02
-7.972746531946353632e-02
-7.991802206166045974e-02
-7.974054613948941550e-02
-7.975225126026859457e-02
-7.979289666756754495e-02
-7.991061697003144781e-02
-7.974801748353874120e-02
-8.003381374100440593e-02
-7.987524215635624647e-02
-7.973505925353308044e-02
-7.976974322407379137e-02
-7.977968698287667138e-02
-7.983209447334112252e-02
-7.980108518643851123e-02
-7.990992481630058986e-02
-7.981649372401940223e-02
-7.980251961630617508e-02
-7.985553095832743919e-02
-7.981401223735463957e-02
-7.985609617048204656e-02
-7.986647225513139603e-02
-7.980262433132578881e-02
-7.979029044223802380e-02
-7.989797450077766594e-02
-7.979903206938332438e-02
-7.975880635125012774e-02
-7.977903924056198304e-02
-7.977695629309312919e-02
-7.976933148450141009e-02
-7.988817674131080959e-02
-7.982827536844126770e-02
-7.989318491746785766e-02
-7.979968416209085036e-02
-7.983309487731371501e-02
-7.984977683555070926e-02
-7.966532109018574503e-02
-7.978438845110590039e-02
-7.982155020926458289e-02
-7.975035254347481728e-02
-7.988147648142383817e-02
-7.974570157044322261e-02
-7.973011283554434780e-02
-7.978939009748205191e-02
-7.980740240996184176e-02
-7.992746897562064134e-02
-7.986561533863430207e-02
-7.986569477589622323e-02
-7.989463513155832530e-02
-7.990721026273951699e-02
-7.976486068582626376e-02
-7.980655071447741167e-02
-7.980949461221002739e-02
-7.989121758477456259e-02
-7.988738195987825363e-02
-7.978338716772823136e-02
-7.995151887279525194e-02
-7.998408610208765368e-02
-7.993303776338149536e-02
-7.985192320340618599e-02
-7.989400173433192087e-02
-7.979438593426280146e-02
-7.983209547937415718e-02
-7.980569635290100938e-02
-7.991347851774299738e-02
-8.001319439913082143e-02
-7.981341042673782693e-02
-7.982438037669151165e-02
-7.976001692948431199e-02
-7.988923900447073012e-02
-7.978760176118734893e-02
-7.990222794775750370e-02
-7.975168810702897015e-02
-7.976069322184546617e-02
-7.987433395309705142e-02
-7.980214457608547640e-02
-7.967786812741059488e-02
-7.978209862110355322e-02
-7.973582181368828181e-02
-7.975914813163464956e-02
-7.972010220057677843e-02
-7.988584682259040892e-02
-7.990032342251807140e-02
-7.979054261713051932e-02
-7.982725127369962037e-02
-7.982052853765424227e-02
-7.981352665532266688e-02
-7.988839164600809728e-02
-7.988958013697236571e-02
-7.976922006180676983e-02
-7.978460604667184097e-02
-7.980439003573062962e-02
-7.976214646994393698e-02
-7.993479399771676042e-02
-7.977126606833387368e-02
-7.983069570764723955e-02
-7.974599553925394713e-02
-7.980033240852064946e-02
-7.984925122846199541e-02
-7.979597209206852615e-02
-7.985330715641399124e-02
-7.970053710031328731e-02
-7.992347471812089044e-02
-7.989547789133659428e-02
-7.984591222792376819e-02
-7.973631171018601138e-02
-7.978096484923453968e-02
-7.972925326771214405e-02
-7.988840977162151025e-02
-7.978638667566820275e-02
-7.982640441344131255e-02
-7.981548392136442183e-02
-7.997133067064843281e-02
-7.995560644278899842e-02
-7.985257572086741640e-02
-7.972930235135408661e-02
-7.987689763002565890e-02
-7.983427269328417786e-02
-7.993954331989591711e-02
-7.975933967868210905e-02
-7.981409465811115100e-02
-7.986513467395053856e-02
-7.974897396278353423e-02
-7.983736988780916477e-02
-7.980605616217041620e-02
-7.989944074305908861e-02
-7.989028768372248568e-02
-7.977283279766814172e-02
-7.980981663319444697e-02
-7.975961796118632985e-02
-7.980220991881901982e-02
-7.981052839032150292e-02
-8.002117449158206719e-02
-7.988686068428810239e-02
-7.979517826706158945e-02
-8.006841867506586663e-02
-7.979872291835003739e-02
-7.982991099818377567e-02
-7.969058805831810699e-02
-7.991746655212325634e-02
-7.970060969890203906e-02
-7.980582664387725345e-02
-7.986687849913935711e-02
-7.987235654740652835e-02
-7.979436837474233879e-02
-7.984945013373066780e-02
-7.994220839393481604e-02
-7.981062239149686044e-02
-7.986175150288854496e-02
-7.981185205404699168e-02
-7.983819073924323939e-02
-7.982738161944583077e-02
-7.988100438327874753e-02
-7.988613415370700299e-02
-7.973455273895743711e-02
-7.982242547914844555e-02
-7.981694595826570315e-02
-7.983162367490974354e-02
-7.989147440657541621e-02
-7.985802631005681218e-02
-7.982081064030342732e-02
-7.981079921123639120e-02
-7.967834966249441597e-02
-7.978135084314888492e-02
-7.990036564979652312e-02
-7.987124193923079984e-02
-7.975877796981675760e-02
-7.976227470616918669e-02
-7.975958198788739295e-02
-7.980753109969519754e-02
-7.982068393892076397e-02
-7.990123466501741767e-02
-7.982847415144732339e-02
-7.990163969583907733e-02
-7.980918766758704486e-02
-7.984835511210054693e-02
-7.984646949222343193e-02
-7.971355488922583776e-02
-7.984487464488661257e-02
-7.977262826124031925e-02
-7.982653430743236189e-02
-7.982265515646151666e-02
-7.976770216253988022e-02
-7.982805395136462201e-02
-7.982230591917124918e-02
-7.978448406745217159e-02
-7.981473946618357351e-02
-7.973476888089517378e-02
-7.971489917692162197e-02
-7.973519154455800673e-02
-7.977033830745743070e-02
-7.983905736208576909e-02
-7.985625414480454487e-02
-7.993187138292058569e-02
-7.987006328806613153e-02
-7.984102968739877071e-02
-7.977753990452465804e-02
-7.986378095527239818e-02
-7.982041172678885910e-02
-7.981482071196541184e-02
-7.984318492285109869e-02
-7.973082209759545236e-02
-7.980493202448303569e-02
-7.994173754832477330e-02
-7.989284762121691419e-02
-7.972334416396965884e-02
-7.981572224920496783e-02
-7.982812800633028172e-02
-7.981887964623742004e-02
-7.980078134417888103e-02
-7.980017187239409060e-02
-7.979410652539178916e-02
-7.973796757538027802e-02
-7.982821035014052435e-02
-7.982920470789853229e-02
-7.981735279515209114e-02
-7.990443199029795274e-02
-7.990857355569624954e-02
-7.992915968665094406e-02
-7.985162628219814873e-02
-7.993515037425034941e-02
-7.990723841494737356e-02
-7.990313798835065040e-02
-7.983309322230427996e-02
-7.987576817507716087e-02
-7.981564939091610744e-02
-7.986704287778453870e-02
-7.991016149112699363e-02
-7.976110962781027269e-02
-7.983027330167709323e-02
-7.988481373998461421e-02
-7.992590173245660290e-02
-7.978802088495243194e-02
-7.985835298750383615e-02
-7.990655485419166648e-02
-7.993624783620187357e-02
-7.975749530983554381e-02
-7.985555394613455538e-02
-7.975279378806540698e-02
-7.986067745292106668e-02
-7.978400394892266878e-02
-7.961427124371016351e-02
-7.988453077774951283e-02
-7.979920587784612718e-02
-7.983328464999421559e-02
-7.975975830121832810e-02
-7.973490926796800160e-02
-7.984817783740560948e-02
-7.978964527636467352e-02
-7.983767191669015328e-02
-7.982009900430675486e-02
-7.985549043262980817e-02
-7.969369746076171435e-02
-7.973524136887201463e-02
-7.983343110228537098e-02
-7.987127142996304496e-02
-7.982490011234433247e-02
-7.968087125148216876e-02
-7.975467605751132560e-02
-7.981690243208512670e-02
-7.990340685398375498e-02
-7.982732569237778464e-02
-7.982780567126220028e-02
-7.982280347886260008e-02
-7.969732296976163310e-02
-7.970861664296843840e-02
-7.974368386600627634e-02
-7.982175659569236414e-02
-7.972629570952401157e-02
-7.973442079693308926e-02
-7.985479068392722923e-02
-7.993200527943249145e-02
-7.989799624463866934e-02
-7.976083513692754090e-02
-7.986489221947408457e-02
-7.977181928236809494e-02
-7.987683335323847444e-02
-7.990571540357152558e-02
-7.985100391085797611e-02
-7.990479654903152873e-02
-7.976527200918616389e-02
-7.978147110029380762e-02
-7.976743343295941702e-02
-7.990098726264298346e-02
-7.984864893750187598e-02
-7.984957297080914895e-02
-7.966636523625135469e-02
-7.978012262393885390e-02
-7.985441548498493913e-02
-7.981162573056936604e-02
-7.987500398089993070e-02
-7.981170830499828561e-02
-7.987095161202176219e-02
-7.965929902188639833e-02
-7.985871016748309625e-02
-7.979609261757712735e-02
-7.979441576847660922e-02
-7.974305233354130051e-02
-7.978122056577897914e-02
-7.973876751914070471e-02
-7.981949838778211459e-02
-7.980254977072322176e-02
-7.982359222507492968e-02
-7.970679597397713201e-02
-7.984628079885144891e-02
-7.975525300304996124e-02
-7.980967764290693156e-02
-7.985328784089627818e-02
-7.985483371113209772e-02
-7.974007885653137950e-02
-7.979980084327069345e-02
-7.992704021571397921e-02
-7.973956213158710227e-02
-7.977599642233966504e-02
-7.989883351903750985e-02
-7.976352876346849696e-02
-7.990140901823446218e-02
-7.977117626280781637e-02
-7.983082375106653750e-02
-7.989837335825597520e-02
-7.971358514937261497e-02
-7.990715996295462420e-02
-7.994668274297664357e-02
-7.982078314382566597e-02
-7.981349153014341558e-02
-7.974291554243961855e-02
-7.984900570884846671e-02
-7.985621675540402475e-02
-7.976018831921634356e-02
-7.985609120366356228e-02
-7.987260467296254662e-02
-7.985567964130339813e-02
-7.991524497324917209e-02
-7.966258149134444744e-02
-7.986090330357280276e-02
-7.979493013105007360e-02
-7.969349717097361230e-02
-7.990706346363062040e-02
-7.990183260023644984e-02
-7.989638395695301820e-02
-7.978336083387560507e-02
-7.980470998816567574e-02
-7.988508855146395082e-02
-7.981645653208425950e-02
-7.993301311559786182e-02
-7.983693252081860980e-02
-7.983214382734094006e-02
-7.985214098953509476e-02
-7.986123195514557849e-02
-7.998845011431719720e-02
-7.979733928213443572e-02
-7.983314400139736311e-02
-7.984679219628294800e-02
-7.990199503424959271e-02
-7.986102525470990809e-02
-8.005399724117331917e-02
-7.971673080930509470e-02
-7.983623000470436992e-02
-7.982705224741226679e-02
-7.982192771601448467e-02
-7.992109337137687231e-02
-7.988045855869750633e-02
-7.984159463069546991e-02
-7.973650977178524391e-02
-7.988012062127773649e-02
-7.989444273720924805e-02
-7.978856733702092974e-02
-7.981762922844937158e-02
-7.969459181999494213e-02
-7.978582188196341185e-02
-7.981736225831261022e-02
