-2.436498925089836121e-02
-2.436589822173118591e-02
-2.437053062021732330e-02
-2.437505684792995453e-02
-2.436740510165691376e-02
-2.437126450240612030e-02
-2.436989173293113708e-02
-2.437140606343746185e-02
-2.437092922627925873e-02
-2.437088638544082642e-02
-2.436956949532032013e-02
-2.436982281506061554e-02
-2.436729706823825836e-02
-2.436765097081661224e-02
-2.437310479581356049e-02
-2.437071315944194794e-02
-2.436853758990764618e-02
-2.437383867800235748e-02
-2.436816319823265076e-02
-2.436549775302410126e-02
-2.436712011694908142e-02
-2.436915971338748932e-02
-2.436951175332069397e-02
-2.436952106654644012e-02
-2.436903491616249084e-02
-2.437047101557254791e-02
-2.435735799372196198e-02
-2.437288872897624969e-02
-2.437943033874034882e-02
-2.437045425176620483e-02
-2.437338978052139282e-02
-2.437255345284938812e-02
-2.436817623674869537e-02
-2.437316626310348511e-02
-2.436504699289798737e-02
-2.437034435570240021e-02
-2.437078766524791718e-02
-2.437304705381393433e-02
-2.437089942395687103e-02
-2.437256649136543274e-02
-2.437389455735683441e-02
-2.436996065080165863e-02
-2.437207661569118500e-02
-2.437002025544643402e-02
-2.437354996800422668e-02
-2.437524683773517609e-02
-2.438251487910747528e-02
-2.437501400709152222e-02
-2.436665445566177368e-02
-2.437043748795986176e-02
-2.437210828065872192e-02
-2.437094412744045258e-02
-2.437367290258407593e-02
-2.437421120703220367e-02
-2.437219582498073578e-02
-2.437967620790004730e-02
-2.437939867377281189e-02
-2.437352761626243591e-02
-2.437771111726760864e-02
-2.437398396432399750e-02
-2.437368780374526978e-02
-2.437936887145042419e-02
-2.437757514417171478e-02
-2.437651343643665314e-02
-2.437351830303668976e-02
-2.438091114163398743e-02
-2.438025921583175659e-02
-2.437945082783699036e-02
-2.437930926680564880e-02
-2.438301593065261841e-02
-2.438013628125190735e-02
-2.438230067491531372e-02
-2.437965013086795807e-02
-2.437766641378402710e-02
-2.437845803797245026e-02
-2.437847107648849487e-02
-2.438185177743434906e-02
-2.438128180801868439e-02
-2.438722737133502960e-02
-2.437712065875530243e-02
-2.438245527446269989e-02
-2.438122220337390900e-02
-2.438222244381904602e-02
-2.438704110682010651e-02
-2.438713982701301575e-02
-2.438088506460189819e-02
-2.438323758542537689e-02
-2.437836490571498871e-02
-2.438269928097724915e-02
-2.438615448772907257e-02
-2.438051067292690277e-02
-2.438929118216037750e-02
-2.438083663582801819e-02
-2.437760494649410248e-02
-2.437875233590602875e-02
-2.437946572899818420e-02
-2.438757196068763733e-02
-2.438762970268726349e-02
-2.438277192413806915e-02
-2.438263036310672760e-02
-2.438072301447391510e-02
-2.438654564321041107e-02
-2.438414655625820160e-02
-2.438351325690746307e-02
-2.438434213399887085e-02
-2.438518963754177094e-02
-2.438266202807426453e-02
-2.438238076865673065e-02
-2.438657358288764954e-02
-2.438548766076564789e-02
-2.438618615269660950e-02
-2.438577078282833099e-02
-2.439277991652488708e-02
-2.438407763838768005e-02
-2.438388578593730927e-02
-2.438478544354438782e-02
-2.438772097229957581e-02
-2.438730187714099884e-02
-2.438822574913501740e-02
-2.438712678849697113e-02
-2.438992448151111603e-02
-2.438122406601905823e-02
-2.438406459987163544e-02
-2.439093776047229767e-02
-2.439085394144058228e-02
-2.438780851662158966e-02
-2.438853122293949127e-02
-2.438698150217533112e-02
-2.438531070947647095e-02
-2.438426204025745392e-02
-2.438637800514698029e-02
-2.438787743449211121e-02
-2.438852936029434204e-02
-2.438642829656600952e-02
-2.438665740191936493e-02
-2.438887581229209900e-02
-2.439391426742076874e-02
-2.439276129007339478e-02
-2.439245022833347321e-02
-2.439350076019763947e-02
-2.438698522746562958e-02
-2.439043484628200531e-02
-2.439071983098983765e-02
-2.438471652567386627e-02
-2.438614703714847565e-02
-2.439030446112155914e-02
-2.439162880182266235e-02
-2.439318038523197174e-02
-2.439415268599987030e-02
-2.439020946621894836e-02
-2.438937313854694366e-02
-2.438673004508018494e-02
-2.438845671713352203e-02
-2.438841573894023895e-02
-2.439113892614841461e-02
-2.438936941325664520e-02
-2.439034171402454376e-02
-2.439407445490360260e-02
-2.439730428159236908e-02
-2.439994364976882935e-02
-2.439225837588310242e-02
-2.439289540052413940e-02
-2.439511381089687347e-02
-2.439291588962078094e-02
-2.438946813344955444e-02
-2.439070865511894226e-02
-2.439478784799575806e-02
-2.439324371516704559e-02
-2.439359575510025024e-02
-2.438992820680141449e-02
-2.439558878540992737e-02
-2.439601905643939972e-02
-2.439486421644687653e-02
-2.439037524163722992e-02
-2.439296431839466095e-02
-2.439317479729652405e-02
-2.439496107399463654e-02
-2.439237944781780243e-02
-2.438825182616710663e-02
-2.439693175256252289e-02
-2.439401857554912567e-02
-2.439449541270732880e-02
-2.439418807625770569e-02
-2.439517900347709656e-02
-2.439522370696067810e-02
-2.439003437757492065e-02
-2.439478598535060883e-02
-2.439014427363872528e-02
-2.439500577747821808e-02
-2.439747564494609833e-02
-2.439112588763237000e-02
-2.439309097826480865e-02
-2.439514733850955963e-02
-2.439242973923683167e-02
-2.439134009182453156e-02
-2.439320646226406097e-02
-2.439989894628524780e-02
-2.439419552683830261e-02
-2.439464069902896881e-02
-2.439389936625957489e-02
-2.439487166702747345e-02
-2.439112029969692230e-02
-2.439185604453086853e-02
-2.439499087631702423e-02
-2.439228072762489319e-02
-2.439367584884166718e-02
-2.439476363360881805e-02
-2.439489588141441345e-02
-2.439761534333229065e-02
-2.439630590379238129e-02
-2.439369075000286102e-02
-2.439637668430805206e-02
-2.439594827592372894e-02
-2.439236082136631012e-02
-2.439613454043865204e-02
-2.440023049712181091e-02
-2.439714781939983368e-02
-2.439440041780471802e-02
-2.439590543508529663e-02
-2.439439855515956879e-02
-2.439559809863567352e-02
-2.439989894628524780e-02
-2.439677901566028595e-02
-2.439380809664726257e-02
-2.439415641129016876e-02
-2.439513057470321655e-02
-2.440106682479381561e-02
-2.439739182591438293e-02
-2.439618296921253204e-02
-2.439588494598865509e-02
-2.439070306718349457e-02
-2.439880557358264923e-02
-2.439850755035877228e-02
-2.439283765852451324e-02
-2.439873665571212769e-02
-2.439801208674907684e-02
-2.440217696130275726e-02
-2.439903840422630310e-02
-2.439599297940731049e-02
-2.439752966165542603e-02
-2.439626678824424744e-02
-2.440079301595687866e-02
-2.440193481743335724e-02
-2.439731173217296600e-02
-2.440069429576396942e-02
-2.439404092729091644e-02
-2.439979277551174164e-02
-2.439593151211738586e-02
-2.440326474606990814e-02
-2.439960651099681854e-02
-2.439900487661361694e-02
-2.439715713262557983e-02
-2.439984306693077087e-02
-2.439712360501289368e-02
-2.440072409808635712e-02
-2.439737878739833832e-02
-2.439756132662296295e-02
-2.439442649483680725e-02
-2.439742907881736755e-02
-2.439787611365318298e-02
-2.439745329320430756e-02
-2.439865283668041229e-02
-2.440086379647254944e-02
-2.439934201538562775e-02
-2.440106123685836792e-02
-2.439628355205059052e-02
-2.439202740788459778e-02
-2.439675293862819672e-02
-2.440149895846843719e-02
-2.439434453845024109e-02
-2.439962700009346008e-02
-2.439786307513713837e-02
-2.439946122467517853e-02
-2.439868077635765076e-02
-2.440326660871505737e-02
-2.440122887492179871e-02
-2.439915202558040619e-02
-2.439909055829048157e-02
-2.440231852233409882e-02
-2.439910545945167542e-02
-2.439581230282783508e-02
-2.439777739346027374e-02
-2.439905330538749695e-02
-2.439719624817371368e-02
-2.439757063984870911e-02
-2.440004609525203705e-02
-2.439946867525577545e-02
-2.439957112073898315e-02
-2.439833246171474457e-02
-2.440447360277175903e-02
-2.440379373729228973e-02
-2.440021745860576630e-02
-2.439868077635765076e-02
-2.440214902162551880e-02
-2.440127916634082794e-02
-2.440147660672664642e-02
-2.439907006919384003e-02
-2.439919672906398773e-02
-2.439797483384609222e-02
-2.439824305474758148e-02
-2.440289035439491272e-02
-2.440008334815502167e-02
-2.439830824732780457e-02
-2.440080232918262482e-02
-2.440004423260688782e-02
-2.440083585679531097e-02
-2.439570054411888123e-02
-2.439749799668788910e-02
-2.439909800887107849e-02
-2.439652755856513977e-02
-2.440047822892665863e-02
-2.440225332975387573e-02
-2.439837716519832611e-02
-2.439966984093189240e-02
-2.439914084970951080e-02
-2.440348826348781586e-02
-2.439540252089500427e-02
-2.439678087830543518e-02
-2.439799346029758453e-02
-2.440207079052925110e-02
-2.440053410828113556e-02
-2.439741231501102448e-02
-2.439704723656177521e-02
-2.439731545746326447e-02
-2.439945749938488007e-02
-2.440058812499046326e-02
-2.440362609922885895e-02
-2.440194599330425262e-02
-2.439840883016586304e-02
-2.440171688795089722e-02
-2.439901046454906464e-02
-2.439783699810504913e-02
-2.440116368234157562e-02
-2.439809776842594147e-02
-2.439783886075019836e-02
-2.440202794969081879e-02
-2.440034039318561554e-02
-2.439817972481250763e-02
-2.440273948013782501e-02
-2.440233714878559113e-02
-2.440030314028263092e-02
-2.440150827169418335e-02
-2.440345846116542816e-02
-2.440113015472888947e-02
-2.440125681459903717e-02
-2.440242283046245575e-02
-2.440319024026393890e-02
-2.439828962087631226e-02
-2.440097182989120483e-02
-2.439964935183525085e-02
-2.440025098621845245e-02
-2.440124005079269409e-02
-2.439624257385730743e-02
-2.439580112695693970e-02
-2.440200001001358032e-02
-2.440225332975387573e-02
-2.440057136118412018e-02
-2.440322749316692352e-02
-2.440332435071468353e-02
-2.440804801881313324e-02
-2.440022118389606476e-02
-2.440467663109302521e-02
-2.440262958407402039e-02
-2.440484426915645599e-02
-2.439848892390727997e-02
-2.440162934362888336e-02
-2.440606802701950073e-02
-2.440083585679531097e-02
-2.440348081290721893e-02
-2.440284937620162964e-02
-2.439997345209121704e-02
-2.440348826348781586e-02
-2.440043352544307709e-02
-2.440251223742961884e-02
-2.440168894827365875e-02
-2.440086379647254944e-02
-2.440281026065349579e-02
-2.439989335834980011e-02
-2.440660260617733002e-02
-2.440675720572471619e-02
-2.440293878316879272e-02
-2.440152689814567566e-02
-2.440285868942737579e-02
-2.440213039517402649e-02
-2.440818399190902710e-02
-2.439863421022891998e-02
-2.439819090068340302e-02
-2.440143935382366180e-02
-2.440207079052925110e-02
-2.440212853252887726e-02
-2.440098300576210022e-02
-2.439951524138450623e-02
-2.440616115927696228e-02
-2.440147474408149719e-02
-2.440313808619976044e-02
-2.440376393496990204e-02
-2.439879998564720154e-02
-2.440374344587326050e-02
-2.440221980214118958e-02
-2.440763451159000397e-02
-2.440402098000049591e-02
-2.439739927649497986e-02
-2.440578676760196686e-02
-2.440107800066471100e-02
-2.440532669425010681e-02
-2.440568991005420685e-02
-2.439912781119346619e-02
-2.440324984490871429e-02
-2.440136298537254333e-02
-2.439603954553604126e-02
-2.440520375967025757e-02
-2.440473064780235291e-02
-2.440238185226917267e-02
-2.440210059285163879e-02
-2.440448850393295288e-02
-2.440279908478260040e-02
-2.440594881772994995e-02
-2.440369315445423126e-02
-2.439987845718860626e-02
-2.440292574465274811e-02
-2.440481260418891907e-02
-2.440627291798591614e-02
-2.440529502928256989e-02
-2.440461330115795135e-02
-2.440822310745716095e-02
-2.439710684120655060e-02
-2.440373413264751434e-02
-2.440303191542625427e-02
-2.440378814935684204e-02
-2.440412715077400208e-02
-2.440275996923446655e-02
-2.440013736486434937e-02
-2.440403774380683899e-02
-2.440588921308517456e-02
-2.440092153847217560e-02
-2.440612763166427612e-02
-2.440010756254196167e-02
-2.440631017088890076e-02
-2.440264075994491577e-02
-2.440901659429073334e-02
-2.440639585256576538e-02
-2.440450899302959442e-02
-2.440352365374565125e-02
-2.440425939857959747e-02
-2.440570108592510223e-02
-2.440548501908779144e-02
-2.440419606864452362e-02
-2.440552785992622375e-02
-2.440677955746650696e-02
-2.440570108592510223e-02
-2.440227940678596497e-02
-2.440689131617546082e-02
-2.439933642745018005e-02
-2.440182492136955261e-02
-2.440585382282733917e-02
-2.440444752573966980e-02
-2.440557815134525299e-02
-2.440254762768745422e-02
-2.440385334193706512e-02
-2.440467663109302521e-02
-2.440265193581581116e-02
-2.440606430172920227e-02
-2.440684847533702850e-02
-2.440494857728481293e-02
-2.440398558974266052e-02
-2.440786734223365784e-02
-2.440476976335048676e-02
-2.440452203154563904e-02
-2.440378442406654358e-02
-2.440463192760944366e-02
-2.440329268574714661e-02
-2.440568618476390839e-02
-2.440633252263069153e-02
-2.440502308309078217e-02
-2.440017648041248322e-02
-2.440548688173294067e-02
-2.440218999981880188e-02
-2.440609596669673920e-02
-2.440042980015277863e-02
-2.440625615417957306e-02
-2.440426684916019440e-02
-2.440430037677288055e-02
-2.440119162201881409e-02
-2.440800331532955170e-02
-2.440367825329303741e-02
-2.440863288938999176e-02
-2.440755814313888550e-02
-2.440113388001918793e-02
-2.440283261239528656e-02
-2.440655417740345001e-02
-2.440855093300342560e-02
-2.440205402672290802e-02
-2.440435625612735748e-02
-2.440821938216686249e-02
-2.440115436911582947e-02
-2.440660819411277771e-02
-2.440696023404598236e-02
-2.440366521477699280e-02
-2.440435625612735748e-02
-2.440432459115982056e-02
-2.440501563251018524e-02
-2.440311387181282043e-02
-2.440715394914150238e-02
-2.440200187265872955e-02
-2.440908737480640411e-02
-2.440456859767436981e-02
-2.440517023205757141e-02
-2.440397255122661591e-02
-2.440636605024337769e-02
-2.440205588936805725e-02
-2.440528385341167450e-02
-2.440932579338550568e-02
-2.440022677183151245e-02
-2.441063150763511658e-02
-2.440433949232101440e-02
-2.440662123262882233e-02
-2.440172247588634491e-02
-2.440606430172920227e-02
-2.440311387181282043e-02
-2.440265566110610962e-02
-2.440867759287357330e-02
-2.440796233713626862e-02
-2.440224960446357727e-02
-2.440644428133964539e-02
-2.440584450960159302e-02
-2.440565079450607300e-02
-2.440480701625347137e-02
-2.440472319722175598e-02
-2.440642938017845154e-02
-2.440440095961093903e-02
-2.440451830625534058e-02
-2.440520375967025757e-02
-2.440295182168483734e-02
-2.440398372709751129e-02
-2.440412715077400208e-02
-2.440344169735908508e-02
-2.440631017088890076e-02
-2.440035901963710785e-02
-2.440314367413520813e-02
-2.440639212727546692e-02
-2.440444938838481903e-02
-2.440115436911582947e-02
-2.440464310348033905e-02
-2.440543100237846375e-02
-2.440242655575275421e-02
-2.440367452800273895e-02
-2.440734952688217163e-02
-2.440841309726238251e-02
-2.440682984888553619e-02
-2.440170198678970337e-02
-2.440669387578964233e-02
-2.440779656171798706e-02
-2.440591715276241302e-02
-2.440569736063480377e-02
-2.440476603806018829e-02
-2.440282329916954041e-02
-2.440824359655380249e-02
-2.440447546541690826e-02
-2.440965361893177032e-02
-2.440506406128406525e-02
-2.440723590552806854e-02
-2.440762892365455627e-02
-2.440101839601993561e-02
-2.440427616238594055e-02
-2.440660633146762848e-02
-2.441018074750900269e-02
-2.440405450761318207e-02
-2.440916560590267181e-02
-2.440393157303333282e-02
-2.440724521875381470e-02
-2.441155537962913513e-02
-2.440380118787288666e-02
-2.440962754189968109e-02
-2.440900169312953949e-02
-2.440750226378440857e-02
-2.440896816551685333e-02
-2.440849505364894867e-02
-2.440610714256763458e-02
-2.440807037055492401e-02
-2.440354041755199432e-02
-2.440833672881126404e-02
-2.440938539803028107e-02
-2.440368384122848511e-02
-2.440443076193332672e-02
-2.440604194998741150e-02
-2.440486662089824677e-02
-2.440172806382179260e-02
-2.440365403890609741e-02
-2.440660633146762848e-02
-2.440670691430568695e-02
-2.440718375146389008e-02
-2.440573461353778839e-02
-2.440742962062358856e-02
-2.440339885652065277e-02
-2.440136298537254333e-02
-2.440388314425945282e-02
-2.440751157701015472e-02
-2.440631575882434845e-02
-2.440627664327621460e-02
-2.440677024424076080e-02
-2.440471388399600983e-02
-2.440866082906723022e-02
-2.440626733005046844e-02
-2.440322376787662506e-02
-2.440943941473960876e-02
-2.440581284463405609e-02
-2.440412156283855438e-02
-2.440405450761318207e-02
-2.440389245748519897e-02
-2.440518327057361603e-02
-2.440907806158065796e-02
-2.440906502306461334e-02
-2.440233714878559113e-02
-2.440671063959598541e-02
-2.440718188881874084e-02
-2.440636232495307922e-02
-2.440409734845161438e-02
-2.440375834703445435e-02
-2.440328709781169891e-02
-2.440362982451915741e-02
-2.440880984067916870e-02
-2.440424636006355286e-02
-2.440599910914897919e-02
-2.440460771322250366e-02
-2.440441586077213287e-02
-2.440586872398853302e-02
-2.440738864243030548e-02
-2.440277487039566040e-02
-2.440641261637210846e-02
-2.440581843256950378e-02
-2.440712787210941315e-02
-2.440696023404598236e-02
-2.440665476024150848e-02
-2.440788596868515015e-02
-2.440873160958290100e-02
-2.440947853028774261e-02
-2.440793439745903015e-02
-2.440665848553180695e-02
-2.440292760729789734e-02
-2.440494485199451447e-02
-2.440336160361766815e-02
-2.440708503127098083e-02
-2.440915256738662720e-02
-2.440742962062358856e-02
-2.440558187663555145e-02
-2.440869063138961792e-02
-2.441016025841236115e-02
-2.440702170133590698e-02
-2.441102638840675354e-02
-2.440689876675605774e-02
-2.440459467470645905e-02
-2.440764941275119781e-02
-2.440803870558738708e-02
-2.440518327057361603e-02
-2.440445497632026672e-02
-2.440641261637210846e-02
-2.440722472965717316e-02
-2.440725080668926239e-02
-2.440989762544631958e-02
-2.440339513123035431e-02
-2.440349385142326355e-02
-2.440434321761131287e-02
-2.441031858325004578e-02
-2.440625615417957306e-02
-2.441102638840675354e-02
-2.440919354557991028e-02
-2.440949529409408569e-02
-2.440861798822879791e-02
-2.440291829407215118e-02
-2.440836280584335327e-02
-2.440728433430194855e-02
-2.440827339887619019e-02
-2.440446056425571442e-02
-2.440647967159748077e-02
-2.440603263676166534e-02
-2.440977655351161957e-02
-2.440643869340419769e-02
-2.440297417342662811e-02
-2.440937794744968414e-02
-2.440335974097251892e-02
-2.440400794148445129e-02
-2.440806850790977478e-02
-2.440185286104679108e-02
-2.440365031361579895e-02
-2.440970763564109802e-02
-2.441007085144519806e-02
-2.440420910716056824e-02
-2.440425939857959747e-02
-2.440236322581768036e-02
-2.440801076591014862e-02
-2.440407685935497284e-02
-2.440584264695644379e-02
-2.440336905419826508e-02
-2.440742030739784241e-02
-2.440853044390678406e-02
-2.440628968179225922e-02
-2.440640144050121307e-02
-2.441096678376197815e-02
-2.440385892987251282e-02
-2.440451830625534058e-02
-2.440628036856651306e-02
-2.440779283642768860e-02
-2.440566755831241608e-02
-2.440864220261573792e-02
-2.440940029919147491e-02
-2.440756745636463165e-02
-2.440836280584335327e-02
-2.440456114709377289e-02
-2.440773323178291321e-02
-2.440761774778366089e-02
-2.440781332552433014e-02
-2.440577000379562378e-02
-2.440817467868328094e-02
-2.440865524113178253e-02
-2.440340444445610046e-02
-2.440631017088890076e-02
-2.440644055604934692e-02
-2.440937049686908722e-02
-2.440681681036949158e-02
-2.440730668604373932e-02
-2.440523542463779449e-02
-2.440822683274745941e-02
-2.440495230257511139e-02
-2.440572716295719147e-02
-2.440210059285163879e-02
-2.440740726888179779e-02
-2.440803684294223785e-02
-2.440556138753890991e-02
-2.440547011792659760e-02
-2.440486289560794830e-02
-2.441446669399738312e-02
-2.440674416720867157e-02
-2.440865710377693176e-02
-2.440784685313701630e-02
-2.440884895622730255e-02
-2.440733276307582855e-02
-2.440766431391239166e-02
-2.440730668604373932e-02
-2.440514415502548218e-02
-2.440964430570602417e-02
-2.440863475203514099e-02
-2.440951950848102570e-02
-2.440926991403102875e-02
-2.440868504345417023e-02
-2.440609410405158997e-02
-2.440832369029521942e-02
-2.440559305250644684e-02
-2.440787665545940399e-02
-2.440266124904155731e-02
-2.440452389419078827e-02
-2.440636791288852692e-02
-2.440725825726985931e-02
-2.440980635583400726e-02
-2.440935559570789337e-02
-2.440298162400722504e-02
-2.440788596868515015e-02
-2.440757490694522858e-02
-2.440847828984260559e-02
-2.440765686333179474e-02
-2.440225891768932343e-02
-2.440674230456352234e-02
-2.440507523715496063e-02
-2.440740540623664856e-02
-2.440785244107246399e-02
-2.440754510462284088e-02
-2.440733648836612701e-02
-2.441119775176048279e-02
-2.440793439745903015e-02
-2.440516836941242218e-02
-2.441082708537578583e-02
-2.440906502306461334e-02
-2.440504543483257294e-02
-2.440722100436687469e-02
-2.440598234534263611e-02
-2.440908178687095642e-02
-2.440923638641834259e-02
-2.440942451357841492e-02
-2.440870180726051331e-02
-2.440508455038070679e-02
-2.440908923745155334e-02
-2.440948225557804108e-02
-2.440622821450233459e-02
-2.440614812076091766e-02
-2.440996281802654266e-02
-2.440720982849597931e-02
-2.441058866679668427e-02
-2.440791018307209015e-02
-2.440902777016162872e-02
-2.440858073532581329e-02
-2.440383657813072205e-02
-2.441118098795413971e-02
-2.440567128360271454e-02
-2.440466359257698059e-02
-2.440944500267505646e-02
-2.440390549600124359e-02
-2.440663799643516541e-02
-2.440602146089076996e-02
-2.440888434648513794e-02
-2.440819330513477325e-02
-2.440974302589893341e-02
-2.440585009753704071e-02
-2.440747059881687164e-02
-2.440821751952171326e-02
-2.440648525953292847e-02
-2.440670877695083618e-02
-2.440966293215751648e-02
-2.440001256763935089e-02
-2.441187016665935516e-02
-2.440644055604934692e-02
-2.440344542264938354e-02
-2.440928108990192413e-02
-2.440672367811203003e-02
-2.440813370048999786e-02
-2.440541796386241913e-02
-2.440916746854782104e-02
-2.440694160759449005e-02
-2.440843358635902405e-02
-2.440726943314075470e-02
-2.440736256539821625e-02
-2.441140450537204742e-02
-2.440775372087955475e-02
-2.440606430172920227e-02
-2.440473251044750214e-02
-2.440963312983512878e-02
-2.440760843455791473e-02
-2.440893091261386871e-02
-2.441111393272876740e-02
-2.440658770501613617e-02
-2.440777979791164398e-02
-2.440768666565418243e-02
-2.440746873617172241e-02
-2.440704777836799622e-02
-2.440611273050308228e-02
-2.440843731164932251e-02
-2.440761774778366089e-02
-2.440878003835678101e-02
-2.440856769680976868e-02
-2.440810762345790863e-02
-2.441010810434818268e-02
-2.440940216183662415e-02
-2.440833114087581635e-02
-2.440841682255268097e-02
-2.440776303410530090e-02
-2.441009134054183960e-02
-2.440742775797843933e-02
-2.440752461552619934e-02
-2.440863475203514099e-02
-2.440843544900417328e-02
-2.440991066396236420e-02
-2.440358325839042664e-02
-2.441189996898174286e-02
-2.441202849149703979e-02
-2.440852858126163483e-02
-2.440662495791912079e-02
-2.440754882991313934e-02
-2.440790459513664246e-02
-2.440802194178104401e-02
-2.440575696527957916e-02
-2.440952882170677185e-02
-2.440562471747398376e-02
-2.440740540623664856e-02
-2.440783567726612091e-02
-2.440777979791164398e-02
-2.440551109611988068e-02
-2.440607734024524689e-02
-2.440669760107994080e-02
-2.440913766622543335e-02
-2.440880052745342255e-02
-2.440906502306461334e-02
-2.440706826746463776e-02
-2.440779283642768860e-02
-2.440807409584522247e-02
-2.440833672881126404e-02
-2.440842613577842712e-02
-2.440590597689151764e-02
-2.440952509641647339e-02
-2.440857142210006714e-02
-2.440853230655193329e-02
-2.441111393272876740e-02
-2.440468221902847290e-02
-2.440520003437995911e-02
-2.440423518419265747e-02
-2.440844848752021790e-02
-2.441173046827316284e-02
-2.440833859145641327e-02
-2.440414018929004669e-02
-2.440641261637210846e-02
-2.440927550196647644e-02
-2.440828271210193634e-02
-2.440727315843105316e-02
-2.440520748496055603e-02
-2.441101521253585815e-02
-2.440985105931758881e-02
-2.440736256539821625e-02
-2.440845593810081482e-02
-2.440293878316879272e-02
-2.440856210887432098e-02
-2.441086992621421814e-02
-2.440851181745529175e-02
-2.441060729324817657e-02
-2.440562099218368530e-02
-2.441141195595264435e-02
-2.441034838557243347e-02
-2.440865896642208099e-02
-2.440753020346164703e-02
-2.441123314201831818e-02
-2.440779656171798706e-02
-2.440615743398666382e-02
-2.440661750733852386e-02
-2.440862730145454407e-02
-2.441360428929328918e-02
-2.440752647817134857e-02
-2.440812811255455017e-02
-2.440967783331871033e-02
-2.441097609698772430e-02
-2.440715767443180084e-02
-2.440633997321128845e-02
-2.440795861184597015e-02
-2.440812997519969940e-02
-2.440742589533329010e-02
-2.441015280783176422e-02
-2.441038936376571655e-02
-2.440861426293849945e-02
-2.440648898482322693e-02
-2.441009506583213806e-02
-2.440750971436500549e-02
-2.441014535725116730e-02
-2.440599724650382996e-02
-2.440544217824935913e-02
-2.440536208450794220e-02
-2.440446428954601288e-02
-2.440484054386615753e-02
-2.440825663506984711e-02
-2.440873533487319946e-02
-2.440548874437808990e-02
-2.440543286502361298e-02
-2.440674975514411926e-02
-2.440721914172172546e-02
-2.441066689789295197e-02
-2.441019751131534576e-02
-2.441012486815452576e-02
-2.441182918846607208e-02
-2.440943196415901184e-02
-2.440664730966091156e-02
-2.440584264695644379e-02
-2.441054210066795349e-02
-2.440761774778366089e-02
-2.441050484776496887e-02
-2.441084198653697968e-02
-2.440557815134525299e-02
-2.440788038074970245e-02
-2.440933324396610260e-02
-2.441157214343547821e-02
-2.440549992024898529e-02
-2.441098913550376892e-02
-2.440878003835678101e-02
-2.440809085965156555e-02
-2.441201917827129364e-02
-2.440974302589893341e-02
-2.441008761525154114e-02
-2.441069111227989197e-02
-2.440380677580833435e-02
-2.440963499248027802e-02
-2.441081590950489044e-02
-2.441139705479145050e-02
-2.441181987524032593e-02
-2.440834790468215942e-02
-2.441255562007427216e-02
-2.440783008933067322e-02
-2.440621890127658844e-02
-2.441083453595638275e-02
-2.440780214965343475e-02
-2.440751902759075165e-02
-2.440817281603813171e-02
-2.441150136291980743e-02
-2.440753765404224396e-02
-2.440767735242843628e-02
-2.440983988344669342e-02
-2.440650388598442078e-02
-2.440717443823814392e-02
-2.440751902759075165e-02
-2.441149204969406128e-02
-2.440698258578777313e-02
-2.440885826945304871e-02
-2.440653555095195770e-02
-2.440650947391986847e-02
-2.441151253879070282e-02
-2.441115304827690125e-02
-2.441060356795787811e-02
-2.441227063536643982e-02
-2.441263757646083832e-02
-2.440763823688030243e-02
-2.440940029919147491e-02
-2.441267296671867371e-02
-2.441133931279182434e-02
-2.440729923546314240e-02
-2.441007085144519806e-02
-2.440524846315383911e-02
-2.440818585455417633e-02
-2.440858446061611176e-02
