-4.577099531888961792e-02
-4.353252798318862915e-02
-4.302867129445075989e-02
-4.363779723644256592e-02
-4.425620287656784058e-02
-4.464777559041976929e-02
-4.495643079280853271e-02
-4.504782333970069885e-02
-4.519296437501907349e-02
-4.521930962800979614e-02
-4.527133330702781677e-02
-4.531035199761390686e-02
-4.533088579773902893e-02
-4.537406936287879944e-02
-4.535810649394989014e-02
-4.539571702480316162e-02
-4.542765766382217407e-02
-4.544911906123161316e-02
-4.547127708792686462e-02
-4.547911137342453003e-02
-4.547740891575813293e-02
-4.551588743925094604e-02
-4.549167677760124207e-02
-4.549468681216239929e-02
-4.553699865937232971e-02
-4.553611949086189270e-02
-4.554866254329681396e-02
-4.557187482714653015e-02
-4.555340111255645752e-02
-4.555518552660942078e-02
-4.554857686161994934e-02
-4.554153606295585632e-02
-4.553493484854698181e-02
-4.552292078733444214e-02
-4.553589969873428345e-02
-4.552603140473365784e-02
-4.554915800690650940e-02
-4.556120559573173523e-02
-4.555145651102066040e-02
-4.555915296077728271e-02
-4.554498568177223206e-02
-4.554105177521705627e-02
-4.554835334420204163e-02
-4.555008187890052795e-02
-4.555071517825126648e-02
-4.555567353963851929e-02
-4.557183012366294861e-02
-4.556952416896820068e-02
-4.557172209024429321e-02
-4.560461267828941345e-02
-4.559809342026710510e-02
-4.558346047997474670e-02
-4.558802023530006409e-02
-4.563090950250625610e-02
-4.560714215040206909e-02
-4.561189562082290649e-02
-4.561175033450126648e-02
-4.562561213970184326e-02
-4.561617597937583923e-02
-4.562510922551155090e-02
-4.563159868121147156e-02
-4.565608128905296326e-02
-4.564103111624717712e-02
-4.564659297466278076e-02
-4.566506668925285339e-02
-4.564906284213066101e-02
-4.566418007016181946e-02
-4.566650092601776123e-02
-4.564576596021652222e-02
-4.567290470004081726e-02
-4.567417129874229431e-02
-4.566793143749237061e-02
-4.568083211779594421e-02
-4.566681757569313049e-02
-4.569608345627784729e-02
-4.569679126143455505e-02
-4.568996280431747437e-02
-4.573571309447288513e-02
-4.571088775992393494e-02
-4.572186619043350220e-02
-4.573986306786537170e-02
-4.571313783526420593e-02
-4.572989419102668762e-02
-4.575078561902046204e-02
-4.576803371310234070e-02
-4.573265835642814636e-02
-4.575202614068984985e-02
-4.574061930179595947e-02
-4.573659971356391907e-02
-4.576062411069869995e-02
-4.575658217072486877e-02
-4.576130583882331848e-02
-4.574305936694145203e-02
-4.575451835989952087e-02
-4.577650874853134155e-02
-4.579795524477958679e-02
-4.578900709748268127e-02
-4.577148333191871643e-02
-4.575402662158012390e-02
-4.576925188302993774e-02
-4.577178880572319031e-02
-4.575068876147270203e-02
-4.578084126114845276e-02
-4.579033330082893372e-02
-4.577798768877983093e-02
-4.579341784119606018e-02
-4.581527784466743469e-02
-4.579397663474082947e-02
-4.579580202698707581e-02
-4.580388963222503662e-02
-4.581841453909873962e-02
-4.581338539719581604e-02
-4.583056643605232239e-02
-4.582948237657546997e-02
-4.582567885518074036e-02
-4.580537974834442139e-02
-4.580733552575111389e-02
-4.579989612102508545e-02
-4.583077132701873779e-02
-4.584384337067604065e-02
-4.582837596535682678e-02
-4.584625735878944397e-02
-4.583938792347908020e-02
-4.584952816367149353e-02
-4.583460837602615356e-02
-4.585530236363410950e-02
-4.585940018296241760e-02
-4.585354402661323547e-02
-4.583564028143882751e-02
-4.582481831312179565e-02
-4.585486277937889099e-02
-4.582842811942100525e-02
-4.583182558417320251e-02
-4.582284018397331238e-02
-4.582826793193817139e-02
-4.582048952579498291e-02
-4.582940042018890381e-02
-4.582871869206428528e-02
-4.583178460597991943e-02
-4.586192592978477478e-02
-4.587256535887718201e-02
-4.584392532706260681e-02
-4.584874585270881653e-02
-4.584563896059989929e-02
-4.586419090628623962e-02
-4.584312811493873596e-02
-4.585200920701026917e-02
-4.586411267518997192e-02
-4.586527869105339050e-02
-4.583131894469261169e-02
-4.583542421460151672e-02
-4.584656283259391785e-02
-4.587233439087867737e-02
-4.586073383688926697e-02
-4.586414992809295654e-02
-4.586355760693550110e-02
-4.588691890239715576e-02
-4.586793109774589539e-02
-4.586277902126312256e-02
-4.587810486555099487e-02
-4.586955532431602478e-02
-4.587383568286895752e-02
-4.588207975029945374e-02
-4.586674645543098450e-02
-4.585534706711769104e-02
-4.588819667696952820e-02
-4.588240757584571838e-02
-4.586956650018692017e-02
-4.586840048432350159e-02
-4.588059335947036743e-02
-4.588180035352706909e-02
-4.587803781032562256e-02
-4.588505253195762634e-02
-4.588458687067031860e-02
-4.589497298002243042e-02
-4.589072614908218384e-02
-4.586643725633621216e-02
-4.586254805326461792e-02
-4.590905830264091492e-02
-4.588647186756134033e-02
-4.589934274554252625e-02
-4.589693248271942139e-02
-4.589528962969779968e-02
-4.590084031224250793e-02
-4.590728506445884705e-02
-4.588147252798080444e-02
-4.587666690349578857e-02
-4.587469995021820068e-02
-4.589057341217994690e-02
-4.591233283281326294e-02
-4.588090628385543823e-02
-4.590293020009994507e-02
-4.588583856821060181e-02
-4.590011760592460632e-02
-4.591621831059455872e-02
-4.588962718844413757e-02
-4.590240865945816040e-02
-4.590715840458869934e-02
-4.590476304292678833e-02
-4.591527953743934631e-02
-4.591460153460502625e-02
-4.590172693133354187e-02
-4.590208828449249268e-02
-4.589144885540008545e-02
-4.590639099478721619e-02
-4.589824378490447998e-02
-4.590633139014244080e-02
-4.590190574526786804e-02
-4.590635001659393311e-02
-4.591348022222518921e-02
-4.591709747910499573e-02
-4.591633379459381104e-02
-4.592524468898773193e-02
-4.591264575719833374e-02
-4.592824354767799377e-02
-4.592652991414070129e-02
-4.591409862041473389e-02
-4.589503258466720581e-02
-4.591213166713714600e-02
-4.591167718172073364e-02
-4.591852053999900818e-02
-4.591568931937217712e-02
-4.591505229473114014e-02
-4.589487239718437195e-02
-4.589058086276054382e-02
-4.593539610505104065e-02
-4.591874778270721436e-02
-4.590467363595962524e-02
-4.590140283107757568e-02
-4.591892659664154053e-02
-4.588617011904716492e-02
-4.589923843741416931e-02
-4.591066017746925354e-02
-4.590618982911109924e-02
-4.590182006359100342e-02
-4.589318484067916870e-02
-4.590329155325889587e-02
-4.589330032467842102e-02
-4.589309170842170715e-02
-4.590577632188796997e-02
-4.590411856770515442e-02
-4.591272398829460144e-02
-4.591132700443267822e-02
-4.591483622789382935e-02
-4.590950533747673035e-02
-4.590658098459243774e-02
-4.592566937208175659e-02
-4.590161517262458801e-02
-4.588657990097999573e-02
-4.589979350566864014e-02
-4.591760784387588501e-02
-4.591418802738189697e-02
-4.590393975377082825e-02
-4.590478166937828064e-02
-4.591812193393707275e-02
-4.591314494609832764e-02
-4.590750113129615784e-02
-4.593101888895034790e-02
-4.592901840806007385e-02
-4.592781513929367065e-02
-4.593079537153244019e-02
-4.592122510075569153e-02
-4.592592641711235046e-02
-4.593958333134651184e-02
-4.593158885836601257e-02
-4.592582210898399353e-02
-4.593118652701377869e-02
-4.592395201325416565e-02
-4.590872675180435181e-02
-4.592200741171836853e-02
-4.591932520270347595e-02
-4.592435061931610107e-02
-4.592021182179450989e-02
-4.591752961277961731e-02
-4.593022167682647705e-02
-4.593385010957717896e-02
-4.592723026871681213e-02
-4.593406617641448975e-02
-4.591931775212287903e-02
-4.593015089631080627e-02
-4.594933614134788513e-02
-4.592295363545417786e-02
-4.592403396964073181e-02
-4.594592750072479248e-02
-4.593788832426071167e-02
-4.592961817979812622e-02
-4.594033583998680115e-02
-4.593031108379364014e-02
-4.593667015433311462e-02
-4.592840000987052917e-02
-4.593502357602119446e-02
-4.592595249414443970e-02
-4.592225700616836548e-02
-4.594152048230171204e-02
-4.592311754822731018e-02
-4.593374952673912048e-02
-4.593080654740333557e-02
-4.593290016055107117e-02
-4.590721800923347473e-02
-4.591652378439903259e-02
-4.593279585242271423e-02
-4.592592641711235046e-02
-4.591137543320655823e-02
-4.594134539365768433e-02
-4.595033451914787292e-02
-4.592727869749069214e-02
-4.595960304141044617e-02
-4.592604562640190125e-02
-4.593466594815254211e-02
-4.592786729335784912e-02
-4.592635482549667358e-02
-4.593276605010032654e-02
-4.592342674732208252e-02
-4.591735079884529114e-02
-4.594372957944869995e-02
-4.590739682316780090e-02
-4.591827839612960815e-02
-4.590951651334762573e-02
-4.592421278357505798e-02
-4.591052979230880737e-02
-4.594160988926887512e-02
-4.593672975897789001e-02
-4.594456031918525696e-02
-4.593695700168609619e-02
-4.594353586435317993e-02
-4.594303295016288757e-02
-4.593917354941368103e-02
-4.592806845903396606e-02
-4.591270908713340759e-02
-4.593833163380622864e-02
-4.593746736645698547e-02
-4.592092707753181458e-02
-4.592203348875045776e-02
-4.593794047832489014e-02
-4.592350870370864868e-02
-4.592047631740570068e-02
-4.593190923333168030e-02
-4.594977572560310364e-02
-4.594417288899421692e-02
-4.594639316201210022e-02
-4.592759534716606140e-02
-4.593846946954727173e-02
-4.593114182353019714e-02
-4.594160988926887512e-02
-4.592954367399215698e-02
-4.596098884940147400e-02
-4.593193903565406799e-02
-4.595923796296119690e-02
-4.593457654118537903e-02
-4.595708101987838745e-02
-4.594664275646209717e-02
-4.595073685050010681e-02
-4.594675078988075256e-02
-4.594455659389495850e-02
-4.594277590513229370e-02
-4.594934731721878052e-02
-4.594745859503746033e-02
-4.592710360884666443e-02
-4.593916982412338257e-02
-4.595475643873214722e-02
-4.594657570123672485e-02
-4.595736786723136902e-02
-4.594058915972709656e-02
-4.593766853213310242e-02
-4.595411568880081177e-02
-4.596541076898574829e-02
-4.594562202692031860e-02
-4.592737182974815369e-02
-4.594223946332931519e-02
-4.592844471335411072e-02
-4.592479020357131958e-02
-4.593244567513465881e-02
-4.592727124691009521e-02
-4.592223092913627625e-02
-4.592939838767051697e-02
-4.592876881361007690e-02
-4.592792689800262451e-02
-4.594492539763450623e-02
-4.592401534318923950e-02
-4.593567177653312683e-02
-4.593874886631965637e-02
-4.594473168253898621e-02
-4.596111923456192017e-02
-4.595321789383888245e-02
-4.594068601727485657e-02
-4.592857509851455688e-02
-4.596394672989845276e-02
-4.593966156244277954e-02
-4.594876244664192200e-02
-4.593835771083831787e-02
-4.593512788414955139e-02
-4.594768956303596497e-02
-4.594497382640838623e-02
-4.595192521810531616e-02
-4.596005007624626160e-02
-4.595048353075981140e-02
-4.593823850154876709e-02
-4.595014080405235291e-02
-4.594748467206954956e-02
-4.595664516091346741e-02
-4.593411833047866821e-02
-4.594676941633224487e-02
-4.593361541628837585e-02
-4.592197388410568237e-02
-4.592753574252128601e-02
-4.594465345144271851e-02
-4.594660177826881409e-02
-4.596436768770217896e-02
-4.594651237130165100e-02
-4.593940451741218567e-02
-4.594296589493751526e-02
-4.594976082444190979e-02
-4.595915228128433228e-02
-4.593929275870323181e-02
-4.595132172107696533e-02
-4.595696181058883667e-02
-4.596211388707160950e-02
-4.596517235040664673e-02
-4.597584903240203857e-02
-4.596025869250297546e-02
-4.594829306006431580e-02
-4.594407975673675537e-02
-4.596023261547088623e-02
-4.592628777027130127e-02
-4.595505446195602417e-02
-4.593953117728233337e-02
-4.594898968935012817e-02
-4.595645144581794739e-02
-4.593342915177345276e-02
-4.595926031470298767e-02
-4.596035182476043701e-02
-4.596197977662086487e-02
-4.594369232654571533e-02
-4.596465080976486206e-02
-4.594825208187103271e-02
-4.595838487148284912e-02
-4.595430567860603333e-02
-4.595645144581794739e-02
-4.593572765588760376e-02
-4.596119374036788940e-02
-4.591464623808860779e-02
-4.594818130135536194e-02
-4.593634977936744690e-02
-4.594256356358528137e-02
-4.595473036170005798e-02
-4.595420509576797485e-02
-4.595058411359786987e-02
-4.595248401165008545e-02
-4.593878239393234253e-02
-4.596035182476043701e-02
-4.593469947576522827e-02
-4.595053568482398987e-02
-4.595221206545829773e-02
-4.594032466411590576e-02
-4.592933878302574158e-02
-4.594812542200088501e-02
-4.594864323735237122e-02
-4.593687132000923157e-02
-4.597081243991851807e-02
-4.593383148312568665e-02
-4.595473036170005798e-02
-4.596287384629249573e-02
-4.594600573182106018e-02
-4.594628885388374329e-02
-4.595462605357170105e-02
-4.595332592725753784e-02
-4.594768211245536804e-02
-4.594077914953231812e-02
-4.595128446817398071e-02
-4.594882205128669739e-02
-4.595471918582916260e-02
-4.595357552170753479e-02
-4.594837874174118042e-02
-4.596324637532234192e-02
-4.596070945262908936e-02
-4.594857618212699890e-02
-4.595814645290374756e-02
-4.594796150922775269e-02
-4.596917331218719482e-02
-4.594935104250907898e-02
-4.595209285616874695e-02
-4.595576226711273193e-02
-4.594417288899421692e-02
-4.593450576066970825e-02
-4.596659913659095764e-02
-4.595196992158889771e-02
-4.594962298870086670e-02
-4.597057774662971497e-02
-4.596473276615142822e-02
-4.595660418272018433e-02
-4.595955088734626770e-02
-4.594610631465911865e-02
-4.596216604113578796e-02
-4.595739394426345825e-02
-4.594305530190467834e-02
-4.596146568655967712e-02
-4.596790298819541931e-02
-4.594890773296356201e-02
-4.595310613512992859e-02
-4.593515768647193909e-02
-4.595494642853736877e-02
-4.595228657126426697e-02
-4.595264419913291931e-02
-4.594675824046134949e-02
-4.595952108502388000e-02
-4.597000032663345337e-02
-4.595897346735000610e-02
-4.597625508904457092e-02
-4.595152288675308228e-02
-4.596746340394020081e-02
-4.594634473323822021e-02
-4.595565423369407654e-02
-4.595469310879707336e-02
-4.594635218381881714e-02
-4.595146328210830688e-02
-4.597369581460952759e-02
-4.595174640417098999e-02
-4.595972225069999695e-02
-4.596965387463569641e-02
-4.595375433564186096e-02
-4.594805464148521423e-02
-4.595454782247543335e-02
-4.595458880066871643e-02
-4.596801474690437317e-02
-4.596708714962005615e-02
-4.595563560724258423e-02
-4.597895592451095581e-02
-4.596423730254173279e-02
-4.597776383161544800e-02
-4.595272243022918701e-02
-4.595797881484031677e-02
-4.597549512982368469e-02
-4.597151651978492737e-02
-4.594234377145767212e-02
-4.595351964235305786e-02
-4.596066847443580627e-02
-4.596082121133804321e-02
-4.594772309064865112e-02
-4.595722630620002747e-02
-4.594850167632102966e-02
-4.596806690096855164e-02
-4.595454037189483643e-02
-4.595490917563438416e-02
-4.595353826880455017e-02
-4.595594108104705811e-02
-4.595624282956123352e-02
-4.594745859503746033e-02
-4.596770182251930237e-02
-4.596053063869476318e-02
-4.595321044325828552e-02
-4.593036323785781860e-02
-4.594578966498374939e-02
-4.596719890832901001e-02
-4.595431312918663025e-02
-4.595651105046272278e-02
-4.595507308840751648e-02
-4.595384746789932251e-02
-4.594682157039642334e-02
-4.596230015158653259e-02
-4.594172909855842590e-02
-4.593933001160621643e-02
-4.594222083687782288e-02
-4.596051201224327087e-02
-4.595499858260154724e-02
-4.594971239566802979e-02
-4.595201462507247925e-02
-4.595374315977096558e-02
-4.595656320452690125e-02
-4.594696313142776489e-02
-4.594413936138153076e-02
-4.595709964632987976e-02
-4.595775529742240906e-02
-4.595599696040153503e-02
-4.596079513430595398e-02
-4.596001282334327698e-02
-4.595674946904182434e-02
-4.594023153185844421e-02
-4.595698788762092590e-02
-4.595930129289627075e-02
-4.595327749848365784e-02
-4.593684896826744080e-02
-4.596378654241561890e-02
-4.595832154154777527e-02
-4.596068337559700012e-02
-4.595120623707771301e-02
-4.597764462232589722e-02
-4.596122726798057556e-02
-4.595462977886199951e-02
-4.596064239740371704e-02
-4.594757035374641418e-02
-4.596249759197235107e-02
-4.596000164747238159e-02
-4.596639424562454224e-02
-4.595133289694786072e-02
-4.593958705663681030e-02
-4.595063626766204834e-02
-4.595559090375900269e-02
-4.595116153359413147e-02
-4.594730213284492493e-02
-4.594865068793296814e-02
-4.595199972391128540e-02
-4.595891758799552917e-02
-4.595621302723884583e-02
-4.594057053327560425e-02
-4.594271630048751831e-02
-4.595078900456428528e-02
-4.595191404223442078e-02
-4.593940451741218567e-02
-4.594086110591888428e-02
-4.594022408127784729e-02
-4.595546796917915344e-02
-4.596062004566192627e-02
-4.595733433961868286e-02
-4.596470668911933899e-02
-4.594768956303596497e-02
-4.596521332859992981e-02
-4.596374183893203735e-02
-4.596081003546714783e-02
-4.596873745322227478e-02
-4.597276821732521057e-02
-4.595480114221572876e-02
-4.596636444330215454e-02
-4.597155377268791199e-02
-4.597376286983489990e-02
-4.595647007226943970e-02
-4.598674923181533813e-02
-4.596342518925666809e-02
-4.597035795450210571e-02
-4.596667364239692688e-02
-4.596684873104095459e-02
-4.595941677689552307e-02
-4.595464095473289490e-02
-4.596223682165145874e-02
-4.597548767924308777e-02
-4.595922678709030151e-02
-4.597223550081253052e-02
-4.596890136599540710e-02
-4.595558717846870422e-02
-4.596998915076255798e-02
-4.597229138016700745e-02
-4.594885557889938354e-02
-4.597005993127822876e-02
-4.596631973981857300e-02
-4.595761001110076904e-02
-4.595195129513740540e-02
-4.595251008868217468e-02
-4.597458988428115845e-02
-4.595225676894187927e-02
-4.596288502216339111e-02
-4.595785960555076599e-02
-4.595575109124183655e-02
-4.594943672418594360e-02
-4.596783965826034546e-02
-4.595667496323585510e-02
-4.594893753528594971e-02
-4.594472795724868774e-02
-4.596294090151786804e-02
-4.596461728215217590e-02
-4.598576948046684265e-02
-4.595917835831642151e-02
-4.596170410513877869e-02
-4.597031325101852417e-02
-4.596749693155288696e-02
-4.596282169222831726e-02
-4.592906683683395386e-02
-4.595970362424850464e-02
-4.597327858209609985e-02
-4.595239832997322083e-02
-4.596892744302749634e-02
-4.596282914280891418e-02
-4.595633223652839661e-02
-4.598056897521018982e-02
-4.598009213805198669e-02
-4.596541076898574829e-02
-4.597001522779464722e-02
-4.595914855599403381e-02
-4.596374183893203735e-02
-4.595659300684928894e-02
-4.594240710139274597e-02
-4.599138721823692322e-02
-4.596083983778953552e-02
-4.598413407802581787e-02
-4.596976190805435181e-02
-4.596926644444465637e-02
-4.596776887774467468e-02
-4.594916850328445435e-02
-4.597180336713790894e-02
-4.596220701932907104e-02
-4.595777764916419983e-02
-4.597583040595054626e-02
-4.596716538071632385e-02
-4.597970470786094666e-02
-4.595423117280006409e-02
-4.597631841897964478e-02
-4.597435146570205688e-02
-4.599257931113243103e-02
-4.596653208136558533e-02
-4.597540572285652161e-02
-4.596531763672828674e-02
-4.597290605306625366e-02
-4.596593603491783142e-02
-4.597106948494911194e-02
-4.596706479787826538e-02
-4.597149044275283813e-02
-4.597776383161544800e-02
-4.596784338355064392e-02
-4.597491398453712463e-02
-4.598105326294898987e-02
-4.596202075481414795e-02
-4.594165459275245667e-02
-4.596529528498649597e-02
-4.597864300012588501e-02
-4.597455635666847229e-02
-4.595928639173507690e-02
-4.597062245011329651e-02
-4.596231505274772644e-02
-4.594884812831878662e-02
-4.596592113375663757e-02
-4.598764330148696899e-02
-4.596446454524993896e-02
-4.597438499331474304e-02
-4.596658423542976379e-02
-4.597087576985359192e-02
-4.598115012049674988e-02
-4.597653076052665710e-02
-4.598169401288032532e-02
-4.598207399249076843e-02
-4.597298055887222290e-02
-4.596933349967002869e-02
-4.597051814198493958e-02
-4.596285521984100342e-02
-4.595133289694786072e-02
-4.595798626542091370e-02
-4.595406726002693176e-02
-4.598464816808700562e-02
-4.597348347306251526e-02
-4.596614092588424683e-02
-4.598041623830795288e-02
-4.597098752856254578e-02
-4.598318040370941162e-02
-4.599210992455482483e-02
-4.596757516264915466e-02
-4.598308727145195007e-02
-4.596547782421112061e-02
-4.595987871289253235e-02
-4.599708691239356995e-02
-4.596359282732009888e-02
-4.598692432045936584e-02
-4.598163440823554993e-02
-4.598249495029449463e-02
-4.598787799477577209e-02
-4.595974832773208618e-02
-4.598610475659370422e-02
-4.596481099724769592e-02
-4.598333314061164856e-02
-4.596253111958503723e-02
-4.595440998673439026e-02
-4.596338421106338501e-02
-4.596323519945144653e-02
-4.596973583102226257e-02
-4.597572982311248779e-02
-4.597998037934303284e-02
-4.597876965999603271e-02
-4.595318064093589783e-02
-4.597410187125205994e-02
-4.595400020480155945e-02
-4.596564546227455139e-02
-4.596702754497528076e-02
-4.595404118299484253e-02
-4.598198831081390381e-02
-4.595030471682548523e-02
-4.594825953245162964e-02
-4.596795141696929932e-02
-4.596250504255294800e-02
-4.598506912589073181e-02
-4.596740379929542542e-02
-4.597239568829536438e-02
-4.598323255777359009e-02
-4.595776647329330444e-02
-4.596625640988349915e-02
-4.598702117800712585e-02
-4.595903307199478149e-02
-4.597868397831916809e-02
-4.598326981067657471e-02
-4.596649110317230225e-02
-4.597729071974754333e-02
-4.597844555974006653e-02
-4.597904160618782043e-02
-4.594838991761207581e-02
-4.597628861665725708e-02
-4.597348347306251526e-02
-4.596971720457077026e-02
-4.596991091966629028e-02
-4.595527425408363342e-02
-4.600029438734054565e-02
-4.599953442811965942e-02
-4.599263891577720642e-02
-4.599225893616676331e-02
-4.597996175289154053e-02
-4.598377645015716553e-02
-4.598224535584449768e-02
-4.598476365208625793e-02
-4.598834738135337830e-02
-4.595837742090225220e-02
-4.596810415387153625e-02
-4.596654325723648071e-02
-4.598253220319747925e-02
-4.597567766904830933e-02
-4.596694931387901306e-02
-4.597431793808937073e-02
-4.597369581460952759e-02
-4.596615955233573914e-02
-4.596383124589920044e-02
-4.599109664559364319e-02
-4.598688706755638123e-02
-4.597930610179901123e-02
-4.597841575741767883e-02
-4.597581550478935242e-02
-4.596846550703048706e-02
-4.597390815615653992e-02
-4.597266390919685364e-02
-4.597845301032066345e-02
-4.596571251749992371e-02
-4.596511647105216980e-02
-4.598649963736534119e-02
-4.597405716776847839e-02
-4.596047848463058472e-02
-4.598767682909965515e-02
-4.597503691911697388e-02
-4.596693441271781921e-02
-4.596358910202980042e-02
-4.596890136599540710e-02
-4.597213491797447205e-02
-4.598031565546989441e-02
-4.597285017371177673e-02
-4.598599299788475037e-02
-4.597021266818046570e-02
-4.596465453505516052e-02
-4.595717415213584900e-02
-4.597591981291770935e-02
-4.596741870045661926e-02
-4.597784206271171570e-02
-4.597613587975502014e-02
-4.597396403551101685e-02
-4.597499221563339233e-02
-4.598239436745643616e-02
-4.596880450844764709e-02
-4.597882926464080811e-02
-4.597974941134452820e-02
-4.597367718815803528e-02
-4.596460238099098206e-02
-4.598943516612052917e-02
-4.597515985369682312e-02
-4.598740488290786743e-02
-4.599052295088768005e-02
-4.600025340914726257e-02
-4.598178341984748840e-02
-4.597716778516769409e-02
-4.597372189164161682e-02
-4.598737135529518127e-02
-4.597978293895721436e-02
-4.596494138240814209e-02
-4.599724709987640381e-02
-4.596069082617759705e-02
-4.597489535808563232e-02
-4.597086086869239807e-02
-4.596184566617012024e-02
-4.597697779536247253e-02
-4.598848894238471985e-02
-4.598079994320869446e-02
-4.597747698426246643e-02
-4.598125442862510681e-02
-4.596027359366416931e-02
-4.596333950757980347e-02
-4.597605392336845398e-02
-4.596868902444839478e-02
-4.598257690668106079e-02
-4.598202928900718689e-02
-4.598772153258323669e-02
-4.597014933824539185e-02
-4.596896097064018250e-02
-4.598509892821311951e-02
-4.597913473844528198e-02
-4.600727930665016174e-02
-4.597784206271171570e-02
-4.598856344819068909e-02
-4.599102213978767395e-02
-4.595755785703659058e-02
-4.597553983330726624e-02
-4.599671065807342529e-02
-4.599013179540634155e-02
-4.598277062177658081e-02
-4.598414152860641479e-02
-4.598584398627281189e-02
-4.597738012671470642e-02
-4.599402472376823425e-02
-4.599109664559364319e-02
-4.597330465912818909e-02
-4.596839100122451782e-02
-4.598831385374069214e-02
-4.596550017595291138e-02
-4.600770398974418640e-02
-4.597984999418258667e-02
-4.596840962767601013e-02
-4.598211497068405151e-02
-4.597496241331100464e-02
-4.598286375403404236e-02
-4.596975073218345642e-02
-4.598622024059295654e-02
-4.595671594142913818e-02
-4.597394168376922607e-02
-4.597691819071769714e-02
-4.597354307770729065e-02
-4.598965868353843689e-02
-4.596133902668952942e-02
-4.598807543516159058e-02
-4.598608985543251038e-02
-4.598736390471458435e-02
-4.597080498933792114e-02
-4.596008732914924622e-02
-4.598375782370567322e-02
-4.596468061208724976e-02
-4.598296061158180237e-02
-4.596705734729766846e-02
-4.598188772797584534e-02
-4.598408564925193787e-02
-4.597861319780349731e-02
-4.595854133367538452e-02
-4.597059264779090881e-02
-4.597807303071022034e-02
-4.596276953816413879e-02
-4.595833271741867065e-02
-4.596574977040290833e-02
-4.597174376249313354e-02
-4.597757384181022644e-02
-4.595756903290748596e-02
-4.598938301205635071e-02
-4.596689715981483459e-02
-4.597092047333717346e-02
-4.597036540508270264e-02
-4.596189782023429871e-02
-4.598427191376686096e-02
-4.599736630916595459e-02
-4.598216339945793152e-02
-4.597710818052291870e-02
-4.597673937678337097e-02
-4.597460478544235229e-02
-4.596942290663719177e-02
-4.596364870667457581e-02
-4.598885029554367065e-02
-4.596996679902076721e-02
-4.597395285964012146e-02
-4.598560556769371033e-02
-4.599274322390556335e-02
-4.598813503980636597e-02
-4.597386345267295837e-02
-4.596496745944023132e-02
-4.596839845180511475e-02
-4.596545174717903137e-02
-4.596579447388648987e-02
-4.596516117453575134e-02
-4.598536714911460876e-02
-4.598154127597808838e-02
-4.597947373986244202e-02
-4.597557708621025085e-02
-4.599021375179290771e-02
-4.597422853112220764e-02
-4.598795995116233826e-02
-4.598051682114601135e-02
-4.597538337111473083e-02
-4.597995430231094360e-02
-4.597839340567588806e-02
-4.597438871860504150e-02
-4.597558453679084778e-02
-4.599286615848541260e-02
-4.596479609608650208e-02
-4.597328603267669678e-02
-4.599382355809211731e-02
-4.598950222134590149e-02
-4.597785696387290955e-02
-4.597196727991104126e-02
-4.599253088235855103e-02
-4.597583040595054626e-02
-4.596773535013198853e-02
-4.597488790750503540e-02
-4.597679525613784790e-02
-4.597689583897590637e-02
-4.597061127424240112e-02
-4.597242549061775208e-02
-4.597343504428863525e-02
-4.596822708845138550e-02
-4.596979543566703796e-02
-4.598133638501167297e-02
-4.598228633403778076e-02
-4.599748924374580383e-02
-4.597196727991104126e-02
-4.597585648298263550e-02
-4.597594961524009705e-02
-4.597881063818931580e-02
-4.597767442464828491e-02
