-7.614226458236451889e-02
-7.560480483652663730e-02
-7.664472821265189140e-02
-7.606599374878672548e-02
-7.612373798384459989e-02
-7.657444146184945455e-02
-7.668366992261045623e-02
-7.696515133923138852e-02
-7.689148066579554186e-02
-7.629265631372202094e-02
-7.692985023944949596e-02
-7.718212967514480327e-02
-7.794305458510715490e-02
-7.725499391419653195e-02
-7.750566383015604355e-02
-7.789886639446817751e-02
-7.707041395493760549e-02
-7.818183868163409989e-02
-7.728849919823464754e-02
-7.752989563393078432e-02
-7.745680203883849313e-02
-7.738028653533701728e-02
-7.761300072711249665e-02
-7.803516328230190868e-02
-7.783919991286576689e-02
-7.775115685063019311e-02
-7.877830660251235184e-02
-7.839811283387528029e-02
-7.860436208127660751e-02
-7.869204480495303744e-02
-7.852601673634887480e-02
-7.879647083596423573e-02
-7.847196678403807468e-02
-7.843376186698404473e-02
-7.885005794717078742e-02
-7.874312428594289204e-02
-7.903712995884681902e-02
-7.846317308980353677e-02
-7.892525150133719580e-02
-7.916213481403656937e-02
-7.909817154651777038e-02
-7.914948394391872755e-02
-7.960804358232757838e-02
-7.932511768350779258e-02
-7.901730535588770421e-02
-7.907713813511293988e-02
-7.911929021154763542e-02
-7.928693498577672749e-02
-7.946045059353371021e-02
-7.930060815623021786e-02
-7.959388921792344418e-02
-7.937604558983493708e-02
-7.902568160594196367e-02
-7.926424871245243975e-02
-7.953898677432147402e-02
-7.939577651914020429e-02
-7.942819129428380087e-02
-7.949111625860272312e-02
-7.949370846665280987e-02
-7.931083336503808034e-02
-7.945438926021151926e-02
-7.952865904385238160e-02
-7.969258779912460899e-02
-7.953459582413417717e-02
-7.950273377658623186e-02
-7.950833096678551482e-02
-7.967060622627689104e-02
-7.964947198978632181e-02
-7.949370801541585929e-02
-7.962576487655928514e-02
-7.963962488250138361e-02
-7.943645965397672093e-02
-7.927219711311750405e-02
-7.944677162612788501e-02
-7.954635840795235002e-02
-7.939590639597800259e-02
-7.966193708915610128e-02
-7.958312919748279646e-02
-7.959309850450217716e-02
-7.961933241998429833e-02
-7.968178953752125260e-02
-7.956458222698843674e-02
-7.965836332165508737e-02
-7.942532876993331492e-02
-7.970360195175474338e-02
-7.948427699422019876e-02
-7.973808719567769543e-02
-7.959655815670776957e-02
-7.953340187429680519e-02
-7.982106501264658871e-02
-7.970785226926799250e-02
-7.959078222784667089e-02
-7.949656619267460311e-02
-7.969695861608704079e-02
-7.957443745437083049e-02
-7.967269186184179619e-02
-7.949860863084078078e-02
-7.961565954044472204e-02
-7.958401318352528730e-02
-7.963534611967451604e-02
-7.968555196807949881e-02
-7.961731043597584934e-02
-7.943887959422915590e-02
-7.957347370307830958e-02
-7.948172802981648410e-02
-7.948410957988669145e-02
-7.944025063227351524e-02
-7.957348984179613005e-02
-7.956197288263390510e-02
-7.958801428257548938e-02
-7.946792671371911976e-02
-7.968625019832815959e-02
-7.973304104293386929e-02
-7.955479200728189648e-02
-7.962206454260332966e-02
-7.955289554892655546e-02
-7.972905071222705087e-02
-7.966761660961631242e-02
-7.974915191056616837e-02
-7.954333533688824620e-02
-7.965929676807358140e-02
-7.945922265405505613e-02
-7.972145399184760173e-02
-7.959737991798172818e-02
-7.963228359840297810e-02
-7.962595605386227349e-02
-7.970406115489246657e-02
-7.962378751894580442e-02
-7.964228128761267900e-02
-7.978916992432637245e-02
-7.954740086830693058e-02
-7.945395172005584317e-02
-7.946734246180986450e-02
-7.966480172122329673e-02
-7.958734933697923786e-02
-7.974567235691108757e-02
-7.956279921743869554e-02
-7.957017224575937964e-02
-7.972885352205238974e-02
-7.956549349439799579e-02
-7.967412643453099241e-02
-7.952005875973165716e-02
-7.971004472002887753e-02
-7.967684310774769685e-02
-7.969285470640234681e-02
-7.958969626858418411e-02
-7.951373258146622602e-02
-7.960238597993260501e-02
-7.961096248571876421e-02
-7.965076901881240623e-02
-7.963525798623005691e-02
-7.952472779128227920e-02
-7.976838528700566644e-02
-7.969064091352555390e-02
-7.965099549352142039e-02
-7.971351952151216336e-02
-7.971866490823022178e-02
-7.979428611324154708e-02
-7.967860632520354369e-02
-7.958181386155191439e-02
-7.960724516627600000e-02
-7.963241567859623282e-02
-7.979922988565764375e-02
-7.963213452715438290e-02
-7.961996652869725299e-02
-7.954738215341768115e-02
-7.945990344445218179e-02
-7.968587940590816932e-02
-7.954293656988219163e-02
-7.963030000338923442e-02
-7.962594305218749502e-02
-7.969466455182723508e-02
-7.977347284448198239e-02
-7.965391404304034140e-02
-7.969101310646177494e-02
-7.960164212764339609e-02
-7.972889265065145892e-02
-7.956461930926406190e-02
-7.954009485761449894e-02
-7.973867597986865341e-02
-7.969294839869893454e-02
-7.971688772039708937e-02
-7.957320323546324126e-02
-7.974317362904932704e-02
-7.986269188992196899e-02
-7.976380709767161292e-02
-7.967414832762835519e-02
-7.961435584270494525e-02
-7.972102727568770864e-02
-7.972987334425074568e-02
-7.964840217932429856e-02
-7.977932586825924044e-02
-7.970020672825957331e-02
-7.969909612737313687e-02
-7.971293987802439973e-02
-7.966011267006041507e-02
-7.988695218620958660e-02
-7.981696587598355319e-02
-7.966480172557087458e-02
-7.970268673474066590e-02
-7.970696032990609581e-02
-7.966531641285988508e-02
-7.973031089795432069e-02
-7.976046199743092036e-02
-7.983294822079230191e-02
-7.966896694354515251e-02
-7.978050291712904252e-02
-7.980258656530621331e-02
-7.986915612339026693e-02
-7.974743389682448225e-02
-7.964263384994432760e-02
-7.973856624336964072e-02
-7.962987478023442200e-02
-7.974427422410644561e-02
-7.949838852097181052e-02
-7.974720658015825581e-02
-7.961263916037340793e-02
-7.975583273744456247e-02
-7.979249044731473450e-02
-7.949274777750327259e-02
-7.958697564867538154e-02
-7.973469926703624644e-02
-7.972926019684720145e-02
-7.966356351551585890e-02
-7.980399032039624252e-02
-7.972121715439177414e-02
-7.962721317758150730e-02
-7.970579435180046024e-02
-7.976297366773874020e-02
-7.969162838429023898e-02
-7.964609358608507050e-02
-7.979876510432984404e-02
-7.973098653634633215e-02
-7.987833247637390888e-02
-7.980475832052404128e-02
-7.984217532270695972e-02
-7.984972379941700227e-02
-7.964391716552268741e-02
-7.977385051353715062e-02
-7.977517730506077098e-02
-7.977229529670819275e-02
-7.974620990282586808e-02
-7.975307597637174006e-02
-7.972318802047419217e-02
-7.959654277851056781e-02
-7.974620443704227846e-02
-7.970592942492239763e-02
-7.981393378036279185e-02
-7.970166990152652287e-02
-7.956095661428873311e-02
-7.972674838782492501e-02
-7.969693297516167174e-02
-7.969383593005489874e-02
-7.963216006296944260e-02
-7.982256702771477197e-02
-7.974961242815695184e-02
-7.962373460105094669e-02
-7.982557726920405661e-02
-7.971052504199152566e-02
-7.972227732269991651e-02
-7.981062287884101158e-02
-7.980161330223108085e-02
-7.968038376149423618e-02
-7.974926444195065689e-02
-7.962947186112691311e-02
-7.971670370038426434e-02
-7.969442932837442206e-02
-7.972411607839988146e-02
-8.002902398659277050e-02
-7.966689832447586272e-02
-7.979009583992513477e-02
-7.971995916235832813e-02
-7.979555169905430678e-02
-7.975557319130580081e-02
-7.970269059413175039e-02
-7.979352690610339027e-02
-7.976027009030629833e-02
-7.969970063597678345e-02
-7.965890546009564421e-02
-7.961036146271364966e-02
-7.976097256362676968e-02
-7.970411074005201435e-02
-7.972766821335204590e-02
-7.971671195789697961e-02
-7.971922045957750835e-02
-7.976274688028230087e-02
-7.964702642553105061e-02
-7.972595245098428041e-02
-7.977049020375195920e-02
-7.962000932338073045e-02
-7.974171517943491605e-02
-7.959404753714147129e-02
-7.977686004913582540e-02
-7.959933397056696835e-02
-7.959730837066554543e-02
-7.980615206805599660e-02
-7.971079286031301780e-02
-7.962408395208400713e-02
-7.968633317156134654e-02
-7.976138956952120995e-02
-7.965494006068311872e-02
-7.973015354280768574e-02
-7.974928793710622799e-02
-7.963008072719124364e-02
-7.981890760685798891e-02
-7.982285855605726621e-02
-7.974293827020247083e-02
-7.971957302514579013e-02
-7.987563249248592900e-02
-7.970166499854169917e-02
-7.983103851335936196e-02
-7.977042528762685880e-02
-7.967982164806534928e-02
-7.962631051676083427e-02
-7.968140280572393042e-02
-7.972816512127586797e-02
-7.977161653960454513e-02
-7.982730917069617849e-02
-7.979898214409922308e-02
-7.980390661190640833e-02
-7.979591221127292633e-02
-7.964395462286798233e-02
-7.974173497014074019e-02
-7.976279730666643863e-02
-7.970039100474249349e-02
-7.984176217525094932e-02
-7.983540110601247686e-02
-7.979356062538865701e-02
-7.976902190753108746e-02
-7.973366892090952285e-02
-7.987996864982396805e-02
-7.969665131892189613e-02
-7.992702566998102776e-02
-7.973778867955719218e-02
-7.976758019648852449e-02
-7.960949441874046184e-02
-7.977542729682782219e-02
-7.987227786818859587e-02
-7.963161791011198753e-02
-7.974504350453015533e-02
-7.967154738204240694e-02
-7.966197118744113015e-02
-7.965486428838260136e-02
-7.981991687920061973e-02
-7.960562463395391697e-02
-7.975819602756963056e-02
-7.962715573669439106e-02
-7.973725680628619694e-02
-7.986885228683367199e-02
-7.977965856183565074e-02
-7.981464299155419106e-02
-7.962467171253588549e-02
-7.980623332431038830e-02
-7.962309921045680750e-02
-7.984493952581137033e-02
-7.972820782183205612e-02
-7.968084125878246993e-02
-7.967801354382765544e-02
-7.982861535494241434e-02
-7.977013106128875986e-02
-7.972883385581855387e-02
-7.964555791570890331e-02
-7.983299727033672799e-02
-7.982886777305293891e-02
-7.979110681757771439e-02
-7.973182628653339987e-02
-7.983589392300147192e-02
-7.976355318435025821e-02
-7.976266376876679776e-02
-7.974293720935810015e-02
-7.981453731418826358e-02
-7.978474800817481061e-02
-7.973655288054397328e-02
-7.979796263952645963e-02
-7.977917720462075757e-02
-7.971615631080453124e-02
-7.968755502169704019e-02
-7.971925451888776937e-02
-7.980939827924772578e-02
-7.988384118372005016e-02
-7.964753881779707001e-02
-7.967488583551014802e-02
-7.968022367512481163e-02
-7.981125674510090862e-02
-7.967467906027561608e-02
-7.975926354214520064e-02
-7.994349775835481176e-02
-7.970248153935996505e-02
-7.983365424275466748e-02
-7.981498854319853120e-02
-7.974699941167240347e-02
-7.976813554926613647e-02
-7.982912017513614511e-02
-7.983628351533710032e-02
-7.979176273714691514e-02
-7.973299996754047714e-02
-7.981716466333410587e-02
-7.965694636726176892e-02
-7.974867504379233585e-02
-7.974027361968961947e-02
-7.965023823295584726e-02
-7.972444327762621963e-02
-7.994705171471568061e-02
-7.969722983732593913e-02
-7.983691036511449124e-02
-7.978999862674927834e-02
-7.982945398084810573e-02
-7.971760187079425519e-02
-7.976802476588544522e-02
-7.987934047117947745e-02
-7.977498494237703075e-02
-7.969754053111428871e-02
-7.977686037397435648e-02
-7.991938445433285909e-02
-7.978499262943349046e-02
-7.969214718731186531e-02
-7.979435601825721203e-02
-7.977259134594859302e-02
-7.980191160132679706e-02
-7.981577783053990516e-02
-7.976315070013141606e-02
-7.977183984349699164e-02
-7.971167476895131554e-02
-7.972619114281487285e-02
-7.981854278474857789e-02
-7.979269926784934852e-02
-7.973123526976629016e-02
-7.967924702414168336e-02
-7.982875497180656754e-02
-7.979514695013967263e-02
-7.984532135841296285e-02
-7.971006160699221910e-02
-7.977544685328966101e-02
-7.986208193350519124e-02
-7.980226064327300417e-02
-7.980038720662785412e-02
-7.977680285700028406e-02
-7.970375967481393986e-02
-7.983608025665930863e-02
-7.984879617094442494e-02
-7.969921676067806549e-02
-7.989419856119009400e-02
-7.980012719882223493e-02
-7.980398730297622034e-02
-7.985193916330077246e-02
-7.967054338046120066e-02
-7.965425247764836014e-02
-7.970938010674952223e-02
-7.976477379051268024e-02
-7.975799936822139391e-02
-7.971284711554423030e-02
-7.983059570651554471e-02
-7.983807912498611103e-02
-7.978630962454699715e-02
-7.973568466699178237e-02
-7.985168783491400357e-02
-7.971948017949019583e-02
-7.974746965841740531e-02
-7.979824811402649876e-02
-7.979076571064981638e-02
-7.977393593710349617e-02
-7.976326544402555230e-02
-7.985274844376293035e-02
-7.993193365326543842e-02
-7.987115638048195021e-02
-7.983903103571085569e-02
-7.969710732983058266e-02
-7.980784744343373538e-02
-7.977537065591075449e-02
-7.975926852730376437e-02
-7.968909092664788751e-02
-7.978259561014415524e-02
-7.980704722177882349e-02
-7.976457480884732720e-02
-7.972291647526205671e-02
-7.976242028651105154e-02
-7.978210374421333684e-02
-7.981178449744234793e-02
-7.977594882705354995e-02
-7.996798769198179557e-02
-7.975072760393975280e-02
-7.984683064864912805e-02
-7.974971609912476223e-02
-7.966781492754464178e-02
-7.981582900420147730e-02
-7.972828710903046012e-02
-7.977179724255265003e-02
-7.980693223615456522e-02
-7.980389976120913498e-02
-7.988020838827850079e-02
-7.979140214303469258e-02
-7.977179145761301160e-02
-7.986100881820323849e-02
-7.977802750919296693e-02
-7.975698698492271477e-02
-7.984417743120218736e-02
-7.973756855986059711e-02
-7.966310325928020741e-02
-7.984929426013422094e-02
-7.980004149270336633e-02
-7.985782812957584187e-02
-7.992123929227476498e-02
-7.977659616577674473e-02
-7.987027511150494863e-02
-7.982097482804786925e-02
-7.976395483816799137e-02
-7.987817336509213384e-02
-7.982455246837770468e-02
-7.979181669348107964e-02
-7.980485725243569028e-02
-7.987648478994253953e-02
-7.975635160565053283e-02
-7.964870066712102792e-02
-7.979727248770641934e-02
-7.970496961239237343e-02
-7.972695588651249055e-02
-7.974706537683952379e-02
-7.984656336225051665e-02
-7.985466339982774664e-02
-7.977188199801521495e-02
-7.979598943063222205e-02
-7.980389306314343567e-02
-7.975954618396279006e-02
-7.972705768567527052e-02
-7.973254660610785971e-02
-7.971170100838452510e-02
-7.982357386972462054e-02
-7.983647309822448912e-02
-7.983685454026274997e-02
-7.974119821403470587e-02
-7.975709529266276909e-02
-7.971129498718361461e-02
-7.973872167590252691e-02
-7.975716591062734229e-02
-7.969067425043650787e-02
-7.981478438592505553e-02
-7.977870936619327336e-02
-7.970862965551692159e-02
-7.989858692924668715e-02
-7.983734590552567234e-02
-7.972934515784399490e-02
-7.984206178720833214e-02
-7.979575852808373781e-02
-7.970615204472834836e-02
-7.973386236554902418e-02
-7.974051743200963327e-02
-7.987405228620793329e-02
-7.968362837278356037e-02
-7.978846576293226189e-02
-7.973982648268572448e-02
-7.973670812432749611e-02
-7.975740490463618937e-02
-7.982809726890918722e-02
-7.967931406682025874e-02
-7.974691120732946281e-02
-7.975801990005468300e-02
-7.980398971811013265e-02
-7.974360556185637605e-02
-7.968621192657640573e-02
-7.973921408192749527e-02
-7.970474907012163601e-02
-7.972357339249742936e-02
-7.982082206501818489e-02
-7.965930029449362626e-02
-7.974590149691131169e-02
-7.987929494110582174e-02
-7.979768415376230217e-02
-7.976794854183423544e-02
-7.970998279890552374e-02
-7.974719817570249947e-02
-7.987197645603326401e-02
-7.980732699541169539e-02
-7.970121909693619888e-02
-7.985510150996481815e-02
-7.971677515038648465e-02
-7.976862879418443464e-02
-7.980331832094823830e-02
-7.966605552893364639e-02
-7.976682055188819009e-02
-7.976760677291945545e-02
-7.982059252176397501e-02
-7.975648132170572169e-02
-7.985119135488800979e-02
-7.985359865587375594e-02
-7.979289028633397562e-02
-7.975535357067989328e-02
-7.979085187130599555e-02
-7.970500920952724999e-02
-7.982863471637360875e-02
-7.975062750621429719e-02
-8.000783990619234065e-02
-7.969475315149052164e-02
-7.975289650492213556e-02
-7.977274619296961800e-02
-7.974409300067068773e-02
-7.968998092789054966e-02
-7.973499290021769659e-02
-7.986332479397693918e-02
-7.977569147570928720e-02
-7.974238624707766232e-02
-7.975488255105386837e-02
-7.972735228494531867e-02
-7.970388220867795359e-02
-7.983304928427191471e-02
-7.976620859544517050e-02
-7.979050362219172743e-02
-7.970107216632286995e-02
-7.967372646191028807e-02
-7.985033357388668374e-02
-7.979768589114397126e-02
-7.962535503589561470e-02
-7.988069213708084981e-02
-7.981963636096993386e-02
-7.976691698050800139e-02
-7.977007808550100332e-02
-7.987810503271464135e-02
-7.977608261135298029e-02
-7.979556118294059419e-02
-7.980219813362954273e-02
-7.977315056786880854e-02
-7.978664111929166525e-02
-7.970209460316800276e-02
-7.974326396891130708e-02
-7.974923876557091229e-02
-7.979411210822714984e-02
-7.973312028616000302e-02
-7.966488666705849597e-02
-7.977010546349692921e-02
-7.978261634501217225e-02
-7.987009893134729144e-02
-7.981423206591745090e-02
-7.988642004387735973e-02
-7.973120973378466925e-02
-7.975121445284516497e-02
-7.977032837801212306e-02
-7.971799309156687996e-02
-7.974687701916637061e-02
-7.972852306612018825e-02
-7.975249984380972101e-02
-7.980382927453040509e-02
-7.975151643319135231e-02
-7.981245187908661554e-02
-7.973119126963255920e-02
-7.984867964841581289e-02
-7.959694932332792017e-02
-7.985772915008197692e-02
-7.985680659531990688e-02
-7.979586119717559101e-02
-7.982583097015523432e-02
-7.968956700055669640e-02
-7.979094081043099085e-02
-7.981553226181715976e-02
-7.980567577158734216e-02
-7.974291483925673163e-02
-7.978379685292809331e-02
-7.976478417896297468e-02
-7.967750807875881303e-02
-7.963353815867024732e-02
-7.986743053162173589e-02
-7.983180214723746559e-02
-7.987842232556449651e-02
-7.979230161020985090e-02
-7.973587065166769239e-02
-7.974210896304111118e-02
-7.990476951130488781e-02
-7.989623281378611941e-02
-7.972098034299109071e-02
-7.977521386340034881e-02
-7.978757929382318537e-02
-7.976154688442298191e-02
-7.977477745064269488e-02
-7.983720421092832531e-02
-7.978638405740166861e-02
-7.972328845061661673e-02
-7.973654091618552486e-02
-7.980518362774917385e-02
-7.978427379272819142e-02
-7.981904242900121627e-02
-7.964011888025698815e-02
-7.974649079332458979e-02
-7.977571691261305109e-02
-7.975528349720649446e-02
-7.989572908724815181e-02
-7.977784207195592892e-02
-7.970070632213663298e-02
-7.967686557922053214e-02
-7.983495124275227783e-02
-7.969094257121775438e-02
-7.969254650319647360e-02
-7.989829391060289387e-02
-7.966943473085123795e-02
-7.969107921362132696e-02
-7.979149002030390403e-02
-7.979054518182536471e-02
-7.975381354835096859e-02
-7.985355663678153637e-02
-7.975376324626230751e-02
-7.982399128491206308e-02
-7.979593579818874960e-02
-7.974282143893650365e-02
-7.973886751626275970e-02
-7.968629445475114426e-02
-7.982102260866028032e-02
-7.968851916278371639e-02
-7.971151570190330993e-02
-7.970929628451825510e-02
-7.980435083505232896e-02
-7.985186647973664675e-02
-7.987500296276363321e-02
-7.980177877957274346e-02
-7.966769008670200602e-02
-7.969275796637502463e-02
-7.978969278553507682e-02
-7.980098419924452902e-02
-7.967531197129407161e-02
-7.981522880413391419e-02
-7.971272346098942641e-02
-7.975215621805016586e-02
-7.983856826389232331e-02
-7.974972473344729695e-02
-7.963620860723083505e-02
-7.980133536191126586e-02
-7.974833376904115478e-02
-7.986063146750106700e-02
-7.968495421825234903e-02
-7.972619409896290754e-02
-7.989490130066514983e-02
-7.965441732139225128e-02
-7.986463789023520721e-02
-8.010512181308450386e-02
-7.975603507122548674e-02
-7.983766835216295210e-02
-7.977929751042781015e-02
-7.978175731609637999e-02
-7.987744268096783062e-02
-7.969310372390973896e-02
-7.979753666599929962e-02
-7.992418426704912815e-02
-7.981840364283002143e-02
-7.978641851804002538e-02
-7.972571143464948773e-02
-7.974850591815142720e-02
-7.965262860983844673e-02
-7.976806114656732893e-02
-7.977348774341815052e-02
-7.987482151991932844e-02
-7.976715673079211311e-02
-7.967560071798407417e-02
-7.976434040855173713e-02
-7.979507006943031833e-02
-7.977017396799555848e-02
-7.977227033597213135e-02
-7.963897237890067704e-02
-7.973859085788854995e-02
-7.978424101562955895e-02
-7.968614025106887655e-02
-7.972280015732816083e-02
-7.970420956045412564e-02
-7.978118344816206853e-02
-7.988336976407864332e-02
-7.988813118626263143e-02
-7.985370800391648760e-02
-7.983072432379505201e-02
-7.981849890778804080e-02
-7.992258538420971004e-02
-7.954244592542818182e-02
-7.976120738413237932e-02
-7.980277690176877659e-02
-7.977168040439318319e-02
-7.966398397777522955e-02
-7.983753082590060168e-02
-7.975783414746000222e-02
-7.989093252938928025e-02
-7.982123198312129908e-02
-7.978462469579085392e-02
-7.983498469335979786e-02
-7.974477234520928326e-02
-7.983648094659880068e-02
-7.981490120779989594e-02
-7.966893569636461503e-02
-7.977150800218545112e-02
-7.967907926261355578e-02
-7.974964748157288563e-02
-7.985883312700454983e-02
-7.976528074882259511e-02
-7.974095287138419086e-02
-7.988984928583245382e-02
-7.982277020827791003e-02
-7.969932460773576643e-02
-7.971062358682910742e-02
-7.971217634542515640e-02
-7.979043854458636731e-02
-7.993869699730225820e-02
-7.966398735721749724e-02
-7.967476586072071154e-02
-7.970846818471867545e-02
-7.986090139388117570e-02
-7.979309953028664026e-02
-7.979304792587206541e-02
-7.983636326902636415e-02
-7.981788843573574266e-02
-7.970013455360755450e-02
-7.984711929406566877e-02
-7.982482474124223681e-02
-7.978371579132347013e-02
-7.975544188297370440e-02
-7.984899201544039260e-02
-7.978090128483140975e-02
-7.964151866224189469e-02
-7.973185050027262188e-02
-7.982506641835047934e-02
-7.972689851267360239e-02
-7.971673604819395909e-02
-7.965720670831802352e-02
-7.976717291900763118e-02
-7.977156795816628398e-02
-7.985503979552686926e-02
-7.967072624353728483e-02
-7.978917914702318703e-02
-7.978744038278089146e-02
-7.976715294307948345e-02
-7.969848070903462478e-02
-7.975059791342656301e-02
-7.965323802526538821e-02
-7.985562254377114033e-02
-7.972948092206845472e-02
-7.969535384416928658e-02
-7.975351984407831607e-02
-7.973478630889260788e-02
-7.966329407284798714e-02
-7.978839235578073785e-02
-7.976951463053448543e-02
-7.980883563867956221e-02
-7.984163640654837191e-02
-7.972210175835670043e-02
-7.977924861173378568e-02
-7.991161346402624044e-02
-7.970901031464595887e-02
-7.966311084352184491e-02
-7.981362248950563121e-02
-7.975770299933405971e-02
-7.980771875017013406e-02
-7.992550857200228509e-02
-7.985519448227949846e-02
-7.983366879663331139e-02
-7.989564265799652121e-02
-7.971753539227469099e-02
-7.972413126267219319e-02
-7.980552491804311643e-02
-7.967909308206284902e-02
-7.972667286753400140e-02
-7.981765566704122905e-02
-7.980046052785354227e-02
-7.990168288017143738e-02
-7.974642533645369402e-02
-7.969522799194894702e-02
-7.991128008054326770e-02
-7.985788854945753690e-02
-7.977543026263982096e-02
-7.983933351161685843e-02
-7.974740856925044419e-02
-7.979900956943235257e-02
-7.979355579805069709e-02
-7.983028987998255777e-02
-7.977153023782720953e-02
-7.964937016254203250e-02
-7.976580630430997465e-02
-7.976655585408552740e-02
-7.972195064452672342e-02
-7.981564989339394456e-02
-7.985391489865931169e-02
-7.974125951778600341e-02
-7.985249672066777049e-02
-7.987910496774845714e-02
-7.986016177011061312e-02
-7.966727664664148556e-02
-7.984817614175135359e-02
-7.981974988486860434e-02
-7.975915401427371987e-02
-7.960269488218882361e-02
-7.973610212603902958e-02
-7.983624337822055328e-02
-7.987555695343459550e-02
-7.977019604571580769e-02
-7.984934925516105897e-02
-7.980492171438106908e-02
-7.962336130975403159e-02
-7.976621712917190965e-02
-7.989511160034871995e-02
-7.974121289805505275e-02
-7.976242638237147908e-02
-7.976932667266227461e-02
-7.973540870285510118e-02
-7.984802889584699526e-02
-7.966644195735594902e-02
-7.986697940290496400e-02
-7.990526887776946974e-02
-7.978158671746836406e-02
-7.974135406626113587e-02
-7.976018719751500063e-02
-7.974603167270546966e-02
-7.983999113015816107e-02
-7.968790393621048851e-02
-7.975740218038261664e-02
-7.969530859993080585e-02
-7.979736891004653165e-02
-7.976447930738429781e-02
-7.978200714046106146e-02
-7.984475986913763812e-02
-7.983896051880502720e-02
-7.969609757668161265e-02
-7.981790703688651512e-02
-7.975087707058924058e-02
-7.976704342386806146e-02
-7.975009882867112321e-02
-7.975924528558338278e-02
-7.969689504571288163e-02
-7.986247667275210571e-02
-7.976720872841916443e-02
-7.973241109343813526e-02
-7.981358006446639952e-02
-7.985445704054194849e-02
-7.976089893235253914e-02
-7.982777207914271145e-02
-7.977261671193235093e-02
-7.983784355024889368e-02
-7.968186439294752677e-02
-7.990545719687111581e-02
-7.978837390876528102e-02
-7.983273682755169520e-02
-7.982040920844406251e-02
-7.983872511747670819e-02
-7.980791343012225147e-02
-7.984788950634569282e-02
-7.985055528973297734e-02
-7.982253073931462606e-02
-7.989326898986678915e-02
-7.977736741256902242e-02
-7.975707499926047717e-02
-7.991167126337679616e-02
-7.977226306764599595e-02
-7.975954067494875344e-02
-7.971806408173809366e-02
-7.977204173586756319e-02
-7.977232937416797731e-02
-7.968396407195885156e-02
-7.973082732220003466e-02
-7.981555110835002187e-02
-7.979821538967717121e-02
-7.980754853972715779e-02
-7.971095451985685254e-02
-7.973586278511386738e-02
-7.978565673815392334e-02
-7.978193765231736401e-02
-7.981178931787022424e-02
-7.984933920773640281e-02
-7.975054957481489404e-02
-7.985718250368505078e-02
-7.982650918722487832e-02
-7.977920140389953285e-02
-7.978418095590342207e-02
-7.979013079013330678e-02
-7.971109327783192089e-02
-7.972521161917052457e-02
-7.988277814378499930e-02
-7.970080012894821542e-02
-7.987252021156872328e-02
-7.975013691706792085e-02
-7.981501806141169664e-02
-7.971870663955853142e-02
-7.985163268838239847e-02
-7.982568404151765828e-02
-7.976806093817656595e-02
-7.978905384181946003e-02
-7.970057677053724032e-02
-7.986173142185329366e-02
-7.990843105823255965e-02
-7.971875927771657211e-02
-7.977579890466934831e-02
-7.990019212935904613e-02
-7.975108437223843438e-02
-7.983425522672239760e-02
-7.971661273276883786e-02
-7.985494928751932231e-02
-7.977197704533815770e-02
-7.983238115107722799e-02
-7.978245308588853557e-02
-7.971836018206282515e-02
-7.981013762941380207e-02
-7.979689340275565590e-02
-7.975767549573650750e-02
-7.976849294651919275e-02
-7.975772071126645268e-02
-7.982054090269904978e-02
-7.983751109139224089e-02
-7.972128026612661233e-02
-7.981913681873491206e-02
-7.968096407414880511e-02
-7.976293054634440993e-02
-7.987532101150529584e-02
-7.984221062899744814e-02
-7.979491823600433353e-02
-7.976161391566509440e-02
-7.979240937906606490e-02
-7.973075195814759153e-02
-7.977682854797356338e-02
-7.980873535901678029e-02
-7.975252218593979758e-02
-7.984192591677910511e-02
-7.985455118536717578e-02
-7.977148372329755099e-02
-7.987672971253161058e-02
-7.975870372749592485e-02
-7.988757783884957442e-02
-7.975032772684742532e-02
-7.973329445405884230e-02
-7.980015342610771722e-02
-7.968596511083088363e-02
-7.988461368643785809e-02
-7.975803736532548205e-02
-7.967831848763172464e-02
-7.983111674354491372e-02
-7.973494647550495584e-02
-7.976131846754398735e-02
-7.972002860653769341e-02
-7.967233327652913089e-02
-7.974104085055788715e-02
-7.978182715268940239e-02
-7.976983876052008704e-02
-7.985251911468622954e-02
-7.978553031986969357e-02
-7.978392302328317365e-02
-7.976277645422864826e-02
-7.978845241859573723e-02
-7.966801493264749623e-02
-7.976188041684505181e-02
-7.997222869139933299e-02
-7.962747933427058444e-02
-7.977675623500338209e-02
-7.988222429155124316e-02
-7.971834518381870627e-02
-7.980864609941655530e-02
-7.975975853358976964e-02
-7.985239847047036210e-02
-7.959112928832332012e-02
-7.993304233184335417e-02
-7.977717454548520493e-02
-7.979210672698733298e-02
-7.984701824773976497e-02
-7.976898928001847910e-02
-7.968970039252644411e-02
-7.981841455182385470e-02
-7.969696884876031895e-02
-7.981410733620607212e-02
-7.965615440792202240e-02
-7.970558153977014282e-02
-7.977555219686596755e-02
-7.985721217225970336e-02
-7.976755719276129586e-02
-7.979769166013696291e-02
-7.972557115374009906e-02
-7.970147706964879342e-02
-7.982933259788067837e-02
-7.974413253251914913e-02
-7.990199494362437704e-02
-7.972331084231347453e-02
-7.977725815644627627e-02
-7.974255920887531046e-02
-7.983205387269909359e-02
-7.968646102144405496e-02
-7.981462094861625778e-02
-7.993075314076920901e-02
-7.981525414949983133e-02
-7.981787434986301055e-02
-7.976847845457281372e-02
-7.976077101552427051e-02
-7.974846643045729877e-02
-7.966198317383785255e-02
-7.987214320078121765e-02
-7.988791094546009164e-02
-7.988020250904316610e-02
-7.981471838242616690e-02
-7.983434878739330276e-02
-7.977307881786156740e-02
-7.975813146735470649e-02
-7.983963552166824240e-02
-7.981890054634892262e-02
-7.976919138001434262e-02
-7.975976671619212921e-02
-7.982415375932606916e-02
-7.973690110572025092e-02
-7.979519423558459335e-02
-7.967964701022699214e-02
-7.969876570398372329e-02
-7.974253872185048386e-02
-7.987490828640418650e-02
-7.978795119802514768e-02
-7.980115383353501846e-02
-7.981296240608758141e-02
-7.977028305993592860e-02
-7.986486440782211704e-02
-7.981317711267357784e-02
-7.986071071948705469e-02
-7.983683400105083539e-02
-7.985599483474822846e-02
-7.983896795251214928e-02
-7.969910795514342783e-02
-7.978116812768416832e-02
-7.982972310875383060e-02
-7.980448824957848963e-02
-7.974910353440999022e-02
-7.978207927583987058e-02
-7.974776060496194252e-02
-7.966326117543187646e-02
-7.975874181999974277e-02
-7.972329423848142915e-02
-7.983062113159422601e-02
-7.979062403194239761e-02
-7.986883282390069838e-02
-7.978517058320178101e-02
-7.974444509028873196e-02
-7.976565967578687355e-02
-7.977678307762606225e-02
-7.979580404149580475e-02
-7.971707985975363953e-02
-7.987882183615095666e-02
-7.982104079772274485e-02
-7.983625357852673632e-02
-7.973959526970671174e-02
-7.986698041058194752e-02
-7.986836906721790641e-02
-7.987726697017964728e-02
-7.980574297047492160e-02
-7.974615946359886465e-02
-7.987511830409219082e-02
-7.976347150848248080e-02
-7.984699070889296479e-02
-7.991174060251000910e-02
-7.981631461587622434e-02
-7.979012005653107753e-02
-7.982205749416630691e-02
-7.978437811576880034e-02
-7.973613171907890929e-02
-7.987267251893638564e-02
-7.976099744863786312e-02
-7.979417363491905779e-02
-7.978231191596651950e-02
-7.995589409949603599e-02
-7.979014434798223365e-02
-7.983097454745917421e-02
-7.969915661219670322e-02
-7.973248395792006948e-02
-7.974305226870183338e-02
-7.980677957349306684e-02
-7.986790166888949050e-02
-7.985567890236999755e-02
-7.978452478502971734e-02
-7.975443932489516274e-02
-7.976279153344467687e-02
-7.971929755779548488e-02
-7.980135501694661515e-02
-7.979132797003843369e-02
-7.982640749231968702e-02
-7.998730326505650023e-02
-7.977913295111489778e-02
-7.985661429346668783e-02
-7.969353287424933707e-02
-7.980380769011177766e-02
-7.975338409025341246e-02
-7.990365939244860327e-02
-7.981103878091209969e-02
-7.976771528864171068e-02
-7.983847975618928172e-02
-7.972593931287344504e-02
-7.974863748110025408e-02
-7.982692135755027618e-02
-7.970372222543931073e-02
-7.972471682574353014e-02
-7.990613024930166841e-02
-7.976084081432123496e-02
-7.985816517889762767e-02
-7.958436157180880099e-02
-7.986924343882985389e-02
-7.968789275957798013e-02
-7.990150774353430019e-02
-7.971561021319373275e-02
-7.980994459815152209e-02
-7.981469960455259138e-02
-7.965291033167491708e-02
-7.976197293827673451e-02
-7.973431844065217988e-02
-7.981110359800958065e-02
-7.983435439743964690e-02
-7.971696554126458945e-02
-7.969026927409943173e-02
-7.978264793962111523e-02
-7.968616345155865588e-02
-7.975797054313406298e-02
-7.975141623585149664e-02
-7.968123055646612884e-02
-7.974257892035387096e-02
-7.987834122421659522e-02
-7.990019930029879092e-02
-7.974906613283715140e-02
-7.986086728275190727e-02
-7.977578816176815468e-02
-7.986525686774029187e-02
-7.977524308721391233e-02
-7.978560486523103568e-02
-7.972927452314773622e-02
-7.989094086074489953e-02
-7.979361366315343429e-02
-7.984672891723557098e-02
-7.973969939486276470e-02
-7.976576586423125836e-02
-7.979501163314507706e-02
-7.972090558904586233e-02
-7.982943180994937771e-02
-7.984825602071841943e-02
-7.976304739314346581e-02
-7.964705327284223035e-02
-7.975608260358048318e-02
-7.976667697609247931e-02
-7.993316790445249842e-02
-7.979921494431958806e-02
-7.984887793016290369e-02
-7.984025608379642647e-02
-7.974555947153463831e-02
-7.974545736491497894e-02
-7.981978612468651479e-02
-7.988951245227361719e-02
-7.974134248622481713e-02
-7.980230623163975245e-02
-7.981104573242635281e-02
-7.981152972913808930e-02
-7.988654638510957195e-02
-7.980820646208454383e-02
-7.983468078251269862e-02
-7.978572946358104823e-02
-7.983060446740943006e-02
-7.989506593695058778e-02
-7.968117011570845232e-02
-7.974869221331389035e-02
-7.979882248591112226e-02
-7.976698094144149542e-02
-7.971894308688513842e-02
-7.953703265762716856e-02
-7.980643496567872697e-02
-7.990510709201571748e-02
-7.989878860634457014e-02
-7.973742362187259680e-02
-7.971966861653993763e-02
-7.969250041250708350e-02
-7.976856575010538020e-02
-7.976513782619787385e-02
-7.978203440775567812e-02
-7.965925237873858200e-02
-7.980315020650896596e-02
-7.961834327791536547e-02
-7.969188471235448545e-02
-7.978046249492108666e-02
-7.985961918943081106e-02
-7.976719165529887190e-02
-7.981122884707068932e-02
-7.981359166300203145e-02
-7.981813215161394359e-02
-7.977462787398806321e-02
-7.973012280807188767e-02
-7.983879820237195502e-02
-7.963895744095705886e-02
-7.976372859383078218e-02
-7.988687005851766165e-02
-7.989241979536701455e-02
-7.971709173538721327e-02
-7.975459478876875674e-02
-7.978893519033028459e-02
-7.981564782738111152e-02
-7.978200302144365652e-02
-7.990252596475184987e-02
-7.977991886017703205e-02
-7.979620950088819886e-02
-7.999302473956482196e-02
-7.975789433792934702e-02
-7.978392380404457362e-02
-7.982056342346537103e-02
-7.990615687137091194e-02
-7.975037605087295645e-02
-7.990342187494357817e-02
-7.985222388640400570e-02
-7.984288961994799594e-02
-7.977984992044857837e-02
-7.971750770475513614e-02
-7.970708787224853320e-02
-7.985831135799434377e-02
-7.972152314401366457e-02
-7.980082878190983275e-02
-7.980335744785850560e-02
-7.978283527597722358e-02
-7.980956561492931478e-02
-7.976698595451174600e-02
-7.987287924573972797e-02
-7.975476588399141309e-02
-7.981311782417563339e-02
-7.987450142418514587e-02
-7.979250941127649654e-02
-7.979939957350191959e-02
-7.971542386390530199e-02
-7.977950277591584760e-02
-7.971726520018086737e-02
-7.972099253140470243e-02
-7.985051021817315964e-02
-7.976596738162651523e-02
-7.971892298984815939e-02
-7.973034719419595795e-02
-7.987041021846066902e-02
-7.972881727591259182e-02
-7.975080492795687259e-02
-7.989639280760697793e-02
-7.975431414992230350e-02
-7.987703792436098849e-02
-7.981132427089300541e-02
-7.970692553637673261e-02
-7.975166145509092475e-02
-7.983366479582100494e-02
-7.973028138976978596e-02
-7.967236763585201775e-02
-7.985864637813049061e-02
-7.986572710659985141e-02
-7.968571335498915442e-02
-7.976790756037828445e-02
-7.972748113084852928e-02
-7.968121592983659629e-02
-7.983516396623586975e-02
-7.982125356594091392e-02
-7.974693679220747067e-02
-7.976790591935833952e-02
-7.965006129421328684e-02
-7.985917154282137775e-02
-7.988617714645358803e-02
-7.976837877620716888e-02
-7.988175801141791932e-02
-7.987939289356439654e-02
-7.991494237423744929e-02
-7.974028887415615663e-02
-7.974063401404854479e-02
-7.984867277986429368e-02
-7.972696346090371589e-02
-7.974611051843516485e-02
-7.976104470679759584e-02
-7.970362974026201641e-02
-7.980820420822976047e-02
-7.977421926516907458e-02
-7.974522573589866437e-02
-7.979982278619579539e-02
-7.967960951485829335e-02
-7.977110255132209560e-02
-7.984291064548806882e-02
-7.967754369904891942e-02
-7.980546874444760519e-02
-7.982839034860897409e-02
-7.977487632861000877e-02
-7.969858077039149169e-02
-7.981797267440747523e-02
-7.970028240101903472e-02
-7.980190260178431083e-02
-7.981487992968434864e-02
-7.968046489828468915e-02
-7.975747118398666957e-02
-7.978260289455650633e-02
-7.975836461749616357e-02
-7.980532568544174143e-02
-7.962844642718165666e-02
-7.982598757999308237e-02
-7.968970025723287609e-02
-7.969371962453759839e-02
-7.987220638198423706e-02
-7.971736000037145387e-02
-7.967876797929156207e-02
-7.969865265695356971e-02
-7.984590589722762033e-02
-7.979901487718869812e-02
-7.979184690746755904e-02
-7.974821712296943643e-02
-7.983548207760482462e-02
-7.980526266587227580e-02
-7.978842153207311994e-02
-7.984591966415270636e-02
-7.980575198932403358e-02
-7.973067961653536317e-02
-7.971235177885227507e-02
-7.982327389731955214e-02
-7.977515935863953300e-02
-7.983108358390775261e-02
-7.992255917443845392e-02
-7.968035721883549860e-02
-7.972182033353458763e-02
-7.978590904385210458e-02
-7.986270336014962556e-02
-7.981155944390165569e-02
-7.994384902886911282e-02
-7.974466969385571313e-02
-7.980489066832142930e-02
-7.978637794403516115e-02
-7.980412761525509935e-02
-7.987102763663904426e-02
-7.975424141829619284e-02
-7.972478616991722500e-02
-7.974275903127532594e-02
-7.980212380617594803e-02
-7.977105194866693227e-02
-7.977786502039242722e-02
-7.973042406100001867e-02
-7.983348598502502946e-02
-7.971482475830971026e-02
-7.984742923685561600e-02
-7.973472840106496373e-02
-7.980166118843376455e-02
-7.962408178574061079e-02
-7.962486870259599669e-02
-7.974616340658387259e-02
-7.983597041923072568e-02
-7.963092548014261141e-02
-7.973376609545902716e-02
-7.971200489374334619e-02
-7.976401866891037751e-02
-7.994792062898356533e-02
-7.977763530841440465e-02
-7.982669462297831142e-02
-7.972689724771242492e-02
-7.981769314552697447e-02
-7.981903871229582836e-02
-7.977188231010752528e-02
-7.964293522672716286e-02
-7.983658019782069459e-02
-7.978961994335888319e-02
-7.986914844715434225e-02
-7.978355727600756897e-02
-7.983630978286433699e-02
-7.986819593048302690e-02
-7.980365242355211275e-02
-7.976994463363941412e-02
-7.981550950301023739e-02
-7.978359718300524761e-02
-7.979706749700198054e-02
-7.977737142778298929e-02
-7.977254207958868470e-02
-7.981424524678346066e-02
-7.976775607240885191e-02
-7.978421922046689818e-02
-7.970389250957721217e-02
-7.977082204478803951e-02
-7.975888588931004386e-02
-7.970076553724406154e-02
-7.965833356658238995e-02
-7.983308228812592555e-02
-7.984220455629931212e-02
-7.980710348658497100e-02
-7.974601362343695932e-02
-7.987166606774112609e-02
-7.974479781218105079e-02
-7.973685723651459389e-02
-7.972317798636570363e-02
-7.980904022191574743e-02
-7.983525628497674387e-02
-7.972560009282522731e-02
-7.985566177066706628e-02
-7.975862969157472560e-02
-7.974510815653555740e-02
-7.982950905655115947e-02
-7.987159250773477603e-02
-7.977176802658236809e-02
-7.992166365776488812e-02
-7.966105290685943086e-02
-7.988588413736090466e-02
-7.977159513143447511e-02
-7.970902541958614640e-02
-7.981601968973810191e-02
-7.968492133616833506e-02
-7.961438625502090249e-02
-7.991370403123911059e-02
-7.983734628238307873e-02
-7.981651374690061640e-02
-7.977627858608893341e-02
-7.984112263752374261e-02
-7.973945101331716967e-02
-7.969275350659241197e-02
-7.980306151605368048e-02
-7.986507519039995340e-02
-7.985963057949563293e-02
-7.982591700342364649e-02
-7.994281390118411490e-02
-7.982001927679603648e-02
-7.979529156966999603e-02
-7.969540957617048116e-02
-7.972970751697881775e-02
-7.974365068861029304e-02
-7.981949623203833666e-02
-7.975041180483177783e-02
-7.972309472075843340e-02
-7.997568024833699718e-02
-7.974447703925656439e-02
-7.982590308591608341e-02
-7.977055386205338106e-02
-7.975208339475285679e-02
-7.989340397227664980e-02
-7.977215324976194566e-02
-7.983727412336998064e-02
-7.978512769046838815e-02
-7.967403768163074107e-02
-7.986148750163367394e-02
-7.985141792895507351e-02
-7.975742356658797882e-02
-7.965731302536974145e-02
-7.986278089750045717e-02
-7.985181755315486074e-02
-7.981381866374578915e-02
-7.979854520039185439e-02
-7.968350971853647990e-02
-7.974154529170739136e-02
-7.982505935481079562e-02
-7.973214999544575576e-02
-7.981536117083491699e-02
-7.980295322527124202e-02
-7.972663542247479529e-02
-7.974885462719871754e-02
-7.986169914965619843e-02
-7.964775594574126372e-02
-7.976745792306348670e-02
-7.976985131847269539e-02
-7.981071848720475148e-02
-7.960191694116751371e-02
-7.977812912796282407e-02
-7.982532951669070453e-02
-7.973398955930299792e-02
-7.982681426569672445e-02
-7.984231909790437398e-02
-7.975073867616597201e-02
-7.963390163978840974e-02
-7.976206879530613192e-02
-7.979421224255715817e-02
-7.978928630168262426e-02
-7.993044732827374321e-02
-7.984908816021575595e-02
-7.974669198617166666e-02
-7.983868704544673511e-02
-7.980819211651045408e-02
-7.984105152304278585e-02
-7.984821798802961557e-02
-7.981766375555833515e-02
-7.973993799518951098e-02
-7.985386635245617093e-02
-7.982129236993532051e-02
-7.971254187342262376e-02
-7.975249830308524246e-02
-7.981037853254877024e-02
-7.973974713027336125e-02
-7.980034279060367608e-02
-7.974541263919918133e-02
-7.981252533822101591e-02
-7.979528783447216445e-02
-7.979742098064503131e-02
-7.984265702222563543e-02
-7.972341303796502687e-02
-7.969285903537814963e-02
-7.952927801575758460e-02
-7.984654757425868610e-02
-7.980351192043309838e-02
-7.967882556522656867e-02
-7.973124680922127894e-02
-7.986089850582488159e-02
-7.986502789340013675e-02
-7.979388019980089564e-02
-7.974720256588642420e-02
-7.967467491934410173e-02
-7.970147160542058462e-02
-7.975605438768064437e-02
-7.984368937269757660e-02
-7.977486145412206187e-02
-7.991379878332341424e-02
-7.985652097371684355e-02
-7.979861423202350146e-02
-7.986717428572631672e-02
-7.978178770223622041e-02
-7.982703716924868798e-02
-7.974155579247008130e-02
-7.980608033640632093e-02
-7.988091632733969327e-02
-7.972773238628023951e-02
-7.952509386063423558e-02
-7.979365521522928384e-02
-7.986418815369947244e-02
-7.982934027719400250e-02
-7.994386050049244463e-02
-7.973271975518435306e-02
-7.977725845344077471e-02
-7.972763667690939415e-02
-7.981783472975452487e-02
-7.997321958999822900e-02
-7.968627088035463990e-02
-7.985729853025073932e-02
-7.972612193051330232e-02
-7.983044227531332915e-02
-7.979689647862486801e-02
-7.977772187823248262e-02
-7.981568993375796894e-02
-7.997318769047510878e-02
-7.985412516923838522e-02
-7.979262527377906089e-02
-7.982573776825797884e-02
-7.989068970293941585e-02
-7.993674903976076551e-02
-7.986752113977520218e-02
-7.979251279493659865e-02
-7.972745343548696961e-02
-7.976948041872379547e-02
-7.985007752564252104e-02
-7.975767912578146657e-02
-7.983250694285241866e-02
-7.979049859467350625e-02
-7.985755714626940893e-02
-7.980644623834902418e-02
-7.979158124480643932e-02
-7.981911079548544008e-02
-7.973859837815318319e-02
-7.991153930621777701e-02
-7.985267531397351182e-02
-7.974958130069310924e-02
-7.980745999609929753e-02
-7.978668901122155932e-02
-7.974863077694098468e-02
-7.973754398928609155e-02
-7.973843220143252142e-02
-7.976484654550755615e-02
-7.978336010224074126e-02
-7.978303350234131064e-02
-7.981415977083014535e-02
-7.974796308562358271e-02
-7.988452294943972076e-02
-7.978717883730999938e-02
-7.978577199987502144e-02
-7.977073135159791495e-02
-7.982295832607855246e-02
-7.983890929956437288e-02
-7.979696514724346490e-02
-7.971883322355348411e-02
-7.986557877023205132e-02
-7.980569883686086663e-02
-7.979570542936684219e-02
-7.974107919650354204e-02
-7.982878285832227527e-02
-7.982304238667958796e-02
-7.990541468894739319e-02
-7.987055463881252704e-02
-7.972645690917883055e-02
-7.972486317459871741e-02
-7.969370146260164323e-02
-7.980180110407655847e-02
-7.985580697895659774e-02
-7.974421318777429046e-02
-7.969273861657012736e-02
-7.979207691740919373e-02
-7.979882916863238751e-02
-7.988753253314914704e-02
-7.995250254853651650e-02
-7.985038942441959053e-02
-7.980891190389885481e-02
-7.968447529653231720e-02
-7.977803566450715478e-02
-7.975915372196475117e-02
-7.973764493576210310e-02
-7.977969439546926667e-02
-7.970749725844528122e-02
-7.984755037875744532e-02
-7.983594983267962297e-02
-7.975497555094647473e-02
-7.990687071144605969e-02
-7.975723966693785971e-02
-7.970814151760961808e-02
-7.988078159287055613e-02
-7.979602494074204688e-02
-7.982467099430670676e-02
-7.982063259490211615e-02
-7.979906780931891874e-02
-7.974674098403632116e-02
-7.983876781085107177e-02
-7.980042422412995939e-02
-7.980538488605516678e-02
-7.982710868478257171e-02
-7.975113313200539455e-02
-7.976859785643233836e-02
-7.984225270628335369e-02
-7.984261337074416431e-02
-7.975581411416568511e-02
-7.990800155090152512e-02
-7.978464223485930151e-02
-7.994454903380075750e-02
-7.972344815781030880e-02
-7.981084041530264739e-02
-7.987927851717503691e-02
-7.978605094314393520e-02
-7.970681733169879268e-02
-7.975714601001142323e-02
-7.978958060614589620e-02
-7.986894510641043277e-02
-7.994008605716292071e-02
-7.979359205340856576e-02
-7.971583566665094156e-02
-7.976935111197737405e-02
-7.980198399377823326e-02
-7.971206715410368571e-02
-7.982864301641047489e-02
-7.967537378511502233e-02
-7.983294020035584804e-02
-7.976762818054868032e-02
-7.981351632485475522e-02
-7.975002598013987420e-02
-7.966390297305274426e-02
-7.977011924593113701e-02
-7.978043305781604144e-02
-7.974775038678717787e-02
-7.973929444186746152e-02
-7.970081992396618742e-02
-7.979129936190054728e-02
-7.966033998856134057e-02
-7.993299688703180139e-02
-7.978125687903721286e-02
-7.983024519542485098e-02
-7.986700847580198437e-02
-7.979707124278474784e-02
-7.990237836948230199e-02
-7.981625033103224853e-02
-7.983343952561169909e-02
-7.971941494384592042e-02
-7.978205996132906042e-02
-7.988844697473375389e-02
-7.981024117438222099e-02
-7.982767056980646925e-02
-7.975991266173812488e-02
-7.988189977514929818e-02
-7.978109292189954072e-02
-7.982187393407493003e-02
-7.982242159498802170e-02
-7.982086582354729065e-02
-7.987712750963092689e-02
-7.990887723021365685e-02
-7.987611065621437467e-02
-7.976947572605673498e-02
-7.976709155521628791e-02
-7.972690485833901219e-02
-7.985558221865660111e-02
-7.975896690385171628e-02
-7.982183654080533819e-02
-7.969248488825687871e-02
-7.962249237031579496e-02
-7.966281775138231436e-02
-7.977091361444114959e-02
-8.014721398143365150e-02
-7.986320111530782750e-02
-7.975674236421936847e-02
-7.986654877876896153e-02
-7.964311070788368530e-02
-7.986236791725519202e-02
-7.964909548001557205e-02
-7.973673854365048719e-02
-7.966292999934750096e-02
-7.992036255961890157e-02
-7.986660127221592576e-02
-7.979484669234901406e-02
-7.952064151347031096e-02
-7.964253397225996844e-02
-7.975254455068934989e-02
-7.979214149997897187e-02
-7.980357823196616851e-02
-7.980380789361432581e-02
-7.975095575787295721e-02
-7.971636203976295576e-02
-7.978664317394919270e-02
-7.974356615645113167e-02
-7.978765487318546790e-02
-7.981437948038018482e-02
-7.979024709578555474e-02
-7.986532699341464259e-02
-7.971661355294304419e-02
-7.977474582824835292e-02
-7.980173893430284049e-02
-7.987760954709484384e-02
-7.968594252959301794e-02
-7.981561080962158716e-02
-7.973616824410136028e-02
-7.974444845529769788e-02
-7.976239705811864755e-02
-7.984527251106857126e-02
-7.978284399690871442e-02
-7.967780629776718970e-02
-7.983454175288857979e-02
-7.985634077677553067e-02
-7.974655631309827963e-02
-7.982212285646617111e-02
-7.980784659839115780e-02
-7.981905428293568916e-02
-7.982962119588865590e-02
-7.976956513914464086e-02
-7.984466404716836219e-02
-7.973870686456541179e-02
-7.973662357572239290e-02
-7.976602101078222873e-02
-7.977911847153132396e-02
-7.974326124095924839e-02
-7.984595456803253444e-02
-7.975398388657804760e-02
-7.961935087540257527e-02
-7.968604738226293949e-02
-7.966325558868517231e-02
-7.984463831796617672e-02
-7.973867650064810075e-02
-7.987400279779488521e-02
-7.973968042737682171e-02
-7.975135668328713068e-02
-7.978021177070823700e-02
-7.974320297343522046e-02
-7.976906209370669687e-02
-7.977476980929609773e-02
-7.977297014202587577e-02
-7.970618793433444094e-02
-7.965469639716535322e-02
-7.972342669584528418e-02
-7.978512570937421056e-02
-7.977369651659649286e-02
-7.988430346460502485e-02
-7.977570627030382278e-02
-7.988136071347605449e-02
-7.979721518301950700e-02
-7.977481513196948981e-02
-7.970653775579382427e-02
-7.983147486891935263e-02
-7.984437187603389552e-02
-7.978451764030013160e-02
-7.980068918785916676e-02
-7.977226230889403191e-02
-7.973736327035078897e-02
-7.971450019830784994e-02
-7.970937251985410477e-02
-7.982124245510087424e-02
-7.984319266085450340e-02
-7.969200635187949355e-02
-7.972326439021212852e-02
-7.974298502440084480e-02
-7.983979308883358550e-02
-7.985436867527975768e-02
-7.980731013952195585e-02
-7.980437062136791493e-02
-7.980221176778423686e-02
-7.975186090524861993e-02
-7.986677569580884206e-02
-7.977625843226283930e-02
-7.965408115780046872e-02
-7.978544860287095641e-02
-7.982062187810934351e-02
-7.982949934022043337e-02
-7.970202740314236145e-02
-7.971797415613221527e-02
-7.988472889270734068e-02
-7.981675472515555037e-02
-7.975088039099202664e-02
-7.984597885406936879e-02
-7.983362623944056935e-02
-7.985508978480758413e-02
-7.977939171078596292e-02
-7.973308864521332084e-02
-7.975621694374769588e-02
-7.979288782749638376e-02
-7.973463755513007789e-02
-7.975211011398695982e-02
-7.980541891193405901e-02
-7.969339545955413107e-02
-7.992529363975676981e-02
-7.975737853529032972e-02
-7.983415416228276107e-02
-7.982158573036438054e-02
-7.978742534105376372e-02
-7.979344710189792411e-02
-7.969634185488250200e-02
-7.976055112168919936e-02
-7.980336212736757751e-02
-7.970638103482118042e-02
-7.985761892358302083e-02
-7.974592553245250792e-02
-7.975962469979439029e-02
-7.982491622797371900e-02
-7.976802953345980829e-02
-7.980234008427657122e-02
-7.987592728687932520e-02
-7.970499976637271389e-02
-7.961190242501814396e-02
-7.979010281389929682e-02
-7.979119573004352095e-02
-7.986009579930676561e-02
-7.967141305355131264e-02
-7.977714347629816238e-02
-7.983489465137005858e-02
-7.979262314145128820e-02
-7.985699848716769356e-02
-7.970140290858614140e-02
-7.980004168974223766e-02
-7.977399579883114045e-02
-7.971208213142168264e-02
-7.977716879400784111e-02
-7.975811823534832701e-02
-7.980715021833513501e-02
-7.971907321838453409e-02
-7.984569690852234836e-02
-7.981107135982509759e-02
-7.984868475597561854e-02
-7.978924831851690047e-02
-7.971804280359387485e-02
-7.980420926491664513e-02
-7.983575278314429535e-02
-7.974554532760813608e-02
-7.979343472774809432e-02
-7.987652310673962197e-02
-7.976210840472451602e-02
-7.982747185485970787e-02
-7.980946698220012236e-02
-7.966559188709339268e-02
-7.978159113929815527e-02
-7.985852030259447953e-02
-7.972230755980948269e-02
-7.986348112715245529e-02
-7.972455935361512369e-02
-7.975289728844971171e-02
-7.990480458102479366e-02
-7.986677302958407332e-02
-7.978096629054934330e-02
-7.977158513052584610e-02
-7.985880550013144119e-02
-7.978506386155927166e-02
-7.986171894372809388e-02
-7.979723758203369210e-02
-7.986066015779226535e-02
-7.979978762637432443e-02
-7.985711417378503485e-02
-7.980755479979070866e-02
-7.984215034274939893e-02
-7.978908204342963217e-02
-7.974734791969161074e-02
-7.976543627926767355e-02
-7.972374028877630969e-02
-7.975220294157811529e-02
-7.984323534649893916e-02
-7.985221131646050297e-02
-7.979116735504694635e-02
-7.979615925776638308e-02
-7.971688493853197610e-02
-7.976217820222906985e-02
-7.977729410416410649e-02
-7.992595425811506449e-02
-7.965495047104763360e-02
-7.985198865122929146e-02
-7.979562005985772755e-02
-7.974145743729325886e-02
-7.977953956693838167e-02
-7.987864798149246770e-02
-7.978387794480246153e-02
-7.970263172915544037e-02
-7.967988297150192800e-02
-7.987109110162039782e-02
-7.982572670823788463e-02
-7.979926495993017177e-02
-7.976624815860278161e-02
-7.976264965898054171e-02
-7.969126758208415484e-02
-7.971787061053385581e-02
-7.983040912276738454e-02
-7.992247800192853191e-02
-7.979542391673040413e-02
-7.976719806374650557e-02
-7.975236110489493380e-02
-7.981487771939924092e-02
-7.974076152642772808e-02
-7.980497409970532807e-02
-7.988568976208187955e-02
-7.979280479465189480e-02
-7.982088724702125770e-02
-7.981626411030363910e-02
-7.979210391941349290e-02
-7.968506413943447775e-02
-7.980636196010844341e-02
-7.979105406534156564e-02
-7.975391041278809268e-02
-7.966977889032811344e-02
-7.980649840556620911e-02
-7.974620545274301031e-02
-7.976620079988998302e-02
-7.973214676209210150e-02
-7.987177498813882726e-02
-7.974796478360758611e-02
-7.981756121287073014e-02
-7.973389377400699751e-02
-7.981831881417593422e-02
-7.990988816235188030e-02
