-2.177129552436125794e-03
-2.198207353497517481e-03
-1.911038180772143017e-03
-1.683439585669090381e-03
-8.726131396570040080e-04
-8.701197088323773783e-04
-1.979162753261572497e-03
-4.368334270581725187e-03
-2.469383553810217645e-03
-2.013737634912421502e-03
-3.887002783571735787e-03
-3.725195804968956231e-03
-3.680871241557037449e-03
-3.408070752414956751e-03
-5.067980810052415477e-03
-3.831146154635799942e-03
-5.041483592235441492e-03
-2.688082273533470238e-03
-7.649376679438510927e-03
-6.711702336651186908e-03
-5.628341166800605692e-03
-7.666001121143455055e-03
-5.187469599951007385e-03
-6.798327249764889169e-03
-6.673713393008214902e-03
-5.929810386970118044e-03
-7.457708844415391301e-03
-7.462502408074167537e-03
-7.531106066981848104e-03
-7.429834847630809036e-03
-8.189503613551741418e-03
-7.571677336158671827e-03
-7.480132046150798908e-03
-8.460150142650444891e-03
-7.934070278551228622e-03
-7.845429568689400376e-03
-7.450990658230367998e-03
-8.052267623922942930e-03
-7.796568477980805358e-03
-7.518992061340963075e-03
-7.741126274492719436e-03
-7.768317955305613538e-03
-8.042020789929544070e-03
-8.732227914428342466e-03
-8.212588602520196762e-03
-7.656781463980710280e-03
-7.744683839149878526e-03
-8.280356087938138543e-03
-7.684985376134094437e-03
-7.970259102634928705e-03
-7.560090045073989892e-03
-8.019679936895306172e-03
-8.746653747855237873e-03
-8.362356165637309033e-03
-7.518888860437394558e-03
-7.968940719064532621e-03
-7.514977301883127812e-03
-7.201930873911748139e-03
-8.345605962041329276e-03
-8.094404374486692880e-03
-8.693215373698142540e-03
-8.214740103595784618e-03
-8.467355199161029009e-03
-7.932366421599851974e-03
-7.619840538506681207e-03
-7.874309113548643921e-03
-8.365366450060663164e-03
-8.182693086876141261e-03
-7.846217439120775280e-03
-8.212175934228047730e-03
-8.061664681597937449e-03
-8.053476267132521349e-03
-8.053539788879290201e-03
-7.881297367917447158e-03
-7.872656984406523756e-03
-7.491742842820343050e-03
-8.246308564010247297e-03
-8.396210858800464208e-03
-8.672769025271396398e-03
-7.441554599718769834e-03
-7.944597331627376025e-03
-8.490844391856114393e-03
-7.593126238689296148e-03
-7.825036464490243635e-03
-8.414904038421055360e-03
-8.485057264025276311e-03
-7.481252530165237100e-03
-7.449416561168219035e-03
-7.893831624771096428e-03
-8.655516041428902227e-03
-8.314493874378216590e-03
-8.597262024923920179e-03
-7.985928107719194452e-03
-7.780304934967906087e-03
-8.084692269358477457e-03
-8.396517460258086027e-03
-8.455706971727075874e-03
-8.396541046473434897e-03
-8.007215888347381585e-03
-7.762891893865253579e-03
-7.778622568943301986e-03
-8.170206406673046970e-03
-7.935074250685522981e-03
-8.385729948114803434e-03
-7.620874498465761426e-03
-8.117259989714999124e-03
-8.877286814681528693e-03
-7.941291269015266288e-03
-8.341092301287270777e-03
-7.864185146135351315e-03
-8.473395637686518059e-03
-7.819299510439114628e-03
-7.847269353391306268e-03
-8.098196207459587917e-03
-8.267348286849860589e-03
-7.760622035422938894e-03
-8.397131618476171705e-03
-8.013010063740121786e-03
-8.017528823834399465e-03
-8.059920099696126286e-03
-8.258652868541830477e-03
-8.252957279626584042e-03
-8.247898853219857648e-03
-8.459839214379564695e-03
-8.159117464785517818e-03
-7.947393607462409013e-03
-7.937711885578400614e-03
-7.581711777145852538e-03
-7.683473418937555345e-03
-7.820967618953884523e-03
-8.350772717691797714e-03
-8.055412571193239918e-03
-7.936217993871929818e-03
-8.171963532443437400e-03
-8.303915784481480031e-03
-8.336515075918832923e-03
-8.454577049683454845e-03
-8.198920326883064186e-03
-8.070500412517096420e-03
-7.534322525715308506e-03
-7.837561695907543230e-03
-8.431205646551082414e-03
-8.206560319239728299e-03
-7.822531087959090287e-03
-8.278273280942745685e-03
-8.002819968795413241e-03
-8.004396384720413940e-03
-8.131135751124330541e-03
-8.071887506829586792e-03
-7.954642675129535226e-03
-8.201543618055208082e-03
-8.362083001410006849e-03
-8.214241666242122833e-03
-8.868361288695596895e-03
-8.244995098084951374e-03
-8.262854829068260257e-03
-8.194674247676473830e-03
-7.898499292994609275e-03
-7.448548825087414338e-03
-8.143991718613205130e-03
-8.541154354546859340e-03
-8.549790673869706384e-03
-7.553825182108601759e-03
-8.013838194886990784e-03
-8.187310689364644956e-03
-8.176065664176378547e-03
-8.279392403699736835e-03
-7.978740704159938482e-03
-7.875920832027432858e-03
-8.230100343608912766e-03
-8.567107587327465329e-03
-8.006478812045947011e-03
-7.672430161601676533e-03
-8.295841295338945987e-03
-8.425599187874882948e-03
-8.353328486456064808e-03
-9.002569109376964279e-03
-7.732404172044410849e-03
-8.615139005836481428e-03
-8.338173226007026401e-03
-8.373464311997902074e-03
-8.226405744616676480e-03
-8.507181048457986700e-03
-8.189358764492836104e-03
-8.527635698829241426e-03
-7.845754612883946641e-03
-8.265690180588180710e-03
-8.262575670035800582e-03
-8.256978815711548542e-03
-8.135724302367525543e-03
-8.053808980094497721e-03
-7.842129235428063963e-03
-8.342499932258861869e-03
-8.414655985781420086e-03
-8.234598501669406628e-03
-7.831715212286807434e-03
-8.198912156999419582e-03
-8.098934867862979739e-03
-7.798030039424469831e-03
-8.115682495221097567e-03
-8.147965721348956331e-03
-7.882103129626977234e-03
-7.793599238231633218e-03
-7.741567658201992455e-03
-8.009054077697639815e-03
-7.784655456556645488e-03
-8.709499364364875831e-03
-7.498544125741570150e-03
-8.317071831395952616e-03
-8.269006784694627604e-03
-8.471123091134841535e-03
-8.384324271860156205e-03
-8.415892237046435770e-03
-7.846670322217632818e-03
-7.752371948884326236e-03
-8.251037186341913382e-03
-8.609348731038709776e-03
-8.191636265388862331e-03
-8.070467170390541525e-03
-8.295998836194484055e-03
-8.026252748727273970e-03
-8.446502693823647670e-03
-8.057047335852334999e-03
-8.360352969727950431e-03
-7.966587519507064771e-03
-8.292979475561906497e-03
-8.137949391843700073e-03
-7.419222236324296560e-03
-8.258682156316695527e-03
-8.127263179181385896e-03
-8.014945930183231537e-03
-7.911148871255210130e-03
-7.972751536725755997e-03
-8.161786151116243518e-03
-8.217524000625002142e-03
-8.181993625774553955e-03
-8.314370056459059397e-03
-8.280583045952989024e-03
-8.364732907153319200e-03
-7.655981107781865969e-03
-8.011295241921253737e-03
-7.888037940892402705e-03
-7.548371143008886751e-03
-8.231496024193252908e-03
-8.331533451591970757e-03
-8.228235030149032986e-03
-8.116586659555525066e-03
-7.965945744892882069e-03
-8.160565580781854733e-03
-8.360858307789419477e-03
-8.128611388488676121e-03
-8.024864942121297251e-03
-8.333842465623455750e-03
-8.139637716943275494e-03
-8.201499701463537545e-03
-7.944496698453127476e-03
-8.633873391626465874e-03
-8.617716678347367085e-03
-7.733141099636970349e-03
-7.939128189340127068e-03
-8.391137623317885055e-03
-8.023906193580036469e-03
-8.126520031544721620e-03
-8.402819523904137694e-03
-8.044574793458174680e-03
-8.528590554027604131e-03
-7.757123472571262821e-03
-8.221647200714960607e-03
-8.279530980578460667e-03
-8.384659277194622326e-03
-8.292604669326710670e-03
-8.426412921629196015e-03
-8.458691825464974973e-03
-8.232396113766303133e-03
-8.181072487291269138e-03
-8.247520643346059957e-03
-8.569750288247220474e-03
-8.562535947415910939e-03
-8.326356828844206845e-03
-8.259008093573714723e-03
-8.297727663655014158e-03
-7.607117606789655026e-03
-7.968048615713563612e-03
-8.224995200720678495e-03
-8.206550593483352696e-03
-8.583124748621146979e-03
-8.262008772341383062e-03
-7.793921180718936005e-03
-8.166847101134829326e-03
-8.318568842166499874e-03
-7.978151243487427435e-03
-8.548959904680577052e-03
-8.136316335910493205e-03
-7.581877367320339831e-03
-8.000940334859124592e-03
-8.387386419139315416e-03
-7.536226803393815919e-03
-8.573612488374520932e-03
-8.279804096294142782e-03
-8.132303083766275614e-03
-8.062596934084434799e-03
-8.011853236004456633e-03
-8.234027658751471440e-03
-8.625613834450667275e-03
-8.330074311040462295e-03
-8.293966463237748346e-03
-8.138698939854516895e-03
-8.507191499547582872e-03
-7.596456852996394567e-03
-8.274687748201057721e-03
-8.358339275665800303e-03
-8.218069542057544405e-03
-8.196417901349273977e-03
-8.403958882787301160e-03
-8.024285639522652641e-03
-8.102018170076873485e-03
-7.934044584943428235e-03
-8.513408415670791277e-03
-7.313086530034322748e-03
-9.491978002004556117e-03
-7.977853488254813344e-03
-7.943285205849599101e-03
-8.255901578665488308e-03
-8.303621500087265614e-03
-7.565063678489676244e-03
-8.029229225149555824e-03
-7.933937545434435745e-03
-8.123650462746701689e-03
-8.523139070476030282e-03
-8.494002183165759098e-03
-8.231718169129020532e-03
-7.892079124769873014e-03
-8.077455139693327096e-03
-8.393782928207273869e-03
-8.386084243265199897e-03
-8.188581993221828031e-03
-8.608072389511856395e-03
-8.342167780147204809e-03
-7.789656860196013215e-03
-8.321016512529847212e-03
-8.454318113420613776e-03
-8.023408782367265693e-03
-8.340573563274633964e-03
-7.861826188463693146e-03
-7.944181096285285112e-03
-8.326035680242642456e-03
-7.960933232850964103e-03
-8.267766041503242860e-03
-8.121230422130695098e-03
-8.059457387317654417e-03
-7.912101286436021980e-03
-8.450204753298089927e-03
-8.014015671923823206e-03
-8.276580150446823797e-03
-8.259533804976125146e-03
-7.738973499929711897e-03
-8.215663576457593251e-03
-9.349872363148856863e-03
-8.256745930969583772e-03
-8.319453115146173069e-03
-8.049122563082157858e-03
-8.796193516009888358e-03
-8.012065251357046794e-03
-7.556268804696780229e-03
-7.997835221375594952e-03
-8.297950321745267699e-03
-8.227830424888452759e-03
-8.757447346656182727e-03
-8.150436186209654085e-03
-8.366015931949712797e-03
-7.991960477474873217e-03
-8.212250469387651075e-03
-7.881960233169013966e-03
-8.457562167664909800e-03
-8.369832119433578271e-03
-7.866775894017807164e-03
-8.024074356087474574e-03
-7.847548730553958671e-03
-7.988612207826076630e-03
-7.812272158253703858e-03
-8.282518123778276689e-03
-8.267863141727218798e-03
-8.023324503015587597e-03
-8.383059214920164995e-03
-8.613737370736876744e-03
-7.988669303501510707e-03
-8.304971002620068626e-03
-7.987458970734483479e-03
-8.012510303996809094e-03
-8.018141298180819776e-03
-8.383301981425931096e-03
-8.211185606112399171e-03
-8.611448870773181705e-03
-8.093591041297172953e-03
-8.697721253466492858e-03
-7.720790726178101103e-03
-7.996947870775192313e-03
-7.951566271679113423e-03
-8.409264244936025950e-03
-7.988063489409743742e-03
-8.012638353134027974e-03
-7.921047966009920130e-03
-8.413147118304540803e-03
-8.483331327678519940e-03
-8.158562369257870220e-03
-8.251119171844203265e-03
-8.038487343423586853e-03
-8.428672459617704907e-03
-7.875234792814498133e-03
-8.100963236230119754e-03
-7.538925457867320587e-03
-7.891009695933504445e-03
-7.852006311388694260e-03
-8.823984861174565680e-03
-8.369771069537785060e-03
-7.880418868755144357e-03
-7.685662939200240372e-03
-8.056662717436912854e-03
-7.896775334801620430e-03
-9.257394754389887750e-03
-8.273569734842381104e-03
-8.185272463939963217e-03
-8.530439727501105268e-03
-8.476181467514153425e-03
-8.444168009206772657e-03
-8.260623533451404502e-03
-8.921053803946615846e-03
-8.095601213994923356e-03
-8.539940908956622848e-03
-8.055831758226850506e-03
-8.038956563917386625e-03
-8.037595109976227586e-03
-8.311560867210229797e-03
-8.238689686265216958e-03
-8.034339456718371172e-03
-8.116459759711470295e-03
-8.036973333159506266e-03
-8.338946628124888766e-03
-8.260981927278778641e-03
-8.462769534160172885e-03
-8.278469996008581272e-03
-8.121387173838007234e-03
-7.985192910943005387e-03
-8.047139527460934333e-03
-7.642193753020022455e-03
-8.439484701719845994e-03
-8.269277898000212609e-03
-8.213383254765184091e-03
-8.255981206244022638e-03
-7.835493306928164106e-03
-8.309725456224969706e-03
-8.558521847662481363e-03
-8.348844362869783930e-03
-8.186140005936551334e-03
-7.780727619090764199e-03
-8.362515639205909609e-03
-8.118214529445303904e-03
-8.315324517164013676e-03
-8.518075675114431325e-03
-8.150213214914608581e-03
-8.444260802528176166e-03
-7.851258745616438231e-03
-8.653234069155735925e-03
-7.963851306695876250e-03
-7.905593327834492881e-03
-8.423728929428539458e-03
-7.718748227398200198e-03
-7.793175804553130123e-03
-7.979218531801614625e-03
-7.966943362372575291e-03
-8.294235269950475664e-03
-8.064269866179642546e-03
-8.378977841544441030e-03
-8.211859940663377225e-03
-8.650870337869159474e-03
-8.334922713175747441e-03
-8.243168605767046270e-03
-8.206643998844595153e-03
-8.404579868494523390e-03
-8.635190171860332442e-03
-8.303503888390720636e-03
-8.002896290885718952e-03
-8.482289173189314080e-03
-8.315832042440947022e-03
-8.450658011431022576e-03
-8.697983939538788192e-03
-8.898708476677341661e-03
-8.032314051127855889e-03
-8.364250047953800810e-03
-7.733152446695058628e-03
-8.132048578721453799e-03
-8.284315643673349425e-03
-8.221300868881830162e-03
-8.364811393300126616e-03
-8.036854546251252090e-03
-7.846428763055678449e-03
-8.293591896200994823e-03
-8.155627890188943754e-03
-8.417016184972227894e-03
-7.997523878448046381e-03
-7.945323167587085497e-03
-7.873313375094798811e-03
-8.355250948428202123e-03
-7.932629317876239289e-03
-8.107793754677659198e-03
-8.191182586647995784e-03
-7.941810380757014995e-03
-8.408381726545609627e-03
-8.302627538257776815e-03
-8.405434557818525568e-03
-8.188784029622095742e-03
-8.169218169281799308e-03
-8.152476210444100160e-03
-8.181771753615769624e-03
-8.501417338767714230e-03
-8.326753243977491961e-03
-7.848260977034667712e-03
-7.934975438656014651e-03
-8.187176039503743161e-03
-7.987694898015661876e-03
-7.988662891210952799e-03
-8.270498244431642720e-03
-8.031505245487197825e-03
-8.510356132095600254e-03
-7.992629256429602605e-03
-8.149068721194509257e-03
-8.505658511960636353e-03
-7.796832218003743598e-03
-8.244541567220551107e-03
-8.705190785988265595e-03
-8.325653742171746502e-03
-8.518462948275627375e-03
-8.047388184739020026e-03
-8.003073110199461840e-03
-8.410436694466666765e-03
-7.688412332757789576e-03
-8.393072685300838331e-03
-8.277880092957805996e-03
-8.502537362836596821e-03
-8.225860886421730925e-03
-7.748711640148715427e-03
-8.631033886940564157e-03
-7.940208593312552549e-03
-8.111237641371548193e-03
-8.150028559111874987e-03
-8.315447706477085282e-03
-8.003518539888633196e-03
-8.019648983067340087e-03
-8.249851146407907385e-03
-8.233900206453979506e-03
-8.230267866135810087e-03
-7.982844230115044432e-03
-8.255159416869552527e-03
-7.756354315033272065e-03
-8.288426513170471174e-03
-7.939679553045225768e-03
-8.002630783360610914e-03
-8.064682536513842134e-03
-8.134633664565028496e-03
-7.927517418957650067e-03
-8.199193308223369156e-03
-8.446444644926075218e-03
-7.963919677486924059e-03
-8.014581226772081804e-03
-8.412176173119794917e-03
-8.045946041762208276e-03
-8.399533418943599256e-03
-8.380391358313293154e-03
-7.558553910515989835e-03
-7.962020098082110350e-03
-7.988600591533090087e-03
-8.715531249717368631e-03
-8.098428092111946072e-03
-8.233649396113601124e-03
-7.918676684297394283e-03
-8.041903215650920284e-03
-8.503256725398797289e-03
-8.153266395015835305e-03
-7.982935977593409033e-03
-8.159501965590841219e-03
-8.087724705544446779e-03
-8.200268189912734984e-03
-8.274162048304724640e-03
-8.510131628620307490e-03
-7.917839872485865974e-03
-7.759024899264632159e-03
-8.264988028831358330e-03
-7.917184877903217857e-03
-7.987298369708578302e-03
-8.120802665826595129e-03
-7.975202207837527382e-03
-8.355824652159256696e-03
-7.976643641150206118e-03
-8.500061258410135032e-03
-8.136347733879629313e-03
-7.945065664949469905e-03
-8.524494427643275474e-03
-8.450786474304344126e-03
-8.012278921133462323e-03
-8.449246287915936418e-03
-8.276790392538577179e-03
-8.044116038609008812e-03
-8.622179744471958687e-03
-8.503010563523148366e-03
-7.787970495399322221e-03
-8.084497409758296255e-03
-8.280968940378509099e-03
-8.301984458224560826e-03
-8.184012299813041638e-03
-8.416005506982885201e-03
-8.436286699987850107e-03
-8.651246097704710231e-03
-8.757568971422508702e-03
-8.271226520797895707e-03
-8.158186455515801724e-03
-8.088541954629284783e-03
-8.150112365425284805e-03
-8.171050044729347844e-03
-8.285384285373172814e-03
-8.083218692972252151e-03
-8.199522593836895343e-03
-8.326040429470844134e-03
-8.290875696820174112e-03
-8.053762186779967261e-03
-8.445291552629352605e-03
-8.240087856593173235e-03
-7.978789915897418691e-03
-7.934888081042755156e-03
-7.972857546542500354e-03
-8.622882129766050452e-03
-7.991955428079979690e-03
-7.949363727268092192e-03
-8.842208123134296868e-03
-8.693954534627247252e-03
-8.031892152801190649e-03
-8.148812708439059221e-03
-7.867602901327489656e-03
-8.486263218846311698e-03
-8.332686112274166265e-03
-8.014052885175511690e-03
-8.212066285507937241e-03
-8.151447501411843502e-03
-7.646855988140020474e-03
-8.121605489693628152e-03
-8.777174921240105468e-03
-8.536465650358785948e-03
-8.269623052491176587e-03
-8.490045066006261104e-03
-8.008133486001911203e-03
-8.025102941569790121e-03
-7.650634080153462767e-03
-8.019528127485216554e-03
-7.909946027336797053e-03
-8.167464936921416466e-03
-8.357308982641959913e-03
-7.987339520762923653e-03
-8.549036685917681469e-03
-8.144468548084435669e-03
-8.088834874617633133e-03
-8.124026256651459971e-03
-8.371026821773489696e-03
-8.208878366351453695e-03
-7.594009489095314251e-03
-8.295054464576812406e-03
-8.410299370885769565e-03
-8.161422280204734189e-03
-7.985550573498551713e-03
-8.272198068988675587e-03
-7.908015108588481099e-03
-8.019057854062440135e-03
-7.947090524114044235e-03
-8.443476533356459798e-03
-8.522317582686299992e-03
-8.208977788295794206e-03
-8.442874991016539182e-03
-7.544542654361695473e-03
-8.344177585557815274e-03
-8.334417044656625834e-03
-8.265819273788560170e-03
-8.098542086334521370e-03
-8.335709735840144199e-03
-7.968810080332691670e-03
-8.986172998357050412e-03
-8.325493612362780058e-03
-8.721840146603826102e-03
-8.203891190425586372e-03
-7.949254262162752660e-03
-8.055502820508307973e-03
-8.439744217746543778e-03
-8.240020079129396421e-03
-7.913188214895446743e-03
-8.090779372558306454e-03
-8.060904240586379624e-03
-8.100151868942483818e-03
-7.977881575712582676e-03
-8.107721725413708294e-03
-7.966463230025274886e-03
-7.974844986601318034e-03
-8.043525973026733125e-03
-8.432420108900880867e-03
-7.907835343872123696e-03
-7.735110259454407514e-03
-7.977059408669547741e-03
-8.359616570187012458e-03
-8.819891918680971415e-03
-7.950252591816387229e-03
-8.701900125270875530e-03
-7.905378884269323794e-03
-8.470105429008733394e-03
-7.808287059193603705e-03
-8.337398879965545948e-03
-8.173948998802660695e-03
-8.476415794836936884e-03
-8.077792341368109433e-03
-7.833537881742345596e-03
-7.912942321842477214e-03
-7.893289294929941094e-03
-7.948377580575562845e-03
-8.610547853462048942e-03
-8.140860644775142763e-03
-8.163702504402042814e-03
-8.335756779837283012e-03
-8.243736822050571483e-03
-8.285970182444835422e-03
-8.435353711287164186e-03
-8.669371961565499468e-03
-8.048782544506961206e-03
-7.925346029796180927e-03
-7.932393386974077171e-03
-8.154007965302367128e-03
-8.228437697244987345e-03
-8.295652264138577911e-03
-7.993609495209478069e-03
-8.170631109175766765e-03
-7.897518881604895929e-03
-8.313484324035291112e-03
-8.016912878824474301e-03
-8.140418827935926374e-03
-7.513256132075434197e-03
-8.166328310689708811e-03
-8.534313305556592150e-03
-8.108354416126156011e-03
-7.923241429413384329e-03
-8.040302860234035953e-03
-8.115395172223444781e-03
-8.424632572300716840e-03
-8.281471938987105402e-03
-8.357839092938220207e-03
-8.185932441766935463e-03
-7.931716279180420215e-03
-8.357473078963071136e-03
-8.017482059500712771e-03
-8.161740644792725083e-03
-8.161878558424217472e-03
-8.057776190407876099e-03
-7.840634514533846924e-03
-7.943773011555342947e-03
-8.016826875986799925e-03
-8.422140450384012905e-03
-8.443118291155442962e-03
-8.403384207140296089e-03
-8.259557316249601863e-03
-8.449395391910825143e-03
-8.563744179459069003e-03
-8.466719542613358046e-03
-8.193851478634254018e-03
-8.347622964452924496e-03
-8.447729942985468532e-03
-7.939558544005827570e-03
-8.080175915067646861e-03
-7.886798822865012659e-03
-8.041663643385961804e-03
-8.513500793522881319e-03
-8.187293279777362737e-03
-8.414386627353503609e-03
-8.132364134592610927e-03
-7.942572397289408143e-03
-8.499621019478246012e-03
-8.552921603433065456e-03
-7.986301216555457064e-03
-8.151711296984198371e-03
-8.200708934020131333e-03
-8.026189232473774152e-03
-8.420290104543561721e-03
-8.014962715730150969e-03
-8.359952067887801638e-03
-8.136388731841529692e-03
-8.217629548539742007e-03
-7.939688838210197733e-03
-9.449310098636023655e-03
-8.583720012365330526e-03
-8.448567908712451349e-03
-8.427235349738913112e-03
-8.161120077059441300e-03
-8.176904333342229284e-03
-7.979992127287786202e-03
-8.028621830249703731e-03
-8.242928416500101829e-03
-8.173624072340027191e-03
-8.413259349640949195e-03
-8.159674581560470361e-03
-8.100277044975524518e-03
-7.861228312996572723e-03
-8.652506208639974133e-03
-8.359680120483126489e-03
-8.400626427720101971e-03
-8.264463910132732738e-03
-8.127907549864152661e-03
-8.308336668067021341e-03
-8.378539435225840562e-03
-7.928149794048267029e-03
-7.949691813340070690e-03
-8.619721022775268110e-03
-8.398401332320351576e-03
-8.158303596188415038e-03
-7.763599069128010108e-03
-7.989062187472455862e-03
-8.659269881069535726e-03
-8.087345148674204148e-03
-8.177709094755679017e-03
-8.329566074863174741e-03
-8.399682177729758323e-03
-8.002542117525711027e-03
-7.972127734277755645e-03
-8.448282424898393914e-03
-8.365869169677157477e-03
-8.230966896690167581e-03
-8.426564525205784348e-03
-8.302283837248418744e-03
-8.326441216615441260e-03
-8.894986336114751174e-03
-7.987784159291768521e-03
-8.188679797076631184e-03
-8.258645517287265328e-03
-7.770676713450971711e-03
-8.313956546317122567e-03
-8.118392584550240126e-03
-8.341376938683617986e-03
-8.225585494762795505e-03
-8.959312092205936121e-03
-8.059768655115618144e-03
-8.293599925930631236e-03
-8.317323273188320654e-03
-8.189299655484547427e-03
-8.489091212084704657e-03
-8.098324783318832168e-03
-8.098859137793647939e-03
-8.447097662212637789e-03
-8.001312094998677335e-03
-8.283676727278765223e-03
-7.945622707647434849e-03
-8.512214160831702708e-03
-8.067334707527363744e-03
-8.000718638440911662e-03
-8.379584355158483169e-03
-8.395937057909216503e-03
-8.118090577213125936e-03
-8.092660908300250769e-03
-8.297007587154068761e-03
-8.244891737538570867e-03
-8.111911263437566327e-03
-7.951416222943699305e-03
-8.348456080068919136e-03
-7.722979297894003343e-03
-8.516269991721328245e-03
-8.001071476537361879e-03
-8.029166111702287084e-03
-8.003742743968001241e-03
-8.461568305337920787e-03
-8.021067543875137415e-03
-7.948067720806877359e-03
-7.901269786148966065e-03
-8.077270057405504938e-03
-8.219788992779567330e-03
-7.664429010750934378e-03
-8.487835018659376993e-03
-8.078291078428206234e-03
-7.811227549464587125e-03
-8.271528146224655861e-03
-8.324023624199200846e-03
-8.103995929319842556e-03
-7.877371933826584835e-03
-7.838020396596692349e-03
-8.018634316806397266e-03
-8.028913509792000650e-03
-7.759217684855225158e-03
-6.226361266894362215e-03
-8.388456330761863075e-03
-7.468440596190588018e-03
-8.262087151256553713e-03
-8.336777616403060615e-03
-8.567293290663005947e-03
-8.439927314141873818e-03
-8.301261720255226004e-03
-8.267710816442100721e-03
-8.398800926024570929e-03
-8.551394220278138100e-03
-7.871219180485724068e-03
-8.342405187850747764e-03
-8.068561570796843954e-03
-7.993676039437366473e-03
-8.276289354409136628e-03
-8.243822648604811829e-03
-8.078980882478927969e-03
-8.206599944259278592e-03
-8.170541057586638498e-03
-8.143960288534044314e-03
-7.945157951948677438e-03
-8.387632276260268901e-03
-8.368565862756454504e-03
-8.053030635237464277e-03
-8.145193351612007096e-03
-7.964034657203886841e-03
-8.336008628612881152e-03
-7.959012905454719566e-03
-8.250547038809079650e-03
-8.496730621606081793e-03
-7.981593414886212559e-03
-8.317562482972802942e-03
-8.602267550888840000e-03
-7.936611862596991765e-03
-8.006105378439366121e-03
-8.085905410860206102e-03
-8.045048123986490302e-03
-7.816721329977889196e-03
-8.592622655368049173e-03
-7.955402100110732511e-03
-8.238482032192979282e-03
-8.387159170657812468e-03
-8.597146131923158116e-03
-8.162537382925060675e-03
-8.874669729539454849e-03
-8.631845431897705936e-03
-8.319168648865180385e-03
-8.167674411394570955e-03
-8.308154580370845019e-03
-7.952238804388382654e-03
-7.885234590714013808e-03
-7.932294101338043316e-03
-8.789936955584890660e-03
-8.296150279253783691e-03
-7.868442384202286102e-03
-8.614456226608519646e-03
-8.284965232423977671e-03
-8.955131475379459610e-03
-7.926161210856040237e-03
-8.126000084275076044e-03
-7.952930514197431577e-03
-7.804397187041430331e-03
-8.879463171857856704e-03
-8.118918585751724176e-03
-8.625384295885361180e-03
-8.191742566852063673e-03
-8.133196875115709587e-03
-8.225698227697584783e-03
-8.250215586965262832e-03
-8.471582795370377270e-03
-8.419084384850970826e-03
-8.171278934935907040e-03
-8.332469490794672598e-03
-8.453061059333655605e-03
-8.003905134112762956e-03
-8.164109225888642116e-03
-8.069478438583152155e-03
-8.430851461759928528e-03
-8.444845215829499541e-03
-8.064840314981603503e-03
-8.344145751584359713e-03
-7.620593236874682354e-03
-8.260701759202545083e-03
-8.580030272986897619e-03
-8.173167234299111641e-03
-7.804930833900559570e-03
-8.403242122795848146e-03
-7.994525448549253885e-03
-8.517482469516437713e-03
-8.189414369796079937e-03
-7.907596288927358844e-03
-7.905949629816215463e-03
-7.795629807461144922e-03
-8.366315587618666436e-03
-8.300326832891249257e-03
-8.601044957220234030e-03
-8.639663680155283340e-03
-8.804395621003706374e-03
-7.998561931503150174e-03
-8.360834067976007783e-03
-7.883821665304269199e-03
-9.061896004404785404e-03
-8.433381530783523247e-03
-8.416909576711512075e-03
-8.216253341299117191e-03
-8.426837106133852964e-03
-8.236856892983840384e-03
-8.072240625340124792e-03
-8.158537021121009883e-03
-8.320346676179552620e-03
-7.965330453562591631e-03
-8.283844092621922561e-03
-8.253781764978479832e-03
-8.386328031347820358e-03
-8.166570132660724152e-03
-8.805046803475826203e-03
-8.577235068183841279e-03
-7.895613142413229757e-03
-8.086234443436585498e-03
-8.196473846490085619e-03
-8.374373885832517642e-03
-8.230454536222668593e-03
-8.051287764036267267e-03
-8.091201817483842026e-03
-8.060431952294893829e-03
-7.930093281762983642e-03
-8.540119671472943749e-03
-8.260866235242476929e-03
-8.026722966803666662e-03
-8.566283486706479863e-03
-8.516305608462124491e-03
-8.614196791135500172e-03
-8.152865295198945608e-03
-8.175995875653168168e-03
-8.232849803287955667e-03
-8.354680574104624696e-03
-7.999570193574759638e-03
-8.230337501092489447e-03
-8.200106237115051960e-03
-8.261217684046371149e-03
-8.337743418660678932e-03
-8.492417353649145059e-03
-8.251446824742466116e-03
-8.577087332799234951e-03
-8.318371354842301127e-03
-8.063814331003817115e-03
-8.113245934528735478e-03
-8.550233034556918923e-03
-8.183969345020778580e-03
-8.241206245475389200e-03
-8.079338443104253087e-03
-8.248425565016150388e-03
-8.569601204265963126e-03
-8.131893959216882420e-03
-8.109828775175232513e-03
-8.408173516640844378e-03
-8.068368527486187783e-03
-8.214655465190992892e-03
-8.181492081964576030e-03
-8.158370216965280669e-03
-8.202632017936292708e-03
-7.929176051740000758e-03
-8.048709632723615934e-03
-8.286295507206329833e-03
-8.584692700677949359e-03
-8.303514245245344552e-03
-8.181894950212093356e-03
-8.061249432472864310e-03
-8.334786795508839635e-03
-8.402434446622241218e-03
-8.117316270965320782e-03
-8.221084120717267810e-03
-8.305939784023436481e-03
-7.831964971039427972e-03
-8.259895374625417230e-03
-8.344566064588122487e-03
-8.687602670043061831e-03
-8.041636637710821225e-03
-8.047082267009302362e-03
-8.160155970887801244e-03
-8.664193487333941152e-03
-8.598991988125706531e-03
-8.176136808467361280e-03
-8.272149072554952839e-03
-8.304193303150502609e-03
-8.182232404544853566e-03
-8.403472573236103055e-03
-8.826335600815051613e-03
-7.993890922181402445e-03
-8.249748836932541823e-03
-8.794544029990332759e-03
-8.133360079042219887e-03
-8.109268948117155304e-03
-8.146022953239942868e-03
-8.415982439644404886e-03
-8.002421264511502125e-03
-7.564176893897336072e-03
-7.930664474806389114e-03
-7.756560721988959954e-03
-8.272112791713791616e-03
-8.842000874249177425e-03
-7.732621385546391106e-03
-8.008859133741648081e-03
-7.855484849380794249e-03
-8.274771483326632399e-03
-8.015365477908266770e-03
-8.118030898580859064e-03
-8.571084050424091633e-03
-8.463628106618421507e-03
-9.075659607650157432e-03
-8.041953029464640051e-03
-8.186827502479215174e-03
-7.995576790817086194e-03
-8.375419243338099937e-03
-8.489965279230130696e-03
-7.924436551300576351e-03
-7.898158085159546690e-03
-8.156718676395627310e-03
-7.906160913884645661e-03
-8.544555841080537367e-03
-8.189316693421672816e-03
-7.972899082204758930e-03
-8.183184067810602216e-03
-8.983036754078752364e-03
-8.590851072775679623e-03
-7.684034640126138904e-03
-8.277288566938966960e-03
-8.304055076403246000e-03
-8.375556505689902426e-03
-8.057318399235600254e-03
-8.286752974336128799e-03
-8.185690870480901576e-03
-8.465199621809612121e-03
-8.436976455497848318e-03
-7.846298957351073231e-03
-8.306211413094384197e-03
-7.835838762440396760e-03
-8.243996402914191557e-03
-8.476183933721126440e-03
-8.352767343049440074e-03
-8.451284929901577495e-03
-8.204039473252548037e-03
-8.501743455393489385e-03
-8.174861353754612689e-03
-8.207415887527155091e-03
-7.904116476694686422e-03
-7.995884273401098613e-03
-7.669497201786256921e-03
-8.392242382487877586e-03
-8.248719832021978934e-03
-8.287895370264615827e-03
-8.161448635962600257e-03
-8.161919518593253528e-03
-8.114547516661621204e-03
-8.250416758410350146e-03
-8.211683603386801464e-03
-8.229842924623540293e-03
-8.285090085102541496e-03
-8.386714136510594469e-03
-8.391622460538119416e-03
-8.335756693131435649e-03
-8.073179798303074459e-03
-8.245844796527164108e-03
-8.313612798131836401e-03
-8.153997988721309320e-03
-7.783914133024776374e-03
-7.989371952054527548e-03
-8.241135988781960950e-03
-8.213666853762614101e-03
-8.106385362488302201e-03
-8.172536119396897961e-03
-8.325477527395734254e-03
-8.161048397343781749e-03
-8.248858856773970752e-03
-8.591680013542863856e-03
-8.298810683387005185e-03
-7.847553289341684460e-03
-7.722663567638989902e-03
-8.108556965907606773e-03
-8.193400916128941794e-03
-8.228637835971235395e-03
-8.333997504545715210e-03
-8.212194329984994975e-03
-8.159015315394643059e-03
-8.487676080536733086e-03
-8.088989974314616388e-03
-8.223565023285429529e-03
-8.421788414076446239e-03
-8.212381639530245969e-03
-8.253921522527603652e-03
-7.748349521476627366e-03
-8.226817741574429452e-03
-8.421002283832745849e-03
-8.013968511242532469e-03
-8.399936285251499712e-03
-7.963185296034500094e-03
-7.886236961474705001e-03
-8.015192938211105136e-03
-8.269832612653989570e-03
-8.360771499480770461e-03
-8.336007211570942502e-03
-8.020589567557794008e-03
-7.790697412264200282e-03
-8.366265219287119179e-03
-7.983362395416125981e-03
-8.273399180204598496e-03
-8.087320090708366438e-03
-8.400834995677742764e-03
-8.122150162936252887e-03
-8.099710223601026132e-03
-8.454296201068734612e-03
-8.496931725084803932e-03
-8.106391505537397651e-03
-8.557235873352176878e-03
-8.739889489340048334e-03
-7.822673666294814934e-03
-8.212273899997792406e-03
-8.127026258553072049e-03
-8.064156069486303272e-03
-8.359282818921365613e-03
-8.552625150526000850e-03
-8.028334968061490162e-03
-8.060119263152724575e-03
-8.140392988398520782e-03
-8.398194917085701969e-03
-8.404705193717363493e-03
-8.155652054377073371e-03
-8.344104153695561243e-03
-7.900983323587195545e-03
-7.794846744787690962e-03
-8.433389671179859423e-03
-8.459012824060464092e-03
-8.509732617104448157e-03
-8.038107274576190842e-03
-8.452865656794308555e-03
-8.132564204178511016e-03
-8.239156940715294808e-03
-7.831974161263442064e-03
-7.614385637126594962e-03
-8.399709018539810307e-03
-8.570495891181233866e-03
-8.261316561996594546e-03
-8.078157650216128208e-03
-8.176785833751526802e-03
-8.311510990590367798e-03
-8.509806289061377232e-03
-8.004603164199349322e-03
-8.576955625568557715e-03
-8.119706208158375058e-03
-8.085314323886708815e-03
-8.057155910032290716e-03
-8.201872559744678368e-03
-8.161675117240217714e-03
-8.430616776237321100e-03
-8.087961347154368902e-03
-8.396969463480166360e-03
-8.118632655125548186e-03
-8.000755694473693849e-03
-8.266241786450788734e-03
-8.261958692313831065e-03
-7.837334111398615646e-03
-8.180356797898391194e-03
-7.925740202014750976e-03
-8.572823085904372406e-03
-8.071452523097178214e-03
-7.706164054876020117e-03
-8.365631659900337608e-03
-7.975327992659627177e-03
-8.375696432430223756e-03
-8.285691350063311214e-03
-8.278448141384234932e-03
-8.088026419660176297e-03
-8.652182210900043538e-03
-8.413854925105124574e-03
-8.340078365228350069e-03
-8.398790133058827573e-03
-7.843036473427109426e-03
-8.016807525742835477e-03
-8.281222228248062353e-03
-8.561875203756348640e-03
-8.597764808549783477e-03
-8.057815701877425393e-03
-8.451367934680100238e-03
-7.869351296854404029e-03
-8.691033831614975586e-03
-8.389128563559803894e-03
-8.334551739620050040e-03
-8.192172701758310485e-03
-7.787013213216445982e-03
-8.316872847145275263e-03
-8.414160547079645863e-03
-8.333446561147936707e-03
-7.868989932323922770e-03
-8.244591510371985024e-03
-8.180387951209840830e-03
-7.907288469051950222e-03
-8.013139872992635498e-03
-8.188372372916039379e-03
-8.067253675903145876e-03
-7.915551160717812160e-03
-8.145216635784189446e-03
-7.961172649760815331e-03
-8.002945994748227390e-03
-8.381578348657168012e-03
-8.187984258527755341e-03
-8.062639910071158975e-03
-8.393916013928985967e-03
-8.284966531715875701e-03
-8.058399829567920378e-03
-7.903243054750304017e-03
-8.176897725991576563e-03
-8.298175218813012496e-03
-7.810297186864206299e-03
-8.187470528150121371e-03
-8.154959524934567855e-03
-8.054498886138071120e-03
-8.405054593319695802e-03
-7.897689515271364910e-03
-8.372083355598731666e-03
-8.178895660206200735e-03
-8.281896443485977505e-03
-8.209123540857607426e-03
-8.169889717559525311e-03
-8.476588927842709092e-03
-8.051155394413030825e-03
-8.601122835817678197e-03
-8.193418424745611134e-03
-7.839283629360009262e-03
-8.209069238176769367e-03
-8.295294346222410048e-03
-8.008714091261493265e-03
-8.141438756065317098e-03
-8.286903026841168154e-03
-8.754200163112161107e-03
-8.284335841131033190e-03
-7.977049106630450942e-03
-7.674852045937931647e-03
-8.178260334626874517e-03
-8.002193847929099657e-03
-7.823603496422642731e-03
-8.316540473368426792e-03
-8.443296450078576279e-03
-8.179809663135280753e-03
-8.323020824810754836e-03
-8.339640288236109186e-03
-7.937632352943795738e-03
-8.015649381961578376e-03
-7.651628286076802600e-03
-8.130315746415926401e-03
-8.158576184667596168e-03
-8.205438984805839969e-03
-8.141980488313710698e-03
-8.286860976001380469e-03
-8.030041319652115456e-03
-8.199458787692901970e-03
-8.122595282630372046e-03
-8.513385105667504310e-03
-8.087086435681239624e-03
-8.158977454583772951e-03
-8.453767831219070189e-03
-8.166524657142829394e-03
-7.905469705042486236e-03
-8.376242044125273636e-03
-7.948848589687201524e-03
-8.261469712290785833e-03
-8.605228615007978060e-03
-8.215969409201179935e-03
-8.207132294943559822e-03
-8.326459750334243987e-03
-8.108881329040137226e-03
-8.254768949520477003e-03
-8.371800609967288906e-03
-7.977717571646310638e-03
-8.058293461257326831e-03
-8.312045727954948601e-03
-7.916609661625958680e-03
-8.152805106823269796e-03
-8.089149723967186886e-03
-8.059398730019432661e-03
-8.438548556522229918e-03
-7.992278579875141190e-03
-7.940210914728877342e-03
-8.047230392324845188e-03
-8.241273250457424246e-03
-7.839007058927286928e-03
-7.982098998867755840e-03
-8.248404068615312196e-03
-8.186145551411982621e-03
-8.333148575991947138e-03
-8.316705865142106149e-03
-8.311752399658953877e-03
-8.249402201201738727e-03
-8.314908312717304503e-03
-7.978306479437636406e-03
-7.920257268413949045e-03
-7.937457175067139797e-03
-8.640487645447574375e-03
-8.433003062157188798e-03
-7.899650199462536146e-03
-8.514471352610773064e-03
-7.949383520484807134e-03
-8.190395892023170227e-03
-7.931034804650504214e-03
-7.922238322543150024e-03
-8.028775679161281181e-03
-8.098474156532876542e-03
-8.435224300825985497e-03
-7.891189690752248645e-03
-8.506497377150507022e-03
-8.269320849898264755e-03
-8.352580522688288558e-03
-8.256198963044457731e-03
-8.104270132074261473e-03
-8.356885502032193255e-03
-8.280816479553962384e-03
-8.568600463593267075e-03
-8.048729987405493433e-03
-8.079096994974405838e-03
-8.548080110208309060e-03
-8.532375290309224605e-03
-8.024279891033275422e-03
-7.955141277170143382e-03
-8.005735555424170133e-03
-8.234070927515177094e-03
-8.299338231100064286e-03
-8.024750866899490326e-03
-8.067263360163218558e-03
-8.002128886417540776e-03
-8.339622713194601994e-03
-8.388162454594666820e-03
-8.477194618395200026e-03
-8.742339952478439882e-03
-8.160903753276141717e-03
-8.060023948718584089e-03
-8.365478043029421149e-03
-8.400449538261505616e-03
-8.272758233603372605e-03
-7.981865795061071980e-03
-8.478374892911508948e-03
-7.908698197538413174e-03
-8.600356176982617770e-03
-7.611073282854151877e-03
-8.166358052021092592e-03
-7.982543311295676666e-03
-8.327293528717038401e-03
-8.103657331543412737e-03
-8.233610057933766005e-03
-8.501658884018142154e-03
-8.287699170244498120e-03
-7.844497120576715901e-03
-8.441864341168893796e-03
-8.455644878681198989e-03
-8.211194208526374771e-03
-8.159586807863642224e-03
-8.097430405864365632e-03
-8.245755834805443968e-03
-7.896219489911664516e-03
-8.279285921952785759e-03
-8.038480912263152797e-03
-8.303859477052298946e-03
-8.102479108149677686e-03
-8.218302872620406735e-03
-8.632620847476100284e-03
-8.327403103191025752e-03
-8.356109459369560205e-03
-8.649594397517796490e-03
-8.169376897764714027e-03
-8.365440965129996784e-03
-8.354616239770495598e-03
-8.297539069365591005e-03
-8.647283534806650754e-03
-8.120790875465039999e-03
-8.277959383162543025e-03
-7.901939455641819599e-03
-8.235049812517641205e-03
-8.610573526177126014e-03
-8.216264819699404739e-03
-8.381144952893982564e-03
-8.352172287475190943e-03
-8.610067745529867769e-03
-7.956075489359249256e-03
-8.010213367607422336e-03
-8.372004051974069744e-03
-8.235471102441101893e-03
-8.259805545083261785e-03
-8.394974075991891091e-03
-8.311799840669922487e-03
-8.457090329523601555e-03
-8.551726684716142238e-03
-8.209403124731584969e-03
-7.643503757919327402e-03
-8.477711587943876498e-03
-7.927972846020621758e-03
-8.086192118014461777e-03
-8.077701123275552592e-03
-8.621465536417518075e-03
-8.169073619667168926e-03
-7.937374455002288096e-03
-8.488210306375270145e-03
-7.939689213983042865e-03
-8.547654222113313868e-03
-8.166555156504310201e-03
-8.049640087002400343e-03
-8.347515265362398518e-03
-8.552247592315098679e-03
-8.513424993857448067e-03
-8.340365131063060336e-03
-8.110944431965512111e-03
-8.691235834431466911e-03
-8.311160636464214393e-03
-8.499191434097570080e-03
-8.271532364943467650e-03
-8.196768032930812700e-03
-7.950795276655533636e-03
-8.515471097276875942e-03
-7.993567007345363934e-03
-8.771648072599049981e-03
-8.425365616263216437e-03
-7.937798148630789349e-03
-7.851998660833288055e-03
-8.113253981156118982e-03
-8.146626916673780847e-03
-8.233985186260220010e-03
-8.202193494166051813e-03
-7.987313851248413130e-03
-7.848619085274113547e-03
-8.350084800373693342e-03
-8.403125259155135723e-03
-7.545194199122548170e-03
-8.072636657827548731e-03
-8.363458244271643541e-03
-7.955800220757225719e-03
-8.320637477752286168e-03
-8.294339252858069084e-03
-8.335042387551868173e-03
-8.635407669063272992e-03
-8.119617046692010481e-03
-8.076702285543548715e-03
-8.425134122176733062e-03
-8.472605635867236709e-03
-8.214520011440287414e-03
-8.465999993400556353e-03
-8.001469581909011197e-03
-8.501276233762487117e-03
-8.299144257020895504e-03
-8.582946427517447810e-03
-8.580892250387578413e-03
-8.050373773964314070e-03
-7.970586117713973975e-03
-7.993620656979175815e-03
-8.115973400467180535e-03
-8.150458935201091229e-03
-8.042249021321038263e-03
-8.369363293345243385e-03
-8.863574633168997199e-03
-8.531461301468220779e-03
-8.023519210531571133e-03
-8.212176810894459070e-03
-8.197410140729813680e-03
-8.505438905413853848e-03
-8.051923707141478079e-03
-8.301329597778066283e-03
-8.148523384235590791e-03
-8.269432172077411519e-03
-7.953638653267366271e-03
-8.106778152144902827e-03
-8.216274530928564107e-03
-7.991248475453715736e-03
-8.086387769116468865e-03
-8.280160882478963119e-03
-8.363189413410401438e-03
-7.968370228980895670e-03
-8.199362167507922433e-03
-7.779908999257816558e-03
-8.100366548228488117e-03
-7.946400836229076600e-03
-8.136187391574012384e-03
-8.485984406377997460e-03
-8.506565891970192805e-03
-7.971942567943757219e-03
-8.302501055875837269e-03
-8.017227549909203277e-03
-8.539237821222796232e-03
-8.504475040396470079e-03
-8.518599980391087720e-03
-7.954028633295149101e-03
-8.732593061637318813e-03
-8.095508607158930295e-03
-8.204141460564213367e-03
-8.218682652319697982e-03
-8.497528940206885290e-03
-8.289162758094877764e-03
-8.570134820765519870e-03
-7.701283023081118354e-03
-8.165966795933166794e-03
-8.117270767429457870e-03
-7.868754542135003929e-03
-7.957192610261206236e-03
-8.084594422492551863e-03
-7.954637659286872137e-03
-8.118042201148980078e-03
-8.442642123605985024e-03
-8.014728565103745525e-03
-8.427952028470554746e-03
-8.137066269816651751e-03
-7.878291511579199949e-03
-7.714858486483187720e-03
-8.561964730524165498e-03
-8.204078133484711197e-03
-7.938581684065099814e-03
-8.480686979708440543e-03
-8.275718476418241279e-03
-8.388781000012553862e-03
-8.329894532894278197e-03
-8.249578919855131767e-03
-8.456347444561916268e-03
-7.833542846210536301e-03
-7.694584351905133478e-03
-8.211948227558860808e-03
-8.441395512442854618e-03
-7.835395103459328117e-03
-8.538217462258143944e-03
-8.231149836506270606e-03
-8.089656114817152938e-03
-8.119522130758036887e-03
-8.687392806612818583e-03
-8.096402866868248130e-03
-8.007395453070094080e-03
-8.332211815479665523e-03
-8.295726564946117459e-03
-8.459108318584806011e-03
-8.023517659566931429e-03
-8.470113566132654245e-03
-8.337226311133262915e-03
-8.262062113775611033e-03
-8.462862667252305307e-03
-8.150914868693053678e-03
-8.133798558323582922e-03
-8.529803008089425695e-03
-7.957575629468732065e-03
-8.374303691819086001e-03
-8.348968177611377009e-03
-8.406104665281660671e-03
-8.247224309599213501e-03
-8.182025856691288110e-03
-8.629171951848629146e-03
-8.005761008193447784e-03
-8.211777686555316036e-03
-8.123790355273571503e-03
-7.916246780871794356e-03
-8.342342401541901278e-03
-8.061773459933956748e-03
-8.260508021329901127e-03
-8.456763838136613018e-03
-8.284045987702538111e-03
-7.711776227649909388e-03
-8.113554184181524451e-03
-8.193709801785546351e-03
-8.597284542400055601e-03
-8.201866434320350882e-03
-8.630294873292291072e-03
-8.596468332052421488e-03
-8.339073812963027424e-03
-7.822565350056794389e-03
-8.062064932648932772e-03
-8.474286171282988805e-03
-8.280574991835813747e-03
-8.531419666835097712e-03
-8.311650039843524601e-03
-8.483954243778358759e-03
-7.920214249442451143e-03
-8.525810867200101645e-03
-8.196993393350393564e-03
-8.272215298155864011e-03
-8.681667032999025937e-03
-8.287254070471957237e-03
-7.645588092563528927e-03
-8.527613097817200380e-03
-8.339406299374249945e-03
-8.220464432687013198e-03
-8.395527756573534575e-03
-7.938812123252392619e-03
-8.117686094708805727e-03
-8.814093983504616564e-03
-8.300343052408162836e-03
-8.362204417199580256e-03
-8.143846465285254493e-03
-8.272386207694057761e-03
-8.158995416197297595e-03
-8.049944797122314186e-03
-8.311639146338733672e-03
-8.250400601675296139e-03
-8.103300610359381873e-03
-7.838647444541083434e-03
-8.037038582322636113e-03
-8.043954407162415624e-03
-8.199792154406070413e-03
-8.268437452496836884e-03
-8.125085147136746136e-03
-8.505712864875244680e-03
-8.352595957201419674e-03
-8.424439339550882783e-03
-8.568327330052204899e-03
-8.673585422822179328e-03
-8.011815178612786276e-03
-8.497681296958254846e-03
-8.015468586468333517e-03
-8.238046173874181283e-03
-8.271652173163805341e-03
-7.783955651193623718e-03
-8.176193585469641520e-03
-8.194325310564080228e-03
-8.372827346074543375e-03
-8.206364348688427804e-03
-8.202914307014638057e-03
-7.558648953060373085e-03
-8.089161209447161965e-03
-8.255709980613590293e-03
-8.508163494520938966e-03
-8.192585074169887738e-03
-8.552282613369504086e-03
-8.119739591396396214e-03
-8.298722504061568223e-03
-8.029507950651524478e-03
-8.366048375948020172e-03
-8.122744688055487036e-03
-8.194659840463986572e-03
-8.422711538056156313e-03
-8.423277522531781580e-03
-8.441126597593924183e-03
-8.188548812907167282e-03
-8.133146453690762862e-03
-8.258369966694751804e-03
-8.310088994980145347e-03
-8.844296689820636131e-03
-8.476758784779129738e-03
-8.455143509117817383e-03
-8.043629615371330338e-03
-8.600765519977161822e-03
-8.019193392592388267e-03
-8.535638153971635694e-03
-8.204615655277436650e-03
-8.329027458868341893e-03
-8.263295827952443079e-03
-7.901801215862572572e-03
-8.430780720733244485e-03
-8.063842555399176187e-03
-8.167010339626528878e-03
-8.417728289206867845e-03
-8.244733398228013682e-03
-8.187339562277603025e-03
-8.313259599872457190e-03
-8.224199097564610650e-03
-8.584182023694155242e-03
-8.128788303028254905e-03
-8.022432406914602188e-03
-8.204476637068459227e-03
-8.603569842587102667e-03
-8.318773782068605849e-03
-8.081792027461374289e-03
-7.955837225357958314e-03
-8.125669284794379346e-03
-8.133978154106945996e-03
-8.609768272364263370e-03
-8.248457640917980851e-03
-8.357720503342132637e-03
-7.860438542570621218e-03
-8.280113860952542301e-03
-8.145594481726328023e-03
-8.570900984111841717e-03
-8.101878194865222774e-03
-8.125263365470937124e-03
-7.971985615392165186e-03
-8.038095364842585272e-03
-8.359022851384682179e-03
-8.367798266762703149e-03
-8.329159120627312868e-03
-8.013559964744619221e-03
-8.677041615420584206e-03
-8.133289849125469734e-03
-8.323094039789438736e-03
-7.833888862794010505e-03
-8.344182329262246275e-03
-8.373117327738837171e-03
-8.386117885906615652e-03
-8.433868852193467450e-03
-8.514096068952304447e-03
-8.807437784190130792e-03
-8.111413569052790609e-03
-8.176807596430758426e-03
-7.936756197951271366e-03
-8.227880975750303388e-03
-8.531101609381733578e-03
-8.404528091160577002e-03
-8.140934879379562936e-03
-7.884690427929557863e-03
-8.380724868832564040e-03
-8.382866257186136205e-03
-8.176942706588205892e-03
-8.107132708224997278e-03
-7.989349864315913735e-03
-8.311895872245135194e-03
-8.417346859977390544e-03
-7.958239348233217200e-03
-8.254043406532449167e-03
-8.430387261424334561e-03
-8.064596452490028350e-03
-8.066794362989251899e-03
-8.240237364080412602e-03
-8.250051754156880607e-03
-8.049881483545053007e-03
-8.396672218887618958e-03
-8.442694091650838548e-03
-8.355572740162539244e-03
-8.134543462909912814e-03
-8.298830643938374940e-03
-8.081127160086600675e-03
-8.615486652532413844e-03
-7.994909677537459861e-03
-8.164192561569773993e-03
-8.507972867539554881e-03
-8.408609378238266277e-03
-8.435530663510758601e-03
-8.357365425714668658e-03
-8.167118946387509279e-03
-8.020576665471169236e-03
-8.219672306655134361e-03
-7.985519832965590550e-03
-8.859255734977582175e-03
-8.150418456169513173e-03
-8.032247017702632066e-03
-8.434265512012867685e-03
-8.457800232070475377e-03
-8.290006304435231302e-03
-8.211687689549870828e-03
-8.121261658227166627e-03
-8.357023702987211727e-03
-1.007946418872369618e-02
-8.008894216706179819e-03
-8.449981236070179536e-03
-8.366759050831238179e-03
-8.528849457639762696e-03
-8.322707273113403789e-03
-7.960432450755170961e-03
-8.288480276912962158e-03
-8.303007439356881875e-03
-8.045738182238647979e-03
-8.278422718967918745e-03
-8.318438322641300009e-03
-8.445657546080915373e-03
-7.687853599544209118e-03
-8.217615924670929398e-03
-8.322535208622175787e-03
-8.426999057653860106e-03
-8.629558183918159195e-03
-8.010825808667665013e-03
-8.256316032536289290e-03
-8.150132159727221937e-03
-8.720755694396105026e-03
-8.325321662036607936e-03
-8.208942871807721822e-03
-8.284968498463680248e-03
-8.555892869665942396e-03
-8.527056674706844086e-03
-8.435308005786684368e-03
-8.524651081983010067e-03
-8.171061057292950194e-03
-8.209053989500470286e-03
-8.397741718808400188e-03
-8.363906630616289167e-03
-8.181000485514363860e-03
-8.436080659985757332e-03
-8.390612573857040429e-03
-8.114041658471219179e-03
-8.060252288517951239e-03
-8.168826217109384849e-03
-8.357712199542054535e-03
-8.029466263147322369e-03
-8.161348471681649161e-03
-8.193538286692239603e-03
-8.252914540903372523e-03
-7.999684539133350772e-03
-8.026072238205030768e-03
-8.725513976698942922e-03
-8.193582445942579340e-03
-8.253839840474752956e-03
-7.987573837599706156e-03
-8.230022282552405116e-03
-7.920551296714935241e-03
-8.186579423062122912e-03
-7.943081987732204460e-03
-8.477759864840605022e-03
-8.349903638629058156e-03
-8.311325042384002174e-03
-8.469183276118083178e-03
-8.457163648732427333e-03
-8.428745581400009373e-03
-8.122232657611560755e-03
-8.297866504916593874e-03
-8.304945270449434758e-03
-7.733500163523041385e-03
-7.822263755871061361e-03
-8.453118481112228966e-03
-8.159230189048505971e-03
-8.230166293020526810e-03
-8.408047892290845468e-03
-8.391738245212439912e-03
-7.951639894852674528e-03
-8.244199048930127977e-03
-8.429772310404462857e-03
-9.191792188493613791e-03
-7.867113185615771248e-03
-8.414958552209405099e-03
-8.358210361556202977e-03
-7.850441200859014854e-03
-7.925601626693467086e-03
-8.182481694263337921e-03
-8.789696498726556201e-03
-8.019262510091650434e-03
-7.623831887440625510e-03
-8.540115078668164897e-03
-8.130604159259884403e-03
-8.119552436041704846e-03
-7.858780886523685297e-03
-8.225992979628431873e-03
-8.247940682512271138e-03
-8.356671454298419607e-03
-8.212277500501677027e-03
-8.800298347794477047e-03
-8.347907307218073794e-03
-8.537343484952936504e-03
-8.523217661933623832e-03
-8.200128443448268661e-03
-7.929214701258362544e-03
-8.271829327130022363e-03
-8.272445601452732902e-03
-8.120361255875964065e-03
-8.341905214947219899e-03
-8.342928788333066684e-03
-8.688393269584886516e-03
-8.199600796552542273e-03
-8.212827246243439502e-03
-8.465864538949171778e-03
-8.304697120849885428e-03
-8.523169017487760082e-03
-8.269767466236709746e-03
-8.436944518690099593e-03
-8.192817210132832817e-03
-8.361073134914747892e-03
-8.325080181626242151e-03
-8.219603323686739543e-03
-7.928477061236961429e-03
-8.601113258393989006e-03
-8.290644242191528776e-03
-8.374598218205383041e-03
-8.445632227589721167e-03
-8.471928473947915733e-03
-7.921463004811019754e-03
-7.574476418061441493e-03
-8.135072733430630601e-03
-8.510420297435252954e-03
-8.149198524966285578e-03
-8.508415336059045250e-03
-8.613621605107115581e-03
-8.050946501108689063e-03
-8.317913592895534447e-03
-8.435721620613744615e-03
-8.492891887436697720e-03
-8.199370608154094020e-03
-8.169347976981917656e-03
-8.808349793729975882e-03
-8.053812907045867706e-03
-8.879985297553433243e-03
-8.181375247613512439e-03
-7.627926812925575097e-03
-8.485923183074303364e-03
-8.422924785869687070e-03
-8.220679470964572730e-03
-8.397438458899885230e-03
-8.236287656058367476e-03
-8.241366680183020987e-03
-8.489293584557066133e-03
-8.310187023686476521e-03
-8.393378071024071990e-03
-8.240872217664835589e-03
-8.299188277143874568e-03
-7.859054548335020485e-03
-8.013188538758451995e-03
-7.996965344100739198e-03
-8.238858001938484041e-03
-8.474827773439396611e-03
-8.410887675708569530e-03
-8.498542968014909105e-03
-8.262166908904272633e-03
-8.087518527643958177e-03
-7.949584369695597910e-03
-8.121740882330407210e-03
-8.417718864597792047e-03
-9.775572690494187603e-03
-8.309015895077929634e-03
-8.339229524180400560e-03
-8.129790315063110603e-03
-8.163689862831283867e-03
-8.118284333738639072e-03
-8.088414986609357080e-03
-8.451116657902343551e-03
-7.862892107434253999e-03
-8.158263774763823209e-03
-8.584199597346752614e-03
-8.016853951284253627e-03
-9.454063534517304079e-03
-8.101329679620605448e-03
-7.972078386315651841e-03
