-2.431426756083965302e-02
-2.431849949061870575e-02
-2.431282028555870056e-02
-2.430501766502857208e-02
-2.430376596748828888e-02
-2.431381307542324066e-02
-2.431275136768817902e-02
-2.431598491966724396e-02
-2.431751601397991180e-02
-2.430986240506172180e-02
-2.432004548609256744e-02
-2.431693300604820251e-02
-2.431715279817581177e-02
-2.431358024477958679e-02
-2.431667782366275787e-02
-2.433169446885585785e-02
-2.432038262486457825e-02
-2.432204596698284149e-02
-2.431906573474407196e-02
-2.431874349713325500e-02
-2.432241104543209076e-02
-2.432117052376270294e-02
-2.431700937449932098e-02
-2.431236952543258667e-02
-2.432472817599773407e-02
-2.432922832667827606e-02
-2.431633695960044861e-02
-2.431343868374824524e-02
-2.432128973305225372e-02
-2.432341687381267548e-02
-2.432333305478096008e-02
-2.432561852037906647e-02
-2.431811578571796417e-02
-2.431731857359409332e-02
-2.431918494403362274e-02
-2.431443519890308380e-02
-2.432275377213954926e-02
-2.431416325271129608e-02
-2.432307228446006775e-02
-2.431855536997318268e-02
-2.432294934988021851e-02
-2.432383410632610321e-02
-2.430762723088264465e-02
-2.431481331586837769e-02
-2.432137168943881989e-02
-2.432041615247726440e-02
-2.430815435945987701e-02
-2.431926690042018890e-02
-2.431476674973964691e-02
-2.432321943342685699e-02
-2.431171014904975891e-02
-2.431481331586837769e-02
-2.432694286108016968e-02
-2.432121522724628448e-02
-2.432049624621868134e-02
-2.431953512132167816e-02
-2.431817911565303802e-02
-2.432095445692539215e-02
-2.432529255747795105e-02
-2.430869080126285553e-02
-2.431441284716129303e-02
-2.431729063391685486e-02
-2.432306483387947083e-02
-2.432138472795486450e-02
-2.431509643793106079e-02
-2.431173995137214661e-02
-2.432234399020671844e-02
-2.431925758719444275e-02
-2.431707829236984253e-02
-2.431539632380008698e-02
-2.432300895452499390e-02
-2.431919425725936890e-02
-2.431946434080600739e-02
-2.432765811681747437e-02
-2.431533671915531158e-02
-2.432421781122684479e-02
-2.432440966367721558e-02
-2.432738058269023895e-02
-2.432146295905113220e-02
-2.432198449969291687e-02
-2.432243898510932922e-02
-2.431601844727993011e-02
-2.432020381093025208e-02
-2.432101033627986908e-02
-2.432455494999885559e-02
-2.432054653763771057e-02
-2.432523854076862335e-02
-2.432228066027164459e-02
-2.432483062148094177e-02
-2.432208135724067688e-02
-2.431989274919033051e-02
-2.432690374553203583e-02
-2.432180382311344147e-02
-2.431969903409481049e-02
-2.431819774210453033e-02
-2.431911788880825043e-02
-2.432357147336006165e-02
-2.432529069483280182e-02
-2.431582286953926086e-02
-2.432079985737800598e-02
-2.432568930089473724e-02
-2.432527765631675720e-02
-2.433002181351184845e-02
-2.432637289166450500e-02
-2.431632019579410553e-02
-2.432331256568431854e-02
-2.432471327483654022e-02
-2.431715466082096100e-02
-2.432461827993392944e-02
-2.431735582649707794e-02
-2.432039938867092133e-02
-2.432509884238243103e-02
-2.432514540851116180e-02
-2.432772144675254822e-02
-2.433127909898757935e-02
-2.431230060756206512e-02
-2.432322315871715546e-02
-2.431886829435825348e-02
-2.432713471353054047e-02
-2.432910539209842682e-02
-2.432030625641345978e-02
-2.430802024900913239e-02
-2.431944571435451508e-02
-2.432633005082607269e-02
-2.431932650506496429e-02
-2.432162500917911530e-02
-2.431667037308216095e-02
-2.432328090071678162e-02
-2.431831322610378265e-02
-2.432362921535968781e-02
-2.431759424507617950e-02
-2.432805486023426056e-02
-2.432327158749103546e-02
-2.431980893015861511e-02
-2.431199327111244202e-02
-2.432103827595710754e-02
-2.432236447930335999e-02
-2.431488782167434692e-02
-2.431947179138660431e-02
-2.431934326887130737e-02
-2.432357519865036011e-02
-2.431760169565677643e-02
-2.431666664779186249e-02
-2.432272024452686310e-02
-2.432061918079853058e-02
-2.431768737733364105e-02
-2.431824058294296265e-02
-2.432267554104328156e-02
-2.432288974523544312e-02
-2.432503178715705872e-02
-2.431597933173179626e-02
-2.432719990611076355e-02
-2.432418242096900940e-02
-2.432208880782127380e-02
-2.431722357869148254e-02
-2.432664111256599426e-02
-2.431628666818141937e-02
-2.432381361722946167e-02
-2.432233467698097229e-02
-2.431884221732616425e-02
-2.431793324649333954e-02
-2.431452088057994843e-02
-2.432305179536342621e-02
-2.432416751980781555e-02
-2.432825602591037750e-02
-2.431935630738735199e-02
-2.432577684521675110e-02
-2.431483939290046692e-02
-2.432600222527980804e-02
-2.431386522948741913e-02
-2.432028017938137054e-02
-2.432167343795299530e-02
-2.431731298565864563e-02
-2.431285008788108826e-02
-2.432827465236186981e-02
-2.431540563702583313e-02
-2.431968785822391510e-02
-2.431761287152767181e-02
-2.432126365602016449e-02
-2.431020326912403107e-02
-2.432314306497573853e-02
-2.432222478091716766e-02
-2.432035654783248901e-02
-2.431949414312839508e-02
-2.433387562632560730e-02
-2.432623691856861115e-02
-2.432072348892688751e-02
-2.432289533317089081e-02
-2.432394586503505707e-02
-2.432512678205966949e-02
-2.430806681513786316e-02
-2.431886643171310425e-02
-2.431203797459602356e-02
-2.431892976164817810e-02
-2.432345598936080933e-02
-2.432491257786750793e-02
-2.431804873049259186e-02
-2.432207390666007996e-02
-2.432134188711643219e-02
-2.432132698595523834e-02
-2.431986294686794281e-02
-2.432336471974849701e-02
-2.431396581232547760e-02
-2.431997098028659821e-02
-2.431968785822391510e-02
-2.431840263307094574e-02
-2.431958168745040894e-02
-2.431259490549564362e-02
-2.431626431643962860e-02
-2.431606128811836243e-02
-2.431682310998439789e-02
-2.431857399642467499e-02
-2.431221120059490204e-02
-2.432171441614627838e-02
-2.431598864495754242e-02
-2.432491071522235870e-02
-2.432038076221942902e-02
-2.431687153875827789e-02
-2.432190999388694763e-02
-2.432292327284812927e-02
-2.431987784802913666e-02
-2.432019077241420746e-02
-2.432460710406303406e-02
-2.431868761777877808e-02
-2.432659082114696503e-02
-2.432118169963359833e-02
-2.432296983897686005e-02
-2.432087995111942291e-02
-2.432031743228435516e-02
-2.433035522699356079e-02
-2.432222478091716766e-02
-2.431950718164443970e-02
-2.432299405336380005e-02
-2.432605251669883728e-02
-2.432482317090034485e-02
-2.431915514171123505e-02
-2.432895638048648834e-02
-2.432525902986526489e-02
-2.432923391461372375e-02
-2.432275936007499695e-02
-2.431435696780681610e-02
-2.432601340115070343e-02
-2.432716824114322662e-02
-2.432102337479591370e-02
-2.432312630116939545e-02
-2.431243844330310822e-02
-2.432540245354175568e-02
-2.432204596698284149e-02
-2.432319894433021545e-02
-2.431954257190227509e-02
-2.432261779904365540e-02
-2.432018704712390900e-02
-2.431919053196907043e-02
-2.432070858776569366e-02
-2.432837709784507751e-02
-2.432196959853172302e-02
-2.431727759540081024e-02
-2.432267181575298309e-02
-2.432732656598091125e-02
-2.432525530457496643e-02
-2.432148531079292297e-02
-2.432290092110633850e-02
-2.431841008365154266e-02
-2.431893162429332733e-02
-2.432002872228622437e-02
-2.432296797633171082e-02
-2.432162873446941376e-02
-2.432460524141788483e-02
-2.431876212358474731e-02
-2.432320639491081238e-02
-2.431705221533775330e-02
-2.431776374578475952e-02
-2.432218380272388458e-02
-2.432094886898994446e-02
-2.432575449347496033e-02
-2.432918734848499298e-02
-2.431763894855976105e-02
-2.432582527399063110e-02
-2.431729622185230255e-02
-2.432676218450069427e-02
-2.432240918278694153e-02
-2.432393655180931091e-02
-2.432246319949626923e-02
-2.433077432215213776e-02
-2.432897873222827911e-02
-2.431624755263328552e-02
-2.432204596698284149e-02
-2.432662807404994965e-02
-2.431974560022354126e-02
-2.432364970445632935e-02
-2.432451583445072174e-02
-2.431962825357913971e-02
-2.432750910520553589e-02
-2.432239241898059845e-02
-2.432414516806602478e-02
-2.433274500072002411e-02
-2.432872541248798370e-02
-2.432805858552455902e-02
-2.431729994714260101e-02
-2.431871369481086731e-02
-2.432465925812721252e-02
-2.431715279817581177e-02
-2.432404085993766785e-02
-2.432959154248237610e-02
-2.432710863649845123e-02
-2.432494983077049255e-02
-2.433054707944393158e-02
-2.433180250227451324e-02
-2.432947792112827301e-02
-2.432840690016746521e-02
-2.432993985712528229e-02
-2.431959845125675201e-02
-2.432824112474918365e-02
-2.432766743004322052e-02
-2.433129027485847473e-02
-2.432464808225631714e-02
-2.432723157107830048e-02
-2.432996220886707306e-02
-2.432880736887454987e-02
-2.432684414088726044e-02
-2.433671243488788605e-02
-2.433251962065696716e-02
-2.433228679001331329e-02
-2.432293631136417389e-02
-2.432291582226753235e-02
-2.432715333998203278e-02
-2.433119900524616241e-02
-2.432681992650032043e-02
-2.432852610945701599e-02
-2.432580478489398956e-02
-2.432663179934024811e-02
-2.432256191968917847e-02
-2.432243153452873230e-02
-2.432957477867603302e-02
-2.433068864047527313e-02
-2.432574145495891571e-02
-2.432193607091903687e-02
-2.433498948812484741e-02
-2.432733401656150818e-02
-2.432741411030292511e-02
-2.433287352323532104e-02
-2.432528324425220490e-02
-2.432277426123619080e-02
-2.433226071298122406e-02
-2.433104440569877625e-02
-2.433311566710472107e-02
-2.433373406529426575e-02
-2.432488277554512024e-02
-2.432688325643539429e-02
-2.433075383305549622e-02
-2.432972565293312073e-02
-2.433943375945091248e-02
-2.433271892368793488e-02
-2.433332987129688263e-02
-2.432989701628684998e-02
-2.433039620518684387e-02
-2.432991005480289459e-02
-2.433000318706035614e-02
-2.433031238615512848e-02
-2.432348579168319702e-02
-2.432889677584171295e-02
-2.433154731988906860e-02
-2.433264441788196564e-02
-2.432814054191112518e-02
-2.432637289166450500e-02
-2.432725019752979279e-02
-2.432988025248050690e-02
-2.432931587100028992e-02
-2.432856149971485138e-02
-2.432837523519992828e-02
-2.432515285909175873e-02
-2.432670816779136658e-02
-2.432513795793056488e-02
-2.433610148727893829e-02
-2.433739416301250458e-02
-2.432030253112316132e-02
-2.433221787214279175e-02
-2.433148585259914398e-02
-2.433284185826778412e-02
-2.433655038475990295e-02
-2.432788349688053131e-02
-2.433048002421855927e-02
-2.432689256966114044e-02
-2.432487532496452332e-02
-2.432713657617568970e-02
-2.433394640684127808e-02
-2.433498576283454895e-02
-2.432029321789741516e-02
-2.433778159320354462e-02
-2.433657832443714142e-02
-2.432839758694171906e-02
-2.432435005903244019e-02
-2.433199994266033173e-02
-2.433227375149726868e-02
-2.433594875037670135e-02
-2.433300204575061798e-02
-2.432277053594589233e-02
-2.432779781520366669e-02
-2.432811446487903595e-02
-2.432478778064250946e-02
-2.433347515761852264e-02
-2.433491684496402740e-02
-2.433345839381217957e-02
-2.433399297297000885e-02
-2.432836033403873444e-02
-2.433056198060512543e-02
-2.432824485003948212e-02
-2.433211356401443481e-02
-2.432834170758724213e-02
-2.432589605450630188e-02
-2.432958222925662994e-02
-2.432661689817905426e-02
-2.432942576706409454e-02
-2.433266304433345795e-02
-2.433134987950325012e-02
-2.433496899902820587e-02
-2.433309331536293030e-02
-2.433570101857185364e-02
-2.433172054588794708e-02
-2.432863973081111908e-02
-2.433104626834392548e-02
-2.433174103498458862e-02
-2.433012053370475769e-02
-2.433515153825283051e-02
-2.433706633746623993e-02
-2.432790584862232208e-02
-2.433048561215400696e-02
-2.433175034821033478e-02
-2.433450333774089813e-02
-2.432509139180183411e-02
-2.432798407971858978e-02
-2.433462999761104584e-02
-2.433046326041221619e-02
-2.433551289141178131e-02
-2.433127909898757935e-02
-2.433289028704166412e-02
-2.433423884212970734e-02
-2.432995289564132690e-02
-2.433636970818042755e-02
-2.433202601969242096e-02
-2.432861551642417908e-02
-2.433739416301250458e-02
-2.433703094720840454e-02
-2.433186583220958710e-02
-2.433995343744754791e-02
-2.433308213949203491e-02
-2.432927675545215607e-02
-2.434155903756618500e-02
-2.433672733604907990e-02
-2.433607354760169983e-02
-2.433691360056400299e-02
-2.433492988348007202e-02
-2.433566190302371979e-02
-2.433406189084053040e-02
-2.433716505765914917e-02
-2.433904260396957397e-02
-2.433794923126697540e-02
-2.434274740517139435e-02
-2.433843351900577545e-02
-2.434794418513774872e-02
-2.433919161558151245e-02
-2.433161810040473938e-02
-2.433389052748680115e-02
-2.433464303612709045e-02
-2.433998696506023407e-02
-2.434028871357440948e-02
-2.433879487216472626e-02
-2.433752268552780151e-02
-2.434434369206428528e-02
-2.433577924966812134e-02
-2.434175461530685425e-02
-2.433542162179946899e-02
-2.433880977332592010e-02
-2.433791942894458771e-02
-2.434069849550724030e-02
-2.433945052325725555e-02
-2.434055134654045105e-02
-2.433675713837146759e-02
-2.434046380221843719e-02
-2.433693595230579376e-02
-2.434854581952095032e-02
-2.433791942894458771e-02
-2.433880977332592010e-02
-2.433941699564456940e-02
-2.434263564646244049e-02
-2.434833161532878876e-02
-2.433959953486919403e-02
-2.433986403048038483e-02
-2.434131689369678497e-02
-2.434309944510459900e-02
-2.433785237371921539e-02
-2.433940954506397247e-02
-2.433931082487106323e-02
-2.433925680816173553e-02
-2.433658950030803680e-02
-2.434027567505836487e-02
-2.433757856488227844e-02
-2.433370426297187805e-02
-2.434697933495044708e-02
-2.434406615793704987e-02
-2.434285357594490051e-02
-2.434199303388595581e-02
-2.434347383677959442e-02
-2.433896623551845551e-02
-2.434108033776283264e-02
-2.434415370225906372e-02
-2.433981373906135559e-02
-2.434461563825607300e-02
-2.434502355754375458e-02
-2.433953247964382172e-02
-2.434493973851203918e-02
-2.434613555669784546e-02
-2.433836646378040314e-02
-2.434273436665534973e-02
-2.434536442160606384e-02
-2.434840984642505646e-02
-2.434048242866992950e-02
-2.434030734002590179e-02
-2.434519119560718536e-02
-2.434781752526760101e-02
-2.434372529387474060e-02
-2.434353344142436981e-02
-2.434141375124454498e-02
-2.434840425848960876e-02
-2.433885447680950165e-02
-2.434786036610603333e-02
-2.434659749269485474e-02
-2.434461191296577454e-02
-2.434305287897586823e-02
-2.434804663062095642e-02
-2.434203214943408966e-02
-2.434972114861011505e-02
-2.434747107326984406e-02
-2.434672974050045013e-02
-2.434716187417507172e-02
-2.434733323752880096e-02
-2.434339001774787903e-02
-2.434731088578701019e-02
-2.434256859123706818e-02
-2.434855885803699493e-02
-2.434436790645122528e-02
-2.434633113443851471e-02
-2.435040101408958435e-02
-2.434209175407886505e-02
-2.434224449098110199e-02
-2.435001917183399200e-02
-2.435275539755821228e-02
-2.434790320694446564e-02
-2.434426359832286835e-02
-2.434675022959709167e-02
-2.434210292994976044e-02
-2.434753812849521637e-02
-2.434531413018703461e-02
-2.433796972036361694e-02
-2.434959262609481812e-02
-2.434595115482807159e-02
-2.434209547936916351e-02
-2.434727177023887634e-02
-2.435250021517276764e-02
-2.435021288692951202e-02
-2.435091696679592133e-02
-2.435461059212684631e-02
-2.434960752725601196e-02
-2.434509620070457458e-02
-2.435392700135707855e-02
-2.435191720724105835e-02
-2.434725128114223480e-02
-2.435763739049434662e-02
-2.434728853404521942e-02
-2.434243075549602509e-02
-2.434517256915569305e-02
-2.435276471078395844e-02
-2.434972859919071198e-02
-2.435312978923320770e-02
-2.434975840151309967e-02
-2.435384131968021393e-02
-2.435133419930934906e-02
-2.435247413814067841e-02
-2.435134537518024445e-02
-2.435902692377567291e-02
-2.434795908629894257e-02
-2.435343153774738312e-02
-2.436042577028274536e-02
-2.435419522225856781e-02
-2.435440383851528168e-02
-2.435305900871753693e-02
-2.434930391609668732e-02
-2.435199730098247528e-02
-2.435657754540443420e-02
-2.435570396482944489e-02
-2.435307390987873077e-02
-2.434917353093624115e-02
-2.435263618826866150e-02
-2.435841597616672516e-02
-2.435783855617046356e-02
-2.435121685266494751e-02
-2.435583248734474182e-02
-2.435644157230854034e-02
-2.435465902090072632e-02
-2.435222826898097992e-02
-2.435632422566413879e-02
-2.436094358563423157e-02
-2.435304597020149231e-02
-2.435703203082084656e-02
-2.435549721121788025e-02
-2.435500361025333405e-02
-2.434800006449222565e-02
-2.435520663857460022e-02
-2.435428835451602936e-02
-2.435374818742275238e-02
-2.435136027634143829e-02
-2.436022087931632996e-02
-2.435528486967086792e-02
-2.435703016817569733e-02
-2.435312420129776001e-02
-2.435661479830741882e-02
-2.435985766351222992e-02
-2.435642108321189880e-02
-2.435216866433620453e-02
-2.435540035367012024e-02
-2.435559220612049103e-02
-2.435896545648574829e-02
-2.435291558504104614e-02
-2.434816025197505951e-02
-2.435779757797718048e-02
-2.435703948140144348e-02
-2.435878105461597443e-02
-2.435365132987499237e-02
-2.435334399342536926e-02
-2.435610257089138031e-02
-2.436028234660625458e-02
-2.436288259923458099e-02
-2.435881458222866058e-02
-2.435950748622417450e-02
-2.436277829110622406e-02
-2.435685880482196808e-02
-2.435800246894359589e-02
-2.435367926955223083e-02
-2.435961179435253143e-02
-2.436034008860588074e-02
-2.435983158648014069e-02
-2.435637824237346649e-02
-2.435648627579212189e-02
-2.436059154570102692e-02
-2.436660788953304291e-02
-2.435698918998241425e-02
-2.436104230582714081e-02
-2.436339110136032104e-02
-2.436169236898422241e-02
-2.436455897986888885e-02
-2.436355315148830414e-02
-2.436031214892864227e-02
-2.435938082635402679e-02
-2.435582317411899567e-02
-2.436151541769504547e-02
-2.435889281332492828e-02
-2.435731515288352966e-02
-2.436383441090583801e-02
-2.435659244656562805e-02
-2.436015196144580841e-02
-2.435953542590141296e-02
-2.435938082635402679e-02
-2.436736784875392914e-02
-2.436234615743160248e-02
-2.436486259102821350e-02
-2.436397783458232880e-02
-2.436032146215438843e-02
-2.436938695609569550e-02
-2.436182834208011627e-02
-2.436249889433383942e-02
-2.435766533017158508e-02
-2.436811663210391998e-02
-2.437016554176807404e-02
-2.436362020671367645e-02
-2.436537481844425201e-02
-2.436524443328380585e-02
-2.436705678701400757e-02
-2.437076903879642487e-02
-2.436318621039390564e-02
-2.436956390738487244e-02
-2.437105216085910797e-02
-2.437180466949939728e-02
-2.436957322061061859e-02
-2.437171898782253265e-02
-2.437074668705463409e-02
-2.436508983373641968e-02
-2.436930686235427856e-02
-2.437104657292366028e-02
-2.436734177172183990e-02
-2.436525933444499969e-02
-2.435824647545814514e-02
-2.436135895550251007e-02
-2.436408959329128265e-02
-2.436876483261585236e-02
-2.436500228941440582e-02
-2.436495758593082428e-02
-2.436085790395736694e-02
-2.436555549502372742e-02
-2.436302043497562408e-02
-2.437211945652961731e-02
-2.436790429055690765e-02
-2.436888962984085083e-02
-2.436677552759647369e-02
-2.437183074653148651e-02
-2.436210401356220245e-02
-2.436574921011924744e-02
-2.436657994985580444e-02
-2.437254041433334351e-02
-2.436471357941627502e-02
-2.436616271734237671e-02
-2.436815015971660614e-02
-2.436838299036026001e-02
-2.436755038797855377e-02
-2.436507679522037506e-02
-2.437124960124492645e-02
-2.436625212430953979e-02
-2.436701022088527679e-02
-2.437245287001132965e-02
-2.437352389097213745e-02
-2.436934784054756165e-02
-2.436896041035652161e-02
-2.436702884733676910e-02
-2.436725236475467682e-02
-2.437609620392322540e-02
-2.436988614499568939e-02
-2.436326071619987488e-02
-2.436994761228561401e-02
-2.436809055507183075e-02
-2.436456643044948578e-02
-2.436246350407600403e-02
-2.436682209372520447e-02
-2.437058649957180023e-02
-2.437047474086284637e-02
-2.436931803822517395e-02
-2.436772733926773071e-02
-2.437372878193855286e-02
-2.438076958060264587e-02
-2.437220886349678040e-02
-2.437347359955310822e-02
-2.436626702547073364e-02
-2.437561564147472382e-02
-2.437290176749229431e-02
-2.436938323080539703e-02
-2.437130920588970184e-02
-2.437390573322772980e-02
-2.437154389917850494e-02
-2.437521331012248993e-02
-2.437265776097774506e-02
-2.436988428235054016e-02
-2.437336370348930359e-02
-2.437850460410118103e-02
-2.437383122742176056e-02
-2.437366731464862823e-02
-2.437344379723072052e-02
-2.437006309628486633e-02
-2.437050081789493561e-02
-2.437327615916728973e-02
-2.437285520136356354e-02
-2.437202073633670807e-02
-2.436825819313526154e-02
-2.437420561909675598e-02
-2.437519095838069916e-02
-2.437382191419601440e-02
-2.436714991927146912e-02
-2.436831034719944000e-02
-2.437586151063442230e-02
-2.437307126820087433e-02
-2.437647990882396698e-02
-2.437233179807662964e-02
-2.437354065477848053e-02
-2.437445893883705139e-02
-2.436958625912666321e-02
-2.437200210988521576e-02
-2.437408454716205597e-02
-2.437143214046955109e-02
-2.437045611441135406e-02
-2.437707036733627319e-02
-2.437589690089225769e-02
-2.437157556414604187e-02
-2.437109686434268951e-02
-2.437403239309787750e-02
-2.437552995979785919e-02
-2.437754347920417786e-02
-2.437714673578739166e-02
-2.437359467148780823e-02
-2.437134832143783569e-02
-2.436639741063117981e-02
-2.437139861285686493e-02
-2.437372691929340363e-02
-2.437932230532169342e-02
-2.437978237867355347e-02
-2.437193505465984344e-02
-2.437256835401058197e-02
-2.437694743275642395e-02
-2.437338605523109436e-02
-2.437334321439266205e-02
-2.437409944832324982e-02
-2.437835559248924255e-02
-2.437500469386577606e-02
-2.437472715973854065e-02
-2.437213994562625885e-02
-2.437745779752731323e-02
-2.437036484479904175e-02
-2.437784522771835327e-02
-2.436968311667442322e-02
-2.437952347099781036e-02
-2.437161281704902649e-02
-2.438095770776271820e-02
-2.437722496688365936e-02
-2.437698096036911011e-02
-2.438133209943771362e-02
-2.437783591449260712e-02
-2.437525242567062378e-02
-2.436932548880577087e-02
-2.437801845371723175e-02
-2.437933534383773804e-02
-2.438140474259853363e-02
-2.437970973551273346e-02
-2.437735162675380707e-02
-2.438376657664775848e-02
-2.437992021441459656e-02
-2.437555417418479919e-02
-2.437520213425159454e-02
-2.437689527869224548e-02
-2.438071556389331818e-02
-2.437602356076240540e-02
-2.437857352197170258e-02
-2.437811344861984253e-02
-2.437227219343185425e-02
-2.437077090144157410e-02
-2.437793463468551636e-02
-2.437350712716579437e-02
-2.437018603086471558e-02
-2.437364496290683746e-02
-2.437886223196983337e-02
-2.437480539083480835e-02
-2.437933534383773804e-02
-2.438024990260601044e-02
-2.437626197934150696e-02
-2.438309416174888611e-02
-2.438146993517875671e-02
-2.438257448375225067e-02
-2.437831833958625793e-02
-2.438252791762351990e-02
-2.437820658087730408e-02
-2.438044175505638123e-02
-2.437821589410305023e-02
-2.437746152281761169e-02
-2.437594905495643616e-02
-2.437972649931907654e-02
-2.437675558030605316e-02
-2.437433972954750061e-02
-2.437990531325340271e-02
-2.437466010451316833e-02
-2.437881194055080414e-02
-2.437859401106834412e-02
-2.438094094395637512e-02
-2.437869459390640259e-02
-2.437436766922473907e-02
-2.438093163073062897e-02
-2.437924221158027649e-02
-2.437968924641609192e-02
-2.437644451856613159e-02
-2.437712997198104858e-02
-2.437459304928779602e-02
-2.437901124358177185e-02
-2.438252046704292297e-02
-2.437871508300304413e-02
-2.438272349536418915e-02
-2.437791787087917328e-02
-2.437724918127059937e-02
-2.437607757747173309e-02
-2.437866851687431335e-02
-2.438212372362613678e-02
-2.438414283096790314e-02
-2.438049390912055969e-02
-2.438290044665336609e-02
-2.438243851065635681e-02
-2.437661774456501007e-02
-2.437924593687057495e-02
-2.438396774232387543e-02
-2.437890134751796722e-02
-2.437685988843441010e-02
-2.438191324472427368e-02
-2.437860704958438873e-02
-2.437637187540531158e-02
-2.438215725123882294e-02
-2.438219636678695679e-02
-2.438001148402690887e-02
-2.438490465283393860e-02
-2.438253723084926605e-02
-2.438074536621570587e-02
-2.438404597342014313e-02
-2.438364736735820770e-02
-2.438394911587238312e-02
-2.437909133732318878e-02
-2.437869273126125336e-02
-2.438515238463878632e-02
-2.438242547214031219e-02
-2.438182383775711060e-02
-2.438301034271717072e-02
-2.438477054238319397e-02
-2.438610978424549103e-02
-2.438599057495594025e-02
-2.437773160636425018e-02
-2.438013628125190735e-02
-2.438586018979549408e-02
-2.437929064035415649e-02
-2.438201569020748138e-02
-2.438222989439964294e-02
-2.437880262732505798e-02
-2.438647858798503876e-02
-2.437980286777019501e-02
-2.437833882868289948e-02
-2.438124269247055054e-02
-2.437937445938587189e-02
-2.438189461827278137e-02
-2.438722364604473114e-02
-2.439006417989730835e-02
-2.438374236226081848e-02
-2.438287995755672455e-02
-2.438091859221458435e-02
-2.438132092356681824e-02
-2.438347414135932922e-02
-2.438405901193618774e-02
-2.438444271683692932e-02
-2.437911741435527802e-02
-2.438192814588546753e-02
-2.438213676214218140e-02
-2.438719011843204498e-02
-2.438432909548282623e-02
-2.438381128013134003e-02
-2.438280731439590454e-02
-2.438255585730075836e-02
-2.438770607113838196e-02
-2.438121661543846130e-02
-2.438372001051902771e-02
-2.437898330390453339e-02
-2.438568696379661560e-02
-2.438366971909999847e-02
-2.438947372138500214e-02
-2.438560687005519867e-02
-2.438117377460002899e-02
-2.438722923398017883e-02
-2.439096756279468536e-02
-2.438164688646793365e-02
-2.437895163893699646e-02
-2.438349463045597076e-02
-2.438574656844139099e-02
-2.438403293490409851e-02
-2.438373304903507233e-02
-2.438598126173019409e-02
-2.438352629542350769e-02
-2.438790164887905121e-02
-2.438459731638431549e-02
-2.438532561063766479e-02
-2.438158541917800903e-02
-2.438271231949329376e-02
-2.438100054860115051e-02
-2.438374236226081848e-02
-2.438460476696491241e-02
-2.438478916883468628e-02
-2.438997849822044373e-02
-2.439132891595363617e-02
-2.438502386212348938e-02
-2.438617125153541565e-02
-2.438586391508579254e-02
-2.438393421471118927e-02
-2.439193800091743469e-02
-2.438441850244998932e-02
-2.438795752823352814e-02
-2.439136616885662079e-02
-2.438778243958950043e-02
-2.438590303063392639e-02
-2.438469603657722473e-02
-2.438917383551597595e-02
-2.438819967210292816e-02
-2.438727207481861115e-02
-2.438851632177829742e-02
-2.438561990857124329e-02
-2.438842691481113434e-02
-2.438770979642868042e-02
-2.438510768115520477e-02
-2.438378706574440002e-02
-2.438880316913127899e-02
-2.438753470778465271e-02
-2.438817359507083893e-02
-2.438091859221458435e-02
-2.438775263726711273e-02
-2.438910119235515594e-02
-2.439057454466819763e-02
-2.438804693520069122e-02
-2.438632957637310028e-02
-2.438542433083057404e-02
-2.438859455287456512e-02
-2.439304813742637634e-02
-2.438876405358314514e-02
-2.438549511134624481e-02
-2.438399009406566620e-02
-2.438708394765853882e-02
-2.439069189131259918e-02
-2.438597567379474640e-02
-2.439556457102298737e-02
-2.438801154494285583e-02
-2.438821271061897278e-02
-2.439118549227714539e-02
-2.438333258032798767e-02
-2.438676916062831879e-02
-2.438887581229209900e-02
-2.439028210937976837e-02
-2.439242228865623474e-02
-2.438861690461635590e-02
-2.438972704112529755e-02
-2.439003065228462219e-02
-2.439026348292827606e-02
-2.439154125750064850e-02
-2.438705787062644958e-02
-2.438293211162090302e-02
-2.439102716743946075e-02
-2.439257688820362091e-02
-2.438996545970439911e-02
-2.438593283295631409e-02
-2.438885904848575592e-02
-2.439197152853012085e-02
-2.438732609152793884e-02
-2.438795194029808044e-02
-2.439150400459766388e-02
-2.438829094171524048e-02
-2.439217641949653625e-02
-2.438878268003463745e-02
-2.439102716743946075e-02
-2.439049072563648224e-02
-2.439137734472751617e-02
-2.438890375196933746e-02
-2.438753470778465271e-02
-2.438874915242195129e-02
-2.438907139003276825e-02
-2.439108677208423615e-02
-2.438621595501899719e-02
-2.439067699015140533e-02
-2.438755519688129425e-02
-2.438691444694995880e-02
-2.438831515610218048e-02
-2.438705042004585266e-02
-2.438853122293949127e-02
-2.439207956194877625e-02
-2.439126931130886078e-02
-2.438883855938911438e-02
-2.439289726316928864e-02
-2.438985183835029602e-02
-2.438788488507270813e-02
-2.439119108021259308e-02
-2.438906393945217133e-02
-2.438819780945777893e-02
-2.439076639711856842e-02
-2.438866905868053436e-02
-2.438664622604846954e-02
-2.438889816403388977e-02
-2.438960410654544830e-02
-2.439085580408573151e-02
-2.438819967210292816e-02
-2.438726462423801422e-02
-2.439270354807376862e-02
-2.439077012240886688e-02
-2.439125441014766693e-02
-2.439467050135135651e-02
-2.439097128808498383e-02
-2.438913099467754364e-02
-2.439085394144058228e-02
-2.438783273100852966e-02
-2.439155615866184235e-02
-2.438921295106410980e-02
-2.438992820680141449e-02
-2.438939176499843597e-02
-2.439732663333415985e-02
-2.439332194626331329e-02
-2.439299598336219788e-02
-2.439292147755622864e-02
-2.439003810286521912e-02
-2.439027279615402222e-02
-2.438775263726711273e-02
-2.439311333000659943e-02
-2.438545413315296173e-02
-2.438954450190067291e-02
-2.439050748944282532e-02
-2.439134195446968079e-02
-2.439148165285587311e-02
-2.438948303461074829e-02
-2.439311705529689789e-02
-2.439422719180583954e-02
-2.439425140619277954e-02
-2.438773959875106812e-02
-2.439196221530437469e-02
-2.439290843904018402e-02
-2.439312823116779327e-02
-2.438634820282459259e-02
-2.439004369080066681e-02
-2.439345791935920715e-02
-2.439172379672527313e-02
-2.439500764012336731e-02
-2.439063228666782379e-02
-2.438680455088615417e-02
-2.438953146338462830e-02
-2.439247816801071167e-02
-2.439200691878795624e-02
-2.439100109040737152e-02
-2.439607121050357819e-02
-2.439440414309501648e-02
-2.438960410654544830e-02
-2.439052425324916840e-02
-2.439404837787151337e-02
-2.439050935208797455e-02
-2.438871003687381744e-02
-2.439902536571025848e-02
-2.439606375992298126e-02
-2.439129166305065155e-02
-2.439291961491107941e-02
-2.439267002046108246e-02
-2.439166046679019928e-02
-2.439642325043678284e-02
-2.439185790717601776e-02
-2.439171262085437775e-02
-2.439471893012523651e-02
-2.438982203602790833e-02
-2.439215965569019318e-02
-2.439166046679019928e-02
-2.439076267182826996e-02
-2.438981272280216217e-02
-2.438707463443279266e-02
-2.439358271658420563e-02
-2.439431659877300262e-02
-2.438964135944843292e-02
-2.439597807824611664e-02
-2.439248748123645782e-02
-2.439939603209495544e-02
-2.439095266163349152e-02
-2.439563348889350891e-02
-2.438966557383537292e-02
-2.439296431839466095e-02
-2.439044229686260223e-02
-2.438797429203987122e-02
-2.439088746905326843e-02
-2.439103461802005768e-02
-2.439436502754688263e-02
-2.439056150615215302e-02
-2.439264208078384399e-02
-2.439347095787525177e-02
-2.439213544130325317e-02
-2.438808046281337738e-02
-2.439016290009021759e-02
-2.439034543931484222e-02
-2.439126931130886078e-02
-2.438851259648799896e-02
-2.439027279615402222e-02
-2.438675984740257263e-02
-2.438962087035179138e-02
-2.439188212156295776e-02
-2.439055405557155609e-02
-2.439120598137378693e-02
-2.438895963132381439e-02
-2.439296618103981018e-02
-2.439077943563461304e-02
-2.438957057893276215e-02
-2.439438737928867340e-02
-2.439510449767112732e-02
-2.439206652343273163e-02
-2.438857778906822205e-02
-2.439364232122898102e-02
-2.439184300601482391e-02
-2.439125254750251770e-02
-2.439310029149055481e-02
-2.438930980861186981e-02
-2.439108863472938538e-02
-2.439250424504280090e-02
-2.438930422067642212e-02
-2.439196780323982239e-02
-2.439443208277225494e-02
-2.439218387007713318e-02
-2.439832314848899841e-02
-2.439335919916629791e-02
-2.439578622579574585e-02
-2.439499460160732269e-02
-2.439348213374614716e-02
-2.439326234161853790e-02
-2.439219318330287933e-02
-2.439246140420436859e-02
-2.439347095787525177e-02
-2.439227327704429626e-02
-2.438867837190628052e-02
-2.439209073781967163e-02
-2.439396828413009644e-02
-2.439486421644687653e-02
-2.439295127987861633e-02
-2.439650148153305054e-02
-2.439258620142936707e-02
-2.439514361321926117e-02
-2.439460344612598419e-02
-2.439874596893787384e-02
-2.439301647245883942e-02
-2.439001761376857758e-02
-2.439180761575698853e-02
-2.439422346651554108e-02
-2.439031749963760376e-02
-2.439444884657859802e-02
-2.439472451806068420e-02
-2.439816668629646301e-02
-2.438888140022754669e-02
-2.439387515187263489e-02
-2.439176477491855621e-02
-2.439350634813308716e-02
-2.439806982874870300e-02
-2.439095452427864075e-02
-2.439393289387226105e-02
-2.439390495419502258e-02
-2.439281903207302094e-02
-2.439531311392784119e-02
-2.439240925014019012e-02
-2.439552173018455505e-02
-2.439652197062969208e-02
-2.439831942319869995e-02
-2.439108118414878845e-02
-2.439313754439353943e-02
-2.439361065626144409e-02
-2.439286559820175171e-02
-2.439350448548793793e-02
-2.439380995929241180e-02
-2.439386956393718719e-02
-2.439598180353641510e-02
-2.439227327704429626e-02
-2.439082227647304535e-02
-2.439344488084316254e-02
-2.439051121473312378e-02
-2.439546026289463043e-02
-2.439568005502223969e-02
-2.439532428979873657e-02
-2.439448796212673187e-02
-2.439113333821296692e-02
-2.439873293042182922e-02
-2.439011074602603912e-02
-2.439817413687705994e-02
-2.439711801707744598e-02
-2.439850009977817535e-02
-2.439267374575138092e-02
-2.439340576529502869e-02
-2.439473196864128113e-02
-2.439340204000473022e-02
-2.439918927848339081e-02
-2.439342625439167023e-02
-2.439359016716480255e-02
-2.440136298537254333e-02
-2.439725026488304138e-02
-2.439800836145877838e-02
-2.439192123711109161e-02
-2.439433895051479340e-02
-2.439396455883979797e-02
-2.439303137362003326e-02
-2.439313754439353943e-02
-2.439790777862071991e-02
-2.439574711024761200e-02
-2.439281158149242401e-02
-2.439594082534313202e-02
-2.439658716320991516e-02
-2.439681254327297211e-02
-2.439720183610916138e-02
-2.439760044217109680e-02
-2.439419366419315338e-02
-2.439708076417446136e-02
-2.439471520483493805e-02
-2.439601533114910126e-02
-2.439474686980247498e-02
-2.439168654382228851e-02
-2.439826354384422302e-02
-2.439906820654869080e-02
-2.439700439572334290e-02
-2.439490519464015961e-02
-2.439388073980808258e-02
-2.439724467694759369e-02
-2.439486421644687653e-02
-2.439491637051105499e-02
-2.439061552286148071e-02
-2.439862117171287537e-02
-2.439411543309688568e-02
-2.439567260444164276e-02
-2.439528331160545349e-02
-2.439420856535434723e-02
-2.439559809863567352e-02
-2.440002746880054474e-02
-2.439518086612224579e-02
-2.439124695956707001e-02
-2.439435757696628571e-02
-2.439457736909389496e-02
-2.439847216010093689e-02
-2.439727261662483215e-02
-2.439462952315807343e-02
-2.439785189926624298e-02
-2.438822202384471893e-02
-2.439484558999538422e-02
-2.439514920115470886e-02
-2.439490891993045807e-02
-2.439581975340843201e-02
-2.439424768090248108e-02
-2.439727634191513062e-02
-2.439461089670658112e-02
-2.439791150391101837e-02
-2.440062724053859711e-02
-2.439970523118972778e-02
-2.439946494996547699e-02
-2.439823560416698456e-02
-2.439814992249011993e-02
-2.439480274915695190e-02
-2.439537085592746735e-02
-2.439748309552669525e-02
-2.439331822097301483e-02
-2.439667098224163055e-02
-2.439443208277225494e-02
-2.439434640109539032e-02
-2.439919672906398773e-02
-2.439876832067966461e-02
-2.439557202160358429e-02
-2.439741604030132294e-02
-2.439743466675281525e-02
-2.439432218670845032e-02
-2.439705654978752136e-02
-2.439559437334537506e-02
-2.439722977578639984e-02
-2.440152131021022797e-02
-2.439754456281661987e-02
-2.439848892390727997e-02
-2.439710125327110291e-02
-2.439521998167037964e-02
-2.439795807003974915e-02
-2.440067194402217865e-02
-2.439669333398342133e-02
-2.440126799046993256e-02
-2.439590543508529663e-02
-2.439585886895656586e-02
-2.439447119832038879e-02
-2.439473010599613190e-02
-2.439752407371997833e-02
-2.439764700829982758e-02
-2.439502440392971039e-02
-2.439826168119907379e-02
-2.439994551241397858e-02
-2.439865656197071075e-02
-2.439350076019763947e-02
-2.439660020172595978e-02
-2.439765073359012604e-02
-2.439289167523384094e-02
-2.439031191170215607e-02
-2.439631335437297821e-02
-2.439797483384609222e-02
-2.439461089670658112e-02
-2.439670637249946594e-02
-2.439547143876552582e-02
-2.440035156905651093e-02
-2.439632453024387360e-02
-2.439943887293338776e-02
-2.439623139798641205e-02
-2.439623698592185974e-02
-2.439119666814804077e-02
-2.439655922353267670e-02
-2.439718507230281830e-02
-2.439523674547672272e-02
-2.439581602811813354e-02
-2.439427934587001801e-02
-2.439525909721851349e-02
-2.439885959029197693e-02
-2.439479716122150421e-02
-2.439681813120841980e-02
-2.439774014055728912e-02
-2.439594082534313202e-02
-2.439937740564346313e-02
-2.439302578568458557e-02
-2.439448609948158264e-02
-2.440004795789718628e-02
-2.439549379050731659e-02
-2.439264766871929169e-02
-2.439818717539310455e-02
-2.439795807003974915e-02
-2.439843304455280304e-02
-2.439496107399463654e-02
-2.439885213971138000e-02
-2.439787611365318298e-02
-2.439416386187076569e-02
-2.439545840024948120e-02
-2.439876832067966461e-02
-2.439903654158115387e-02
-2.439838275313377380e-02
-2.439333871006965637e-02
-2.439878135919570923e-02
-2.439739182591438293e-02
-2.439343184232711792e-02
-2.439610473811626434e-02
-2.439865656197071075e-02
-2.439634874463081360e-02
-2.439927682280540466e-02
-2.439653128385543823e-02
-2.439758367836475372e-02
-2.439680323004722595e-02
-2.440030500292778015e-02
-2.439962141215801239e-02
-2.439387515187263489e-02
-2.440148219466209412e-02
-2.439345233142375946e-02
-2.439681626856327057e-02
-2.439407631754875183e-02
-2.439921535551548004e-02
-2.439650706946849823e-02
-2.439459227025508881e-02
-2.440069988369941711e-02
-2.439752779901027679e-02
-2.439728192985057831e-02
-2.439513243734836578e-02
-2.439804747700691223e-02
-2.439895458519458771e-02
-2.439760416746139526e-02
-2.439833246171474457e-02
-2.439787238836288452e-02
-2.439691871404647827e-02
-2.439641579985618591e-02
-2.439719997346401215e-02
-2.439680881798267365e-02
-2.439952827990055084e-02
-2.439582534134387970e-02
-2.439425326883792877e-02
-2.440140582621097565e-02
-2.439556084573268890e-02
-2.439804561436176300e-02
-2.439754828810691833e-02
-2.440015785396099091e-02
-2.440153248608112335e-02
-2.439594641327857971e-02
-2.439719624817371368e-02
-2.440031804144382477e-02
-2.439358457922935486e-02
-2.439665421843528748e-02
-2.439702488481998444e-02
-2.439511381089687347e-02
-2.439935132861137390e-02
-2.439911104738712311e-02
-2.439757809042930603e-02
-2.439760789275169373e-02
-2.439942769706249237e-02
-2.439651452004909515e-02
-2.439704723656177521e-02
-2.439730614423751831e-02
-2.439724467694759369e-02
-2.439840883016586304e-02
-2.439390309154987335e-02
-2.439627982676029205e-02
-2.439938858151435852e-02
-2.439740858972072601e-02
-2.439883537590503693e-02
-2.440021373331546783e-02
-2.439969033002853394e-02
-2.439802139997482300e-02
-2.439976297318935394e-02
-2.439640276134014130e-02
-2.439509518444538116e-02
-2.439987286925315857e-02
-2.440251596271991730e-02
-2.440120466053485870e-02
-2.440002001821994781e-02
-2.439780719578266144e-02
-2.439760789275169373e-02
-2.439992874860763550e-02
-2.439592592418193817e-02
-2.439571171998977661e-02
-2.439636364579200745e-02
-2.440244145691394806e-02
-2.439954131841659546e-02
-2.439839020371437073e-02
-2.439679391682147980e-02
-2.439925633370876312e-02
-2.440577372908592224e-02
-2.439944818615913391e-02
-2.439872734248638153e-02
-2.439895831048488617e-02
-2.439667470753192902e-02
-2.439112402498722076e-02
-2.439516223967075348e-02
-2.440066449344158173e-02
-2.439771220088005066e-02
-2.439375966787338257e-02
-2.439523302018642426e-02
-2.440150827169418335e-02
-2.439971454441547394e-02
-2.440118603408336639e-02
-2.439684234559535980e-02
-2.439811080694198608e-02
-2.439975365996360779e-02
-2.439992502331733704e-02
-2.439718134701251984e-02
-2.439776994287967682e-02
-2.439935691654682159e-02
-2.439529448747634888e-02
-2.440029941499233246e-02
-2.439522929489612579e-02
-2.440013363957405090e-02
-2.439877949655056000e-02
-2.440177276730537415e-02
-2.440158464014530182e-02
-2.439948543906211853e-02
-2.440204471349716187e-02
-2.440097369253635406e-02
-2.439854107797145844e-02
-2.439658157527446747e-02
-2.439815364778041840e-02
-2.440256066620349884e-02
-2.439795807003974915e-02
-2.439654618501663208e-02
-2.440230362117290497e-02
-2.439946494996547699e-02
-2.439841255545616150e-02
-2.439497224986553192e-02
-2.440013736486434937e-02
-2.439753152430057526e-02
-2.439978905022144318e-02
-2.440275996923446655e-02
-2.440238557755947113e-02
-2.439485117793083191e-02
-2.439676970243453979e-02
-2.439760044217109680e-02
-2.440134994685649872e-02
-2.439990825951099396e-02
-2.439672313630580902e-02
-2.439702861011028290e-02
-2.439805120229721069e-02
-2.439794316887855530e-02
-2.439775690436363220e-02
-2.439758740365505219e-02
-2.439982257783412933e-02
-2.439703419804573059e-02
-2.439654991030693054e-02
-2.439856901764869690e-02
-2.439574524760246277e-02
-2.440075203776359558e-02
-2.440215833485126495e-02
-2.440261282026767731e-02
-2.439867332577705383e-02
-2.440013736486434937e-02
-2.440011128783226013e-02
-2.440100163221359253e-02
-2.440084144473075867e-02
-2.440037578344345093e-02
-2.439894899725914001e-02
-2.440023608505725861e-02
-2.440194599330425262e-02
-2.439580671489238739e-02
-2.440297044813632965e-02
-2.439990825951099396e-02
-2.439755946397781372e-02
-2.440162375569343567e-02
-2.440207265317440033e-02
-2.439978346228599548e-02
-2.439707703888416290e-02
-2.439785934984683990e-02
-2.439934574067592621e-02
-2.439745888113975525e-02
-2.440032176673412323e-02
-2.440107427537441254e-02
-2.439859136939048767e-02
-2.440047822892665863e-02
-2.439913898706436157e-02
-2.439633384346961975e-02
-2.440247870981693268e-02
-2.440150454640388489e-02
-2.440441027283668518e-02
-2.439936250448226929e-02
-2.440211363136768341e-02
-2.439868077635765076e-02
-2.440145798027515411e-02
-2.439935319125652313e-02
-2.440061792731285095e-02
-2.440243214368820190e-02
-2.440173365175724030e-02
-2.439615875482559204e-02
-2.439898811280727386e-02
-2.440238557755947113e-02
-2.440230362117290497e-02
-2.440493553876876831e-02
-2.440058812499046326e-02
-2.440202608704566956e-02
-2.440096624195575714e-02
-2.439809031784534454e-02
-2.440170012414455414e-02
-2.439692988991737366e-02
-2.440006844699382782e-02
-2.440358512103557587e-02
-2.440312132239341736e-02
-2.439962700009346008e-02
-2.440243773162364960e-02
-2.440072223544120789e-02
-2.440045028924942017e-02
-2.440390363335609436e-02
-2.440141886472702026e-02
-2.440107427537441254e-02
-2.439966425299644470e-02
-2.440194599330425262e-02
-2.440199814736843109e-02
-2.439977601170539856e-02
-2.439974993467330933e-02
-2.439906820654869080e-02
-2.440239116549491882e-02
-2.440016716718673706e-02
-2.440180629491806030e-02
-2.440441586077213287e-02
-2.440188080072402954e-02
-2.440638281404972076e-02
-2.439993992447853088e-02
-2.440508641302585602e-02
-2.440008148550987244e-02
-2.439841255545616150e-02
-2.440214902162551880e-02
-2.440328709781169891e-02
-2.440253458917140961e-02
-2.440330944955348969e-02
-2.440330199897289276e-02
-2.440368384122848511e-02
-2.440238744020462036e-02
-2.440072037279605865e-02
-2.440048381686210632e-02
-2.440195716917514801e-02
-2.439768984913825989e-02
-2.440085820853710175e-02
-2.440434880554676056e-02
-2.439820207655429840e-02
-2.440176345407962799e-02
-2.439843863248825073e-02
-2.440333925187587738e-02
-2.440130151808261871e-02
-2.439735271036624908e-02
-2.439977973699569702e-02
-2.440328337252140045e-02
-2.440058253705501556e-02
-2.440140955150127411e-02
-2.439708448946475983e-02
-2.439989894628524780e-02
-2.440203540027141571e-02
-2.439791150391101837e-02
-2.440194599330425262e-02
-2.440411597490310669e-02
-2.439945563673973083e-02
-2.440081909298896790e-02
-2.440311387181282043e-02
-2.440073713660240173e-02
-2.440631017088890076e-02
-2.440286614000797272e-02
-2.439990267157554626e-02
-2.440431900322437286e-02
-2.440275996923446655e-02
-2.439940907061100006e-02
-2.440362796187400818e-02
-2.439893595874309540e-02
-2.439825609326362610e-02
-2.440183982253074646e-02
-2.440351620316505432e-02
-2.439937181770801544e-02
-2.439966425299644470e-02
-2.440085634589195251e-02
-2.439958043396472931e-02
-2.439857833087444305e-02
-2.440390922129154205e-02
-2.440208382904529572e-02
-2.440402843058109283e-02
-2.440590970218181610e-02
-2.440340630710124969e-02
-2.440024726092815399e-02
-2.440548315644264221e-02
-2.440317906439304352e-02
-2.440693415701389313e-02
-2.440716139972209930e-02
-2.440192364156246185e-02
-2.440435066819190979e-02
-2.440532296895980835e-02
-2.440356463193893433e-02
-2.440161816775798798e-02
-2.439956739544868469e-02
-2.440179698169231415e-02
-2.440248243510723114e-02
-2.440347522497177124e-02
-2.440290898084640503e-02
-2.440058439970016479e-02
-2.440295554697513580e-02
-2.440233901143074036e-02
-2.439931593835353851e-02
-2.440533787012100220e-02
-2.440168336033821106e-02
-2.440277300775051117e-02
-2.440463565289974213e-02
-2.440032549202442169e-02
-2.440313808619976044e-02
-2.439848892390727997e-02
-2.440536580979824066e-02
-2.440105006098747253e-02
-2.440044470131397247e-02
-2.440188266336917877e-02
-2.440211735665798187e-02
-2.440022677183151245e-02
-2.440251782536506653e-02
-2.440364100039005280e-02
-2.440252713859081268e-02
-2.440306358039379120e-02
-2.440192922949790955e-02
-2.440495230257511139e-02
-2.440503053367137909e-02
-2.439987286925315857e-02
-2.440091222524642944e-02
-2.440032549202442169e-02
-2.440027333796024323e-02
-2.440190874040126801e-02
-2.440254576504230499e-02
-2.440397068858146667e-02
-2.440134994685649872e-02
-2.440480701625347137e-02
-2.440282888710498810e-02
-2.440443262457847595e-02
-2.440022490918636322e-02
-2.440214529633522034e-02
-2.440133318305015564e-02
-2.439767867326736450e-02
-2.440214715898036957e-02
-2.440420538187026978e-02
-2.440045587718486786e-02
-2.440307475626468658e-02
-2.440313808619976044e-02
-2.440032735466957092e-02
-2.440171130001544952e-02
-2.440383099019527435e-02
-2.440359629690647125e-02
-2.440174296498298645e-02
-2.440598234534263611e-02
-2.440368942916393280e-02
-2.440190501511096954e-02
-2.440188080072402954e-02
-2.440683916211128235e-02
-2.439929358661174774e-02
-2.440623566508293152e-02
-2.440246380865573883e-02
-2.440186962485313416e-02
-2.440045587718486786e-02
-2.440191619098186493e-02
-2.439912036061286926e-02
-2.440187148749828339e-02
-2.440006099641323090e-02
-2.440348453819751740e-02
-2.440751530230045319e-02
-2.440122142434120178e-02
-2.440377697348594666e-02
-2.440130338072776794e-02
-2.440191619098186493e-02
-2.440255507826805115e-02
-2.440372854471206665e-02
-2.440132573246955872e-02
-2.440108545124530792e-02
-2.440288476645946503e-02
-2.440165914595127106e-02
-2.440165728330612183e-02
-2.440487220883369446e-02
-2.439788542687892914e-02
-2.440312877297401428e-02
-2.439945377409458160e-02
-2.439670823514461517e-02
-2.440537698566913605e-02
-2.440328523516654968e-02
-2.440065890550613403e-02
-2.440329641103744507e-02
-2.440515719354152679e-02
-2.440195530652999878e-02
-2.440369315445423126e-02
-2.440082095563411713e-02
-2.440131641924381256e-02
-2.440145798027515411e-02
-2.440189011394977570e-02
-2.440484613180160522e-02
-2.440338209271430969e-02
-2.440528944134712219e-02
-2.440758980810642242e-02
-2.440413087606430054e-02
-2.440019883215427399e-02
-2.439940162003040314e-02
-2.440028637647628784e-02
-2.440470643341541290e-02
-2.440073341131210327e-02
-2.440200187265872955e-02
-2.440059743821620941e-02
-2.440482005476951599e-02
-2.440311387181282043e-02
-2.440076321363449097e-02
-2.440094575285911560e-02
-2.440324798226356506e-02
-2.440569363534450531e-02
-2.440204285085201263e-02
-2.440229803323745728e-02
-2.439943701028823853e-02
-2.440417185425758362e-02
-2.440334670245647430e-02
-2.440238744020462036e-02
-2.439931593835353851e-02
-2.440444938838481903e-02
-2.440159954130649567e-02
-2.440044656395912170e-02
-2.440152503550052643e-02
-2.440583333373069763e-02
-2.440637536346912384e-02
-2.440124005079269409e-02
-2.440265007317066193e-02
-2.440300025045871735e-02
-2.440269105136394501e-02
-2.440189197659492493e-02
-2.440174482762813568e-02
-2.440503425896167755e-02
-2.440321817994117737e-02
-2.440393902361392975e-02
-2.440370433032512665e-02
-2.440270222723484039e-02
-2.440238557755947113e-02
-2.440308593213558197e-02
-2.440369315445423126e-02
-2.440435625612735748e-02
-2.439657784998416901e-02
-2.439943142235279083e-02
-2.439967170357704163e-02
-2.440101467072963715e-02
-2.440151944756507874e-02
-2.440192177891731262e-02
-2.440460398793220520e-02
-2.439943142235279083e-02
-2.440536394715309143e-02
-2.440348453819751740e-02
-2.440586872398853302e-02
-2.440380305051803589e-02
-2.440661005675792694e-02
-2.440440282225608826e-02
-2.440413646399974823e-02
-2.440788969397544861e-02
-2.440825477242469788e-02
-2.440270408987998962e-02
-2.439924888312816620e-02
-2.440373972058296204e-02
-2.440093271434307098e-02
-2.440140582621097565e-02
-2.440260164439678192e-02
-2.440664358437061310e-02
-2.440545521676540375e-02
-2.439870312809944153e-02
-2.440026588737964630e-02
-2.440447919070720673e-02
-2.440335974097251892e-02
-2.440324053168296814e-02
-2.440362423658370972e-02
-2.439784631133079529e-02
-2.439715340733528137e-02
-2.440021373331546783e-02
-2.440298721194267273e-02
-2.440666407346725464e-02
-2.440455742180347443e-02
-2.440100163221359253e-02
-2.439913712441921234e-02
-2.440539561212062836e-02
-2.440430596470832825e-02
-2.440227009356021881e-02
-2.440470084547996521e-02
-2.440316416323184967e-02
-2.440640516579151154e-02
-2.440363541245460510e-02
-2.440331317484378815e-02
-2.440489642322063446e-02
-2.440292760729789734e-02
-2.440672926604747772e-02
-2.440384961664676666e-02
-2.440292015671730042e-02
-2.440456859767436981e-02
-2.440384216606616974e-02
-2.440177276730537415e-02
-2.440052852034568787e-02
-2.440252527594566345e-02
-2.440898865461349487e-02
-2.440171502530574799e-02
-2.440357394516468048e-02
-2.440375648438930511e-02
-2.440232969820499420e-02
-2.440506406128406525e-02
-2.440104819834232330e-02
-2.440384589135646820e-02
-2.440099790692329407e-02
-2.440467663109302521e-02
-2.440505847334861755e-02
-2.440471388399600983e-02
-2.440413273870944977e-02
-2.440101839601993561e-02
-2.440136484801769257e-02
-2.440876699984073639e-02
-2.440357767045497894e-02
-2.440502867102622986e-02
-2.440459653735160828e-02
-2.440493740141391754e-02
-2.440226636826992035e-02
-2.440402843058109283e-02
-2.440742589533329010e-02
-2.440526150166988373e-02
-2.440738864243030548e-02
-2.440344728529453278e-02
-2.440503425896167755e-02
-2.440363354980945587e-02
-2.440189197659492493e-02
-2.440046519041061401e-02
-2.440568432211875916e-02
-2.440253272652626038e-02
-2.440570667386054993e-02
-2.440155111253261566e-02
-2.440034598112106323e-02
-2.440340071916580200e-02
-2.440468408167362213e-02
-2.440253458917140961e-02
-2.440614439547061920e-02
-2.440190501511096954e-02
-2.440630830824375153e-02
-2.440593577921390533e-02
-2.440695837140083313e-02
-2.440523728728294373e-02
-2.440450340509414673e-02
-2.440494485199451447e-02
-2.440171130001544952e-02
-2.440184541046619415e-02
-2.440486289560794830e-02
-2.440453879535198212e-02
-2.440315112471580505e-02
-2.440437860786914825e-02
-2.440511435270309448e-02
-2.440195716917514801e-02
-2.439822629094123840e-02
-2.440668269991874695e-02
-2.440319769084453583e-02
-2.440380677580833435e-02
-2.440154179930686951e-02
-2.440392598509788513e-02
-2.440075390040874481e-02
-2.440238185226917267e-02
-2.440430596470832825e-02
-2.440329641103744507e-02
-2.440120652318000793e-02
-2.440537884831428528e-02
-2.440609782934188843e-02
-2.440186962485313416e-02
-2.440468408167362213e-02
-2.440394274890422821e-02
-2.440296299755573273e-02
-2.440183237195014954e-02
-2.440699562430381775e-02
-2.440275438129901886e-02
-2.440457418560981750e-02
-2.440505288541316986e-02
-2.440613135695457458e-02
-2.440468408167362213e-02
-2.440390735864639282e-02
-2.440488897264003754e-02
-2.440580353140830994e-02
-2.440787479281425476e-02
-2.440419048070907593e-02
-2.440409548580646515e-02
-2.440337650477886200e-02
-2.440234273672103882e-02
-2.440257743000984192e-02
-2.440126985311508179e-02
-2.440286986529827118e-02
-2.440587244927883148e-02
-2.440249547362327576e-02
-2.440736629068851471e-02
-2.440331690013408661e-02
-2.440338581800460815e-02
-2.440417185425758362e-02
-2.440190501511096954e-02
-2.440234646201133728e-02
-2.440115250647068024e-02
-2.440332435071468353e-02
-2.440247870981693268e-02
-2.440522238612174988e-02
-2.440381422638893127e-02
-2.440169639885425568e-02
-2.440737932920455933e-02
-2.440565451979637146e-02
-2.440470643341541290e-02
-2.440220862627029419e-02
-2.440372668206691742e-02
-2.440722100436687469e-02
-2.440405823290348053e-02
-2.440648898482322693e-02
-2.440748549997806549e-02
-2.440654858946800232e-02
-2.440755441784858704e-02
-2.440680190920829773e-02
-2.440230175852775574e-02
-2.440726384520530701e-02
-2.440318651497364044e-02
-2.440564706921577454e-02
-2.440133318305015564e-02
-2.440287917852401733e-02
-2.440076507627964020e-02
-2.440412715077400208e-02
