-7.629909059475825650e-02
-7.609587095476474938e-02
-7.655357894342360026e-02
-7.633264978044916604e-02
-7.652572528830696441e-02
-7.683922262279230253e-02
-7.705897648162651770e-02
-7.752613447221431975e-02
-7.776020899880135839e-02
-7.797849661326917980e-02
-7.791352219600110318e-02
-7.803419990184365385e-02
-7.798164872787642643e-02
-7.807799570476861573e-02
-7.858675588919382393e-02
-7.849173479962381905e-02
-7.891684401462341347e-02
-7.873021531829173247e-02
-7.895693785544034837e-02
-7.896716120330715682e-02
-7.904267023657933489e-02
-7.925440200329815499e-02
-7.926228155735035030e-02
-7.934061261664458742e-02
-7.939092902844425981e-02
-7.942671553841987309e-02
-7.943977531625710797e-02
-7.950485760860877271e-02
-7.949430816222231855e-02
-7.946337907560900582e-02
-7.946978098225340736e-02
-7.952470753557903949e-02
-7.955698003912323180e-02
-7.951749617359474276e-02
-7.958360386458245006e-02
-7.963010918292792728e-02
-7.958355348450329991e-02
-7.958374848569325921e-02
-7.958861643914207085e-02
-7.956726261752986029e-02
-7.962209879762648101e-02
-7.959695754967603676e-02
-7.967167339661604397e-02
-7.962287585048645477e-02
-7.961051678229183470e-02
-7.964772727234062377e-02
-7.964258972039818529e-02
-7.969824050620132050e-02
-7.961305685266888144e-02
-7.964871329726611049e-02
-7.969795376605788573e-02
-7.956690345513477147e-02
-7.964705310069175592e-02
-7.966466641734708254e-02
-7.959780617152047155e-02
-7.960503593867884753e-02
-7.970809488864651071e-02
-7.970871384129717130e-02
-7.960104041580821910e-02
-7.963660557920257399e-02
-7.967145750571345830e-02
-7.967868043715477244e-02
-7.975952301821288837e-02
-7.969887602633000945e-02
-7.965822829192023558e-02
-7.971221933871722176e-02
-7.963180100831908359e-02
-7.968512626253541897e-02
-7.974048699546140706e-02
-7.968901898638122705e-02
-7.966640585226467119e-02
-7.975104893023943209e-02
-7.966087574964268725e-02
-7.974780026507818920e-02
-7.970658584078478548e-02
-7.968132135042317599e-02
-7.972909137603327590e-02
-7.970567887648415117e-02
-7.968115159126532010e-02
-7.965555777869608167e-02
-7.966201782894564987e-02
-7.969486424837937677e-02
-7.971999288414045870e-02
-7.967924614521046389e-02
-7.969592234660168029e-02
-7.973054622177211392e-02
-7.983575328189952691e-02
-7.963178650315014262e-02
-7.972194938908994111e-02
-7.966210057763811747e-02
-7.968353873348114902e-02
-7.967952960950334951e-02
-7.968203008517586727e-02
-7.975952684580363272e-02
-7.967666629821988644e-02
-7.975330715108586155e-02
-7.968215824915733658e-02
-7.974813289504487090e-02
-7.970776002822413386e-02
-7.974745918133852030e-02
-7.974689299859030744e-02
-7.973544339465821196e-02
-7.972189839077618856e-02
-7.974620666029252902e-02
-7.972905534206055356e-02
-7.971115087292823809e-02
-7.971302960818402172e-02
-7.974221759844561663e-02
-7.974794968449397392e-02
-7.973140688224880646e-02
-7.981825872246929576e-02
-7.979062653304062891e-02
-7.976502566466196764e-02
-7.966218675321348752e-02
-7.980182491804817257e-02
-7.977930817882193659e-02
-7.969453936679231354e-02
-7.979745637506985290e-02
-7.976391483529346460e-02
-7.977794244476012209e-02
-7.976095424326305749e-02
-7.974904441199050231e-02
-7.975158410704542844e-02
-7.976140607721711462e-02
-7.977530263145085621e-02
-7.974654510314015121e-02
-7.971234715168004636e-02
-7.979367929440031593e-02
-7.976678736800514591e-02
-7.981601892203368798e-02
-7.975336076981461020e-02
-7.978162618974685150e-02
-7.979019224745863281e-02
-7.975352466250636152e-02
-7.971998490643361635e-02
-7.978597350140027855e-02
-7.979752353395072606e-02
-7.978163060969666043e-02
-7.973560512816568746e-02
-7.976801382512117844e-02
-7.972885400124453403e-02
-7.973192924412900173e-02
-7.977958831089239367e-02
-7.975253334341871059e-02
-7.975119526822782579e-02
-7.977619636403306125e-02
-7.979178989171990810e-02
-7.978625482667246749e-02
-7.980934164552058729e-02
-7.973526231376558415e-02
-7.975557513600126103e-02
-7.976236648002495155e-02
-7.970730263691937212e-02
-7.982237948424987517e-02
-7.970139059279958416e-02
-7.982518978368975671e-02
-7.976181501641244065e-02
-7.979890641610921931e-02
-7.981454033430852857e-02
-7.972780108682818445e-02
-7.975640545985054897e-02
-7.979005127601791758e-02
-7.983257825523226714e-02
-7.975019953466233602e-02
-7.972312666478642562e-02
-7.982105902840165579e-02
-7.972980505709510723e-02
-7.983776854638395537e-02
-7.972111298577669314e-02
-7.971688098507311027e-02
-7.978494377795793124e-02
-7.971558284523604099e-02
-7.971979959846917096e-02
-7.970511057848546355e-02
-7.973837471338281191e-02
-7.974518023540777545e-02
-7.978081370819244122e-02
-7.972399473853167273e-02
-7.977032328614863665e-02
-7.978163310732047653e-02
-7.977280708706246948e-02
-7.977620290481714227e-02
-7.982301890478202266e-02
-7.979180949278753820e-02
-7.978090654094265044e-02
-7.969600535114054751e-02
-7.972625821366460808e-02
-7.977351130361816367e-02
-7.979008816933637338e-02
-7.980414646534909895e-02
-7.968749030683418277e-02
-7.967686292068491827e-02
-7.980338431426439727e-02
-7.977485853654066317e-02
-7.978428721464674023e-02
-7.977505296393415379e-02
-7.983261912257326454e-02
-7.974957816783914688e-02
-7.977721839552347205e-02
-7.979611866138178189e-02
-7.975653727719035635e-02
-7.972983868237415450e-02
-7.978457035153220522e-02
-7.977126192349658085e-02
-7.986913622204237784e-02
-7.963149671940529528e-02
-7.969793537886560308e-02
-7.973355290660301409e-02
-7.976725394241591938e-02
-7.971898613891899299e-02
-7.975132339651322400e-02
-7.976916053594974854e-02
-7.971262993290004206e-02
-7.976578451446338092e-02
-7.983370131193098795e-02
-7.969698541896534649e-02
-7.973882622935438147e-02
-7.974993316832083845e-02
-7.972490342841805078e-02
-7.975529668884825951e-02
-7.979294673602400911e-02
-7.979117616556553882e-02
-7.976656646214971835e-02
-7.977516962583362792e-02
-7.971873050875684374e-02
-7.973430995038402469e-02
-7.980139084410033112e-02
-7.982969917549261052e-02
-7.978870555471563597e-02
-7.984332646827417557e-02
-7.974126808589640514e-02
-7.973946748427486464e-02
-7.978551993284728472e-02
-7.978039268461341316e-02
-7.975779901382736015e-02
-7.979172896867485487e-02
-7.977618036616783426e-02
-7.976463251277407518e-02
-7.969740072318734492e-02
-7.984287871683815041e-02
-7.976141847681327002e-02
-7.982839184775723795e-02
-7.975656968905443789e-02
-7.976533966106924556e-02
-7.972642101901050715e-02
-7.975488552444273682e-02
-7.973138593571237054e-02
-7.975123067053167814e-02
-7.968861941361782275e-02
-7.969945530135391643e-02
-7.970664125395399147e-02
-7.972585657303878082e-02
-7.977257594514584882e-02
-7.978296826779486539e-02
-7.980214516884051590e-02
-7.978438293994415120e-02
-7.971511437762957009e-02
-7.973867004785259449e-02
-7.978292056099629825e-02
-7.973574449319868751e-02
-7.981470166031491564e-02
-7.984195844762964622e-02
-7.979179261694750724e-02
-7.981904222645533342e-02
-7.977992932278062110e-02
-7.971588827884043549e-02
-7.980760101923145555e-02
-7.973568695756605429e-02
-7.977199135159081245e-02
-7.977280829496614933e-02
-7.983743055533973343e-02
-7.971160970885514396e-02
-7.973643188628146139e-02
-7.972714290520431513e-02
-7.975045145574070904e-02
-7.976157326610640308e-02
-7.974332150283315601e-02
-7.974892054743902559e-02
-7.977211019820398819e-02
-7.970966916744488817e-02
-7.976822166072593256e-02
-7.978968503084862829e-02
-7.978853092164107930e-02
-7.973251576857771916e-02
-7.971597247220807425e-02
-7.978119536858252481e-02
-7.975817736689176651e-02
-7.974227974694149401e-02
-7.976074545753245038e-02
-7.988365892286397596e-02
-7.980962559733573158e-02
-7.968626577768031516e-02
-7.981592998079711787e-02
-7.974311035186250340e-02
-7.972963530711231483e-02
-7.977492058841433031e-02
-7.970196513898360202e-02
-7.977375608102196813e-02
-7.975562498261699884e-02
-7.969823102012421612e-02
-7.970771455849402776e-02
-7.985658912334106518e-02
-7.978718940293275108e-02
-7.977899015776461489e-02
-7.978653154336161346e-02
-7.977841001249227904e-02
-7.980873733569966710e-02
-7.974904579237478142e-02
-7.974179043726349614e-02
-7.976394384393306614e-02
-7.963242292358375940e-02
-7.981769990189835351e-02
-7.978964938641561200e-02
-7.972428907681435029e-02
-7.979652537136236456e-02
-7.976901294096047645e-02
-7.978908644855117749e-02
-7.978354638120364883e-02
-7.979853358238038485e-02
-7.977623966177962989e-02
-7.981064682522305553e-02
-7.974749579076914618e-02
-7.973676483847579044e-02
-7.977069206814986491e-02
-7.981146206045475200e-02
-7.977887108321533860e-02
-7.977914400409676088e-02
-7.978467946487872997e-02
-7.976821195562810995e-02
-7.972376006888375055e-02
-7.979134883251644272e-02
-7.977022551274874640e-02
-7.978796939523009890e-02
-7.975535807669593968e-02
-7.977285527141268762e-02
-7.982653915298686120e-02
-7.977234653888561067e-02
-7.981893364426624615e-02
-7.980409076023385617e-02
-7.980091470014515076e-02
-7.980538214312270229e-02
-7.972486692592770097e-02
-7.975257970876015179e-02
-7.972216976861178084e-02
-7.978229691923159617e-02
-7.973628152464105889e-02
-7.984157726318466541e-02
-7.983577523315374402e-02
-7.970158456656707691e-02
-7.974221694734051624e-02
-7.977618604803041191e-02
-7.976102428907852482e-02
-7.982590951779262867e-02
-7.978368047330357260e-02
-7.976863015623833486e-02
-7.979083545439626113e-02
-7.977648243068327649e-02
-7.974287101670883560e-02
-7.970675842094245012e-02
-7.977959791310450244e-02
-7.980935854557778819e-02
-7.976063767649102521e-02
-7.988681058662804035e-02
-7.980841208433266110e-02
-7.977073437202644723e-02
-7.975095053451340676e-02
-7.981310349703367446e-02
-7.974549057896292148e-02
-7.974261823641984326e-02
-7.979445898680377625e-02
-7.979748024401270290e-02
-7.973109775996960191e-02
-7.975511707782682869e-02
-7.978841565127255120e-02
-7.975249496228574431e-02
-7.974967734602896041e-02
-7.974462521667416426e-02
-7.976143385644549055e-02
-7.972909675684469732e-02
-7.977465417784257440e-02
-7.970824477365676120e-02
-7.968958299165540549e-02
-7.979668369382279802e-02
-7.982308327431750228e-02
-7.974142112511395375e-02
-7.970387558917302329e-02
-7.975591851162389112e-02
-7.980651398256354001e-02
-7.982341725347597006e-02
-7.976886586527774659e-02
-7.974941610898289568e-02
-7.976755918565213432e-02
-7.978813918349661471e-02
-7.977853733209763765e-02
-7.978276526473561392e-02
-7.969504706995834964e-02
-7.977678942890707725e-02
-7.985040392306178014e-02
-7.977052123999339717e-02
-7.975147331366451431e-02
-7.978689265089229654e-02
-7.978009590803432360e-02
-7.976549547616240687e-02
-7.973158255157494767e-02
-7.974464334217720718e-02
-7.980431080482938699e-02
-7.980123457167907775e-02
-7.978979512094037940e-02
-7.980958245865288347e-02
-7.974153770451741785e-02
-7.974438813632390988e-02
-7.987122614837915968e-02
-7.979589152154950571e-02
-7.978748297573988457e-02
-7.973525692960996281e-02
-7.973543286413556364e-02
-7.977320271036696109e-02
-7.974104987122854205e-02
-7.977324619944488326e-02
-7.962417705612741259e-02
-7.972028325905489154e-02
-7.970080714885198481e-02
-7.978233466961157094e-02
-7.972037681083496419e-02
-7.979137964761694179e-02
-7.976363316626024214e-02
-7.975338201633867807e-02
-7.972009878521979509e-02
-7.979079884725510941e-02
-7.977894991662348723e-02
-7.974790771264096689e-02
-7.982311066512549902e-02
-7.979615831891435918e-02
-7.973324802237821696e-02
-7.969710523501034871e-02
-7.974915376709078296e-02
-7.979390501787637924e-02
-7.978765640266365089e-02
-7.980869290043925146e-02
-7.981010960517147257e-02
-7.976296584219154384e-02
-7.971110065082538665e-02
-7.974634752762375933e-02
-7.975460283936872119e-02
-7.982347233862997771e-02
-7.976333854464198736e-02
-7.978649373316303028e-02
-7.970095172399475902e-02
-7.981360199210160711e-02
-7.982406615058049160e-02
-7.980440767235673361e-02
-7.974737620855310016e-02
-7.979932735390336818e-02
-7.975776439102279236e-02
-7.980685591955673230e-02
-7.970732493326782020e-02
-7.974823078829788858e-02
-7.979669161419160328e-02
-7.981288270218281355e-02
-7.976345114100465150e-02
-7.956532902500357274e-02
-7.978058298649814972e-02
-7.975618808905247936e-02
-7.976993147905589443e-02
-7.974250239752112002e-02
-7.973943409231409873e-02
-7.978499306961182869e-02
-7.976876341212500721e-02
-7.974435438949090127e-02
-7.980015751092650600e-02
-7.976313428967038432e-02
-7.978776151080062273e-02
-7.973024490848877599e-02
-7.975879581860088885e-02
-7.980977698954273836e-02
-7.975898576245832317e-02
-7.973623330643335450e-02
-7.977034433395750745e-02
-7.976888589335461022e-02
-7.975649172457781322e-02
-7.979192767870786629e-02
-7.973751552197665127e-02
-7.981731642024514350e-02
-7.970792970701122415e-02
-7.983278728160743409e-02
-7.976429490516423471e-02
-7.979583499981870998e-02
-7.978627614667699319e-02
-7.980900472265664569e-02
-7.974956093920172739e-02
-7.974501377945160396e-02
-7.982231203863543456e-02
-7.974851399824711695e-02
-7.975805527452774213e-02
-7.969032476998014203e-02
-7.977380293097249830e-02
-7.980021972011849818e-02
-7.980858310770078123e-02
-7.982861917014558162e-02
-7.976338755092866883e-02
-7.977204738733727207e-02
-7.979260167551682770e-02
-7.975643175227700721e-02
-7.978776888502767117e-02
-7.970101854020797405e-02
-7.979504818442875735e-02
-7.980470610447147617e-02
-7.976535843394819136e-02
-7.974874554458802334e-02
-7.980171392618252979e-02
-7.980568910072846633e-02
-7.979666259586461197e-02
-7.976529542399182771e-02
-7.981285876126874290e-02
-7.982172936973337685e-02
-7.974218351340127409e-02
-7.983430819797435185e-02
-7.974406148053928001e-02
-7.974876785135233404e-02
-7.977663712688025377e-02
-7.974406109543952237e-02
-7.980705092243331467e-02
-7.976369152595350065e-02
-7.971472118524906836e-02
-7.980456723675045938e-02
-7.973788433917337881e-02
-7.979565610429216471e-02
-7.969276827888213677e-02
-7.975694259936662311e-02
-7.979292211548558167e-02
-7.976935420913702779e-02
-7.977348462107718141e-02
-7.973563872921185514e-02
-7.976859169934243099e-02
-7.976511828690517614e-02
-7.976396606593208483e-02
-7.977130224935599645e-02
-7.978703749890767027e-02
-7.975199523911055688e-02
-7.977150622802027524e-02
-7.974664797730143806e-02
-7.980116788549515561e-02
-7.978223890032327958e-02
-7.976256103421064392e-02
-7.975609984483697512e-02
-7.973682806656544331e-02
-7.979306182075607268e-02
-7.972130779129235623e-02
-7.980102955302219303e-02
-7.977373162828718667e-02
-7.974155068900157239e-02
-7.986368346391878315e-02
-7.984917831058159499e-02
-7.980404570850889445e-02
-7.986209792282247810e-02
-7.974412824905392772e-02
-7.980602246473653127e-02
-7.976852785975022120e-02
-7.975712741975038433e-02
-7.977068358514737001e-02
-7.978569357565108711e-02
-7.979013055978530222e-02
-7.976426615645826335e-02
-7.980887109416656688e-02
-7.980194580806070082e-02
-7.983096344449491788e-02
-7.979718974025327982e-02
-7.981668618621480527e-02
-7.984297165306215860e-02
-7.979809787854648395e-02
-7.979219542462502590e-02
-7.969634218456581043e-02
-7.978757068720485068e-02
-7.980001355551327724e-02
-7.977692803166901159e-02
-7.967849848332117513e-02
-7.972740696225333323e-02
-7.976575400907003066e-02
-7.972667076589259882e-02
-7.977016046617849132e-02
-7.979526356179289515e-02
-7.968249164589887024e-02
-7.983655196212380289e-02
-7.976534135486970656e-02
-7.976759817901750427e-02
-7.980587242924233604e-02
-7.970973715314484676e-02
-7.976658328329463976e-02
-7.981624213233588783e-02
-7.980478391997322674e-02
-7.983678397631478740e-02
-7.977180460313491872e-02
-7.981794586479777631e-02
-7.978743420055692259e-02
-7.972161128947506670e-02
-7.974876777357983726e-02
-7.980172972733448611e-02
-7.978251718493109546e-02
-7.975570058281100660e-02
-7.975792847440191236e-02
-7.980059505801685715e-02
-7.978544660455387516e-02
-7.975636982468785330e-02
-7.981603250761518109e-02
-7.974878453835983205e-02
-7.977935793176411938e-02
-7.975442936699013441e-02
-7.980851315942057156e-02
-7.984406464106741375e-02
-7.978737498381230364e-02
-7.980478948816775719e-02
-7.975931308926420549e-02
-7.979059565231454154e-02
-7.977061708875914092e-02
-7.980459054647456862e-02
-7.980836377861474928e-02
-7.981442952951749159e-02
-7.977895444870641839e-02
-7.977215331068802928e-02
-7.975375316201963050e-02
-7.983019403927975322e-02
-7.978041235827700028e-02
-7.984580216812323106e-02
-7.978430512603304492e-02
-7.981636775943790063e-02
-7.983457345109909453e-02
-7.980806784686074462e-02
-7.982983042838280585e-02
-7.975608856308842587e-02
-7.980414921525980088e-02
-7.976961663690460003e-02
-7.978147022761894469e-02
-7.977243864336081014e-02
-7.976539862795803404e-02
-7.977090099504126341e-02
-7.977250725615940563e-02
-7.978102087880929727e-02
-7.975751061360195071e-02
-7.985440971876185678e-02
-7.973440701045111934e-02
-7.980036919491036163e-02
-7.975473125693104126e-02
-7.978149556633480632e-02
-7.977376973331172516e-02
-7.974970927087801642e-02
-7.983425874359610652e-02
-7.974219734245278912e-02
-7.974114627701132940e-02
-7.982187413432022260e-02
-7.974577675633669205e-02
-7.977986560718385023e-02
-7.977398165816078357e-02
-7.982182306501470204e-02
-7.975472809313131906e-02
-7.976880113863756006e-02
-7.978399100697587676e-02
-7.977781822262872136e-02
-7.971825272568068554e-02
-7.979019646415107248e-02
-7.979779965872764447e-02
-7.972304300918588160e-02
-7.972244620162340090e-02
-7.981619309393399309e-02
-7.981210648369026217e-02
-7.984936362523600839e-02
-7.979753601360818627e-02
-7.978275257238266749e-02
-7.978959505319346834e-02
-7.976056212144665147e-02
-7.977818629646919735e-02
-7.975166891737892061e-02
-7.976940853706908363e-02
-7.979463709981156339e-02
-7.975082485047339798e-02
-7.979140005819436443e-02
-7.978458689037577767e-02
-7.979625542042859121e-02
-7.973570901573624747e-02
-7.988499566197013180e-02
-7.976536861324157179e-02
-7.977255556486782806e-02
-7.975793344540736685e-02
-7.980659196857721460e-02
-7.974626719440169875e-02
-7.978978267177687378e-02
-7.981111182372534196e-02
-7.979653856584013882e-02
-7.978385997002267194e-02
-7.973852025378429242e-02
-7.980173558115735699e-02
-7.975904597119634620e-02
-7.977609365735764679e-02
-7.981015780280482919e-02
-7.976396228628035434e-02
-7.970342255239094842e-02
-7.977306953298504699e-02
-7.974556097327324677e-02
-7.984292521881837523e-02
-7.975430541222881808e-02
-7.980056906842589171e-02
-7.977252555416278201e-02
-7.974164343779698017e-02
-7.978984365290121838e-02
-7.972514155526086443e-02
-7.976778617023715101e-02
-7.980141204788182563e-02
-7.977709184079115334e-02
-7.978353263710116772e-02
-7.975524231251847340e-02
-7.978939126119259651e-02
-7.974670082742567334e-02
-7.976922749443662863e-02
-7.975574064787083195e-02
-7.976776149826772522e-02
-7.975273489689395368e-02
-7.974651895541294555e-02
-7.978453907976915116e-02
-7.978803495758939046e-02
-7.981079121602774329e-02
-7.980449126555518025e-02
-7.975255455911714475e-02
-7.984523718463540365e-02
-7.975302157233007949e-02
-7.978061124346746968e-02
-7.977073982812296626e-02
-7.978302478612642190e-02
-7.978419950678973527e-02
-7.979482451130590070e-02
-7.985382701486538892e-02
-7.978070367370874993e-02
-7.980918783671188399e-02
-7.978018249129838202e-02
-7.978005211516273065e-02
-7.975970809583350640e-02
-7.976149553000598524e-02
-7.975250198387032197e-02
-7.977045579585091695e-02
-7.980568416090906558e-02
-7.975310207814981234e-02
-7.976337390700674601e-02
-7.978565620502764411e-02
-7.974179078776796881e-02
-7.973890413120453269e-02
-7.984125615925539987e-02
-7.979601935585685368e-02
-7.980003331267331024e-02
-7.980228464252821230e-02
-7.973416646623239512e-02
-7.980387605615847646e-02
-7.972807564690025106e-02
-7.973398348854554563e-02
-7.980958313847533181e-02
-7.983478077394798311e-02
-7.973847905202727238e-02
-7.979337467979753795e-02
-7.983682639195470443e-02
-7.975742582530091773e-02
-7.973034172292714494e-02
-7.990016610885695980e-02
-7.976622785242902525e-02
-7.976204210584346421e-02
-7.974240867685004897e-02
-7.971263263407583899e-02
-7.982592143190474221e-02
-7.975693701923718126e-02
-7.975643125222486862e-02
-7.980166993093844308e-02
-7.977073701172868181e-02
-7.978237741429684837e-02
-7.973617932335945457e-02
-7.980951521989944342e-02
-7.976232305239931708e-02
-7.976660282630097798e-02
-7.980665976417714025e-02
-7.973772157254417625e-02
-7.973362461032228177e-02
-7.978111935057483062e-02
-7.975275203604484386e-02
-7.978241402767352608e-02
-7.973409806032108471e-02
-7.978892639425004540e-02
-7.978904063629307930e-02
-7.980768116313037563e-02
-7.973963278675903765e-02
-7.981546594519157989e-02
-7.981639281838666389e-02
-7.985148890323588711e-02
-7.981363686425445303e-02
-7.986707783353981516e-02
-7.976834444288123660e-02
-7.983032325479651192e-02
-7.970238900089834932e-02
-7.979545196945710128e-02
-7.982511309197157234e-02
-7.970599554603763348e-02
-7.971364205694009275e-02
-7.974026155068134059e-02
-7.973119348698505526e-02
-7.975850636842385377e-02
-7.969588980092298658e-02
-7.974682301623554903e-02
-7.978071332236978674e-02
-7.978645004152247477e-02
-7.979150426590979339e-02
-7.978427302362552098e-02
-7.976145280884118505e-02
-7.976404498064169901e-02
-7.980691555838854978e-02
-7.978471160240543925e-02
-7.979041738140293938e-02
-7.979588503683987533e-02
-7.972245493046788145e-02
-7.978579029671663270e-02
-7.974441013753651164e-02
-7.981504669339345437e-02
-7.975075413248654266e-02
-7.979128886801031828e-02
-7.978302769191214505e-02
-7.977421268841336510e-02
-7.980315608939050898e-02
-7.976281039958177388e-02
-7.976240840104122098e-02
-7.979051750809169896e-02
-7.978540510367400362e-02
-7.980579103533967655e-02
-7.980217667674638360e-02
-7.973327261802640176e-02
-7.985010236543191309e-02
-7.973886107383318378e-02
-7.973462737442672810e-02
-7.979992799865369413e-02
-7.973135194968954120e-02
-7.980561697304879021e-02
-7.974229034169164065e-02
-7.976406502633184847e-02
-7.974648977658559124e-02
-7.988882647659857617e-02
-7.979084932504501571e-02
-7.976863804183075002e-02
-7.974842872001443317e-02
-7.981562191602176171e-02
-7.979015258598616545e-02
-7.971438266583130705e-02
-7.961179700922427216e-02
-7.978973739436881485e-02
-7.979268520421832489e-02
-7.976967942664071887e-02
-7.974477199705866381e-02
-7.975155350647962493e-02
-7.974366002820056087e-02
-7.974707889808267669e-02
-7.978622617060866784e-02
-7.978955511477812956e-02
-7.977007511568416642e-02
-7.987286998456204212e-02
-7.964440918437733219e-02
-7.982269242014969346e-02
-7.976556657749934998e-02
-7.975336510271542612e-02
-7.972186179658548311e-02
-7.977079071579858127e-02
-7.982986753553052151e-02
-7.977354525558662257e-02
-7.975312521711716562e-02
-7.980712442762302739e-02
-7.979611849601840612e-02
-7.979520885080047810e-02
-7.974149861194998468e-02
-7.977515580060165479e-02
-7.974074342645690039e-02
-7.976741613170323930e-02
-7.979379047256822399e-02
-7.979902813955627727e-02
-7.975664080447876503e-02
-7.973886756875860071e-02
-7.983136726149268891e-02
-7.975794730390119158e-02
-7.976087497430220385e-02
-7.977772529340328156e-02
-7.978125439181889267e-02
-7.974845923284071270e-02
-7.982232377949273483e-02
-7.975352439099576973e-02
-7.980189696581849179e-02
-7.971996290377546257e-02
-7.976243759381386467e-02
-7.975397955944359130e-02
-7.978535952314100288e-02
-7.978162520313412942e-02
-7.981319715658978520e-02
-7.979274827613840049e-02
-7.977774426477994563e-02
-7.988089610934409612e-02
-7.979390550443889174e-02
-7.978853872258676039e-02
-7.977766838662907201e-02
-7.973526550325304996e-02
-7.977601187535802996e-02
-7.976627413169902481e-02
-7.976250582195161531e-02
-7.985831040442355200e-02
-7.973379492200062535e-02
-7.978869608578441353e-02
-7.972378468479764113e-02
-7.981265940850239271e-02
-7.979337471891856381e-02
-7.979749290826186614e-02
-7.978801333548503349e-02
-7.976550806650088699e-02
-7.977119633398392640e-02
-7.976131803657685038e-02
-7.973838303953668938e-02
-7.982594078041913011e-02
-7.979219374347208682e-02
-7.978707906768171820e-02
-7.974300326458867716e-02
-7.978790117650244595e-02
-7.984702774072648113e-02
-7.974482391797357850e-02
-7.976034447941802996e-02
-7.982496517944612235e-02
-7.978020199747502816e-02
-7.983882294263258683e-02
-7.980233597568887893e-02
-7.975589155809006958e-02
-7.972693394529864475e-02
-7.980394491479293750e-02
-7.981953125330452925e-02
-7.986123215233177641e-02
-7.975215677498494193e-02
-7.976217738413812763e-02
-7.983051494750692534e-02
-7.979335025874474685e-02
-7.972933013404329139e-02
-7.975312988323216001e-02
-7.978500161413111524e-02
-7.979121856822694869e-02
-7.975588558745043410e-02
-7.976039495768902365e-02
-7.981732514802611367e-02
-7.980284374225299349e-02
-7.968425009648937019e-02
-7.976991420071281869e-02
-7.976430401962328331e-02
-7.977492174371113298e-02
-7.980782980520352565e-02
-7.976484830708992224e-02
-7.977206577511432306e-02
-7.975223560580253779e-02
-7.977055390628036424e-02
-7.984478945834150299e-02
-7.970339634659014127e-02
-7.973198698125770478e-02
-7.974388567532877947e-02
-7.974390445966940411e-02
-7.977856957964508944e-02
-7.971043391378181131e-02
-7.968017522103923445e-02
-7.982985744642705217e-02
-7.982254868984324514e-02
-7.977027100750334887e-02
-7.983583520994129434e-02
-7.985854865380759282e-02
-7.969441421592075858e-02
-7.977042238881103253e-02
-7.977221377751873843e-02
-7.979214810064086394e-02
-7.970613102762638680e-02
-7.975197156305172119e-02
-7.981994170875393591e-02
-7.977496041504093804e-02
-7.977693249474238080e-02
-7.981183632114967341e-02
-7.974316647838690375e-02
-7.980925301864318089e-02
-7.981624456496236308e-02
-7.980412400270954498e-02
-7.978971725741033916e-02
-7.982565089811453907e-02
-7.982822971829547920e-02
-7.974783140880349619e-02
-7.980219007561444033e-02
-7.975625594175649036e-02
-7.979787062801270425e-02
-7.977330140592935048e-02
-7.985959774783710219e-02
-7.976106725286029320e-02
-7.977632718610941365e-02
-7.976582467107913577e-02
-7.981701298417356871e-02
-7.981877728933324534e-02
-7.979234141537770719e-02
-7.978300686939331088e-02
-7.974069613017113756e-02
-7.981266357338083484e-02
-7.980320430438807289e-02
-7.976608358705779278e-02
-7.974700559375877407e-02
-7.974973022124978717e-02
-7.976172330966978252e-02
-7.972277285117919388e-02
-7.977419536431892833e-02
-7.983286981128036308e-02
-7.977039741267820394e-02
-7.978543058059231474e-02
-7.976643546744367763e-02
-7.983967958218210481e-02
-7.977443285716277754e-02
-7.976542663162423941e-02
-7.980115218528116561e-02
-7.977293749271750778e-02
-7.981716706487003432e-02
-7.975383765188308327e-02
-7.979038300037410991e-02
-7.972872293952067146e-02
-7.977803748076459089e-02
-7.973906653100844288e-02
-7.983590231181698915e-02
-7.969191724909552299e-02
-7.976297106099537737e-02
-7.977108259101658994e-02
-7.972052911402946473e-02
-7.970379127442209222e-02
-7.976466762660870680e-02
-7.977645501204680412e-02
-7.976375873009634854e-02
-7.977745477356293358e-02
-7.970492521862650170e-02
-7.980682297618311993e-02
-7.975336206778371739e-02
-7.973230298967227958e-02
-7.978162297670884917e-02
-7.974776568356918560e-02
-7.974587633475624382e-02
-7.981174447238581493e-02
-7.975603674716191804e-02
-7.977670380057610977e-02
-7.981056392819674272e-02
-7.981878335035925975e-02
-7.981077137297624968e-02
-7.975580316085251198e-02
-7.981201730748718748e-02
-7.981917475038301235e-02
-7.980431866201394275e-02
-7.978151145349497708e-02
-7.973816797904333120e-02
-7.973795033795859355e-02
-7.975139030890313063e-02
-7.982530885560171208e-02
-7.973228536855372917e-02
-7.975519875161489469e-02
-7.980651263135052353e-02
-7.977541614609616472e-02
-7.985672250622298518e-02
-7.975714991891615091e-02
-7.977487655997263227e-02
-7.969703276391247593e-02
-7.979162972697677325e-02
-7.981782801088085910e-02
-7.973862782973541175e-02
-7.984612407330016204e-02
-7.950439489449186159e-02
-7.972527226611740570e-02
-7.971861494510890100e-02
-7.969877682728616908e-02
-7.971931764793864506e-02
-7.967310919307110662e-02
-7.968300306497257124e-02
-7.971797201015821954e-02
-7.976734388542594534e-02
-7.979833102839149761e-02
-7.977039862879183041e-02
-7.971092995303134809e-02
-7.986035807953288657e-02
-7.976238049940380381e-02
-7.975150024029169227e-02
-7.980862354211730458e-02
-7.981299827703407235e-02
-7.980576352120093142e-02
-7.980366469270437635e-02
-7.981908412473906478e-02
-7.984707925003363405e-02
-7.986006135894815894e-02
-7.979177456638884836e-02
-7.978039843576979762e-02
-7.978816391032308997e-02
-7.982991106106214485e-02
-7.978931373517186842e-02
-7.978395611661116826e-02
-7.981200189233574049e-02
-7.980599412310027119e-02
-7.976523571150961889e-02
-7.978709428383350122e-02
-7.979491040315590811e-02
-7.975850682526988700e-02
-7.978413810129507400e-02
-7.977437683685451031e-02
-7.983597153649631128e-02
-7.979955978176743459e-02
-7.979059074892948245e-02
-7.975742201013187593e-02
-7.978594717685183468e-02
-7.977264391982671898e-02
-7.980649282261442767e-02
-7.974319067232318869e-02
-7.984190827020823389e-02
-7.983263483633513957e-02
-7.973560924984356146e-02
-7.977191227397550932e-02
-7.975078574544212928e-02
-7.980961493211559399e-02
-7.974077970235196600e-02
-7.977053648702578381e-02
-7.975044025972344297e-02
-7.978554263530630852e-02
-7.978471514888275939e-02
-7.978433551203847895e-02
-7.976383174513847207e-02
-7.974377207649131771e-02
-7.980713548659197631e-02
-7.982973165834801599e-02
-7.978236990035476872e-02
-7.975457347175865519e-02
-7.982347048444975168e-02
-7.980713959292244641e-02
-7.980307713230859468e-02
-7.970958913003932389e-02
-7.976178311680745536e-02
-7.972014674492043651e-02
-7.984759571667869593e-02
-7.975851386783461283e-02
-7.983198021185436422e-02
-7.976510337881322077e-02
-7.977110022231377606e-02
-7.979574861833878263e-02
-7.984290729110214702e-02
-7.982251077055194100e-02
-7.986614776669084814e-02
-7.978208563260207054e-02
-7.983107642183827346e-02
-7.977685990017589768e-02
-7.975528113537776187e-02
-7.977333769527171492e-02
-7.978319607958993254e-02
-7.978664015612887961e-02
-7.976013594569600351e-02
-7.978884706730629550e-02
-7.983191056216751291e-02
-7.974821250057652355e-02
-7.978250487954977044e-02
-7.980945902341071707e-02
-7.974430692215730976e-02
-7.976856516771180239e-02
-7.981158176906945345e-02
-7.981921174902176230e-02
-7.979323947442974740e-02
-7.974749371107293927e-02
-7.983967750507948991e-02
-7.976730585081506786e-02
-7.983752168430770235e-02
-7.974547321904086605e-02
-7.974568459292756539e-02
-7.977118383349833530e-02
-7.971707371144208520e-02
-7.975962220145262072e-02
-7.974591025790532528e-02
-7.973037918555460346e-02
-7.978326682804606773e-02
-7.979932100342874979e-02
-7.981316847360801769e-02
-7.970489983440449955e-02
-7.977442240073717716e-02
-7.986019700825121304e-02
-7.978965281605411575e-02
-7.977195132925578303e-02
-7.976616810603635865e-02
-7.979679629693266218e-02
-7.980863815479037615e-02
-7.984376014523850151e-02
-7.985666938667411452e-02
-7.981458074391224733e-02
-7.977520361436127305e-02
-7.976832309276771227e-02
-7.979449346724266923e-02
-7.980793030071405003e-02
-7.980890913610171056e-02
-7.980874731613891992e-02
-7.979117398811601258e-02
-7.985245866793458380e-02
-7.979715626514498339e-02
-7.978231795451676267e-02
-7.980838105283558082e-02
-7.974368784923067943e-02
-7.977345436245102117e-02
-7.978525443995777844e-02
-7.979593976134650990e-02
-7.982065944717949002e-02
-7.981921937786640164e-02
-7.972891731452246000e-02
-7.979069019922932493e-02
-7.982197650178211867e-02
-7.980445724558397902e-02
-7.979656858534991959e-02
-7.983042517180405362e-02
-7.984130106678785643e-02
-7.977367509734738238e-02
-7.976034818443386576e-02
-7.978243380345885483e-02
-7.978622216914157961e-02
-7.976985943526296308e-02
-7.981320615290428411e-02
-7.979114955095852058e-02
-7.973988170738068038e-02
-7.981579008067014869e-02
-7.980263604040015168e-02
-7.970846305711962176e-02
-7.971479772568294819e-02
-7.981870244973354733e-02
-7.970680701493312870e-02
-7.971147053400372273e-02
-7.980341489514916620e-02
-7.977767798834840829e-02
-7.979580501448224616e-02
-7.982303576909458021e-02
-7.972132334490530936e-02
-7.980307356972307642e-02
-7.979689278906722250e-02
-7.981329897163040588e-02
-7.975647276510633432e-02
-7.972849129624957898e-02
-7.973272107830606248e-02
-7.976474229464658450e-02
-7.974580348751303394e-02
-7.987920861091314662e-02
-7.980989745832703375e-02
-7.984863443636323888e-02
-7.974144125270302141e-02
-7.976739957127658431e-02
-7.979210363524129324e-02
-7.980049888531789981e-02
-7.976188034431995477e-02
-7.978181600363934423e-02
-7.981434754173552526e-02
-7.973036109154449380e-02
-7.985898399670432468e-02
-7.983600976174345942e-02
-7.982592983639791306e-02
-7.973022308004616698e-02
-7.981262032807133477e-02
-7.977017178776403539e-02
-7.977768172901747445e-02
-7.977711756165542512e-02
-7.978097193973568424e-02
-7.984225300864879193e-02
-7.977710694894792065e-02
-7.978121430940661452e-02
-7.975219752602079326e-02
-7.980932730039407008e-02
-7.976291678862937329e-02
-7.972991011767402436e-02
-7.977135428513681958e-02
-7.973179851821447783e-02
-7.977968163911201838e-02
-7.982339558581788563e-02
-7.981536057202578971e-02
-7.977590733710984705e-02
-7.980990799831737259e-02
-7.979692483984172913e-02
-7.978572310732336137e-02
-7.977881423405421002e-02
-7.973021967941219812e-02
-7.976920496990073939e-02
-7.978177395277093187e-02
-7.977067289104255998e-02
-7.981477796649905088e-02
-7.969700002855135967e-02
-7.979430450691148147e-02
-7.977275232010296036e-02
-7.979276549252856121e-02
-7.982915902449452816e-02
-7.971683652587954749e-02
-7.978405397315786740e-02
-7.974956542823778693e-02
-7.979196742429787992e-02
-7.971548291489438665e-02
-7.973291584494875128e-02
-7.981377053917514119e-02
-7.976339729355290398e-02
-7.980399164926701983e-02
-7.975012922581911634e-02
-7.976664674057613869e-02
-7.976724105358015682e-02
-7.986525625469065304e-02
-7.978952034409493577e-02
-7.977648767123146634e-02
-7.981890048357197232e-02
-7.977960657135237110e-02
-7.982590490742544342e-02
-7.976864224219125388e-02
-7.980459816210501434e-02
-7.973780899112707654e-02
-7.976528207345547072e-02
-7.981530836138624185e-02
-7.975105543510188633e-02
-7.986197293293498256e-02
-7.983268964008893853e-02
-7.982012824821592412e-02
-7.977521550257161975e-02
-7.983236612077057592e-02
-7.978243123542086424e-02
-7.981579890122188214e-02
-7.978985371494333456e-02
-7.976338342509761703e-02
-7.984486023070301586e-02
-7.977295459869825078e-02
-7.976723857655922123e-02
-7.975364474268152593e-02
-7.987698091188967509e-02
-7.973204296092169241e-02
-7.980624630859559088e-02
-7.977207464433502815e-02
-7.974901298543882189e-02
-7.977008001921019609e-02
-7.974089135247923454e-02
-7.972835145589472761e-02
-7.977492301394732699e-02
-7.977245418032727353e-02
-7.969344908811927530e-02
-7.981848305054260739e-02
-7.973338388327899651e-02
-7.980476726627153128e-02
-7.981445667940770261e-02
-7.976934254142732661e-02
-7.980169438347818611e-02
-7.978729561620934163e-02
-7.974237100461116501e-02
-7.982358847077651587e-02
-7.980155540091468658e-02
-7.981633627353164340e-02
-7.976430247888732783e-02
-7.979902661134859188e-02
-7.985038180366742233e-02
-7.977014125809131495e-02
-7.979269725810000935e-02
-7.977074584029719695e-02
-7.972675023144434880e-02
-7.975417941172760483e-02
-7.978944128127217483e-02
-7.976805410615254999e-02
-7.979937439069158256e-02
-7.978329985188906126e-02
-7.977019031354493084e-02
-7.980192029113465646e-02
-7.976286578755777124e-02
-7.974658443990215173e-02
-7.981576509603706404e-02
-7.980903101315479919e-02
-7.979470005921236730e-02
-7.982100570922942562e-02
-7.976715087174111873e-02
-7.977740980725703257e-02
-7.977223744714134757e-02
-7.983730569727420789e-02
-7.974794178060752581e-02
-7.977194515793763208e-02
-7.980438389243071917e-02
-7.979268859919622092e-02
-7.980707881237861234e-02
-7.976576098453617980e-02
-7.980022915659971960e-02
-7.977129594958512482e-02
-7.983983160573875082e-02
-7.978982723250852005e-02
-7.970096877390785151e-02
-7.979450913454415317e-02
-7.984302529305835339e-02
-7.978462421069731914e-02
-7.977757097346398207e-02
-7.973317147891381684e-02
-7.973340168541298567e-02
-7.974962586856985947e-02
-7.980688513590587785e-02
-7.981502906944701325e-02
-7.978080796501633987e-02
-7.977878294464635367e-02
-7.976832256216215278e-02
-7.976864810356969204e-02
-7.982918209306053003e-02
-7.980917510711403595e-02
-7.981730007208878708e-02
-7.984489871496669444e-02
-7.975800964119916792e-02
-7.977949326418173892e-02
-7.980379916731006329e-02
-7.982410747260461348e-02
-7.979110236033062908e-02
-7.985525329085449431e-02
-7.982944613580726656e-02
-7.980215735491302809e-02
-7.983626819452659118e-02
-7.976097737824239253e-02
-7.976567643820239861e-02
-7.987839213046298015e-02
-7.978617061080507666e-02
-7.973450886112438962e-02
-7.978873026828178783e-02
-7.974872940475762062e-02
-7.984087377837696675e-02
-7.978609786864646058e-02
-7.976561095897156950e-02
-7.980781730750208247e-02
-7.978696553520296664e-02
-7.973236373046159453e-02
-7.979461061294708391e-02
-7.976773522424218665e-02
-7.977919077699732742e-02
-7.981838544366468002e-02
-7.976292766157795644e-02
-7.982879876792249585e-02
-7.977381770532050720e-02
-7.979699257071566632e-02
-7.975796756249410591e-02
-7.980805822110373371e-02
-7.984084583573938798e-02
-7.981989427509914026e-02
-7.972714034108564773e-02
-7.984004356137483494e-02
-7.979229610033135300e-02
-7.982746963075856850e-02
-7.974570682568071778e-02
-7.981231971707140882e-02
-7.980886399947209608e-02
-7.978505511714086007e-02
-7.976952618745700163e-02
-7.983369267060684560e-02
-7.974772131751436954e-02
-7.980884817168633349e-02
-7.972493045464967842e-02
-7.977492429846308464e-02
-7.976602718620016963e-02
-7.979633576077271861e-02
-7.979256760654369895e-02
-7.978100690100722869e-02
-7.978528138328563890e-02
-7.980863733394605308e-02
-7.979442634876107721e-02
-7.974405367573389469e-02
-7.977759313019157361e-02
-7.982730241408979299e-02
-7.978546600536666478e-02
-7.985867012626006456e-02
-7.979589973413019066e-02
-7.977119589750304718e-02
-7.980543616494624459e-02
-7.977294218463133746e-02
-7.976591074271109638e-02
-7.981344536989512517e-02
-7.977273518483132819e-02
-7.971342414219702299e-02
-7.981127242078381312e-02
-7.972491882497322047e-02
-7.978093256830151581e-02
-7.984029248406868118e-02
-7.977139926525718405e-02
-7.978963414765356810e-02
-7.979028422273848342e-02
-7.978839500892395686e-02
-7.975035166049639079e-02
-7.974034003373306478e-02
-7.977925598947546715e-02
-7.974502194976514080e-02
-7.980600292622208602e-02
-7.980749532442631133e-02
-7.980978430580851213e-02
-7.974794568811700846e-02
-7.975577393382653202e-02
-7.971248213924875259e-02
-7.978966331035038106e-02
-7.973177911378621918e-02
-7.982499934880518677e-02
-7.973966263097286011e-02
-7.980469804815382151e-02
-7.978257075800265774e-02
-7.976086885853113373e-02
-7.980479680097998796e-02
-7.977260832195996743e-02
-7.979220972882976326e-02
-7.980585335525661184e-02
-7.972941688596936471e-02
-7.971691689512987178e-02
-7.985249883456153885e-02
-7.979344119924258738e-02
-7.975305643947297463e-02
-7.979133991927382652e-02
-7.979849855269589842e-02
-7.978234297970254740e-02
-7.979083278173057514e-02
-7.977677689649899373e-02
-7.980713153882958155e-02
-7.976325599944866784e-02
-7.978853131631945261e-02
-7.980344437020504833e-02
-7.973466696042398605e-02
-7.973816504016269235e-02
-7.979728065362068357e-02
-7.978737700961094359e-02
-7.983284795656861443e-02
-7.973217381905513268e-02
-7.977749610710592465e-02
-7.983446276019275090e-02
-7.977392619613413172e-02
-7.980153544028734114e-02
-7.971761563025034358e-02
-7.978299109424329127e-02
-7.980620862430545803e-02
-7.980367972500602980e-02
-7.975236853191902675e-02
-7.973834900740563170e-02
-7.983639371560997955e-02
-7.986328757675827117e-02
-7.983537161942141913e-02
-7.973541969851165312e-02
-7.981475679354772812e-02
-7.975049487506935542e-02
-7.975658296368529077e-02
-7.983047121844742688e-02
-7.979443801981754569e-02
-7.979868882622034865e-02
-7.982006079973676116e-02
-7.976072403704613512e-02
-7.985235961735726029e-02
-7.973129750296581442e-02
-7.970807173677887936e-02
-7.974982736608922373e-02
-7.977253733742702135e-02
-7.979470584848784298e-02
-7.977905911847350817e-02
-7.982838339084898094e-02
-7.982825100903483129e-02
-7.975394018699533127e-02
-7.974953601603136655e-02
-7.982690518845167449e-02
-7.981165874388630732e-02
-7.984707465528519121e-02
-7.979664815795683985e-02
-7.978485975942464781e-02
-7.977953023579645309e-02
-7.979669865533819961e-02
-7.979877317558206617e-02
-7.980496776019632699e-02
-7.976432212668428667e-02
-7.978793252227671384e-02
-7.970588816397337906e-02
-7.974569939691988907e-02
-7.975921521085835297e-02
-7.981081661464449473e-02
-7.979905196598689743e-02
-7.976617510840186553e-02
-7.981268775542184335e-02
-7.976111476873819217e-02
-7.980036350998556682e-02
-7.974140386851272244e-02
-7.983426034877137700e-02
-7.978210649307926339e-02
-7.981127007251494210e-02
-7.980211547994718602e-02
-7.985096822433533637e-02
-7.977138934054550656e-02
-7.973108273843490523e-02
-7.979531278680496165e-02
-7.971893405688594558e-02
-7.974860738267966487e-02
-7.974764272755817396e-02
-7.972142808750559695e-02
-7.978734388040087389e-02
-7.974898757192967758e-02
-7.981610603455223385e-02
-7.972391767481555591e-02
-7.979339976578904425e-02
-7.977073154614933159e-02
-7.976598977480235664e-02
-7.978634532623767039e-02
-7.976150343157173417e-02
-7.979763634993211618e-02
-7.984692872047378931e-02
-7.982985982623538868e-02
-7.974600163049967716e-02
-7.980794501925785045e-02
-7.978632573628288704e-02
-7.980515885045792734e-02
-7.979119213842188196e-02
-7.977966874627860638e-02
-7.976955826622049439e-02
-7.973464418866674230e-02
-7.981344929915855368e-02
-7.977253818163555776e-02
-7.977736246252367658e-02
-7.975933539586178844e-02
-7.981334140490728424e-02
-7.972132310778053121e-02
-7.977937198339520031e-02
-7.975217106346732532e-02
-7.979227648621904645e-02
-7.981956010259479151e-02
-7.983132907181851590e-02
-7.966932747863864073e-02
-7.976034932548868583e-02
-7.980449450339566209e-02
-7.976163094543717302e-02
-7.977380688968360722e-02
-7.977004782835853125e-02
-7.974416181435324547e-02
-7.971583251725107566e-02
-7.979703622139931729e-02
-7.979853440305485768e-02
-7.978627084199105268e-02
-7.983684509564566156e-02
-7.978830227910908846e-02
-7.976591039602302924e-02
-7.982829705104278750e-02
-7.981363134007092575e-02
-7.974691984300875947e-02
-7.978372229424660067e-02
-7.982360755122717977e-02
-7.977393341269393978e-02
-7.979182256718668487e-02
-7.979589158188485354e-02
-7.976786093400412003e-02
-7.976026349118928160e-02
-7.977776026487938543e-02
-7.980693391067826548e-02
-7.980565751739798763e-02
-7.977276354004102232e-02
-7.980730403650351801e-02
-7.984565647025743118e-02
-7.973920537627461613e-02
-7.975013187394355829e-02
-7.979317772700104949e-02
-7.978483124418864203e-02
-7.978688848588204319e-02
-7.975867131256686449e-02
-7.973756868006598442e-02
-7.977319249234808562e-02
-7.974459394869744255e-02
-7.980944131774847516e-02
-7.984425614380168124e-02
-7.975754589325001476e-02
-7.981210145802820899e-02
-7.977837961279309054e-02
-7.979318343473938702e-02
-7.980764180054975010e-02
-7.972792703219701294e-02
-7.981951504932578711e-02
-7.977972592959754750e-02
-7.979005196942541567e-02
-7.967581642276441722e-02
-7.979652038359431876e-02
-7.979261048899612130e-02
-7.979142379406554964e-02
-7.977462609047081266e-02
-7.976589855650430272e-02
-7.982801854715081136e-02
-7.977834690395686768e-02
-7.976624994391245949e-02
-7.975762917220662052e-02
-7.979275324251373924e-02
-7.977933389069834236e-02
-7.979674305678741142e-02
-7.979823428083521186e-02
-7.980444034281168608e-02
-7.980067691454403866e-02
-7.977284307868783009e-02
-7.975854637772991640e-02
-7.977171552357138762e-02
-7.979467618450526711e-02
-7.981889162551251971e-02
-7.978378812118934460e-02
-7.978527774720776955e-02
-7.975478818575656992e-02
-7.971738123175033108e-02
-7.978413077611870574e-02
-7.984689221448183771e-02
-7.980437843184935709e-02
-7.979259405628180701e-02
-7.970367576408002308e-02
-7.983512818067990680e-02
-7.980810457004176850e-02
-7.982554086369704482e-02
-7.980766295977702318e-02
-7.976399488004405625e-02
-7.978074574489725512e-02
-7.978921178803262404e-02
-7.982644373240457836e-02
-7.980280916243942535e-02
-7.982498234957161043e-02
-7.981348999531553967e-02
-7.978349596522606169e-02
-7.975058715177950341e-02
-7.977691285792554154e-02
-7.982346899873180024e-02
-7.978963748181400195e-02
-7.979473367171083242e-02
-7.977152327027038636e-02
-7.982408346527017362e-02
-7.985571301964546065e-02
-7.983505456987408100e-02
-7.973056519101907880e-02
-7.975101305699269783e-02
-7.977456288811800300e-02
-7.978989013675034936e-02
-7.985725283009362241e-02
-7.977152217509107801e-02
-7.979642902976773200e-02
-7.976946402662406232e-02
-7.978629065474748816e-02
-7.981826144083796482e-02
-7.976574532204339096e-02
-7.980092187037254869e-02
-7.975888894417548780e-02
-7.979405849730999978e-02
-7.977359518277657435e-02
-7.983268323298767233e-02
-7.977522854060348223e-02
-7.978040518567433570e-02
-7.977770812861718908e-02
-7.978789310809568380e-02
-7.984306960559559019e-02
-7.980821596806889073e-02
-7.977259388386348515e-02
-7.975284463537708757e-02
-7.982770585290130394e-02
-7.979395229736331585e-02
-7.971939376358236351e-02
-7.981928143282890353e-02
-7.983110104601350010e-02
-7.977385246123211426e-02
-7.978983835740503794e-02
-7.981655072414431396e-02
-7.978181200247101701e-02
-7.977515773065654847e-02
-7.976032193958916550e-02
-7.974525472216857647e-02
-7.977701060850124481e-02
-7.979689674356819917e-02
-7.978287177659416918e-02
-7.983836764980616063e-02
-7.981262680633115225e-02
-7.976360598704761162e-02
-7.983315196888618459e-02
-7.980481766745826933e-02
-7.979198910363460850e-02
-7.974459456735574769e-02
-7.980614508949222807e-02
-7.976303872722002863e-02
-7.977232654588337080e-02
-7.981949900589364877e-02
-7.977389011063373836e-02
-7.973497989074813941e-02
-7.975777899315304731e-02
-7.974710519767579109e-02
-7.976412377867865555e-02
-7.982352276160069315e-02
-7.973426534100666596e-02
-7.973641642143992903e-02
-7.977388661885530252e-02
-7.975477922331346281e-02
-7.984450007387591808e-02
-7.981941770904796285e-02
-7.974750470686994830e-02
-7.978174730568708684e-02
-7.974325757908833079e-02
-7.979304243048006284e-02
-7.973030492573106309e-02
-7.985255137789948332e-02
-7.981574571500307802e-02
-7.981880610795151487e-02
-7.982005460343501169e-02
-7.978436372237239504e-02
-7.980537479372015741e-02
-8.006765530515715101e-02
-7.969693538011571321e-02
-7.978944912518433352e-02
-7.968432757103714736e-02
-7.970043007667924895e-02
-7.974450712656058760e-02
-7.973988457849268130e-02
-7.976769672932468302e-02
-7.976360989094745391e-02
-7.977573441366962725e-02
-7.979490989932824796e-02
-7.980976569578983326e-02
-7.984620387209920289e-02
-7.982194193658924408e-02
-7.977416416286220446e-02
-7.972907712999990903e-02
-7.975671448073803904e-02
-7.977138848753784206e-02
-7.984239813678550846e-02
-7.979009873192935420e-02
-7.980589178314971555e-02
-7.983825178417447432e-02
-7.982441728335756825e-02
-7.977213633325054565e-02
-7.980974395889674222e-02
-7.979844102767590097e-02
-7.977962572828888044e-02
-7.980577718821044164e-02
-7.981640838771743296e-02
-7.976156776364358436e-02
-7.980608401195378454e-02
-7.980355652910829656e-02
-7.981870412562207251e-02
-7.979376854782989359e-02
-7.976183236797676490e-02
-7.975518161559977393e-02
-7.977465939046646248e-02
-7.978367278778729366e-02
-7.981489983113869424e-02
-7.982214678742667602e-02
-7.976275464605918353e-02
-7.984139708474567720e-02
-7.984606978814726141e-02
-7.977782809374146800e-02
-7.973792756614270227e-02
-7.981814055058092383e-02
-7.979322731225781118e-02
-7.976311937255047002e-02
-7.979680425837856750e-02
-7.983521486173041082e-02
-7.978858692986261214e-02
-7.981286466672592173e-02
-7.980784160731746457e-02
-7.982883105731884699e-02
-7.981486322588422777e-02
-7.973202073753456187e-02
-7.980616435441748036e-02
-7.978910445442584376e-02
-7.983374740950879844e-02
-7.980548771370199468e-02
-7.975714989401719301e-02
-7.976716006576976825e-02
-7.975371314269814882e-02
-7.978047398734923468e-02
-7.981745475375714993e-02
-7.980417848196563746e-02
-7.980204733659054805e-02
-7.979828239603792284e-02
-7.983293134101876465e-02
-7.980087872523360104e-02
-7.983820256464684018e-02
-7.976163770470356962e-02
-7.980255075556362543e-02
-7.980799028082853630e-02
-7.978120163703028567e-02
-7.975589270484549631e-02
-7.977518184568008208e-02
-7.979783132238112142e-02
-7.976418422397658914e-02
-7.983468700941963314e-02
-7.973554826049210342e-02
-7.980136843522300794e-02
-7.982142120889933190e-02
-7.978622502555984819e-02
-7.978984738568985213e-02
-7.977988867764056191e-02
-7.983023172839197323e-02
-7.986991097837611853e-02
-7.974241988102447054e-02
-7.983313197745769974e-02
-7.985712147217324808e-02
-7.974125457766587100e-02
-7.980799318043715895e-02
-7.985244984217225450e-02
-7.980188497568492523e-02
-7.980408020898852040e-02
-7.978254080440720653e-02
-7.975071525653334992e-02
-7.976205862215514364e-02
-7.976082924835867227e-02
-7.979796778181759420e-02
-7.980442623505736022e-02
-7.975948854377941377e-02
-7.983457264709543921e-02
-7.985670626984554821e-02
-7.981539174301380268e-02
-7.978799875532575914e-02
-7.973968428186253843e-02
-7.980625354522503934e-02
-7.983119643753758266e-02
-7.974700268065008923e-02
-7.980586342255500953e-02
-7.982883222306004500e-02
-7.981321557355881835e-02
-7.982337857075180731e-02
-7.973808539158921960e-02
-7.978006336901989626e-02
-7.979597674752425540e-02
-7.983406531981630805e-02
-7.974335394226172991e-02
-7.983166308107400577e-02
-7.984500781181089191e-02
-7.977876501290739886e-02
-7.975244289354241345e-02
-7.981469907448610068e-02
-7.977440673984892427e-02
-7.977897691671433089e-02
-7.975588060484121999e-02
-7.981501120276211780e-02
-7.977670077431789353e-02
-7.984045942515537175e-02
-7.976050489319901071e-02
-7.976838411093320480e-02
-7.978997455181249809e-02
-7.980320153118136695e-02
-7.979522324675658584e-02
-7.976814956183655991e-02
-7.977898754391483938e-02
-7.976293007551585323e-02
-7.979139573610195824e-02
-7.975820339787395574e-02
-7.979814419224970368e-02
-7.977054359861503186e-02
-7.978878252893580048e-02
-7.975877342523671198e-02
-7.976769975586191219e-02
-7.980364808498040252e-02
-7.974931696485441923e-02
-7.979486403165278463e-02
-7.980340106495911745e-02
-7.977215213830178564e-02
-7.976439310336154442e-02
-7.978548054989241523e-02
-7.979534762735550346e-02
-7.978304596494736889e-02
-7.981846448500554136e-02
-7.980309286951817183e-02
-7.976893198898046822e-02
-7.987076819574023823e-02
-7.977681734897863752e-02
-7.976373365573637131e-02
-7.978540631614736145e-02
-7.978244703806670890e-02
-7.976028392562710401e-02
-7.974980395598095517e-02
-7.979451661495064185e-02
-7.978570649646068991e-02
-7.981269606339777556e-02
-7.980484541038714019e-02
-7.977409751254473103e-02
-7.979453487288028224e-02
-7.980736917754931159e-02
-7.981294936131477780e-02
-7.977325204995842911e-02
-7.977114303763095660e-02
-7.978146026453446227e-02
-7.983706693291482692e-02
-7.975180033838111249e-02
-7.975708585102007919e-02
-7.981566305382321869e-02
-7.983370891520870372e-02
-7.980038785595688910e-02
-7.976133052030583148e-02
-7.974617709336974392e-02
-7.976925975520172962e-02
-7.972192206802367065e-02
-7.976504422103329606e-02
-7.979093074294539567e-02
-7.978717097154321147e-02
-7.982476878468910964e-02
-7.978785926306798670e-02
-7.976926998610621433e-02
-7.979959823600948909e-02
-7.974393039876138956e-02
-7.973904817123107780e-02
-7.980370505652815971e-02
-7.984119514696233488e-02
-7.979781217162483509e-02
-7.980143580757592670e-02
-7.982092112534054651e-02
-7.979907594203879129e-02
-7.980877518149276373e-02
-7.981901955574748075e-02
-7.979493705249851576e-02
-7.974972499092251865e-02
-7.979757207935782304e-02
-7.979984947637618065e-02
-7.971269208951115015e-02
-7.980148612361594174e-02
-7.977729343136408247e-02
-7.982350160509102399e-02
-7.973299511773844495e-02
-7.980798637008290619e-02
-7.979141708083882512e-02
-7.973946991224857561e-02
-7.982935523698204971e-02
-7.982372700742976224e-02
-7.973448918137251984e-02
-7.986197542222576995e-02
-7.978384174891003933e-02
-7.979000769492330947e-02
