-4.576093226601177927e-02
-4.577027873137943376e-02
-4.577765951386901511e-02
-4.575719124888967537e-02
-4.577056615543322049e-02
-4.572759819782108714e-02
-4.572075747306598298e-02
-4.571042179277823997e-02
-4.569785183256463990e-02
-4.568194788817923208e-02
-4.569580382805145391e-02
-4.569481583574906691e-02
-4.568567253730787536e-02
-4.570975001426572787e-02
-4.567784660569752103e-02
-4.567539054445140384e-02
-4.566290134570442222e-02
-4.569388530148295324e-02
-4.571219994985219887e-02
-4.570811118561781544e-02
-4.571811494170909679e-02
-4.573741336436555616e-02
-4.574039648814368780e-02
-4.571464773161694473e-02
-4.575039012976362535e-02
-4.573393552329911571e-02
-4.578283299598324974e-02
-4.575109337346219135e-02
-4.578294378277423388e-02
-4.578305181068521856e-02
-4.580200454875855975e-02
-4.579827124199331578e-02
-4.582709176479055069e-02
-4.582684770558493464e-02
-4.585181948852721373e-02
-4.583856311800393879e-02
-4.585718898368012358e-02
-4.585830293381449457e-02
-4.587185608520442243e-02
-4.586613208186226393e-02
-4.588368833950170339e-02
-4.588260019820639829e-02
-4.586764497375608179e-02
-4.589240859419167068e-02
-4.590905740337009044e-02
-4.589105146204720126e-02
-4.591351262981997056e-02
-4.592555091608785389e-02
-4.590982126292265930e-02
-4.591986676637749287e-02
-4.594923875731252855e-02
-4.593840312645675744e-02
-4.596748156028196419e-02
-4.597268897366312002e-02
-4.599541068976784747e-02
-4.598821181948451603e-02
-4.598173815862790365e-02
-4.598952141743498784e-02
-4.600681204211615888e-02
-4.599745925427483478e-02
-4.600520484758582190e-02
-4.602404383502483459e-02
-4.599954333359192182e-02
-4.602193659187554103e-02
-4.601838051050997913e-02
-4.601859954104674938e-02
-4.604319720614628159e-02
-4.603712147719759423e-02
-4.603934452473553568e-02
-4.604168666941404336e-02
-4.602984112101756592e-02
-4.605455863359098068e-02
-4.606350678903847751e-02
-4.606804586064792983e-02
-4.606322512731921004e-02
-4.606841818254757415e-02
-4.605912938434165993e-02
-4.606962486361192849e-02
-4.606788521565596817e-02
-4.607223757876717507e-02
-4.607623918035530508e-02
-4.607062005283042716e-02
-4.608317493626001154e-02
-4.608712863829105000e-02
-4.608468748577493335e-02
-4.609768537050856069e-02
-4.609325308720148284e-02
-4.610384528750040983e-02
-4.610071796190500643e-02
-4.610357203473795101e-02
-4.611237357543107596e-02
-4.612410906158280477e-02
-4.611416624183877627e-02
-4.611297505062591368e-02
-4.610856703316470323e-02
-4.612072333622026926e-02
-4.611353364314147579e-02
-4.613044851333070184e-02
-4.613620148856285158e-02
-4.613618453127276559e-02
-4.612045840119671780e-02
-4.612843719751034965e-02
-4.613780985069439178e-02
-4.613405037419306132e-02
-4.613047801178059293e-02
-4.614232047357778865e-02
-4.614455158721327693e-02
-4.614433054204598178e-02
-4.614493107978566433e-02
-4.614372805313671916e-02
-4.614255392454080784e-02
-4.614334899472020968e-02
-4.614997891649587347e-02
-4.615997225531674047e-02
-4.615487690978233026e-02
-4.615299350826703589e-02
-4.615885327976200492e-02
-4.615198740908590253e-02
-4.616344515898166551e-02
-4.615649757536356701e-02
-4.616457234976668184e-02
-4.615738750731834816e-02
-4.615386016087722615e-02
-4.615786756251301359e-02
-4.617403958200264752e-02
-4.617103864994200751e-02
-4.617358637005727212e-02
-4.617617101377207572e-02
-4.617359063032155930e-02
-4.618227759006473393e-02
-4.617694649523479411e-02
-4.617673198515787752e-02
-4.617481321065476652e-02
-4.617728406199540087e-02
-4.617593480737428729e-02
-4.618520308718980505e-02
-4.618477970468091998e-02
-4.617697180867590817e-02
-4.618099911670500018e-02
-4.617997791532900409e-02
-4.618872152021576832e-02
-4.618632091472098244e-02
-4.619766926833192983e-02
-4.619110936429975806e-02
-4.618343372354268700e-02
-4.618882736712293102e-02
-4.618734189743967794e-02
-4.618948104489607742e-02
-4.618766255732964510e-02
-4.618538772495357075e-02
-4.617356779415621171e-02
-4.618993527380074043e-02
-4.618572499397329001e-02
-4.618922946298105459e-02
-4.618994921446434310e-02
-4.619670705844674402e-02
-4.619607841497318235e-02
-4.619376397579864901e-02
-4.619786062280657746e-02
-4.619590260771324480e-02
-4.618967744589921182e-02
-4.618829402535590961e-02
-4.619829673209872867e-02
-4.620495242463901892e-02
-4.620095724120527880e-02
-4.618898195362743098e-02
-4.620025883807794137e-02
-4.620444894280927028e-02
-4.620839234439218235e-02
-4.620656928252860063e-02
-4.620118817753764845e-02
-4.620971221191296635e-02
-4.620343225503412837e-02
-4.619182682037732690e-02
-4.620158489588998413e-02
-4.620207813227100030e-02
-4.619968828300961838e-02
-4.620147358266568638e-02
-4.620528684262164426e-02
-4.620761937949079134e-02
-4.621156040795468961e-02
-4.620933705791280266e-02
-4.620157639519201914e-02
-4.619269292736321447e-02
-4.621046602208215420e-02
-4.620795957438458140e-02
-4.620961160133190554e-02
-4.620539763944673389e-02
-4.620721092550394288e-02
-4.621298333224940075e-02
-4.619204784920079992e-02
-4.620739289725555449e-02
-4.619938454857057397e-02
-4.620306365515328834e-02
-4.621253201165072960e-02
-4.620844111627869094e-02
-4.621278763438423781e-02
-4.620557057631378972e-02
-4.620950642226746147e-02
-4.620953452770128200e-02
-4.620724404528813584e-02
-4.620991659293760545e-02
-4.621887150306901865e-02
-4.620886813912925689e-02
-4.621503097139752214e-02
-4.620927425716570003e-02
-4.621031784802187570e-02
-4.620488529532311428e-02
-4.621119617149788833e-02
-4.620434332382738346e-02
-4.618624810476541082e-02
-4.616371550260822687e-02
-4.619530192957178871e-02
-4.620209913939792717e-02
-4.619232513589932587e-02
-4.620383140148649759e-02
-4.618833358085833174e-02
-4.618935034360700798e-02
-4.620578504986394552e-02
-4.620726627107064888e-02
-4.620667293035871787e-02
-4.620967256355550112e-02
-4.620320458972985295e-02
-4.620214945216698926e-02
-4.620388120934428022e-02
-4.620745313945220228e-02
-4.620406421130496266e-02
-4.620640377510604191e-02
-4.620360299550115707e-02
-4.620016978854730311e-02
-4.620589995494212704e-02
-4.619974495378074975e-02
-4.619903316909745872e-02
-4.619889553495681866e-02
-4.620504485562697966e-02
-4.620571330903181645e-02
-4.619979833615818487e-02
-4.619515066902302181e-02
-4.620068149484975878e-02
-4.620734303547354566e-02
-4.621849139889251668e-02
-4.620926490725784513e-02
-4.620549700538662680e-02
-4.620019308197006319e-02
-4.620963089390235645e-02
-4.621454712535117554e-02
-4.622096488093107441e-02
-4.621458169795256143e-02
-4.621534609935384202e-02
-4.620498112541582270e-02
-4.620747436758242122e-02
-4.620916603793515792e-02
-4.620242895107772724e-02
-4.621097035290323840e-02
-4.620974312823411534e-02
-4.620698715611006036e-02
-4.620788423251615679e-02
-4.622304384749786194e-02
-4.621865931895123569e-02
-4.621487002391793525e-02
-4.622216137862598939e-02
-4.621055856816171092e-02
-4.621426149554026114e-02
-4.621991625651029195e-02
-4.620777341641275904e-02
-4.620812008684336419e-02
-4.621013909890162724e-02
-4.620988354288884520e-02
-4.620819653875659488e-02
-4.620318074904346262e-02
-4.620530758429026996e-02
-4.621683556373130941e-02
-4.621557058882364011e-02
-4.622342442784493910e-02
-4.621840762326356877e-02
-4.622456080566898773e-02
-4.621831532410426713e-02
-4.622278685952417587e-02
-4.621753331371519086e-02
-4.622265984998739918e-02
-4.622849255580452343e-02
-4.622526789361904032e-02
-4.622228604405494851e-02
-4.622225477016650430e-02
-4.622806277250103568e-02
-4.621884689462247425e-02
-4.622327147108579171e-02
-4.620801971465017532e-02
-4.621390675800442910e-02
-4.621319206639328686e-02
-4.622239410964405076e-02
-4.622620810505241595e-02
-4.622777051832333700e-02
-4.622135294113476067e-02
-4.621066671066540593e-02
-4.622537930037197429e-02
-4.623217881223475045e-02
-4.621993349133431128e-02
-4.622692219651237250e-02
-4.622579239407208912e-02
-4.622447795683794214e-02
-4.622663305896372588e-02
-4.622138291744833788e-02
-4.622342749626822539e-02
-4.622249632335240915e-02
-4.623144522899556158e-02
-4.622889733022193109e-02
-4.623283603178978546e-02
-4.622578874032157170e-02
-4.622751738382590431e-02
-4.622371213740272128e-02
-4.621615607726533431e-02
-4.622755273237240392e-02
-4.622225086832811025e-02
-4.621899974816717077e-02
-4.622220574719063807e-02
-4.622604894010876736e-02
-4.622197006809704994e-02
-4.622360116761065757e-02
-4.622194098713018617e-02
-4.622305366652604969e-02
-4.622795402787026331e-02
-4.622026996677423144e-02
-4.622724515084523228e-02
-4.621763208415663460e-02
-4.623059277683365387e-02
-4.621892501359579908e-02
-4.622196318343872734e-02
-4.622840649727313206e-02
-4.622232986725902798e-02
-4.622563235721691838e-02
-4.623020510895947677e-02
-4.622650014124077972e-02
-4.622972373641847516e-02
-4.622309452257138823e-02
-4.622647562906190971e-02
-4.622540233588246644e-02
-4.621984097443171402e-02
-4.621836558429261860e-02
-4.621880683088801928e-02
-4.622675175754714649e-02
-4.622387953151314149e-02
-4.622465814554081037e-02
-4.622305602141274505e-02
-4.621861619675812077e-02
-4.622267317365623407e-02
-4.622339860982214998e-02
-4.622182498701342401e-02
-4.621967325818182593e-02
-4.623029593614756683e-02
-4.622608638909385392e-02
-4.622964683291089921e-02
-4.623133837289279680e-02
-4.622416586578863978e-02
-4.622727879191199790e-02
-4.623012308575145946e-02
-4.622504782496669046e-02
-4.623175240742740527e-02
-4.622436328245020654e-02
-4.622650297379949508e-02
-4.623204152263742095e-02
-4.622183670959610635e-02
-4.622909537649438211e-02
-4.622095591481439891e-02
-4.623169908274893380e-02
-4.622367652480816741e-02
-4.621371534118222379e-02
-4.622021871476868216e-02
-4.622189570505268880e-02
-4.622242598702308580e-02
-4.622412702032368398e-02
-4.623190698130917597e-02
-4.622657679301057920e-02
-4.622758035860408815e-02
-4.622678453909668389e-02
-4.623002330089990425e-02
-4.622172471229916285e-02
-4.622674772929945969e-02
-4.623094172582740968e-02
-4.622134996801747359e-02
-4.623042462322431156e-02
-4.622959980925233497e-02
-4.622163588818600094e-02
-4.622957977066084051e-02
-4.622598450905068823e-02
-4.622045376695915753e-02
-4.622055304180302387e-02
-4.622106681004274631e-02
-4.622827165800442312e-02
-4.621346906005617539e-02
-4.622562605040385353e-02
-4.622388675976058653e-02
-4.621793263502503579e-02
-4.621800521443374110e-02
-4.621557706347929895e-02
-4.622849206652769605e-02
-4.622735204704440243e-02
-4.622620292750331122e-02
-4.622375091358831706e-02
-4.623226040116194813e-02
-4.622871885378121437e-02
-4.622890988585370148e-02
-4.623202185093906041e-02
-4.622839346577226755e-02
-4.623464951756250940e-02
-4.622280689513681706e-02
-4.622948860895082640e-02
-4.623646187617456993e-02
-4.622678272730857546e-02
-4.622506272047044451e-02
-4.622943959682941639e-02
-4.622360937064844827e-02
-4.623477099068673546e-02
-4.622960121650317167e-02
-4.622456784007954178e-02
-4.622521821438595191e-02
-4.622157206561235826e-02
-4.622311080944648681e-02
-4.622486907509236465e-02
-4.622463729446146807e-02
-4.622455669070172496e-02
-4.623180157691288844e-02
-4.621865783787618837e-02
-4.622360677675143442e-02
-4.623255843831080431e-02
-4.623182045247972022e-02
-4.622275639032297906e-02
-4.622595396646195925e-02
-4.623333213341111053e-02
-4.622501422113841490e-02
-4.622784012647703639e-02
-4.622545673834784624e-02
-4.622659870966255163e-02
-4.622137747949284919e-02
-4.623088107891239890e-02
-4.622074904773156023e-02
-4.622291803767916013e-02
-4.622448650544156573e-02
-4.622977812275413240e-02
-4.622615889727792193e-02
-4.622911788687771723e-02
-4.622426847911809134e-02
-4.622927965725252830e-02
-4.622577290231678904e-02
-4.622379003499647865e-02
-4.623145522173584959e-02
-4.622902080440839667e-02
-4.621974489132787273e-02
-4.623468698758748108e-02
-4.623430364883693994e-02
-4.623447379077870456e-02
-4.622982450319879782e-02
-4.622786860577588613e-02
-4.622826540208470336e-02
-4.622913996539109588e-02
-4.623304093908327944e-02
-4.622191380063641469e-02
-4.622802491906139594e-02
-4.622413073115597820e-02
-4.623319389323692075e-02
-4.622386753682327515e-02
-4.622807258744920933e-02
-4.622363392889904110e-02
-4.622431094889927622e-02
-4.622682269225076440e-02
-4.622357909541452425e-02
-4.622432177409128984e-02
-4.622403477695243706e-02
-4.622608586272190789e-02
-4.623251527429223656e-02
-4.622117214290896031e-02
-4.622262118344459131e-02
-4.622435433121564741e-02
-4.623676831333604215e-02
-4.623343575739811279e-02
-4.622969424111249281e-02
-4.623686752572144648e-02
-4.623099854019574462e-02
-4.622292106898761438e-02
-4.622985990523775790e-02
-4.623426425670267015e-02
-4.622952302055776536e-02
-4.622895436467607672e-02
-4.622560159250660439e-02
-4.623003150032710395e-02
-4.622678924480212032e-02
-4.623011115501781537e-02
-4.623626303279303879e-02
-4.623007616228170386e-02
-4.622923570307427982e-02
-4.623193083034926598e-02
-4.622013283775535525e-02
-4.623024709493798318e-02
-4.623301146437985842e-02
-4.622801730381396329e-02
-4.623345658696540600e-02
-4.623303102023480771e-02
-4.622648123172640872e-02
-4.622880511656589364e-02
-4.623068834171024238e-02
-4.623276256647620291e-02
-4.622883534475046713e-02
-4.623038777455520248e-02
-4.622862144637377574e-02
-4.623172726419074591e-02
-4.622031579138411589e-02
-4.622742162453206960e-02
-4.622820682528191311e-02
-4.623252387265269076e-02
-4.623099385629830110e-02
-4.623218263154937890e-02
-4.623438549794045560e-02
-4.622978604080973247e-02
-4.623361870895253967e-02
-4.623672805498596494e-02
-4.623523891218109944e-02
-4.622724201972745750e-02
-4.621910750104144677e-02
-4.623418930287902240e-02
-4.623870135608681292e-02
-4.624283107518682018e-02
-4.623079142141818532e-02
-4.623325323521994962e-02
-4.623677879220355891e-02
-4.622272259095614594e-02
-4.623168113651670436e-02
-4.623927992681268334e-02
-4.622668551107965429e-02
-4.623487167007477028e-02
-4.623763506283425778e-02
-4.623322896583352548e-02
-4.623188378377320745e-02
-4.622933935220729929e-02
-4.624187199311523971e-02
-4.624170605102281145e-02
-4.624197543239993990e-02
-4.623892004194307681e-02
-4.623822526138448435e-02
-4.622906253623947082e-02
-4.622675204218957418e-02
-4.623888833996180059e-02
-4.623075643514161504e-02
-4.623159491268574034e-02
-4.623397365349580374e-02
-4.623341398129857810e-02
-4.623356997930472279e-02
-4.623742823453987766e-02
-4.623044534061910432e-02
-4.623897021425439624e-02
-4.623272384078964958e-02
-4.624176721624312369e-02
-4.623708281147839022e-02
-4.623631095614420816e-02
-4.623761348902222235e-02
-4.623866342153847009e-02
-4.624216472312849685e-02
-4.623644155463092764e-02
-4.623439033965592165e-02
-4.623459398510192803e-02
-4.624154351826421233e-02
-4.622950600536015336e-02
-4.623548359092377602e-02
-4.623923643656254606e-02
-4.623796250370772187e-02
-4.624075651236182749e-02
-4.623848748983343943e-02
-4.623904233048358597e-02
-4.624285148395531481e-02
-4.623491344239841899e-02
-4.623864270972829343e-02
-4.624327945570518017e-02
-4.623877595174943206e-02
-4.623376825993404798e-02
-4.624238820814297046e-02
-4.624800112207087116e-02
-4.624011307221830014e-02
-4.623310180481747522e-02
-4.624538889577056028e-02
-4.623229207873773283e-02
-4.623322385692642950e-02
-4.623276964000676281e-02
-4.622819894087896314e-02
-4.624413308584307547e-02
-4.624070197472213845e-02
-4.623406784441765061e-02
-4.623416583282369263e-02
-4.624003403545288299e-02
-4.623417930463646214e-02
-4.623469770133281642e-02
-4.624882077495141852e-02
-4.624256108493296491e-02
-4.624231420064111447e-02
-4.624183014145149401e-02
-4.624423693181615308e-02
-4.624256243208942768e-02
-4.622851326632450297e-02
-4.623141522809318810e-02
-4.622896970385469845e-02
-4.623887312065622784e-02
-4.623455003645398492e-02
-4.624203586949168082e-02
-4.623686190033625409e-02
-4.624491700735176847e-02
-4.623668274970822722e-02
-4.624072911495662880e-02
-4.623377131733458212e-02
-4.623698928690607446e-02
-4.623386733819406097e-02
-4.624040622517224669e-02
-4.623787368499283901e-02
-4.623885834410453727e-02
-4.624499516215799938e-02
-4.623637004724926586e-02
-4.624699974897483745e-02
-4.624097394613167072e-02
-4.624025035595513700e-02
-4.623605910519532763e-02
-4.623210652080177174e-02
-4.623062341648160462e-02
-4.623455909902916827e-02
-4.623178131413542558e-02
-4.623917213100331436e-02
-4.624026664328917402e-02
-4.624130267018892321e-02
-4.624158792483531316e-02
-4.624664147763657418e-02
-4.624104090705952880e-02
-4.623285139486839335e-02
-4.623377480765451103e-02
-4.623922927482936734e-02
-4.623974290659329384e-02
-4.624124223954029222e-02
-4.623275348771094945e-02
-4.623309040538375186e-02
-4.624549554377326704e-02
-4.623347963012740952e-02
-4.624060619722621807e-02
-4.623695968875147361e-02
-4.624272491150981101e-02
-4.623729941639142388e-02
-4.623872863647397052e-02
-4.624478767214276059e-02
-4.624285204136142219e-02
-4.623973061342651764e-02
-4.623289673777541964e-02
-4.623646274696963793e-02
-4.623991859012243494e-02
-4.624044245606596243e-02
-4.622699199203545578e-02
-4.623529999786291089e-02
-4.624751253589012151e-02
-4.624234864760293912e-02
-4.622835635176741204e-02
-4.623837786169387315e-02
-4.623639404375991246e-02
-4.622856943077949948e-02
-4.623685470904597555e-02
-4.622756956288934932e-02
-4.624436543623646617e-02
-4.624318398418641313e-02
-4.623362801243676573e-02
-4.624083363595891255e-02
-4.624004959061604053e-02
-4.624021127771963530e-02
-4.623502044703724223e-02
-4.623677491181159976e-02
-4.624173154419266435e-02
-4.624047142926841075e-02
-4.623784231494821456e-02
-4.624649596895730880e-02
-4.623741135203545544e-02
-4.624396718752348673e-02
-4.623682343785747578e-02
-4.624182788079199413e-02
-4.623525522096504081e-02
-4.623569010330510348e-02
-4.623734021795181809e-02
-4.623856073490100610e-02
-4.623347416878358790e-02
-4.623758811713198080e-02
-4.624347107806239116e-02
-4.624151000684685597e-02
-4.623064174169107948e-02
-4.623233754658425537e-02
-4.623765291621436541e-02
-4.623899561903137972e-02
-4.623917311939380881e-02
-4.624147808218186800e-02
-4.624811202349417977e-02
-4.624421746615577783e-02
-4.623305809338974087e-02
-4.625118629525821340e-02
-4.623795998415942271e-02
-4.624090926702718873e-02
-4.624140893814608633e-02
-4.624486607202709515e-02
-4.624675358632800853e-02
-4.623854438101197839e-02
-4.624031990916822876e-02
-4.624879498381896659e-02
-4.624235129985112408e-02
-4.624665106477027915e-02
-4.624802469882704353e-02
-4.624070153833124974e-02
-4.623576667165862214e-02
-4.624465398156791390e-02
-4.624321528646498786e-02
-4.624181979734056508e-02
-4.624712946340706760e-02
-4.624131285354471377e-02
-4.623869054867008749e-02
-4.624178986259368934e-02
-4.624816114754378565e-02
-4.624147738951738668e-02
-4.624673692030371874e-02
-4.624470200477770465e-02
-4.624034227056757901e-02
-4.623403195702568275e-02
-4.625023227285406796e-02
-4.624393840961431995e-02
-4.624287640179775005e-02
-4.623964192386632865e-02
-4.624845579187834843e-02
-4.624026966698029789e-02
-4.624039124140037760e-02
-4.623350867984156454e-02
-4.624272850967118403e-02
-4.623224417613569504e-02
-4.622928204887431780e-02
-4.624520824466192559e-02
-4.623641328972472736e-02
-4.624112517387979349e-02
-4.624353219036255597e-02
-4.624838574636370991e-02
-4.623710245523385970e-02
-4.624448165667448263e-02
-4.624293114594556220e-02
-4.624232474433081358e-02
-4.624124110869065607e-02
-4.623742425992933419e-02
-4.623675219367869710e-02
-4.624141681425868872e-02
-4.623815283843720619e-02
-4.623502437478638899e-02
-4.624200963790663782e-02
-4.624726119162171634e-02
-4.624074054077041696e-02
-4.624162888443513614e-02
-4.625273669188621067e-02
-4.624943348009318694e-02
-4.623499678332065876e-02
-4.624627939136856380e-02
-4.624265292151550494e-02
-4.623765454592716068e-02
-4.624605913913832494e-02
-4.625145290392821545e-02
-4.624180869722734760e-02
-4.623941253254405803e-02
-4.624604105331379250e-02
-4.625986690523994221e-02
-4.624475325268535830e-02
-4.624657000516348843e-02
-4.625020526683525784e-02
-4.624517782706050878e-02
-4.624652063773041638e-02
-4.624374520076320744e-02
-4.623425445817369583e-02
-4.624467449771052507e-02
-4.625493758503002040e-02
-4.624805899191486436e-02
-4.623852407491749889e-02
-4.624957793588354432e-02
-4.624889090324432045e-02
-4.623932058512132681e-02
-4.624708701425016277e-02
-4.623674762582723891e-02
-4.624231219408680982e-02
-4.624351386013104276e-02
-4.624218988783072165e-02
-4.624376001427830951e-02
-4.623981166836835938e-02
-4.623945324015300840e-02
-4.623687043319223144e-02
-4.624853260728866572e-02
-4.625117724562168714e-02
-4.624472026870012770e-02
-4.624170737424574545e-02
-4.624687242971180917e-02
-4.624342323093361823e-02
-4.625216290397005103e-02
-4.624644158235631519e-02
-4.624625676451464551e-02
-4.625485835661889700e-02
-4.624628261960549852e-02
-4.624604841894779800e-02
-4.624615702006316248e-02
-4.624796275995263911e-02
-4.624454757354536788e-02
-4.624575629730624110e-02
-4.624810415595554530e-02
-4.625142727162442208e-02
-4.623541328325216776e-02
-4.623698497108806593e-02
-4.624749481459990152e-02
-4.624444995604703318e-02
-4.624634900926492820e-02
-4.623920035488239544e-02
-4.624824289258543109e-02
-4.624476077751121794e-02
-4.625629774764482283e-02
-4.624568072813495245e-02
-4.623859631662349118e-02
-4.624611484212729634e-02
-4.623974904056650514e-02
-4.624413776190307301e-02
-4.624212654437517139e-02
-4.624419326144772052e-02
-4.624835653935364943e-02
-4.624627988875107398e-02
-4.624587557651314851e-02
-4.624405113177192800e-02
-4.624736059984586173e-02
-4.624468981083435654e-02
-4.623754926241528673e-02
-4.624787581492149913e-02
-4.624338240450038412e-02
-4.624308478246512422e-02
-4.625472207608681552e-02
-4.624560159176106106e-02
-4.624038919314737289e-02
-4.624737810878552097e-02
-4.624580808094992668e-02
-4.624223782975741409e-02
-4.624846796055613607e-02
-4.625198208205168193e-02
-4.624785546653110285e-02
-4.624423457092612794e-02
-4.623641837673336807e-02
-4.624462991879214890e-02
-4.624322875926843018e-02
-4.625514425584858341e-02
-4.624276969595648296e-02
-4.624664429169627472e-02
-4.624132826927618983e-02
-4.623823139004807486e-02
-4.625399565455175221e-02
-4.624487715570563956e-02
-4.624257579722334394e-02
-4.624113522192887377e-02
-4.624375906054962321e-02
-4.625321218550991487e-02
-4.624740131490916867e-02
-4.624828455034640101e-02
-4.623458894127335100e-02
-4.624284325441273269e-02
-4.623978500903334898e-02
-4.624705839338594249e-02
-4.624078291329318524e-02
-4.624465674825939399e-02
-4.624961447793068947e-02
-4.624543056005788605e-02
-4.623666049596406730e-02
-4.623229789392330896e-02
-4.624750876821692724e-02
-4.624805302593552880e-02
-4.623696441929715795e-02
-4.624229797150669619e-02
-4.624442592679805369e-02
-4.624149449588690203e-02
-4.624196761658567328e-02
-4.624408203163032222e-02
-4.624752342228076463e-02
-4.624682783303649819e-02
-4.623929296233127845e-02
-4.625025584681046603e-02
-4.623771022774258999e-02
-4.624412548547746082e-02
-4.623788729851455864e-02
-4.625064165930892202e-02
-4.625144330142883647e-02
-4.624374514265831154e-02
-4.625202070499236789e-02
-4.625374499100624176e-02
-4.624494813471458077e-02
-4.625060021358497198e-02
-4.625219322173543951e-02
-4.624201287592186876e-02
-4.625128859135247544e-02
-4.624559122256870908e-02
-4.625028717429243569e-02
-4.624392860980171965e-02
-4.624670390610251952e-02
-4.624507609480017073e-02
-4.625975717140823340e-02
-4.623758891025531864e-02
-4.624366848802885510e-02
-4.625099622138232475e-02
-4.624804053349649419e-02
-4.625235836241077536e-02
-4.625047084509289336e-02
-4.625273691093184647e-02
-4.624991387740624155e-02
-4.625640621721825024e-02
-4.625366364855667406e-02
-4.625015032523876329e-02
-4.625231495142202720e-02
-4.624762438506411361e-02
-4.625428359378101761e-02
-4.624710554931808770e-02
-4.625293920365135258e-02
-4.624708442756229887e-02
-4.624774862945681131e-02
-4.625214109193942491e-02
-4.625791079598051692e-02
-4.624595083288426250e-02
-4.624608072437985662e-02
-4.624955976257886375e-02
-4.624674018982090351e-02
-4.625094359789975323e-02
-4.625105399199282152e-02
-4.624491764109169706e-02
-4.624417771515815928e-02
-4.624334988920816153e-02
-4.624447080417886519e-02
-4.624606011995501670e-02
-4.624889518323505033e-02
-4.624806186185770329e-02
-4.625075154803871824e-02
-4.625203051552035510e-02
-4.624316679952556602e-02
-4.624480028028209178e-02
-4.624383042969987950e-02
-4.625039780031779679e-02
-4.624261133538944135e-02
-4.624589870512696432e-02
-4.625245862455241996e-02
-4.624259519564423437e-02
-4.625263672689372552e-02
-4.624214920518810584e-02
-4.624380455492772823e-02
-4.625110302494187670e-02
-4.625310616070587438e-02
-4.625363250429768980e-02
-4.625138220795271121e-02
-4.624195998508159183e-02
-4.624793449135411461e-02
-4.624485307849238863e-02
-4.625298542929439510e-02
-4.624549767300172726e-02
-4.625263805329105082e-02
-4.625232902870588664e-02
-4.625129415820524587e-02
-4.625851750957513803e-02
-4.624232369859496844e-02
-4.624610472207466710e-02
-4.624756916762977343e-02
-4.625079968928576951e-02
-4.625054889978148787e-02
-4.624741590388709717e-02
-4.624932698046091417e-02
-4.624871083415460493e-02
-4.625362237002710042e-02
-4.625033515407853818e-02
-4.624893678416448772e-02
-4.624680040828194755e-02
-4.624725739491349769e-02
-4.625305459175656914e-02
-4.624329327691188707e-02
-4.624492457846603871e-02
-4.625098463966183238e-02
-4.624312215205231974e-02
-4.624365416497883824e-02
-4.624376102649872811e-02
-4.624823621850075034e-02
-4.625042338734120656e-02
-4.625274965013066730e-02
-4.624350729970518048e-02
-4.624228655187582332e-02
-4.624642731353723057e-02
-4.624600613871292232e-02
-4.624945094480949898e-02
-4.624843758931063836e-02
-4.624603676453121343e-02
-4.623838212328179598e-02
-4.624566661770451031e-02
-4.624753230016163952e-02
-4.624957519409696183e-02
-4.624797040416023935e-02
-4.624496147313704453e-02
-4.624817265591558285e-02
-4.624884743129731302e-02
-4.625024758986947399e-02
-4.625323515236091226e-02
-4.625755602073501616e-02
-4.625354935176152760e-02
-4.625104413528375452e-02
-4.625121657146037679e-02
-4.624205124750285778e-02
-4.623591163934655940e-02
-4.623951845224651830e-02
