-4.593724289342193678e-02
-4.590870378955724113e-02
-4.586629313119534174e-02
-4.577960209008325593e-02
-4.568520383126147694e-02
-4.559064792957302770e-02
-4.547342049329209518e-02
-4.535702933462727043e-02
-4.518177482871973266e-02
-4.502910446846091624e-02
-4.484868768298317515e-02
-4.470241371570528310e-02
-4.455918464524538658e-02
-4.440841623808108179e-02
-4.422827823106316447e-02
-4.410901631694540137e-02
-4.396029483784880815e-02
-4.369567234310326592e-02
-4.355081150727411338e-02
-4.340658071358671766e-02
-4.320949654863154993e-02
-4.301862596474925748e-02
-4.287416820144003549e-02
-4.272168705264858118e-02
-4.252914399417211805e-02
-4.244697987812574846e-02
-4.225933634665914040e-02
-4.223552598780709599e-02
-4.204769717613224961e-02
-4.196305684961361415e-02
-4.183639995826372859e-02
-4.173148129515610177e-02
-4.163397989677927041e-02
-4.155629247097571838e-02
-4.157246332291053559e-02
-4.142074358777216025e-02
-4.146909646514946451e-02
-4.144719888149733800e-02
-4.138538623483739576e-02
-4.152444700554484142e-02
-4.156550322623050325e-02
-4.165418070910868048e-02
-4.171110418280473547e-02
-4.174282385481219160e-02
-4.185498055638107312e-02
-4.195451881992644932e-02
-4.211810560981573553e-02
-4.222442426074456134e-02
-4.232824926965090412e-02
-4.238898837113706103e-02
-4.250191470357193163e-02
-4.261500122329191925e-02
-4.273433430338546141e-02
-4.277431780150801194e-02
-4.287177696603566152e-02
-4.297191389725418809e-02
-4.312374184685884015e-02
-4.322807534693862835e-02
-4.331540398225847827e-02
-4.340391192503355311e-02
-4.348344002435046429e-02
-4.356335641846973555e-02
-4.356196775669927967e-02
-4.359671187127221736e-02
-4.363196497711474553e-02
-4.371873068834503800e-02
-4.384186222406898786e-02
-4.391667411927441950e-02
-4.398627875919614710e-02
-4.402969716566950548e-02
-4.409554118892471813e-02
-4.414017390236479876e-02
-4.418206772320963649e-02
-4.428287787203227105e-02
-4.432615779761193975e-02
-4.435049940616819786e-02
-4.438525007455499521e-02
-4.441285549454849352e-02
-4.448022049233183589e-02
-4.451548257968466343e-02
-4.454613069269568182e-02
-4.457481778343388296e-02
-4.461969214868227035e-02
-4.460711397362552427e-02
-4.467563545846496564e-02
-4.468173920329027160e-02
-4.469317392265925032e-02
-4.478794720364594195e-02
-4.479506987052932210e-02
-4.485475674189812884e-02
-4.490044093756608012e-02
-4.491718375376801964e-02
-4.496160782048546495e-02
-4.497391114059179351e-02
-4.498689631368578412e-02
-4.502456615112875732e-02
-4.502388238941257281e-02
-4.509336489061425285e-02
-4.507363187955699263e-02
-4.506721079276455877e-02
-4.506951326783276146e-02
-4.507182513513973560e-02
-4.510199585364361302e-02
-4.510597396152807997e-02
-4.507949988257260732e-02
-4.501403103177172016e-02
-4.499401214694298545e-02
-4.498178284271892036e-02
-4.495764315382401455e-02
-4.494354814955487526e-02
-4.492474856829108132e-02
-4.491649812903799471e-02
-4.488007417796866655e-02
-4.480876873493143397e-02
-4.477635619579497378e-02
-4.470049488831438766e-02
-4.463312863325171603e-02
-4.469627100783115509e-02
-4.470283478822083961e-02
-4.469517244639266418e-02
-4.464803018615096791e-02
-4.467393436998583212e-02
-4.466108320837847839e-02
-4.462923481070459053e-02
-4.465412360771504191e-02
-4.466740848724047586e-02
-4.466074746717147576e-02
-4.461000025844512329e-02
-4.468179599699756421e-02
-4.465960226056393118e-02
-4.466283528426714250e-02
-4.469094856959043155e-02
-4.471259405194800279e-02
-4.475820414848249301e-02
-4.475591358225970012e-02
-4.475460574722495838e-02
-4.476214578296814489e-02
-4.478381145478711051e-02
-4.477830128678065430e-02
-4.474816970670063981e-02
-4.477472222954793912e-02
-4.479674923814083026e-02
-4.475961167079871988e-02
-4.476711439243086926e-02
-4.472534014655271672e-02
-4.471937651617375470e-02
-4.466232603682924324e-02
-4.464233892177631169e-02
-4.463573331943271327e-02
-4.464472030313184486e-02
-4.465104557107475031e-02
-4.458159874266471451e-02
-4.461106598850713562e-02
-4.460088009803853809e-02
-4.460727104316735553e-02
-4.465276988275763276e-02
-4.464523045909268850e-02
-4.465178366087001888e-02
-4.469274216967113189e-02
-4.464974013445875689e-02
-4.462252042893436604e-02
-4.467841382398128613e-02
-4.471033168194561008e-02
-4.475682638633161903e-02
-4.475082034393140090e-02
-4.475101938211053371e-02
-4.481950813461258593e-02
-4.483301990634049050e-02
-4.481416963739067588e-02
-4.482467571153721936e-02
-4.480828625943238802e-02
-4.483774766334094192e-02
-4.477439913955714307e-02
-4.476764302084981079e-02
-4.474734864957431724e-02
-4.474244228588557942e-02
-4.478780880810875192e-02
-4.480226229679715871e-02
-4.482978973687913593e-02
-4.481852312645399211e-02
-4.484804512045714731e-02
-4.483091137995277864e-02
-4.488845131027718871e-02
-4.486719881468600318e-02
-4.487607325276903730e-02
-4.490705487198577012e-02
-4.488596296581849610e-02
-4.486414388447314966e-02
-4.486917535220340258e-02
-4.488694469206030296e-02
-4.494518809729185910e-02
-4.489317072736964676e-02
-4.488383800086357539e-02
-4.496352448330125096e-02
-4.495207172277663338e-02
-4.498503174957538958e-02
-4.501166852971188320e-02
-4.499656347768683784e-02
-4.502635914434312964e-02
-4.504016008478457095e-02
-4.509181142469149278e-02
-4.509331462849847094e-02
-4.514734346740757742e-02
-4.517759474919326446e-02
-4.517856395313742807e-02
-4.518519326771847783e-02
-4.520381889386150542e-02
-4.521304568506767652e-02
-4.522062714724924687e-02
-4.521333658220150903e-02
-4.522273075021800148e-02
-4.525324468056211163e-02
-4.525279004725541593e-02
-4.525042251704088775e-02
-4.527497527560840618e-02
-4.530962998475095843e-02
-4.528613830674642349e-02
-4.526108253014448496e-02
-4.526686163100739763e-02
-4.526974647267303226e-02
-4.524713991950152225e-02
-4.518784809701758415e-02
-4.522021544872060345e-02
-4.516805014084337294e-02
-4.520345261915799384e-02
-4.516850993457605795e-02
-4.516016755468616611e-02
-4.514081992437585233e-02
-4.515995746982489484e-02
-4.516961305015335798e-02
-4.512531113418868228e-02
-4.512929401752371200e-02
-4.513325132447416205e-02
-4.516879471995020878e-02
-4.511609520181736332e-02
-4.515580927242317938e-02
-4.513423992936354406e-02
-4.517661415772072225e-02
-4.516872160574931377e-02
-4.518413214456455662e-02
-4.515911456428318288e-02
-4.522516875389475527e-02
-4.520602671886530394e-02
-4.517226743162988667e-02
-4.519297272534342907e-02
-4.519268200363785876e-02
-4.518460861706308923e-02
-4.516536711547088079e-02
-4.521081093873714762e-02
-4.518950384865846187e-02
-4.520102876210412707e-02
-4.516171145776835816e-02
-4.514677921235091956e-02
-4.513639048233449025e-02
-4.511401468576591717e-02
-4.512914695225356265e-02
-4.512193208568511527e-02
-4.513183616642291174e-02
-4.510353438668430331e-02
-4.509262049317289828e-02
-4.509293657156699525e-02
-4.512729668268649491e-02
-4.513800370449954497e-02
-4.514384632802687092e-02
-4.516264720640223579e-02
-4.517425472973977257e-02
-4.517380310066875654e-02
-4.516809310755792728e-02
-4.520858649751159641e-02
-4.518006418440358857e-02
-4.518184708509526831e-02
-4.521181892032118815e-02
-4.520742764456191914e-02
-4.521029128263089752e-02
-4.522396132348210224e-02
-4.522238281914516683e-02
-4.523427992449168683e-02
-4.526849662042305156e-02
-4.524574667867074795e-02
-4.524894422185644915e-02
-4.524954600516167130e-02
-4.526339162725880050e-02
-4.525838330762911588e-02
-4.527160080208440102e-02
-4.526994042930976292e-02
-4.524401091725632762e-02
-4.523479848272599774e-02
-4.525706448333864651e-02
-4.528098290842545032e-02
-4.527947893984540784e-02
-4.528287030627554943e-02
-4.526575401341589172e-02
-4.526198508814562038e-02
-4.523304313450306202e-02
-4.521835610442618419e-02
-4.522340822255689619e-02
-4.524779691061261294e-02
-4.523925322083040962e-02
-4.521384081307140007e-02
-4.522817985349195796e-02
-4.525282801086132761e-02
-4.519164379764457201e-02
-4.519403124425784568e-02
-4.517864200530986862e-02
-4.520147403037094724e-02
-4.518538278971918898e-02
-4.520666940493957286e-02
-4.518788962073998910e-02
-4.517758631867090785e-02
-4.520166256931740234e-02
-4.518824449271210270e-02
-4.518232528803849818e-02
-4.520895987401513799e-02
-4.518729816264360072e-02
-4.525439322272740983e-02
-4.526297569214837030e-02
-4.523923042701308989e-02
-4.524775572064017315e-02
-4.521527437376107045e-02
-4.525540067639648861e-02
-4.521630561315735652e-02
-4.524765547351609907e-02
-4.525133272359804781e-02
-4.526584020953986626e-02
-4.529607435342530852e-02
-4.530521638724057526e-02
-4.530422789916897786e-02
-4.527753762675534865e-02
-4.523466044478024334e-02
-4.528281442249928318e-02
-4.531581443339845888e-02
-4.529101445974433732e-02
-4.532404900795191510e-02
-4.534173676083581850e-02
-4.528311397104112929e-02
-4.531764675994028740e-02
-4.530406544496114185e-02
-4.532242425735217434e-02
-4.531282000575864721e-02
-4.530864270998263138e-02
-4.534336580644658665e-02
-4.534462130238329364e-02
-4.533543447773445700e-02
-4.533000442338635388e-02
-4.535875114835215272e-02
-4.536419514302243022e-02
-4.537033697492327128e-02
-4.535507538160073876e-02
-4.535393088629232489e-02
-4.535259693335669945e-02
-4.535344292281401346e-02
-4.534614680116644259e-02
-4.534036093662902750e-02
-4.536052478992987774e-02
-4.537331597034616887e-02
-4.541523757781446013e-02
-4.539586079497465870e-02
-4.539883784251484700e-02
-4.537125823132238944e-02
-4.537912561135899053e-02
-4.533700942670174788e-02
-4.534306083330903042e-02
-4.534279463450030523e-02
-4.529644889006429614e-02
-4.531220065199104141e-02
-4.530395021157924973e-02
-4.528492080233500333e-02
-4.524992392754640519e-02
-4.521275089292851185e-02
-4.523262301271630675e-02
-4.519168989242389189e-02
-4.518178930010673805e-02
-4.518000081760677883e-02
-4.517218717579379178e-02
-4.519950040490281623e-02
-4.518958183629829400e-02
-4.516471031153496823e-02
-4.515924781512566794e-02
-4.516034055088206239e-02
-4.516636307449433535e-02
-4.516462020990491544e-02
-4.518339304234202797e-02
-4.516718927763078983e-02
-4.516978142844126770e-02
-4.517605750742104131e-02
-4.522572486605704739e-02
-4.520588753409197219e-02
-4.517751895573739185e-02
-4.520519569510066810e-02
-4.518759128397144276e-02
-4.519533286467077721e-02
-4.521117717332764213e-02
-4.519437764369371724e-02
-4.521235598839533354e-02
-4.521938396407442634e-02
-4.525611561346500056e-02
-4.523593624551041498e-02
-4.525464489707971272e-02
-4.525387235535357350e-02
-4.526747997457497563e-02
-4.525197377310167385e-02
-4.526858957727290106e-02
-4.527960775584782827e-02
-4.530177752247608464e-02
-4.527439058408847666e-02
-4.529862289529589664e-02
-4.531200284866849365e-02
-4.534457482663827033e-02
-4.531690084270050684e-02
-4.533536536060554789e-02
-4.533071123473435965e-02
-4.532473059787955894e-02
-4.534192542994535530e-02
-4.537955925378435451e-02
-4.535462948075514450e-02
-4.536851096482156370e-02
-4.536719061562728000e-02
-4.536547760823241016e-02
-4.539397838691862364e-02
-4.537345791662097255e-02
-4.540936611727023481e-02
-4.542586451784458995e-02
-4.543946128104892068e-02
-4.545746169000618869e-02
-4.547781883407226583e-02
-4.546696279200845153e-02
-4.546307237330054346e-02
-4.547800617072741275e-02
-4.547095420426539025e-02
-4.547104835301848252e-02
-4.547095695615188671e-02
-4.548285924769718963e-02
-4.550083310405994563e-02
-4.548996548565160253e-02
-4.551614608274871104e-02
-4.551480812430882400e-02
-4.551081700486272336e-02
-4.553387151799165311e-02
-4.555300647325666308e-02
-4.555966749945345590e-02
-4.556083420941405698e-02
-4.558027331361840656e-02
-4.556962760225614223e-02
-4.561113402993170057e-02
-4.562376272095648722e-02
-4.563940848236550801e-02
-4.565121370299349973e-02
-4.567571246642720267e-02
-4.564884676154194049e-02
-4.563402146055425129e-02
-4.566184086750394583e-02
-4.567701831305765597e-02
-4.570336182314126139e-02
-4.569306533627325029e-02
-4.570465148308944237e-02
-4.573394539744500553e-02
-4.572101044562058847e-02
-4.573091565013222282e-02
-4.574744065499727202e-02
-4.575420850155634961e-02
-4.575549500504521444e-02
-4.577148800750373281e-02
-4.576593332222377020e-02
-4.577528572056784734e-02
-4.578936159404523032e-02
-4.577873669870304030e-02
-4.580119388284716042e-02
-4.581164138825550430e-02
-4.582835081939241884e-02
-4.580808694501746492e-02
-4.583971946670224729e-02
-4.585153173781173624e-02
-4.582799502409749121e-02
-4.582852631571380370e-02
-4.583723845217235748e-02
-4.585050894297790919e-02
-4.585793702429943192e-02
-4.583474889350689502e-02
-4.584856143096553011e-02
-4.583354374738292381e-02
-4.584045041449791302e-02
-4.583183170564175679e-02
-4.584354964350339373e-02
-4.584511417824371077e-02
-4.584446736056736749e-02
-4.584486594037392310e-02
-4.586739860646888572e-02
-4.586041482827167559e-02
-4.584510469343031774e-02
-4.584269445397548548e-02
-4.588525196687252838e-02
-4.589118005311629972e-02
-4.589004750792792520e-02
-4.588300024091381685e-02
-4.589591068288630116e-02
-4.590324635687327570e-02
-4.588009981248494101e-02
-4.589896504577307274e-02
-4.589815597687874754e-02
-4.591075608106619244e-02
-4.589661125491224791e-02
-4.590204307555406649e-02
-4.591531724164489570e-02
-4.590109066983879410e-02
-4.588708134101127101e-02
-4.588866690758088007e-02
-4.589844883140458548e-02
-4.590263294161251589e-02
-4.590522255596721918e-02
-4.592955582058540903e-02
-4.591201316362019530e-02
-4.595056060180262997e-02
-4.593903500633040454e-02
-4.594367399113154227e-02
-4.594203169029720257e-02
-4.594357742259643634e-02
-4.596015557623313319e-02
-4.594591600461934988e-02
-4.594565178807077238e-02
-4.593877263910792902e-02
-4.594867124202100389e-02
-4.593035413759034846e-02
-4.594007971314950645e-02
-4.596239502122439341e-02
-4.594035362527927602e-02
-4.596287730715924169e-02
-4.597178637014819047e-02
-4.595887315689987235e-02
-4.596877494118662560e-02
-4.600225767998730037e-02
-4.598929631752667058e-02
-4.597190827681729014e-02
-4.598486657783903281e-02
-4.595949840238289230e-02
-4.598142916920770068e-02
-4.597820953898686808e-02
-4.597892168675800362e-02
-4.597662303717568039e-02
-4.595357997621364599e-02
-4.595436590474509531e-02
-4.594140634285431152e-02
-4.594407003110821675e-02
-4.595840978123526960e-02
-4.593540425438623342e-02
-4.595873956276186334e-02
-4.595582337907776205e-02
-4.596492673424832504e-02
-4.596798519879247841e-02
-4.596852525001543510e-02
-4.595238421463355982e-02
-4.595415333881435610e-02
-4.592044256420098336e-02
-4.592697951252742994e-02
-4.593077246094428440e-02
-4.593241267249587034e-02
-4.593232061281236900e-02
-4.592710926247832448e-02
-4.591928242168875907e-02
-4.592609041086193056e-02
-4.592365546872041043e-02
-4.592425183747662898e-02
-4.590622440192371895e-02
-4.589564558711468900e-02
-4.589907376440428843e-02
-4.589340901229613939e-02
-4.588054654904373530e-02
-4.591767185823004971e-02
-4.589318874363325362e-02
-4.587685399481408050e-02
-4.587578422338374484e-02
-4.589711929138895474e-02
-4.586203971481016967e-02
-4.586113419575537503e-02
-4.585376397382494307e-02
-4.583935145331153455e-02
-4.585738943525514283e-02
-4.585654832464917952e-02
-4.586164248267037696e-02
-4.584291190192246040e-02
-4.581583477996185871e-02
-4.585811079996048034e-02
-4.582653669890102144e-02
-4.584099463662231339e-02
-4.584385571199232207e-02
-4.585590053535126137e-02
-4.583844059108865138e-02
-4.587005925644987298e-02
-4.585033087584085981e-02
-4.585978600966240243e-02
-4.583928756584224745e-02
-4.585482783387922340e-02
-4.585448526846325201e-02
-4.584487342563089290e-02
-4.585904554054648363e-02
-4.584906118921571599e-02
-4.585802617107199303e-02
-4.585107359120332848e-02
-4.584563964870586733e-02
-4.584672791362060656e-02
-4.586886094412545578e-02
-4.585242815799692867e-02
-4.586471321610281066e-02
-4.583791022092579409e-02
-4.587285599448655965e-02
-4.586383558341609878e-02
-4.585255589297467654e-02
-4.585774597062880487e-02
-4.585304573345405643e-02
-4.585949441005375549e-02
-4.585346696286251439e-02
-4.584432852247537910e-02
-4.585845288806982695e-02
-4.585576165352526351e-02
-4.586720170573277411e-02
-4.586268716588502020e-02
-4.587541299502858466e-02
-4.586627554613009750e-02
-4.583525510797665375e-02
-4.585857936710108912e-02
-4.584250694180014296e-02
-4.585422524407724298e-02
-4.584315277286089840e-02
-4.584674192778388085e-02
-4.584658555737935320e-02
-4.586981869590261995e-02
-4.585499854588540730e-02
-4.585652617432778300e-02
-4.586289730707248519e-02
-4.584637201393289979e-02
-4.585542867916377746e-02
-4.586063565446011486e-02
-4.585334168034931740e-02
-4.584856378242965075e-02
-4.586975319292662528e-02
-4.587208556309626400e-02
-4.587510386239742471e-02
-4.586629126508935672e-02
-4.588696000669820890e-02
-4.586082241895669126e-02
-4.588092188522998466e-02
-4.587581490574009491e-02
-4.588376340913825902e-02
-4.586349154116341198e-02
-4.586648923441638548e-02
-4.586901180124337840e-02
-4.584764591886479612e-02
-4.586029965379477547e-02
-4.585685091467234936e-02
-4.586959954256170785e-02
-4.587567347548306834e-02
-4.587461186251308443e-02
-4.586150822061284271e-02
-4.587427556291545638e-02
-4.587435653413678149e-02
-4.586922640221542669e-02
-4.586952101373419077e-02
-4.588553172645478545e-02
-4.587563478162019759e-02
-4.586836717329034752e-02
-4.587984463027323240e-02
-4.588800979278535863e-02
-4.589062471708654084e-02
-4.589684319288341724e-02
-4.588036259738688394e-02
-4.589240339865569701e-02
-4.589916049633076950e-02
-4.590818631943545391e-02
-4.590296139412836790e-02
-4.590150129016386943e-02
-4.588251947935396285e-02
-4.590091642335828587e-02
-4.590021961183569227e-02
-4.589795811285709431e-02
-4.590218277192947838e-02
-4.589678465958295372e-02
-4.588961289543768557e-02
-4.588602916231016710e-02
-4.588292387111025938e-02
-4.588239374982879676e-02
-4.589053055823272970e-02
-4.589740320161067588e-02
-4.589823437183642579e-02
-4.586907000131638934e-02
-4.588081283396673593e-02
-4.587625938618172805e-02
-4.588416221309469384e-02
-4.588619549349932242e-02
-4.586822541300629441e-02
-4.587765286138897197e-02
-4.588220671833869585e-02
-4.588720318674231052e-02
-4.589012560871578994e-02
-4.587512116299132664e-02
-4.588788481408974385e-02
-4.587924146798098152e-02
-4.587882163544357988e-02
-4.590341430793021954e-02
-4.587776591778187224e-02
-4.587623024880454342e-02
-4.588735318485228504e-02
-4.589085134998970028e-02
-4.587382810133390498e-02
-4.587744940348292139e-02
-4.588607184532501881e-02
-4.586955937069075312e-02
-4.586317359465685167e-02
-4.586737139360801130e-02
-4.587191111483551048e-02
-4.586921341937479774e-02
-4.587892995943001345e-02
-4.588057427913120462e-02
-4.586025023290479785e-02
-4.588803864207758459e-02
-4.587601542267798205e-02
-4.585673800120114441e-02
-4.585931123903184276e-02
-4.586084063716134446e-02
-4.586357321601582798e-02
-4.586603719337132429e-02
-4.584950264030762668e-02
-4.585172082292930662e-02
-4.583950917467378983e-02
-4.581811742716777880e-02
-4.583191008638963504e-02
-4.583929489115996792e-02
-4.583047333944739038e-02
-4.582122661865834640e-02
-4.581229533646657276e-02
-4.582122505378444927e-02
-4.582548275936770832e-02
-4.580491700404155930e-02
-4.581939513442850193e-02
-4.582460768525621619e-02
-4.583499171913185677e-02
-4.582494520937885341e-02
-4.582816515019617898e-02
-4.582451296307916283e-02
-4.584072426837775688e-02
-4.583609223269929922e-02
-4.582704934377653666e-02
-4.582102062628718581e-02
-4.583802455556695160e-02
-4.584120430760934423e-02
-4.584271357787096657e-02
-4.582686204781903638e-02
-4.584985532827447197e-02
-4.584481551504793195e-02
-4.585016398530358112e-02
-4.584218760811385740e-02
-4.586605161518310381e-02
-4.585686832961032022e-02
-4.585977782980724810e-02
-4.586240286988541026e-02
-4.586307865292276603e-02
-4.584983603205968622e-02
-4.587863782360237369e-02
-4.586895334882140629e-02
-4.587890404221373064e-02
-4.588169186988966253e-02
-4.589183975997310899e-02
-4.588318762602588280e-02
-4.589323422693326882e-02
-4.590008955869934876e-02
-4.588519147606344439e-02
-4.590283978048247115e-02
-4.591029302081702651e-02
-4.590237630922194140e-02
-4.590660975270636351e-02
-4.593192352544644280e-02
-4.592388699095702187e-02
-4.590963981112818060e-02
-4.593097609916950430e-02
-4.593068594358971912e-02
-4.592700325344369755e-02
-4.592328797438591931e-02
-4.592382247517538818e-02
-4.592244740818166721e-02
-4.592819144769806627e-02
-4.594557023438521765e-02
-4.595081434938134285e-02
-4.595450118985325988e-02
-4.595822768116157586e-02
-4.594619692430023522e-02
-4.595327617501586415e-02
-4.596621941688378010e-02
-4.596409442322058059e-02
-4.596690872469916950e-02
-4.596867855378147100e-02
-4.596735328722695996e-02
-4.597085099891250887e-02
-4.596845989720298176e-02
-4.596749522427042572e-02
-4.595797671193670858e-02
-4.596837327706996407e-02
-4.596188232534784840e-02
-4.597793370674490426e-02
-4.597000736873536886e-02
-4.598229107973645508e-02
-4.597698044942345047e-02
-4.598802832930740797e-02
-4.597699726561182976e-02
-4.597571016877100014e-02
-4.597190758049286147e-02
-4.598443808574049357e-02
-4.599138515425264112e-02
-4.598153983333674866e-02
-4.599827624071525095e-02
-4.599542164349131046e-02
-4.598746534527414775e-02
-4.599047301684969918e-02
-4.601177998732260133e-02
-4.598650631684320783e-02
-4.599497145989366736e-02
-4.599210822443696584e-02
-4.600032421068638022e-02
-4.598955762806120756e-02
-4.600021067516029544e-02
-4.599265401796071018e-02
-4.598435105589520483e-02
-4.598615265028690308e-02
-4.600596407770391610e-02
-4.598635228138377856e-02
-4.599961154618172066e-02
-4.599482841093092966e-02
-4.598625916820329312e-02
-4.598932575563473291e-02
-4.600144948083019492e-02
-4.599551841399026481e-02
-4.599676014064536106e-02
-4.600256241932938056e-02
-4.599618619050032525e-02
-4.600403345146399092e-02
-4.601056734188914421e-02
-4.600805186603260793e-02
-4.601370639042553362e-02
-4.601338315186765532e-02
-4.601324935198940203e-02
-4.601646121937609524e-02
-4.600548513087750896e-02
-4.600006157997198197e-02
-4.600511381921192772e-02
-4.601704015327904435e-02
-4.599838472832307179e-02
-4.602031644766856056e-02
-4.601592364127186224e-02
-4.602617655034604155e-02
-4.602804454800423634e-02
-4.601708011586635311e-02
-4.602099872743380116e-02
-4.603150459434185438e-02
-4.603126514785311346e-02
-4.602941230873975470e-02
-4.600875102564611074e-02
-4.602224897029553313e-02
-4.602404378481046721e-02
-4.602525675142510320e-02
-4.602814040998753908e-02
-4.603378389391914877e-02
-4.602965825370608499e-02
-4.603938371105677219e-02
-4.603693503693784272e-02
-4.604050546692876195e-02
-4.603911889702144711e-02
-4.602630099503492167e-02
-4.602757396751838009e-02
-4.600836550004627074e-02
-4.599901885660918205e-02
-4.600535755479261135e-02
-4.600721524509759214e-02
-4.600284142136109450e-02
-4.601342947428765928e-02
-4.600164855421494392e-02
-4.600626672707767290e-02
-4.601079796527245830e-02
-4.601452597344658779e-02
-4.600693825846454560e-02
-4.601028097669210976e-02
-4.600403942635699489e-02
-4.601498459100985400e-02
-4.598080884826002274e-02
-4.599093952359735449e-02
-4.599057029645892136e-02
-4.599490607393429131e-02
-4.598733110831791648e-02
-4.599429191158432156e-02
-4.596927719222889536e-02
-4.598548809988027564e-02
-4.599502522910165619e-02
-4.597810854109506129e-02
-4.598520192767280301e-02
-4.598563244809201339e-02
-4.597575811444928190e-02
-4.598095876129559834e-02
-4.599561319670127796e-02
-4.598774100527437680e-02
-4.599301126495131814e-02
-4.599910970122963322e-02
-4.599869101857141651e-02
-4.600800421028813231e-02
-4.602137615390465564e-02
-4.602886690034973388e-02
-4.602291046104754063e-02
-4.601826591345108131e-02
-4.601988189286684156e-02
-4.602488853728524398e-02
-4.601812534136175137e-02
-4.602675559826648749e-02
-4.603136846580992148e-02
-4.601711138004806190e-02
-4.601818800815277166e-02
-4.601775370046963520e-02
-4.602432662111827916e-02
-4.601857419884414213e-02
-4.601625215281818920e-02
-4.601240671892731920e-02
-4.601402913259251132e-02
-4.602286914167994653e-02
-4.602343342224255590e-02
-4.601448356538485190e-02
-4.602404987353011373e-02
-4.601764109570665590e-02
-4.603400463478984211e-02
-4.604062852618048124e-02
-4.603701085409669241e-02
-4.602456358704379996e-02
-4.601879575818693807e-02
-4.601808631918976461e-02
-4.602440367392273551e-02
-4.603364539629105356e-02
-4.603274436558284222e-02
-4.602865105366667903e-02
-4.603877164000568650e-02
-4.603743202736167162e-02
-4.604912816839155931e-02
-4.604398119267005818e-02
-4.604420115902133764e-02
-4.605544706104848507e-02
-4.605187428450147752e-02
-4.605302413439337633e-02
-4.604687293109298307e-02
-4.604876455316900957e-02
-4.603416049366353124e-02
-4.603579724706551024e-02
-4.603888648763997116e-02
-4.604632755879915773e-02
-4.605272463398608213e-02
-4.604172453388778036e-02
-4.604092770384311112e-02
-4.604508112922232888e-02
-4.604258480280664506e-02
-4.605747168704694972e-02
-4.605951182159403329e-02
-4.604733343913988003e-02
-4.604009630905153694e-02
-4.604563767615920539e-02
-4.606120460821473694e-02
-4.604728046086260795e-02
-4.605912792172000420e-02
-4.605493985973850568e-02
-4.607197007451162979e-02
-4.605549548736810606e-02
-4.605491011777277516e-02
-4.605145844346326955e-02
-4.605173177023297315e-02
-4.605348205455604693e-02
-4.605777641694416141e-02
-4.604774134239051492e-02
-4.605446250197092750e-02
-4.606191559590615964e-02
-4.604427181070615271e-02
-4.605023323129642243e-02
-4.605053016098863833e-02
-4.604638251973690311e-02
-4.604419759222894842e-02
-4.605307502334150122e-02
-4.604911929982470620e-02
-4.603879781991917358e-02
-4.603794939581532658e-02
-4.603963597197639063e-02
-4.603453002701744096e-02
-4.602727060774753493e-02
-4.603436121877262088e-02
-4.603169151193050451e-02
-4.603287453337535223e-02
-4.602552668898372834e-02
-4.602372624194700501e-02
-4.602152626228887128e-02
-4.600828700546855804e-02
-4.602179826035142363e-02
-4.601982155390151041e-02
-4.601645471719776476e-02
-4.601825912006796832e-02
-4.600926044217874128e-02
-4.602374923969838189e-02
-4.602533670635992891e-02
-4.602913317610703853e-02
-4.603106088803583795e-02
-4.604539874858320364e-02
-4.603021486378372495e-02
-4.603356390373256751e-02
