-2.424766633635624252e-02
-2.424205475164952286e-02
-2.423352125763029302e-02
-2.424463106215567904e-02
-2.424542632425035274e-02
-2.423113080482294790e-02
-2.424424141637154112e-02
-2.424301158659000061e-02
-2.424375415810901477e-02
-2.424042574598588712e-02
-2.425216055748535826e-02
-2.423631303692120806e-02
-2.424762066301117125e-02
-2.423493471145554690e-02
-2.424125159732649221e-02
-2.424428491972403094e-02
-2.424363379902816015e-02
-2.424247476612023666e-02
-2.425218972092525391e-02
-2.425136301254345386e-02
-2.424253655335414578e-02
-2.423851963170048709e-02
-2.424801041970396295e-02
-2.425097310541914422e-02
-2.425611783094899082e-02
-2.424289544659752327e-02
-2.423981818727598617e-02
-2.423781885760370111e-02
-2.424582537579404382e-02
-2.423998946532490012e-02
-2.424237307206085837e-02
-2.424134604310813207e-02
-2.423560246047764058e-02
-2.423873993789781370e-02
-2.424041364592541617e-02
-2.424630555505519550e-02
-2.425141730332900161e-02
-2.424237076677568381e-02
-2.424947377896724196e-02
-2.424784091823441526e-02
-2.425052777757661857e-02
-2.424634470453394461e-02
-2.424680161596729985e-02
-2.424232183723775552e-02
-2.424180350280994226e-02
-2.424209541231900009e-02
-2.424148497245954062e-02
-2.424576362111662692e-02
-2.425287782198623857e-02
-2.423331756049230262e-02
-2.424715583022606785e-02
-2.424167927615901788e-02
-2.423948330601630868e-02
-2.424114495346891412e-02
-2.423567467797100444e-02
-2.424310187657885418e-02
-2.424091508151193439e-02
-2.425365919118315991e-02
-2.424608250056359271e-02
-2.423909437278460449e-02
-2.424801537218512770e-02
-2.424437073546462443e-02
-2.424153193171255452e-02
-2.423724859495145906e-02
-2.423742282485097377e-02
-2.424910143496021922e-02
-2.423949849584810731e-02
-2.423843187676732319e-02
-2.424007745657556431e-02
-2.424419510776130646e-02
-2.423739238589426095e-02
-2.424693268303810753e-02
-2.424920106902107159e-02
-2.424700506002799502e-02
-2.424219172687006735e-02
-2.424361824486909872e-02
-2.424196885595730766e-02
-2.424763818207997107e-02
-2.424381122397964439e-02
-2.423653442531013141e-02
-2.424425459975670244e-02
-2.425606618229220190e-02
-2.424906750039790976e-02
-2.424211160461515330e-02
-2.424124878337384145e-02
-2.424434961992397858e-02
-2.424022781318184092e-02
-2.423672285133449122e-02
-2.424292646360155096e-02
-2.424649077980854314e-02
-2.424662568410185931e-02
-2.424628279156409993e-02
-2.424109294820622068e-02
-2.423089146984575351e-02
-2.424853637480462246e-02
-2.425417286577825210e-02
-2.425095160153751400e-02
-2.424874373696133539e-02
-2.425526412574762619e-02
-2.424383973826181940e-02
-2.424793171617191725e-02
-2.424490300633162440e-02
-2.423628439782233093e-02
-2.425424138084681519e-02
-2.424158804135973649e-02
-2.424528383393849754e-02
-2.424595911260031891e-02
-2.424472119920130855e-02
-2.425423995305881972e-02
-2.423846295154253455e-02
-2.424077219921622062e-02
-2.424616546947282528e-02
-2.424614099292499853e-02
-2.424615662350570675e-02
-2.425375564163767192e-02
-2.424835751480057186e-02
-2.423998045662828504e-02
-2.424057787291637386e-02
-2.424837454815112134e-02
-2.424526988250241821e-02
-2.424842896483067264e-02
-2.424516511434158042e-02
-2.423818888533655139e-02
-2.424680903118908021e-02
-2.425231463556997910e-02
-2.424700441666855291e-02
-2.424564583665457865e-02
-2.424463548944409338e-02
-2.424634872043334236e-02
-2.424143093911847874e-02
-2.424384268279043339e-02
-2.424507787113287446e-02
-2.423750057087751750e-02
-2.424375873772538492e-02
-2.424621549662953762e-02
-2.424518848030284349e-02
-2.424246815069556679e-02
-2.423675951037915915e-02
-2.424909078321356090e-02
-2.425368390381676259e-02
-2.424490337630904810e-02
-2.424756190688132779e-02
-2.425085930019578798e-02
-2.424827353930061533e-02
-2.424601750606240197e-02
-2.424951323202190895e-02
-2.424518822706150933e-02
-2.424302103707673406e-02
-2.423423128276234670e-02
-2.424527369447267849e-02
-2.424654083157893117e-02
-2.424371140777011394e-02
-2.424234460747857686e-02
-2.423877100197250820e-02
-2.424312343367261008e-02
-2.423540516240144452e-02
-2.424702159990624675e-02
-2.424702813137475862e-02
-2.425124725927630190e-02
-2.424509258310144841e-02
-2.424118524145511128e-02
-2.424558142263282673e-02
-2.424576062342926816e-02
-2.424300136295978736e-02
-2.424747963988645519e-02
-2.423938455225502567e-02
-2.424031585886065807e-02
-2.423647494842877739e-02
-2.424083287913374532e-02
-2.424093597924012120e-02
-2.424211235009118490e-02
-2.425316753224629127e-02
-2.424728251331911139e-02
-2.425052462336076478e-02
-2.424531061055754458e-02
-2.424745836820720382e-02
-2.424667598889507572e-02
-2.425375225237285173e-02
-2.424180653519401180e-02
-2.423015852712381499e-02
-2.424344863091071681e-02
-2.423831260710356331e-02
-2.425290888951187745e-02
-2.424293125103945887e-02
-2.424697719623011491e-02
-2.424092433678201944e-02
-2.424896888542528786e-02
-2.424966618967487955e-02
-2.425060766402971704e-02
-2.424530742369567643e-02
-2.424877480586582271e-02
-2.424708898823940001e-02
-2.423855353103752594e-02
-2.424553852063407108e-02
-2.424155907113537817e-02
-2.424769833817095807e-02
-2.424242057410134696e-02
-2.424827066755642219e-02
-2.424074684147637174e-02
-2.424379607269369630e-02
-2.424939596811747505e-02
-2.423923172927529984e-02
-2.424172418427431377e-02
-2.424071310154369066e-02
-2.424441071319613158e-02
-2.425033584955573959e-02
-2.423747798586403310e-02
-2.424393047704041446e-02
-2.425100427228238029e-02
-2.425218416232521185e-02
-2.424893305517829972e-02
-2.424698530783801417e-02
-2.424189633475097236e-02
-2.425110254396865145e-02
-2.424049625396082139e-02
-2.423536519524526964e-02
-2.423717692088237299e-02
-2.424546164745979698e-02
-2.425024866927562653e-02
-2.425237580809099999e-02
-2.424306402509420963e-02
-2.424465454733173986e-02
-2.424955882717768837e-02
-2.424359890228072051e-02
-2.424061490912663916e-02
-2.425457049714746516e-02
-2.423808197100071546e-02
-2.424420339276399730e-02
-2.425171791863293611e-02
-2.424340789876627822e-02
-2.424777686894770759e-02
-2.424314889127347425e-02
-2.424495570244892401e-02
-2.425010355480861426e-02
-2.423992095871379399e-02
-2.425051418523908528e-02
-2.424545876577085049e-02
-2.424383651555387167e-02
-2.425024618982426008e-02
-2.423941283914688577e-02
-2.424698498974993746e-02
-2.423912828426069352e-02
-2.424357962775028352e-02
-2.425296712940693683e-02
-2.425137471273285453e-02
-2.424832194320476406e-02
-2.423450875934272247e-02
-2.424502374880738859e-02
-2.424810446753203688e-02
-2.423974592184774401e-02
-2.424253274345309142e-02
-2.424785828901604087e-02
-2.424386556367415582e-02
-2.423586462996466656e-02
-2.423609603145274877e-02
-2.423991264616353475e-02
-2.424300704586839633e-02
-2.424620168197860054e-02
-2.424457969281885658e-02
-2.424187437921143315e-02
-2.424221012742886275e-02
-2.424316277599898248e-02
-2.423867006801777232e-02
-2.424556475174301923e-02
-2.424512106292005600e-02
-2.425000373126954059e-02
-2.424347355930860787e-02
-2.424032366990462248e-02
-2.424263792156653233e-02
-2.424208114564727415e-02
-2.424658421042014816e-02
-2.424341666238104612e-02
-2.424222772587851862e-02
-2.424627605477078923e-02
-2.425117719766755123e-02
-2.424231603646568450e-02
-2.424482981184898286e-02
-2.424307533357566297e-02
-2.423873411883388854e-02
-2.423729287224840254e-02
-2.424465454910467929e-02
-2.424589713584986844e-02
-2.423753582959994532e-02
-2.424664695389171926e-02
-2.424034030723639863e-02
-2.423203432911618521e-02
-2.424026714739652144e-02
-2.424692172904383339e-02
-2.424586771801643878e-02
-2.425137704794944754e-02
-2.424370193982832919e-02
-2.424796394132925845e-02
-2.424119231623371104e-02
-2.423997046255391488e-02
-2.424189401135714086e-02
-2.424116467844808151e-02
-2.424405324265993533e-02
-2.424367382782230060e-02
-2.423818144280568895e-02
-2.424312080914101802e-02
-2.425218780670187688e-02
-2.424388087434266661e-02
-2.424877355486015212e-02
-2.424492604899153650e-02
-2.424972602541164424e-02
-2.424251435203700691e-02
-2.424183532521805712e-02
-2.424510739984670274e-02
-2.424354130737101445e-02
-2.424811477675697241e-02
-2.425140799295664312e-02
-2.424208837092010557e-02
-2.423970880217973453e-02
-2.423430505186724079e-02
-2.423887607418856102e-02
-2.424326620943618310e-02
-2.424437305559410533e-02
-2.424452573544616518e-02
-2.424575268149545965e-02
-2.424156089253758778e-02
-2.424380941797716835e-02
-2.425560366422005107e-02
-2.425052008145309537e-02
-2.424464392164696683e-02
-2.423889734829091577e-02
-2.424467942983706339e-02
-2.425024552562056804e-02
-2.425025946285465708e-02
-2.424223931929109926e-02
-2.424776940440943537e-02
-2.423745443898740401e-02
-2.424294515635398370e-02
-2.424709987692547433e-02
-2.424349794556604487e-02
-2.424566204837377489e-02
-2.423278985081618250e-02
-2.424761542446255899e-02
-2.423731113069205190e-02
-2.424627645067711085e-02
-2.425265962866575073e-02
-2.424810122398165721e-02
-2.424368859410418534e-02
-2.424644420515642204e-02
-2.423459281762635129e-02
-2.424547432426481589e-02
-2.424371447843349375e-02
-2.424835382571640871e-02
-2.424319212262743273e-02
-2.424717025444070306e-02
-2.424235498569871777e-02
-2.424225955545533662e-02
-2.424088107999835748e-02
-2.424626838242130086e-02
-2.424636758479221249e-02
-2.424453005052299923e-02
-2.424199943471946894e-02
-2.424725463904256473e-02
-2.425064619572850702e-02
-2.425062430575282771e-02
-2.423884551216227284e-02
-2.424016132085153943e-02
-2.424251049685080886e-02
-2.423938970166516355e-02
-2.424427824720063948e-02
-2.425094666443810762e-02
-2.424494838430527391e-02
-2.425090195072415744e-02
-2.423705826731238980e-02
-2.424207815695553214e-02
-2.424741180880452332e-02
-2.424009834188128876e-02
-2.423882664483512084e-02
-2.424349504645917017e-02
-2.424588180835418605e-02
-2.425388630225872727e-02
-2.424611691655710263e-02
-2.424597897748722794e-02
-2.425311448126062433e-02
-2.423890646833911852e-02
-2.425074046424392088e-02
-2.423321575010840487e-02
-2.423682297363826538e-02
-2.424240069292544000e-02
-2.424192834992509177e-02
-2.424289181538880761e-02
-2.423884410133446063e-02
-2.423422040315131865e-02
-2.423958123588688257e-02
-2.424349589449459330e-02
-2.424055486022627659e-02
-2.424784637978201832e-02
-2.425261694292005915e-02
-2.424942190633670377e-02
-2.424817178321589384e-02
-2.424829795979832614e-02
-2.423562414291459757e-02
-2.423746352504749582e-02
-2.424995314466105861e-02
-2.425038320137634998e-02
-2.424821632559841927e-02
-2.425087634301946113e-02
-2.424489380490608276e-02
-2.423487821543468188e-02
-2.423731535966837727e-02
-2.424707524121703581e-02
-2.423961574800643018e-02
-2.423645744001397609e-02
-2.424224406869563558e-02
-2.424917575239182721e-02
-2.424522839819120285e-02
-2.425200663587776667e-02
-2.424465004782214508e-02
-2.425188849325988008e-02
-2.424888481605610296e-02
-2.424992852488235678e-02
-2.423852680420880007e-02
-2.423251465224789819e-02
-2.424123940341877878e-02
-2.424331931153525868e-02
-2.423673624159966566e-02
-2.424060766093879757e-02
-2.424629384385726394e-02
-2.424498699676544064e-02
-2.424256054720747705e-02
-2.425183537780151860e-02
-2.424921310641142691e-02
-2.424160708850876117e-02
-2.424767400642608567e-02
-2.424456084737557429e-02
-2.424728394308788698e-02
-2.425055066630205092e-02
-2.423923988277938354e-02
-2.425108429448699296e-02
-2.424617935983977221e-02
-2.424192253172448644e-02
-2.423911330851130988e-02
-2.423901749511625514e-02
-2.423874114014167719e-02
-2.424157294530659285e-02
-2.424256956351957329e-02
-2.424207687978744211e-02
-2.424537472269829366e-02
-2.424124815896273530e-02
-2.424916886065544425e-02
-2.425018828203520313e-02
-2.423578043394510745e-02
-2.424825297334709528e-02
-2.425659384482231271e-02
-2.423985222684407401e-02
-2.424706994677111246e-02
-2.425105819481014266e-02
-2.424195289705788348e-02
-2.424270028342446343e-02
-2.424485418457150016e-02
-2.423593177084939002e-02
-2.423902784972376684e-02
-2.424491115886111617e-02
-2.424493996600419338e-02
-2.423585900269793064e-02
-2.424486268611031337e-02
-2.424448858967491807e-02
-2.424590650778997783e-02
-2.424038281127930891e-02
-2.424064268722556439e-02
-2.423766311043402261e-02
-2.424427496031713800e-02
-2.424385090020069605e-02
-2.424680118137802903e-02
-2.424010163655305333e-02
-2.424173926906671508e-02
-2.424456371572343907e-02
-2.423854885300410003e-02
-2.424456509107991709e-02
-2.423831509399127990e-02
-2.423887318936758170e-02
-2.423967854475808301e-02
-2.424563936111302428e-02
-2.424586781453319517e-02
-2.424725718950465625e-02
-2.425224094918792400e-02
-2.424220882798664919e-02
-2.424108248577347066e-02
-2.424617531987166216e-02
-2.424756335783207623e-02
-2.424461944364576099e-02
-2.424033697738918816e-02
-2.424137970408654988e-02
-2.424881168927125671e-02
-2.424434012601989208e-02
-2.424201471073185801e-02
-2.425660990186417204e-02
-2.424183680738616412e-02
-2.424444476483025510e-02
-2.424666924516641689e-02
-2.423968167782983990e-02
-2.424832727661442242e-02
-2.423905376814861068e-02
-2.423596621666754616e-02
-2.424342810021116665e-02
-2.424442233075560851e-02
-2.424800068123311031e-02
-2.423902659228530793e-02
-2.424371849922259473e-02
-2.424596468526780263e-02
-2.424437971285772417e-02
-2.425220359113324994e-02
-2.424181472745665783e-02
-2.424698841507604702e-02
-2.424301463585217323e-02
-2.424244999655427585e-02
-2.424342937523566582e-02
-2.424538375312247987e-02
-2.424822155357677506e-02
-2.424321358902499848e-02
-2.424454933818816563e-02
-2.424931554195320499e-02
-2.425036229951170116e-02
-2.424333429823932740e-02
-2.425350024032170773e-02
-2.424594749532000409e-02
-2.424603297034053084e-02
-2.424776717134522960e-02
-2.424643373586476969e-02
-2.424532849753064517e-02
-2.424204267940804902e-02
-2.424364739387033230e-02
-2.424105502903725270e-02
-2.424743097021736862e-02
-2.424417210771602146e-02
-2.424340011965210942e-02
-2.424752059890531927e-02
-2.424754325911896921e-02
-2.424850997233363864e-02
-2.424572846932438602e-02
-2.424300945596602475e-02
-2.423800560378750260e-02
-2.423963833773165599e-02
-2.423658654169756274e-02
-2.423327384178845453e-02
-2.423919332126745624e-02
-2.424505980402750019e-02
-2.424071834322453697e-02
-2.424802007568400627e-02
-2.423874685992160466e-02
-2.423765317379565284e-02
-2.424530956975732426e-02
-2.423772081214508461e-02
-2.424045164924320747e-02
-2.424783041455683824e-02
-2.424744961553268116e-02
-2.424894164965315721e-02
-2.425278722761778014e-02
-2.425222231353408101e-02
-2.424336996588146234e-02
-2.424546745602721917e-02
-2.425227690312754467e-02
-2.424802918945826932e-02
-2.424412485787509272e-02
-2.424478659959970403e-02
-2.424359256468197263e-02
-2.424492886488272686e-02
-2.424454140222904314e-02
-2.424228561995280321e-02
-2.423835783539182373e-02
-2.425076715412809863e-02
-2.424599346704172861e-02
-2.423580416020505029e-02
-2.424024200773145649e-02
-2.424133551443347426e-02
-2.423586305856093373e-02
-2.424742573097441248e-02
-2.423889266109224838e-02
-2.424234668809236576e-02
-2.424877849694859547e-02
-2.424608989679072693e-02
-2.424291508054881444e-02
-2.424750967769331161e-02
-2.423439639451399966e-02
-2.423742397360980488e-02
-2.424111017399432216e-02
-2.424280806408157102e-02
-2.423698498772255613e-02
-2.424865648992386227e-02
-2.423624340356013082e-02
-2.424543377177950515e-02
-2.424686320725689265e-02
-2.424700839362239554e-02
-2.424757356747086340e-02
-2.424197202631454481e-02
-2.424286225527147454e-02
-2.424518769795735995e-02
-2.425042886751509891e-02
-2.424864049119973206e-02
-2.424705387166472062e-02
-2.423449362607693960e-02
-2.423666087586787490e-02
-2.424410579932062548e-02
-2.424446664369226886e-02
-2.424229100372474882e-02
-2.424295473275363613e-02
-2.424977537147426573e-02
-2.424720807021754632e-02
-2.424829027149868685e-02
-2.424287302966898761e-02
-2.424857424279769011e-02
-2.424516645155930586e-02
-2.423997220540878225e-02
-2.424486650802918156e-02
-2.423868820591271525e-02
-2.424293158391283703e-02
-2.424498245493728055e-02
-2.424631540829678619e-02
-2.424363551300131800e-02
-2.423683236669390076e-02
-2.424195256675686777e-02
-2.423884138068726352e-02
-2.424874236266681346e-02
-2.424912848798773876e-02
-2.424975903306727729e-02
-2.425340784666105490e-02
-2.424580920984725427e-02
-2.424833310820603480e-02
-2.424257796150872460e-02
-2.424346751146721352e-02
-2.424714551053741562e-02
-2.424128645334258300e-02
-2.424626334820973589e-02
-2.423651782971393900e-02
-2.424454790116499850e-02
-2.423805038342002893e-02
-2.424637010787541319e-02
-2.423465895132154158e-02
-2.424486398529155165e-02
-2.424909201891056396e-02
-2.423602214838839822e-02
-2.424979267949277026e-02
-2.423827598672828945e-02
-2.423808001619859320e-02
-2.424371737199736837e-02
-2.424577957691682537e-02
-2.424395114842156987e-02
-2.424176453955828245e-02
-2.423893071994429743e-02
-2.424826421698345405e-02
-2.424260521519332884e-02
-2.425291945667077190e-02
-2.424679622942656557e-02
-2.424895261695050874e-02
-2.424645780251763125e-02
-2.424467606664124086e-02
-2.424176338228008556e-02
-2.424619341923991631e-02
-2.424664497417924197e-02
-2.424412432695073963e-02
-2.424112703622208209e-02
-2.424684424264168109e-02
-2.424907930191112088e-02
-2.424459450913271988e-02
-2.424522646068675083e-02
-2.424225177621113642e-02
-2.424215723620030613e-02
-2.424086225110892376e-02
-2.425335732434414845e-02
-2.424867894800569051e-02
-2.423579733333102240e-02
-2.423946472462544174e-02
-2.424943561697131406e-02
-2.424391754028350568e-02
-2.424629138722126168e-02
-2.424147906973492250e-02
-2.424570645624411422e-02
-2.424225676901956353e-02
-2.424987209269283475e-02
-2.424394809000409573e-02
-2.424486534909786259e-02
-2.425157098572827685e-02
-2.425235835456996530e-02
-2.425493583869450798e-02
-2.424298161898334400e-02
-2.424623739173866269e-02
-2.424767410734920622e-02
-2.424223368465509496e-02
-2.423961735745785648e-02
-2.424377187412079040e-02
-2.424858259593578105e-02
-2.424746651490529772e-02
-2.424625499985973501e-02
-2.424380379908358529e-02
-2.423833126956140629e-02
-2.423726281063089821e-02
-2.424602152821331291e-02
-2.424446691243995269e-02
-2.423477128062221861e-02
-2.424204344188302107e-02
-2.424770907901591110e-02
-2.424889007104952948e-02
-2.424221835398253713e-02
-2.424448097435430091e-02
-2.424357690550219685e-02
-2.424647664648919496e-02
-2.425257991887402181e-02
-2.424317026035289341e-02
-2.424622236344797094e-02
-2.424700951441681115e-02
-2.425514444055387048e-02
-2.424813587414456628e-02
-2.424877884615945361e-02
-2.424187379782306515e-02
-2.424517049029600857e-02
-2.424739444298287111e-02
-2.424380973162760036e-02
-2.423798786102154129e-02
-2.425106597283416612e-02
-2.424844386885426778e-02
-2.424923131595059164e-02
-2.423725882390454292e-02
-2.423613494010997543e-02
-2.424718863820640724e-02
-2.424338727428152970e-02
-2.424017801833758951e-02
-2.424364072561951272e-02
-2.424421486758967723e-02
-2.425672798307456149e-02
-2.424569835182766725e-02
-2.424670447172116994e-02
-2.424054695771101983e-02
-2.424780105032883423e-02
-2.424944821097269748e-02
-2.424173159626811028e-02
-2.424555605741435249e-02
-2.425081306587161672e-02
-2.424231630276884458e-02
-2.425089165405050831e-02
-2.424070333702589911e-02
-2.423911003820269569e-02
-2.423800259349733616e-02
-2.423662797924300283e-02
-2.424153996679751649e-02
-2.424390676811176079e-02
-2.424842749855160920e-02
-2.424217373883047824e-02
-2.425303816671069493e-02
-2.424554131993298528e-02
-2.424757062058010074e-02
-2.423966302981747645e-02
-2.424829741187995227e-02
-2.423677100305716633e-02
-2.425001766647394419e-02
-2.424491738242071787e-02
-2.424240189632656181e-02
-2.423147108032560823e-02
-2.423647931541820372e-02
-2.423143254460175672e-02
-2.424754671759455152e-02
-2.424503263515978210e-02
-2.424097375200362156e-02
-2.424593370890023789e-02
-2.424479321067370477e-02
-2.424240625509702790e-02
-2.424349194971957625e-02
-2.424292314379480895e-02
-2.424003342749853074e-02
-2.424177646131459377e-02
-2.424999985807188216e-02
-2.424918139221443614e-02
-2.424850523359703067e-02
-2.424298699531351672e-02
-2.424842883559038750e-02
-2.424639447327289060e-02
-2.424672092000530396e-02
-2.423605056508676414e-02
-2.425385304071215817e-02
-2.424752367854055707e-02
-2.424899853815348089e-02
-2.424626820375070518e-02
-2.424584385148495155e-02
-2.424087291407142283e-02
-2.423735178572594337e-02
-2.424514124889792094e-02
-2.424309952790482114e-02
-2.423944524511233503e-02
-2.424256380918707321e-02
-2.424491852141224743e-02
-2.424600889206239909e-02
-2.424897180523355456e-02
-2.425344250488546335e-02
-2.424151033745308020e-02
-2.424492444711150510e-02
-2.424726882194708222e-02
-2.424075145980255155e-02
-2.423912442870385098e-02
-2.424476246653517117e-02
-2.424124174776720597e-02
-2.424491011611690922e-02
-2.424917632668082551e-02
-2.424584110895226449e-02
-2.424467757665849099e-02
-2.423519195395627129e-02
-2.424432918897023378e-02
-2.425443467411471724e-02
-2.425310792185261452e-02
-2.424213438643598242e-02
-2.424923255433776223e-02
-2.424115725886155648e-02
-2.424049369033831614e-02
-2.424466487447415192e-02
-2.424241327878581126e-02
-2.424621706224610110e-02
-2.424817069397975852e-02
-2.424162360784262726e-02
-2.424778038009172548e-02
-2.424870316603724985e-02
-2.424753113955696593e-02
-2.424600410630487965e-02
-2.424759586484099422e-02
-2.424118793218418486e-02
-2.424536865293273544e-02
-2.424564322376674894e-02
-2.424269340011256033e-02
-2.424307295774852378e-02
-2.425062150837348912e-02
-2.423621207908812844e-02
-2.425048853116005751e-02
-2.424594860244041680e-02
-2.425105001941882735e-02
-2.424915191056668112e-02
-2.424332046611133579e-02
-2.424491490035793687e-02
-2.424279572396616581e-02
-2.423832384009630067e-02
-2.424029398750201375e-02
-2.424406639253706350e-02
-2.424168330369378191e-02
-2.425108637760523336e-02
-2.424845465721222129e-02
-2.424899465476389529e-02
-2.424375370220058917e-02
-2.425211025125078093e-02
-2.423870159311765013e-02
-2.424528292075340402e-02
-2.424619694621210630e-02
-2.424931362362624590e-02
-2.424599149114134433e-02
-2.424825036292388089e-02
-2.424205602193840736e-02
-2.424819371695958320e-02
-2.424750181636475127e-02
-2.423746866636891997e-02
-2.423971536575528565e-02
-2.423794582606387388e-02
-2.424457721343532129e-02
-2.423309480495362475e-02
-2.424218165177591602e-02
-2.423971597399170869e-02
-2.423495700453355203e-02
-2.424734949842347401e-02
-2.425121076220115163e-02
-2.423957100918751675e-02
-2.424168918635199316e-02
-2.423082459775295280e-02
-2.424290876450771112e-02
-2.424786082848404134e-02
-2.423789926351818322e-02
-2.423931794778555124e-02
-2.424174391776794807e-02
-2.423013164348100310e-02
-2.425527792447546710e-02
-2.424604239815610421e-02
-2.424402686061079629e-02
-2.424338749065480664e-02
-2.424665779243421332e-02
-2.424179043312406703e-02
-2.424419138792312939e-02
-2.424580502099754273e-02
-2.424902794243037271e-02
-2.425143047135993463e-02
-2.424305139353697194e-02
-2.423847507191440737e-02
-2.424218122490631386e-02
-2.425132844317284125e-02
-2.424753682890274514e-02
-2.425440645702617998e-02
-2.425186265118197890e-02
-2.424379418504724049e-02
-2.423661442133775296e-02
-2.424469121645998412e-02
-2.424519356033975545e-02
-2.424046950396753844e-02
-2.425190036423396922e-02
-2.424038858346804631e-02
-2.423945074800537558e-02
-2.424631186106276579e-02
-2.423826704802732948e-02
-2.424685895297155544e-02
-2.424161117022336984e-02
-2.424722171984927677e-02
-2.423833764686872047e-02
-2.424440728505101311e-02
-2.424276679184860644e-02
-2.423299418891134566e-02
-2.424308288982772105e-02
-2.423655969691746945e-02
-2.424064025603334810e-02
-2.424142375337829877e-02
-2.424194160961623545e-02
-2.425238254097900059e-02
-2.425235935908381241e-02
-2.424641847435497419e-02
-2.424881058432298842e-02
-2.425110026001625271e-02
-2.424801123313078885e-02
-2.425423004028141177e-02
-2.423982494904253562e-02
-2.424979398096832606e-02
-2.424698849078169363e-02
-2.424588565749553198e-02
-2.424837566886719337e-02
-2.424768591103671281e-02
-2.424008474869848717e-02
-2.424631841707453050e-02
-2.424585595609989735e-02
-2.423941211730660031e-02
-2.424766938672445749e-02
-2.424588667175254716e-02
-2.424829777601534078e-02
-2.424323305768682352e-02
-2.423902185446880075e-02
-2.424120362356844624e-02
-2.423639018994891425e-02
-2.424697591579077702e-02
-2.424134885186985874e-02
-2.425260162510845668e-02
-2.423863886016642405e-02
-2.423673667991795705e-02
-2.424220844008746073e-02
-2.424093513722600304e-02
-2.423794732527564597e-02
-2.424183017681855526e-02
-2.424056461178717564e-02
-2.424110519144960160e-02
-2.423937432260290722e-02
-2.424636101987759015e-02
-2.424468640038698539e-02
-2.424795197174099345e-02
-2.425106186995713495e-02
-2.424657656154631871e-02
-2.424451237557153152e-02
-2.424361732974874770e-02
-2.423537782693779841e-02
-2.423901375109607445e-02
-2.424029566755604367e-02
-2.424326741445611416e-02
-2.424119840592689132e-02
-2.424035352141918481e-02
-2.424034146846915788e-02
-2.423344822950138436e-02
-2.424337609722521797e-02
-2.424131739808982333e-02
-2.424293569891731656e-02
-2.424822605861854524e-02
-2.424425976264017041e-02
-2.424193126858062777e-02
-2.423898076061597323e-02
-2.424792014263359510e-02
-2.424455355005838281e-02
-2.424836234331167323e-02
-2.424612520110880007e-02
-2.424857772421684654e-02
-2.423973380839806319e-02
-2.424009027849709924e-02
-2.424574216617389130e-02
-2.424722379643471162e-02
-2.424682311079762523e-02
-2.424699531314240125e-02
-2.423842419065847312e-02
-2.424358197965899991e-02
-2.424419727918282821e-02
-2.424448005698776054e-02
-2.423948965720211166e-02
-2.424502287134671155e-02
-2.424409279127446443e-02
-2.424709561889027212e-02
-2.425280434046691094e-02
-2.424384882144005673e-02
-2.425265953768653351e-02
-2.425112788917657691e-02
-2.424331942129155995e-02
-2.423955627321811718e-02
-2.424663088570733899e-02
-2.424380100512724470e-02
-2.424425324755666647e-02
-2.424508448166487473e-02
-2.424573410813932531e-02
-2.423847573941487893e-02
-2.424037683511969313e-02
-2.423493942137027943e-02
-2.425391621270308121e-02
-2.425089305475652129e-02
-2.424821733625779144e-02
-2.425006082866315929e-02
