-7.705646753311157227e-02
-7.985767722129821777e-02
-8.175154030323028564e-02
-8.288450539112091064e-02
-8.343358337879180908e-02
-8.394924551248550415e-02
-8.409789204597473145e-02
-8.433409780263900757e-02
-8.434156328439712524e-02
-8.438413590192794800e-02
-8.439859747886657715e-02
-8.447022736072540283e-02
-8.450999110937118530e-02
-8.449010550975799561e-02
-8.436758816242218018e-02
-8.445251733064651489e-02
-8.444640785455703735e-02
-8.449994027614593506e-02
-8.448083698749542236e-02
-8.447050303220748901e-02
-8.449851721525192261e-02
-8.446790277957916260e-02
-8.451706916093826294e-02
-8.446714282035827637e-02
-8.441544324159622192e-02
-8.442579209804534912e-02
-8.447410166263580322e-02
-8.446785807609558105e-02
-8.437272906303405762e-02
-8.448789268732070923e-02
-8.444917947053909302e-02
-8.447537571191787720e-02
-8.446046710014343262e-02
-8.447325974702835083e-02
-8.448150753974914551e-02
-8.449117094278335571e-02
-8.445736020803451538e-02
-8.446416258811950684e-02
-8.451600372791290283e-02
-8.447787165641784668e-02
-8.451603353023529053e-02
-8.444646745920181274e-02
-8.455406129360198975e-02
-8.446005731821060181e-02
-8.447232097387313843e-02
-8.449737727642059326e-02
-8.449985831975936890e-02
-8.449253439903259277e-02
-8.445210754871368408e-02
-8.449026942253112793e-02
-8.448327332735061646e-02
-8.443710207939147949e-02
-8.448366075754165649e-02
-8.442166447639465332e-02
-8.446487039327621460e-02
-8.446265012025833130e-02
-8.448042720556259155e-02
-8.449967205524444580e-02
-8.444962650537490845e-02
-8.445449173450469971e-02
-8.445742726325988770e-02
-8.444784581661224365e-02
-8.449847251176834106e-02
-8.452344685792922974e-02
-8.443463593721389771e-02
-8.448412269353866577e-02
-8.440950512886047363e-02
-8.449142426252365112e-02
-8.445974439382553101e-02
-8.444236218929290771e-02
-8.444791287183761597e-02
-8.446794003248214722e-02
-8.452364057302474976e-02
-8.447834849357604980e-02
-8.447135984897613525e-02
-8.446846157312393188e-02
-8.448009938001632690e-02
-8.449016511440277100e-02
-8.447115868330001831e-02
-8.448454737663269043e-02
-8.448577672243118286e-02
-8.448717743158340454e-02
-8.448167145252227783e-02
-8.454160392284393311e-02
-8.451441675424575806e-02
-8.445039391517639160e-02
-8.446910232305526733e-02
-8.442257344722747803e-02
-8.446291834115982056e-02
-8.444328606128692627e-02
-8.441702276468276978e-02
-8.447082340717315674e-02
-8.438967913389205933e-02
-8.444231003522872925e-02
-8.446396142244338989e-02
-8.444865047931671143e-02
-8.444615453481674194e-02
-8.446492999792098999e-02
-8.451066911220550537e-02
-8.447656035423278809e-02
-8.450055867433547974e-02
-8.447744697332382202e-02
-8.450898528099060059e-02
-8.448560535907745361e-02
-8.448530733585357666e-02
-8.453457802534103394e-02
-8.446758240461349487e-02
-8.449842780828475952e-02
-8.438447117805480957e-02
-8.447487652301788330e-02
-8.452729135751724243e-02
-8.445498347282409668e-02
-8.445375412702560425e-02
-8.453662693500518799e-02
-8.448622375726699829e-02
-8.448930084705352783e-02
-8.448906242847442627e-02
-8.451602607965469360e-02
-8.450094610452651978e-02
-8.449126034975051880e-02
-8.451260626316070557e-02
-8.444459736347198486e-02
-8.443393558263778687e-02
-8.446715772151947021e-02
-8.449997752904891968e-02
-8.447499573230743408e-02
-8.441720902919769287e-02
-8.451077342033386230e-02
-8.443778008222579956e-02
-8.444646745920181274e-02
-8.447246998548507690e-02
-8.444753289222717285e-02
-8.448912948369979858e-02
-8.447531610727310181e-02
-8.455535769462585449e-02
-8.447388559579849243e-02
-8.450683206319808960e-02
-8.447362482547760010e-02
-8.449406176805496216e-02
-8.444626629352569580e-02
-8.446958661079406738e-02
-8.443202823400497437e-02
-8.448307216167449951e-02
-8.445186913013458252e-02
-8.448585867881774902e-02
-8.444185554981231689e-02
-8.439794927835464478e-02
-8.449131995439529419e-02
-8.454297482967376709e-02
-8.452749997377395630e-02
-8.447834849357604980e-02
-8.446922898292541504e-02
-8.450091630220413208e-02
-8.449146151542663574e-02
-8.446013182401657104e-02
-8.441554754972457886e-02
-8.449127525091171265e-02
-8.449342846870422363e-02
-8.450527489185333252e-02
-8.444379270076751709e-02
-8.443461358547210693e-02
-8.445387333631515503e-02
-8.448158204555511475e-02
-8.445774018764495850e-02
-8.444135636091232300e-02
-8.448357135057449341e-02
-8.445357531309127808e-02
-8.442404866218566895e-02
-8.447364717721939087e-02
-8.447877317667007446e-02
-8.452773839235305786e-02
-8.440915495157241821e-02
-8.447114378213882446e-02
-8.441708981990814209e-02
-8.450636267662048340e-02
-8.445570617914199829e-02
-8.446951210498809814e-02
-8.451060205698013306e-02
-8.440823853015899658e-02
-8.448686450719833374e-02
-8.449779450893402100e-02
-8.451351523399353027e-02
-8.445776253938674927e-02
-8.442477136850357056e-02
-8.444067090749740601e-02
-8.446709811687469482e-02
-8.447252959012985229e-02
-8.449497073888778687e-02
-8.448422700166702271e-02
-8.449963480234146118e-02
-8.449368923902511597e-02
-8.447179198265075684e-02
-8.447773754596710205e-02
-8.450368791818618774e-02
-8.450319617986679077e-02
-8.447759598493576050e-02
-8.447887003421783447e-02
-8.449665457010269165e-02
-8.445094525814056396e-02
-8.449087291955947876e-02
-8.421276509761810303e-02
-8.447320759296417236e-02
-8.453182876110076904e-02
-8.447155356407165527e-02
-8.444892615079879761e-02
-8.443776518106460571e-02
-8.441624045372009277e-02
-8.443139493465423584e-02
-8.446219563484191895e-02
-8.448652178049087524e-02
-8.449099957942962646e-02
-8.450870215892791748e-02
-8.450234681367874146e-02
-8.449313789606094360e-02
-8.442492783069610596e-02
-8.444573730230331421e-02
-8.446431905031204224e-02
-8.448086678981781006e-02
-8.452160656452178955e-02
-8.441470563411712646e-02
-8.447445183992385864e-02
-8.451125025749206543e-02
-8.456981927156448364e-02
-8.446309715509414673e-02
-8.448383957147598267e-02
-8.445332944393157959e-02
-8.448148518800735474e-02
-8.455181866884231567e-02
-8.448703587055206299e-02
-8.444119244813919067e-02
-8.446746319532394409e-02
-8.452964574098587036e-02
-8.453437685966491699e-02
-8.451018482446670532e-02
-8.449839800596237183e-02
-8.446390926837921143e-02
-8.451024442911148071e-02
-8.446305245161056519e-02
-8.446595072746276855e-02
-8.445827662944793701e-02
-8.444883674383163452e-02
-8.443535864353179932e-02
-8.444339781999588013e-02
-8.442371338605880737e-02
-8.448911458253860474e-02
-8.446588367223739624e-02
-8.450295776128768921e-02
-8.446566015481948853e-02
-8.446691930294036865e-02
-8.445630967617034912e-02
-8.449044078588485718e-02
-8.453008532524108887e-02
-8.447755873203277588e-02
-8.453529328107833862e-02
-8.447366207838058472e-02
-8.436755090951919556e-02
-8.444437384605407715e-02
-8.448337763547897339e-02
-8.444406837224960327e-02
-8.446564525365829468e-02
-8.443631231784820557e-02
-8.447737991809844971e-02
-8.447115868330001831e-02
-8.449333161115646362e-02
-8.444550633430480957e-02
-8.445160835981369019e-02
-8.438132703304290771e-02
-8.445382863283157349e-02
-8.442778885364532471e-02
-8.445251733064651489e-02
-8.446668088436126709e-02
-8.446591347455978394e-02
-8.445535600185394287e-02
-8.448122441768646240e-02
-8.446046710014343262e-02
-8.450038731098175049e-02
-8.451305329799652100e-02
-8.444394916296005249e-02
-8.439524471759796143e-02
-8.444759249687194824e-02
-8.444599807262420654e-02
-8.447187393903732300e-02
-8.450481295585632324e-02
-8.445724099874496460e-02
-8.449877798557281494e-02
-8.454500138759613037e-02
-8.449311554431915283e-02
-8.444179594516754150e-02
-8.444032073020935059e-02
-8.450976759195327759e-02
-8.448611199855804443e-02
-8.443730324506759644e-02
-8.452599495649337769e-02
-8.448061347007751465e-02
-8.445004373788833618e-02
-8.445152640342712402e-02
-8.450867235660552979e-02
-8.452244102954864502e-02
-8.445959538221359253e-02
-8.442474901676177979e-02
-8.450045436620712280e-02
-8.447030186653137207e-02
-8.446489274501800537e-02
-8.451615273952484131e-02
-8.453086763620376587e-02
-8.446503430604934692e-02
-8.443353325128555298e-02
-8.444790542125701904e-02
-8.442593365907669067e-02
-8.447570353746414185e-02
-8.451279997825622559e-02
-8.448023349046707153e-02
-8.446200937032699585e-02
-8.442900329828262329e-02
-8.446875959634780884e-02
-8.447538316249847412e-02
-8.453996479511260986e-02
-8.449341356754302979e-02
-8.447218686342239380e-02
-8.449490368366241455e-02
-8.446087688207626343e-02
-8.445509523153305054e-02
-8.444432169198989868e-02
-8.440688997507095337e-02
-8.445087820291519165e-02
-8.448210358619689941e-02
-8.442136645317077637e-02
-8.450745046138763428e-02
-8.448579162359237671e-02
-8.443221449851989746e-02
-8.443722128868103027e-02
-8.444442600011825562e-02
-8.445458859205245972e-02
-8.438061177730560303e-02
-8.444457501173019409e-02
-8.446729928255081177e-02
-8.446850627660751343e-02
-8.449376374483108521e-02
-8.452671021223068237e-02
-8.449131995439529419e-02
-8.454082906246185303e-02
-8.448585122823715210e-02
-8.444449305534362793e-02
-8.444000780582427979e-02
-8.451192826032638550e-02
-8.439736813306808472e-02
-8.453269302845001221e-02
-8.456683903932571411e-02
-8.452449738979339600e-02
-8.445418626070022583e-02
-8.449199795722961426e-02
-8.450404554605484009e-02
-8.451905846595764160e-02
-8.448693901300430298e-02
-8.449726551771163940e-02
-8.440729230642318726e-02
-8.445642143487930298e-02
-8.440551161766052246e-02
-8.442505449056625366e-02
-8.445902168750762939e-02
-8.451896160840988159e-02
-8.450701087713241577e-02
-8.446312695741653442e-02
-8.452508598566055298e-02
-8.452970534563064575e-02
-8.446086198091506958e-02
-8.452110737562179565e-02
-8.446960896253585815e-02
-8.447899669408798218e-02
-8.445670455694198608e-02
-8.445081859827041626e-02
-8.445159345865249634e-02
-8.451327681541442871e-02
-8.446828275918960571e-02
-8.446901291608810425e-02
-8.448032289743423462e-02
-8.449897170066833496e-02
-8.443094789981842041e-02
-8.442966639995574951e-02
-8.448297530412673950e-02
-8.445081114768981934e-02
-8.445505052804946899e-02
-8.445184677839279175e-02
-8.447564393281936646e-02
-8.447371423244476318e-02
-8.447396010160446167e-02
-8.451036363840103149e-02
-8.448917418718338013e-02
-8.447970449924468994e-02
-8.448722213506698608e-02
-8.457234501838684082e-02
-8.449895679950714111e-02
-8.445987105369567871e-02
-8.445587009191513062e-02
-8.448375016450881958e-02
-8.449900895357131958e-02
-8.446773886680603027e-02
-8.449568599462509155e-02
-8.449121564626693726e-02
-8.448813855648040771e-02
-8.447167277336120605e-02
-8.441729843616485596e-02
-8.445159345865249634e-02
-8.445291966199874878e-02
-8.440808206796646118e-02
-8.445301651954650879e-02
-8.447805792093276978e-02
-8.448107540607452393e-02
-8.447053283452987671e-02
-8.447792381048202515e-02
-8.446271717548370361e-02
-8.450674265623092651e-02
-8.444783091545104980e-02
-8.448647707700729370e-02
-8.448780328035354614e-02
-8.444269746541976929e-02
-8.442892879247665405e-02
-8.453025668859481812e-02
-8.451984822750091553e-02
-8.451301604509353638e-02
-8.448591828346252441e-02
-8.454628288745880127e-02
-8.450377732515335083e-02
-8.452899754047393799e-02
-8.453481644392013550e-02
-8.451329171657562256e-02
-8.450390398502349854e-02
-8.445426076650619507e-02
-8.444047719240188599e-02
-8.440256863832473755e-02
-8.447142690420150757e-02
-8.446533977985382080e-02
-8.448962867259979248e-02
-8.444581925868988037e-02
-8.438032120466232300e-02
-8.444973826408386230e-02
-8.442912250757217407e-02
-8.445360511541366577e-02
-8.449464291334152222e-02
-8.449376374483108521e-02
-8.450087159872055054e-02
-8.448591083288192749e-02
-8.448575437068939209e-02
-8.449940383434295654e-02
-8.445280045270919800e-02
-8.444850891828536987e-02
-8.449392765760421753e-02
-8.446312695741653442e-02
-8.448223024606704712e-02
-8.444600552320480347e-02
-8.448582142591476440e-02
-8.448548614978790283e-02
-8.448230475187301636e-02
-8.445738255977630615e-02
-8.437464386224746704e-02
-8.444825559854507446e-02
-8.443938940763473511e-02
-8.452698588371276855e-02
-8.445461094379425049e-02
-8.448073267936706543e-02
-8.452221006155014038e-02
-8.451239019632339478e-02
-8.450417965650558472e-02
-8.453636616468429565e-02
-8.449291437864303589e-02
-8.451811224222183228e-02
-8.451467007398605347e-02
-8.448860794305801392e-02
-8.455047756433486938e-02
-8.447351306676864624e-02
-8.446358144283294678e-02
-8.449757844209671021e-02
-8.449273556470870972e-02
-8.448801934719085693e-02
-8.444731682538986206e-02
-8.445577323436737061e-02
-8.447907865047454834e-02
-8.448534458875656128e-02
-8.446564525365829468e-02
-8.447965979576110840e-02
-8.440008014440536499e-02
-8.446128666400909424e-02
-8.445266634225845337e-02
-8.446189761161804199e-02
-8.448567241430282593e-02
-8.448792248964309692e-02
-8.446199446916580200e-02
-8.440597355365753174e-02
-8.438556641340255737e-02
-8.448632061481475830e-02
-8.452477306127548218e-02
-8.447013795375823975e-02
-8.448354154825210571e-02
-8.446978032588958740e-02
-8.448037505149841309e-02
-8.443529903888702393e-02
-8.444087952375411987e-02
-8.443377912044525146e-02
-8.446981757879257202e-02
-8.447022736072540283e-02
-8.451963216066360474e-02
-8.449114859104156494e-02
-8.451477438211441040e-02
-8.447863906621932983e-02
-8.447017520666122437e-02
-8.446106314659118652e-02
-8.445438742637634277e-02
-8.449614793062210083e-02
-8.447428047657012939e-02
-8.443959802389144897e-02
-8.445904403924942017e-02
-8.442851901054382324e-02
-8.448000252246856689e-02
-8.444105833768844604e-02
-8.445270359516143799e-02
-8.452401310205459595e-02
-8.450261503458023071e-02
-8.445416390895843506e-02
-8.451154083013534546e-02
-8.456071466207504272e-02
-8.455345779657363892e-02
-8.443163335323333740e-02
-8.454366028308868408e-02
-8.447542041540145874e-02
-8.448430150747299194e-02
-8.448784053325653076e-02
-8.443277329206466675e-02
-8.448556810617446899e-02
-8.447156846523284912e-02
-8.441840112209320068e-02
-8.453975617885589600e-02
-8.450160920619964600e-02
-8.450467139482498169e-02
-8.453442901372909546e-02
-8.445874601602554321e-02
-8.442334830760955811e-02
-8.445205539464950562e-02
-8.448710292577743530e-02
-8.447068184614181519e-02
-8.445546030998229980e-02
-8.447185903787612915e-02
-8.447171002626419067e-02
-8.447819203138351440e-02
-8.448638767004013062e-02
-8.447303622961044312e-02
-8.445921540260314941e-02
-8.445265889167785645e-02
-8.438216149806976318e-02
-8.443861454725265503e-02
-8.445812016725540161e-02
-8.448095619678497314e-02
-8.447559922933578491e-02
-8.442806452512741089e-02
-8.449163287878036499e-02
-8.447396010160446167e-02
-8.444759249687194824e-02
-8.444064110517501831e-02
-8.441849052906036377e-02
-8.445976674556732178e-02
-8.441171050071716309e-02
-8.445437252521514893e-02
-8.447510749101638794e-02
-8.449693769216537476e-02
-8.446171134710311890e-02
-8.447612076997756958e-02
-8.444111794233322144e-02
-8.446016907691955566e-02
-8.446343988180160522e-02
-8.452805876731872559e-02
-8.451194316148757935e-02
-8.444933593273162842e-02
-8.445610105991363525e-02
-8.449185639619827271e-02
-8.446897566318511963e-02
-8.452007174491882324e-02
-8.445344865322113037e-02
-8.448795974254608154e-02
-8.442978560924530029e-02
-8.449710160493850708e-02
-8.449839055538177490e-02
-8.446452766656875610e-02
-8.452989906072616577e-02
-8.446355164051055908e-02
-8.452967554330825806e-02
-8.450234681367874146e-02
-8.444159477949142456e-02
-8.444048464298248291e-02
-8.442180603742599487e-02
-8.440924435853958130e-02
-8.442660421133041382e-02
-8.440561592578887939e-02
-8.449135720729827881e-02
-8.452083915472030640e-02
-8.452607691287994385e-02
-8.444836735725402832e-02
-8.449161797761917114e-02
-8.450303971767425537e-02
-8.446278423070907593e-02
-8.443821966648101807e-02
-8.447269350290298462e-02
-8.444784581661224365e-02
-8.442633599042892456e-02
-8.450260013341903687e-02
-8.451005071401596069e-02
-8.450881391763687134e-02
-8.448102325201034546e-02
-8.449809998273849487e-02
-8.446332812309265137e-02
-8.447425067424774170e-02
-8.451744168996810913e-02
-8.443449437618255615e-02
-8.445581793785095215e-02
-8.442087471485137939e-02
-8.449298888444900513e-02
-8.450926095247268677e-02
-8.453635871410369873e-02
-8.451021462678909302e-02
-8.450416475534439087e-02
-8.445645123720169067e-02
-8.449386805295944214e-02
-8.447746187448501587e-02
-8.449482172727584839e-02
-8.441702276468276978e-02
-8.440104871988296509e-02
-8.448388427495956421e-02
-8.457707613706588745e-02
-8.446101099252700806e-02
-8.448071777820587158e-02
-8.444769680500030518e-02
-8.443774282932281494e-02
-8.453377336263656616e-02
-8.446381241083145142e-02
-8.444522321224212646e-02
-8.443531394004821777e-02
-8.453121036291122437e-02
-8.450101315975189209e-02
-8.448161929845809937e-02
-8.440294116735458374e-02
-8.442596346139907837e-02
-8.444597572088241577e-02
-8.443757891654968262e-02
-8.447612822055816650e-02
-8.449103683233261108e-02
-8.450008928775787354e-02
-8.449647575616836548e-02
-8.444087952375411987e-02
-8.449357002973556519e-02
-8.446317166090011597e-02
-8.447189629077911377e-02
-8.444679528474807739e-02
-8.452071994543075562e-02
-8.451828360557556152e-02
-8.449707180261611938e-02
-8.442015945911407471e-02
-8.445164561271667480e-02
-8.452623337507247925e-02
-8.440236002206802368e-02
-8.442845195531845093e-02
-8.443439751863479614e-02
-8.445368707180023193e-02
-8.454465121030807495e-02
-8.447315543889999390e-02
-8.452395349740982056e-02
-8.447991311550140381e-02
-8.447278290987014771e-02
-8.452100306749343872e-02
-8.447704464197158813e-02
-8.445127308368682861e-02
-8.444975316524505615e-02
-8.446662873029708862e-02
-8.450425416231155396e-02
-8.447037637233734131e-02
-8.444405347108840942e-02
-8.440191298723220825e-02
-8.451465517282485962e-02
-8.453159779310226440e-02
-8.451712876558303833e-02
-8.446629345417022705e-02
-8.447904884815216064e-02
-8.442848175764083862e-02
-8.447421342134475708e-02
-8.444400131702423096e-02
-8.447613567113876343e-02
-8.444939553737640381e-02
-8.442834764719009399e-02
-8.451446890830993652e-02
-8.447758108377456665e-02
-8.455518633127212524e-02
-8.451215177774429321e-02
-8.440113812685012817e-02
-8.446283638477325439e-02
-8.445159345865249634e-02
-8.445797860622406006e-02
-8.449472486972808838e-02
-8.450027555227279663e-02
-8.449359983205795288e-02
-8.455241471529006958e-02
-8.447936922311782837e-02
-8.445645123720169067e-02
-8.445397764444351196e-02
-8.450056612491607666e-02
-8.446434885263442993e-02
-8.449902385473251343e-02
-8.448076993227005005e-02
-8.446706086397171021e-02
-8.443853259086608887e-02
-8.449494093656539917e-02
-8.447896689176559448e-02
-8.445250242948532104e-02
-8.447410911321640015e-02
-8.445265144109725952e-02
-8.443640917539596558e-02
-8.448955416679382324e-02
-8.448870480060577393e-02
-8.446647971868515015e-02
-8.449287712574005127e-02
-8.448831737041473389e-02
-8.447787165641784668e-02
-8.449517935514450073e-02
-8.444259315729141235e-02
-8.448302000761032104e-02
-8.442763239145278931e-02
-8.439723402261734009e-02
-8.444943279027938843e-02
-8.443745970726013184e-02
-8.443544805049896240e-02
-8.440884947776794434e-02
-8.448120206594467163e-02
-8.450188487768173218e-02
-8.455291390419006348e-02
-8.444821089506149292e-02
-8.450868725776672363e-02
-8.449290692806243896e-02
-8.445289731025695801e-02
-8.448653668165206909e-02
-8.440469205379486084e-02
-8.442071825265884399e-02
-8.442910015583038330e-02
-8.452640473842620850e-02
-8.451180905103683472e-02
-8.447499573230743408e-02
-8.443562686443328857e-02
-8.445103466510772705e-02
-8.448781818151473999e-02
-8.437798917293548584e-02
-8.450181782245635986e-02
-8.441615849733352661e-02
-8.445166796445846558e-02
-8.442514389753341675e-02
-8.445059508085250854e-02
-8.451978117227554321e-02
-8.446417003870010376e-02
-8.445281535387039185e-02
-8.451075106859207153e-02
-8.447671681642532349e-02
-8.447811007499694824e-02
-8.450452238321304321e-02
-8.448571711778640747e-02
-8.451625704765319824e-02
-8.444076031446456909e-02
-8.442865312099456787e-02
-8.451564610004425049e-02
-8.447232097387313843e-02
-8.453407138586044312e-02
-8.440545946359634399e-02
-8.444198220968246460e-02
-8.440916985273361206e-02
-8.441975712776184082e-02
-8.446457237005233765e-02
-8.446888625621795654e-02
-8.448124676942825317e-02
-8.455937355756759644e-02
-8.448842912912368774e-02
-8.451751619577407837e-02
-8.445854485034942627e-02
-8.449319750070571899e-02
-8.446682244539260864e-02
-8.444765955209732056e-02
-8.438091725111007690e-02
-8.440964668989181519e-02
-8.439520001411437988e-02
-8.446409553289413452e-02
-8.442007005214691162e-02
-8.450897037982940674e-02
-8.442497998476028442e-02
-8.445312082767486572e-02
-8.447596430778503418e-02
-8.443491160869598389e-02
-8.447667956352233887e-02
-8.444001525640487671e-02
-8.446706086397171021e-02
-8.449778705835342407e-02
-8.443690091371536255e-02
-8.447442948818206787e-02
-8.450779318809509277e-02
-8.449355512857437134e-02
-8.449678122997283936e-02
-8.447318524122238159e-02
-8.449402451515197754e-02
-8.445946127176284790e-02
-8.451394736766815186e-02
-8.452301472425460815e-02
-8.450610190629959106e-02
-8.450947701930999756e-02
-8.456702530384063721e-02
-8.452667295932769775e-02
-8.448482304811477661e-02
-8.452162146568298340e-02
-8.447692543268203735e-02
-8.443100005388259888e-02
-8.444641530513763428e-02
-8.441796153783798218e-02
-8.443854749202728271e-02
-8.447916805744171143e-02
-8.444672077894210815e-02
-8.449813723564147949e-02
-8.449556678533554077e-02
-8.448637276887893677e-02
-8.445517718791961670e-02
-8.448050916194915771e-02
-8.448439091444015503e-02
-8.452498167753219604e-02
-8.454001694917678833e-02
-8.444588631391525269e-02
-8.443509042263031006e-02
-8.447802811861038208e-02
-8.448721468448638916e-02
-8.450485765933990479e-02
-8.444654196500778198e-02
-8.444266766309738159e-02
-8.443078398704528809e-02
-8.448551595211029053e-02
-8.451727777719497681e-02
-8.444811403751373291e-02
-8.442919701337814331e-02
-8.447214961051940918e-02
-8.441369980573654175e-02
-8.443488925695419312e-02
-8.440618962049484253e-02
-8.443702012300491333e-02
-8.443339169025421143e-02
-8.442763239145278931e-02
-8.451312035322189331e-02
-8.447383344173431396e-02
-8.448266237974166870e-02
-8.450921624898910522e-02
-8.451327681541442871e-02
-8.451496809720993042e-02
-8.445878326892852783e-02
-8.439549058675765991e-02
-8.448392897844314575e-02
-8.449234068393707275e-02
-8.445119112730026245e-02
-8.443789929151535034e-02
-8.445663750171661377e-02
-8.450476825237274170e-02
-8.441007882356643677e-02
-8.451835066080093384e-02
-8.442983031272888184e-02
-8.448223024606704712e-02
-8.450213819742202759e-02
-8.452301472425460815e-02
-8.448634296655654907e-02
-8.449282497167587280e-02
-8.445278555154800415e-02
-8.448424935340881348e-02
-8.449054509401321411e-02
-8.452407270669937134e-02
-8.447761833667755127e-02
-8.446481078863143921e-02
-8.447518944740295410e-02
-8.446150273084640503e-02
-8.445949852466583252e-02
-8.454073965549468994e-02
-8.452952653169631958e-02
-8.450509607791900635e-02
-8.446201682090759277e-02
-8.454409241676330566e-02
-8.445456624031066895e-02
-8.449944853782653809e-02
-8.450753986835479736e-02
-8.447560667991638184e-02
-8.448164910078048706e-02
-8.447476476430892944e-02
-8.441170305013656616e-02
-8.452110737562179565e-02
-8.439663797616958618e-02
-8.448310941457748413e-02
-8.445694297552108765e-02
-8.449298888444900513e-02
-8.438248932361602783e-02
-8.441314101219177246e-02
-8.447656035423278809e-02
-8.444778621196746826e-02
-8.444641530513763428e-02
-8.445326983928680420e-02
-8.448771387338638306e-02
-8.454532921314239502e-02
-8.453837782144546509e-02
-8.455911278724670410e-02
-8.443216234445571899e-02
-8.451824635267257690e-02
-8.441057056188583374e-02
-8.451738208532333374e-02
-8.448371291160583496e-02
-8.443599194288253784e-02
-8.445401489734649658e-02
-8.440355956554412842e-02
-8.449018746614456177e-02
-8.445659279823303223e-02
-8.444137871265411377e-02
-8.443988114595413208e-02
-8.449999988079071045e-02
-8.447024971246719360e-02
-8.452625572681427002e-02
-8.437426388263702393e-02
-8.449629694223403931e-02
-8.448771387338638306e-02
-8.447817713022232056e-02
-8.449173718690872192e-02
-8.448388427495956421e-02
-8.444004505872726440e-02
-8.449154347181320190e-02
-8.447530865669250488e-02
-8.442805707454681396e-02
-8.451220393180847168e-02
-8.449662476778030396e-02
-8.440950512886047363e-02
-8.444200456142425537e-02
-8.442623913288116455e-02
-8.445011824369430542e-02
-8.453460037708282471e-02
-8.446548879146575928e-02
-8.452986180782318115e-02
-8.447671681642532349e-02
-8.447159081697463989e-02
-8.455862849950790405e-02
-8.451135456562042236e-02
-8.446615189313888550e-02
-8.449850976467132568e-02
-8.454894274473190308e-02
-8.445373177528381348e-02
-8.373780548572540283e-02
-8.454047888517379761e-02
-8.443722128868103027e-02
-8.444805443286895752e-02
-8.450245112180709839e-02
-8.444524556398391724e-02
-8.444010466337203979e-02
-8.442822843790054321e-02
-8.447121083736419678e-02
-8.452749997377395630e-02
-8.448591828346252441e-02
-8.449880033731460571e-02
-8.443652093410491943e-02
-8.441348373889923096e-02
-8.443686366081237793e-02
-8.446817845106124878e-02
-8.447502553462982178e-02
-8.444920182228088379e-02
-8.446908742189407349e-02
-8.448877185583114624e-02
-8.443795144557952881e-02
-8.443818986415863037e-02
-8.450084179639816284e-02
-8.438409119844436646e-02
-8.450772613286972046e-02
-8.445881307125091553e-02
-8.448168635368347168e-02
-8.444315940141677856e-02
-8.449469506740570068e-02
-8.444493263959884644e-02
-8.447499573230743408e-02
-8.452404290437698364e-02
-8.450470864772796631e-02
-8.447077125310897827e-02
-8.448684960603713989e-02
-8.440411835908889771e-02
-8.451058715581893921e-02
-8.441932499408721924e-02
-8.444062620401382446e-02
-8.454542607069015503e-02
-8.450056612491607666e-02
-8.444283902645111084e-02
-8.448478579521179199e-02
-8.443757891654968262e-02
-8.445765823125839233e-02
-8.448987454175949097e-02
-8.450990170240402222e-02
-8.453461527824401855e-02
-8.452833443880081177e-02
-8.448026329278945923e-02
-8.452961593866348267e-02
-8.442641794681549072e-02
-8.449175208806991577e-02
-8.441490679979324341e-02
-8.445061743259429932e-02
-8.441908657550811768e-02
-8.450154215097427368e-02
-8.449273556470870972e-02
