-7.614226458236436623e-02
-7.564434560207110303e-02
-7.665672051684960242e-02
-7.594587307964727196e-02
-7.652612136354271233e-02
-7.609152070192844175e-02
-7.674921291206023011e-02
-7.676048783082675686e-02
-7.715488531797805305e-02
-7.679080020096400172e-02
-7.718787998348068669e-02
-7.762840016172524449e-02
-7.824977934794945245e-02
-7.802375379976421443e-02
-7.764902659445128974e-02
-7.830776746956040479e-02
-7.871300220893751032e-02
-7.789115158935173977e-02
-7.814993912065691661e-02
-7.857522853258867845e-02
-7.869252001625677562e-02
-7.883577808436495471e-02
-7.886052353691301586e-02
-7.918397117751106717e-02
-7.926114379064855275e-02
-7.937015601570449053e-02
-7.914264006716566213e-02
-7.935381161440976938e-02
-7.956210349072735666e-02
-7.947184819637485853e-02
-7.938841203394997326e-02
-7.960487115079975529e-02
-7.943702711298428198e-02
-7.952796157618494122e-02
-7.942083194406943103e-02
-7.944457776113368619e-02
-7.948170434248706673e-02
-7.947799413323661244e-02
-7.955967400905646081e-02
-7.962567802680502183e-02
-7.964686245945677701e-02
-7.953171163621679252e-02
-7.961837443708209838e-02
-7.965523011092175143e-02
-7.980672940842616081e-02
-7.955127979948757588e-02
-7.944085541288871399e-02
-7.957324004871159373e-02
-7.960046938356869772e-02
-7.962393845579585072e-02
-7.979985841465875307e-02
-7.957921602330240984e-02
-7.973922246464423824e-02
-7.958740582609864778e-02
-7.958641125181477316e-02
-7.964218613492547727e-02
-7.955538604271085446e-02
-7.968621976265444218e-02
-7.973168177144122903e-02
-7.961796663813471009e-02
-7.961315200518466473e-02
-7.957482347428983249e-02
-7.958634094728836428e-02
-7.962255308337291837e-02
-7.969207025224414598e-02
-7.978088873537478309e-02
-7.974586944031135383e-02
-7.950198130649398232e-02
-7.968731436985551642e-02
-7.955389785149792614e-02
-7.965937204854300902e-02
-7.973578346627355207e-02
-7.954784024317738955e-02
-7.960263242739061551e-02
-7.969302128952202025e-02
-7.991509993540148182e-02
-7.946152834834240009e-02
-7.967959716142401783e-02
-7.977229696026208461e-02
-7.977734945893644181e-02
-7.970243206985304363e-02
-7.962034851342927877e-02
-7.980807720888059842e-02
-7.960959532465995692e-02
-7.972060101484243488e-02
-7.984295480795933209e-02
-7.957135002502889465e-02
-7.971724125538567907e-02
-7.964364580651912828e-02
-7.967755643799655230e-02
-7.984434677143915915e-02
-7.971865483201766300e-02
-7.969657853139948400e-02
-7.974439258435661593e-02
-7.974431197587003584e-02
-7.967616749071657067e-02
-7.966154343150304296e-02
-7.971892244182317289e-02
-7.979197475253387017e-02
-7.965290321892783132e-02
-7.978650954732105505e-02
-7.979326748841776562e-02
-7.972415706578218908e-02
-7.954562870528837648e-02
-7.969037778997341281e-02
-7.969087574387265227e-02
-7.969838593403573423e-02
-7.980898390342296145e-02
-7.979364962896087765e-02
-7.978385791962396001e-02
-7.970837067446766289e-02
-7.983983094158565719e-02
-7.975395509311648812e-02
-7.972494748530620234e-02
-7.969198769846577712e-02
-7.975253961999920205e-02
-7.974575073181465468e-02
-7.971659854318868810e-02
-7.984064913298792587e-02
-7.968870456733680163e-02
-7.980620257707880805e-02
-7.975812972058149430e-02
-7.966619458697390965e-02
-7.975842256093447491e-02
-7.973868380074322637e-02
-7.963438539193450072e-02
-7.956455780205727579e-02
-7.976928163319137177e-02
-7.972151551632455924e-02
-7.966296100666817037e-02
-7.982851145303745954e-02
-7.990407150700040706e-02
-7.982083678474061195e-02
-7.984093984658831300e-02
-7.976116404582489494e-02
-7.964123251251740976e-02
-7.977772531348284457e-02
-7.990648776139948339e-02
-7.976172054753395690e-02
-7.971625930311874997e-02
-7.958464868421651073e-02
-7.990818611191903564e-02
-7.981803077614488262e-02
-7.964934161345886554e-02
-7.975688681432668847e-02
-7.965589986963092506e-02
-7.972403815650526415e-02
-7.959255061165089462e-02
-7.980957951946739126e-02
-7.968274425844672215e-02
-7.980374365152112515e-02
-7.981338987868473456e-02
-7.986979335812649516e-02
-7.968105996737558094e-02
-7.984499029890471111e-02
-7.984414850487901727e-02
-7.975180775610524186e-02
-7.971574190581016961e-02
-7.966600149028149613e-02
-7.982857577810499594e-02
-7.968771964139964581e-02
-7.974789045565552903e-02
-7.980715532394512535e-02
-7.970321736115708322e-02
-7.977374139500795214e-02
-7.979010194165002401e-02
-7.974315342769358606e-02
-7.986206229437242676e-02
-7.970250228739669818e-02
-7.979095256994546415e-02
-7.965264283191079986e-02
-7.973004512756634576e-02
-7.974342178766817557e-02
-7.963250047791033126e-02
-7.979035636711560853e-02
-7.987270174342918361e-02
-7.981988817115463763e-02
-7.978094119074616297e-02
-7.981621896641900860e-02
-7.981280718310268529e-02
-7.978868554934004376e-02
-7.981987656469476111e-02
-7.966411969968256734e-02
-7.964144644389735406e-02
-7.964650543408223482e-02
-7.971174091327097588e-02
-7.979048014810254108e-02
-7.968657395127591581e-02
-7.970916002242374454e-02
-7.966641318121277238e-02
-7.963990262433916223e-02
-7.973498490931230087e-02
-7.972780545418180209e-02
-7.981970401073937293e-02
-7.958737467221051187e-02
-7.977750548985554357e-02
-7.962115235525406287e-02
-7.969020738463192255e-02
-7.982785674130694897e-02
-7.972448274931474843e-02
-7.980806099804504949e-02
-7.965924865230629426e-02
-7.973647619667603714e-02
-7.976929733355321572e-02
-7.973156621745920714e-02
-7.992358583740585831e-02
-7.979664501976586888e-02
-7.972363992900111107e-02
-7.978351636908354028e-02
-7.971221012436756348e-02
-7.984803755396653602e-02
-7.989948467461514825e-02
-7.972468812961867879e-02
-7.977949271080674032e-02
-7.974027185402876583e-02
-7.974983283900209663e-02
-7.972957405985085788e-02
-7.972414769978157512e-02
-7.974388358365448737e-02
-7.968426786793200711e-02
-7.970775889106850032e-02
-7.969066315476279472e-02
-7.961434083777392534e-02
-7.973701950282233164e-02
-7.981786529378813444e-02
-7.975590196212871408e-02
-7.986828304567891723e-02
-7.975245014126371157e-02
-7.976735420725743209e-02
-7.980037467761123826e-02
-7.975494454641110509e-02
-7.979181377333099956e-02
-7.970403557080640855e-02
-7.978857749640552721e-02
-7.970605511065199933e-02
-7.983608531888983229e-02
-7.971167844468715624e-02
-7.968067606911390099e-02
-7.981176981851011154e-02
-7.986543104868094878e-02
-7.962115900403819724e-02
-7.983147230321045729e-02
-7.965907679740480418e-02
-7.975302164612682598e-02
-7.982237433687659756e-02
-7.965634343977121001e-02
-7.969853084085422312e-02
-7.972105814319567496e-02
-7.960417511117781619e-02
-7.970604584533734494e-02
-7.984396850367191101e-02
-7.969134340192539356e-02
-7.983406002832872661e-02
-7.970743646989215947e-02
-7.978364223764840280e-02
-7.974971666737132314e-02
-7.988947467386635359e-02
-7.975249635494643941e-02
-7.990490634404591452e-02
-7.985595119408785136e-02
-7.965440609228198465e-02
-7.973982869203544155e-02
-7.969272020900963760e-02
-7.978977928619361559e-02
-7.966745922637942512e-02
-7.987332494768795144e-02
-7.972576389026962695e-02
-7.971185333000820050e-02
-7.983435267312476158e-02
-7.972887817488324980e-02
-7.971230702361332965e-02
-7.979193856017610664e-02
-7.982488736021468856e-02
-7.975678880065288634e-02
-7.980715533963995967e-02
-7.975850952194221688e-02
-7.975788846250221609e-02
-7.974417137207477635e-02
-7.982810770345950824e-02
-7.975952795704369103e-02
-7.963886135587214254e-02
-7.970095978314903351e-02
-7.995276466789280612e-02
-7.965344870886194306e-02
-7.975789363656364539e-02
-7.979502645697374164e-02
-7.979228174298381993e-02
-7.972613534039484084e-02
-7.970727370776296838e-02
-7.978175096957858259e-02
-7.981113532381838016e-02
-7.965086090947504083e-02
-7.976995678324187711e-02
-7.973271128363899896e-02
-7.979206616261268203e-02
-7.978774651110352722e-02
-7.983524404553862808e-02
-7.966991062378681043e-02
-7.975054916453903908e-02
-7.982929609379903202e-02
-7.967171033778955302e-02
-7.978532576581327806e-02
-7.973823993034474811e-02
-7.983153484323857185e-02
-7.973918568814732100e-02
-7.974092495600419717e-02
-7.988609349243204483e-02
-7.970251953009818702e-02
-7.973959704617354649e-02
-7.982384716882830189e-02
-7.970365739103089930e-02
-7.978457476664736758e-02
-7.987437012444550954e-02
-7.985031935361520949e-02
-7.970931002504880181e-02
-7.972214916130131168e-02
-7.970485896140586113e-02
-7.971559133291387933e-02
-7.972867717190454395e-02
-7.972396061834162440e-02
-7.977040427326276273e-02
-7.984424968775674647e-02
-7.965105387878272658e-02
-7.977795377567506452e-02
-7.970464999808157813e-02
-7.978659197451290486e-02
-7.976091923776706949e-02
-7.973638283930098436e-02
-7.964787999823126630e-02
-7.990131702467517805e-02
-7.979994459456658806e-02
-7.973078948974203495e-02
-7.987876945812244500e-02
-7.970610510060287257e-02
-7.978720210256139145e-02
-7.978475886158800656e-02
-7.968459262926516629e-02
-7.967322752855530987e-02
-7.973081412432279913e-02
-7.985987336845923323e-02
-7.967758501405002025e-02
-7.970175385467904994e-02
-7.986998372958388492e-02
-7.969512937786930873e-02
-7.977613291898896786e-02
-7.977022124454354046e-02
-7.983959385027071531e-02
-7.975553074383087693e-02
-7.974644812233656899e-02
-7.969806414887295465e-02
-7.977233433567300358e-02
-7.984695499083163672e-02
-7.985580693511676320e-02
-7.978992942233735508e-02
-7.979910708390369756e-02
-7.976982210953424690e-02
-7.982436507817732008e-02
-7.972641209928545136e-02
-7.972614704055312751e-02
-7.971496742185177342e-02
-7.960786669825277440e-02
-7.978902459139912418e-02
-7.972799780999530184e-02
-7.982139932937704074e-02
-7.985191215798123632e-02
-7.970566818410618204e-02
-7.981760860003468683e-02
-7.977056003305320331e-02
-7.973985958956142373e-02
-7.984383713249713910e-02
-7.974562823965050673e-02
-7.982037649278449221e-02
-7.971947285716564358e-02
-7.973397049664425473e-02
-7.989610361941167083e-02
-7.977298693065486279e-02
-7.967455199986551995e-02
-7.975366073881517970e-02
-7.975816149328708582e-02
-7.980484769517230681e-02
-7.984466021864752849e-02
-7.980499333906607151e-02
-8.011656964213084708e-02
-7.977898633370823778e-02
-7.975432160877941878e-02
-7.958457040466158927e-02
-7.978116057196928124e-02
-7.970141117135674802e-02
-7.970565703590117013e-02
-7.976750384738250099e-02
-7.969243009901340324e-02
-7.975508003746496766e-02
-7.986035865619768581e-02
-7.979729707056359977e-02
-7.969159134969029668e-02
-7.975005461973108667e-02
-7.970603852984121940e-02
-7.966728701905759213e-02
-7.972904922812132367e-02
-7.978964403284327656e-02
-7.963643639702992771e-02
-7.975959230581895765e-02
-7.978737707433809778e-02
-7.973141854374951598e-02
-7.986249720135300822e-02
-7.975266964130919845e-02
-7.994595406231173873e-02
-7.989738808249698121e-02
-7.961449973982889783e-02
-7.967243630861833847e-02
-7.968172532579471945e-02
-7.984317158429635186e-02
-7.976816975324682590e-02
-7.971246696346016847e-02
-7.969980791281848498e-02
-7.977169759431983198e-02
-7.986552130850024800e-02
-7.969145964219596923e-02
-7.982714608293492442e-02
-7.969323086446868099e-02
-7.998276780829639832e-02
-7.969703867428938604e-02
-7.976619170029919381e-02
-7.971477426972560509e-02
-7.973082968597093589e-02
-7.966418449079504249e-02
-7.975650512256253488e-02
-7.966737526610366549e-02
-7.966729722303608763e-02
-7.977307362774935240e-02
-7.973438355554485213e-02
-7.976276124165590509e-02
-7.972273550345547466e-02
-7.981793600650124998e-02
-7.979082223896154236e-02
-7.979816404651736417e-02
-7.989209782994552422e-02
-7.994858324941699068e-02
-7.969022662755935460e-02
-7.976927211564467657e-02
-7.977244790769653926e-02
-7.971718999292287666e-02
-7.974187356345160960e-02
-7.986087950077015718e-02
-7.974906715897653320e-02
-7.977606738405383646e-02
-7.986722058152302683e-02
-7.973840586600318414e-02
-7.980549426793667744e-02
-7.976369722117009065e-02
-7.978903548570179249e-02
-7.980771495946646643e-02
-7.977431504839131715e-02
-7.978344768211650950e-02
-7.981614506174503076e-02
-7.981819599696275691e-02
-7.971357048614678698e-02
-7.972757665453529541e-02
-7.968912100869951498e-02
-7.975182722039457495e-02
-7.980600951444449809e-02
-7.962394895834060127e-02
-7.976287684253925703e-02
-7.969854043677482291e-02
-7.983549905696883664e-02
-7.976620593452800334e-02
-7.978961213956457799e-02
-7.974671697891702604e-02
-7.970771685988815858e-02
-7.992064012093177960e-02
-7.969708205080615337e-02
-7.975441896696462696e-02
-7.986348660875723648e-02
-7.983365482536444735e-02
-7.985274430702195281e-02
-7.988586970096847595e-02
-7.973451072835423259e-02
-7.972815189589137208e-02
-7.978373163426587256e-02
-7.988370353696996884e-02
-7.985689183015860781e-02
-7.975972894568499061e-02
-7.987966012239121338e-02
-7.975481738128123443e-02
-7.982780103153808149e-02
-7.985949301204388340e-02
-7.980078107063023896e-02
-7.979704875787839435e-02
-7.973920963909250648e-02
-7.982211936076032133e-02
-7.970593812483753315e-02
-7.970849041467957530e-02
-7.993201727609433593e-02
-7.977360257842606994e-02
-7.986383122773206555e-02
-7.967892728622463783e-02
-7.984875471191607565e-02
-7.975286420448332581e-02
-7.974424087983930654e-02
-7.983018223162612059e-02
-7.984583824069553526e-02
-7.979228890752151915e-02
-7.983537024225738354e-02
-7.984664686903701625e-02
-7.971066355598141473e-02
-7.988632191856732956e-02
-7.980353270966132617e-02
-7.991382932281242135e-02
-7.982633585961781963e-02
-7.974239237309681261e-02
-7.982965929782880055e-02
-7.973274210282794983e-02
-7.970978262122649372e-02
-7.977718442846924718e-02
-7.977564272140111323e-02
-7.971700012043532457e-02
-7.982101065380449445e-02
-7.991416056225966735e-02
-7.983887730842785524e-02
-7.974876609231561220e-02
-7.976248388383133658e-02
-7.978708108030689583e-02
-7.974976782555052990e-02
-7.973449338818082432e-02
-7.974375398698886619e-02
-7.979151033751988309e-02
-7.988318871866391391e-02
-7.995861032788177669e-02
-7.968911570470450789e-02
-7.980121831102107710e-02
-7.968733600373147097e-02
-7.978906094573778862e-02
-7.979526320807596440e-02
-7.970343307899993568e-02
-7.973698088470967948e-02
-7.987958211735857184e-02
-7.985926556635339346e-02
-7.990117496722880241e-02
-7.983359317586577464e-02
-7.970709521494478977e-02
-7.977331654186002596e-02
-7.972968762745002991e-02
-7.967059312739212251e-02
-7.969711393273960776e-02
-7.978917161905910160e-02
-7.982169419704542024e-02
-7.973239907664306236e-02
-7.980048995282243429e-02
-7.952015583079488636e-02
-7.985603929771155352e-02
-7.975468279166483820e-02
-7.979062465160022266e-02
-7.974040487022457380e-02
-7.978284721482899189e-02
-7.979123376179463045e-02
-7.989240548740182690e-02
-7.975619859594007544e-02
-7.994426298223279714e-02
-7.978985050997557116e-02
-7.982656839287767536e-02
-7.965749824381281041e-02
-7.964590885481719063e-02
-7.976801146935638687e-02
-7.975811343925411079e-02
-7.973066846028786792e-02
-7.987483398510941690e-02
-7.982258375818432339e-02
-7.971879793079381105e-02
-7.984334956323299592e-02
-7.977535499675221520e-02
-7.972080897551615808e-02
-7.971159843899985886e-02
-7.975064167434971207e-02
-7.981971205149340776e-02
-7.963815358026968272e-02
-7.980827752064957592e-02
-7.979327687470125219e-02
-7.972610273802265002e-02
-7.978270908333406908e-02
-7.980305375880816787e-02
-7.978852366383056005e-02
-7.981296115568452254e-02
-7.972850433472397635e-02
-7.974960170595968290e-02
-7.981344639206100489e-02
-7.972089624184777734e-02
-7.979846430148987424e-02
-7.982439782993108746e-02
-7.978177006675876703e-02
-7.979456912921031875e-02
-7.983038129711325648e-02
-7.985776349435878829e-02
-7.967623063327493316e-02
-7.969228209656738227e-02
-7.975672531090892414e-02
-7.988984606127140509e-02
-7.984868734356465048e-02
-7.973673672987537098e-02
-7.977876507261538741e-02
-7.982557018903380097e-02
-7.986950471785325689e-02
-7.975136410320145253e-02
-7.993210799181606208e-02
-7.979039307413549054e-02
-7.976259949638685176e-02
-7.988574536598044840e-02
-7.972285644595178411e-02
-7.982542821634448782e-02
-7.975974155112416919e-02
-7.980335097782512155e-02
-7.987594144747733882e-02
-7.994171705332352162e-02
-8.009370765088864863e-02
-7.971876167876709718e-02
-7.965910001177359256e-02
-7.962504184106496130e-02
-7.972750131257763662e-02
-7.980242841490466088e-02
-7.967421056888390751e-02
-7.974416282466327555e-02
-7.975878032053092259e-02
-7.977128478892751839e-02
-7.967124742042475116e-02
-7.982194618802994357e-02
-7.973140311727751339e-02
-7.976562659899373575e-02
-7.979433648878608842e-02
-7.974884633484270735e-02
-7.969373895883562209e-02
-7.972256880350167552e-02
-7.974632241573546831e-02
-7.970084684129684349e-02
-7.967098897753004116e-02
-7.983091106346759669e-02
-7.984149607139674754e-02
-7.983349486079967250e-02
-7.968690737286769632e-02
-7.981723702575591051e-02
-7.973837120797308553e-02
-7.967950211708187125e-02
-7.970818841121921072e-02
-7.964550028143624338e-02
-7.980284759340008915e-02
-7.968259465087104698e-02
-7.981417659925434116e-02
-7.984773915675470735e-02
-7.961607284246699501e-02
-7.977326543603299736e-02
-7.974800544394368418e-02
-7.967375157884533377e-02
-7.975520556697819619e-02
-7.970467637343332801e-02
-7.977242440333454088e-02
-7.964648436138418996e-02
-7.975126509106590655e-02
-7.979256013858712637e-02
-7.975033473468153000e-02
-7.990286076921614133e-02
-7.982186931936721686e-02
-7.976833001019868752e-02
-7.973804984093364745e-02
-7.975906663421099274e-02
-7.974710734383040622e-02
-7.976013349734829838e-02
-7.973525022829688891e-02
-7.978845354431600423e-02
-7.975154108751583704e-02
-7.973394476912533391e-02
-7.970843207921644857e-02
-7.986758965933481169e-02
-7.977017741457310962e-02
-7.980599824123819908e-02
-7.969099769871663963e-02
-7.969301621585393736e-02
-7.980113561056788318e-02
-7.969612504034172262e-02
-7.984070166271715896e-02
-7.977138937475945768e-02
-7.954701214402323806e-02
-7.982534889783508836e-02
-7.982563162427955272e-02
-7.987467163189429509e-02
-7.973388132261712002e-02
-7.979843487126672685e-02
-7.978216795207822287e-02
-7.979839036493963089e-02
-7.971436058504195732e-02
-7.979913926779048927e-02
-7.979225410243760697e-02
-7.984522189113629764e-02
-7.984658366209070046e-02
-7.984347832912661036e-02
-7.983666422311509747e-02
-7.980108582444847554e-02
-7.976845578838369366e-02
-7.987047837233292313e-02
-7.971894132905200936e-02
-7.978384708888559829e-02
-7.977666508162035985e-02
-7.983200346840201023e-02
-7.979338687903836380e-02
-7.973353080608548693e-02
-7.989598273161346853e-02
-7.988625628226901643e-02
-7.975895626831661089e-02
-7.991587412843806359e-02
-7.977883211618584658e-02
-7.967522287150748117e-02
-7.976891045289184745e-02
-7.973465588889623590e-02
-7.974107454428025488e-02
-7.977612126601610343e-02
-7.974618894082755038e-02
-7.977969090030691268e-02
-7.982693628955028764e-02
-7.989882057466969612e-02
-7.973606283384536420e-02
-7.979100001496407246e-02
-7.975262784157106932e-02
-7.980137944948258177e-02
-7.976078931767568991e-02
-7.981781497417603233e-02
-7.980547645373588239e-02
-7.976666204135551830e-02
-7.973940003703745838e-02
-7.979152396424313287e-02
-7.986987466272746361e-02
-7.972044329455320322e-02
-7.979167916387043535e-02
-7.981203755665412791e-02
-7.976660516691465308e-02
-7.971091105986800873e-02
-7.963873615673931761e-02
-7.980984489134645976e-02
-7.979940731518915531e-02
-7.976969325381391696e-02
-7.985413735174155814e-02
-7.977555812668510327e-02
-7.968854703627717417e-02
-7.968747762431330206e-02
-7.976552100807274281e-02
-7.983918646955755205e-02
-7.987447476683147418e-02
-7.987909099685418235e-02
-7.984844924633646701e-02
-7.973662584775542683e-02
-7.981997409578711622e-02
-7.980593398507564162e-02
-7.973757000241940562e-02
-7.983293282407463720e-02
-7.963647041961342821e-02
-7.971024166682738610e-02
-7.972799730642488036e-02
-7.970984807246304926e-02
-7.971915893621292493e-02
-7.993038223605228310e-02
-7.982456605497990909e-02
-7.977795801805813436e-02
-7.981179515309669292e-02
-7.982875257546384606e-02
-7.962008428997062459e-02
-7.975483521461039504e-02
-7.989860826912785485e-02
-7.978021331556926776e-02
-7.976515239766913956e-02
-7.982819792237309808e-02
-7.979453956009183169e-02
-7.990696970666306964e-02
-7.975200468732770998e-02
-7.982107866756062153e-02
-7.979974019922364548e-02
-7.988428676344268287e-02
-7.993767495985812377e-02
-7.972429724353523317e-02
-7.985286524565868294e-02
-7.985403636752866352e-02
-7.982242806575301497e-02
-7.977131125403762180e-02
-7.981353256693665688e-02
-7.985337133970779600e-02
-7.978277906049092982e-02
-7.978382766559530270e-02
-7.982530384336664064e-02
-7.961320156925566494e-02
-7.981823453952489877e-02
-7.992171359029501265e-02
-7.983744348395134527e-02
-7.972851422323080917e-02
-7.981643166742879991e-02
-7.983958605854050983e-02
-7.972845096492697792e-02
-7.973662754747988524e-02
-7.967882304135587290e-02
-7.974505765515489675e-02
-7.982648179468485039e-02
-7.981629769824949427e-02
-7.975824042524459756e-02
-7.971106715291308153e-02
-7.974400237017147119e-02
-7.982910061750134179e-02
-7.978127202486169633e-02
-7.965711002945895236e-02
-7.973967264766287921e-02
-7.986843710333076107e-02
-7.979504682523770598e-02
-7.983574548111616043e-02
-7.978371653810834019e-02
-7.981474112775995000e-02
-7.981631630357217955e-02
-7.982047534946998257e-02
-7.982586884225516266e-02
-7.977970283043636646e-02
-7.988050753459141617e-02
-7.978379486335454573e-02
-7.982274228573439656e-02
-7.982570782761606865e-02
-7.985574150318128228e-02
-7.977775783722503011e-02
-7.973213653944631607e-02
-7.971609040390523204e-02
-7.983854201222605196e-02
-7.991485017189671469e-02
-7.982417814980537207e-02
-7.970671917613780799e-02
-7.980530941198951678e-02
-7.973796924350039228e-02
-7.972734372642600875e-02
-7.982678149581472204e-02
-7.988167855487122992e-02
-7.968634814760522378e-02
-7.980449583471867225e-02
-7.977250094939623837e-02
-7.974536803278102493e-02
-7.998088206224289454e-02
-7.970730979815142392e-02
-7.984239669430472086e-02
-7.980365438566362768e-02
-7.985806488809781001e-02
-7.980905344014184444e-02
-7.987961713689074872e-02
-7.982099055825246647e-02
-7.987895932686094047e-02
-7.982297612012392851e-02
-7.971729394451707029e-02
-7.987389359071681016e-02
-7.977210587272187681e-02
-7.980069928388093536e-02
-7.968720111845163656e-02
-7.976507659583575993e-02
-7.982752909881685177e-02
-7.973021541001024115e-02
-7.976728612532614504e-02
-7.967885312839539935e-02
-7.991204116117063549e-02
-7.984246126311776715e-02
-7.994141992118421192e-02
-7.971495872122104365e-02
-7.980059443725166790e-02
-7.971837200894436870e-02
-7.976703402667584264e-02
-7.977468906667810333e-02
-7.971157004128379131e-02
-7.986759498270530611e-02
-7.977158518447646784e-02
-7.974770558984954627e-02
-7.987844674148995849e-02
-7.973492813848045979e-02
-7.977524220221274276e-02
-7.978817692986270305e-02
-7.974591067518067844e-02
-7.971920369074246560e-02
-7.985682305258594293e-02
-7.984901118459990232e-02
-7.981222771708613994e-02
-7.975942764223807602e-02
-7.982134832252986423e-02
-7.966167703730150929e-02
-7.975412876869635015e-02
-7.983312333239959979e-02
-7.982836096980679141e-02
-7.974463669899592433e-02
-7.974999527724165038e-02
-7.978763130670489534e-02
-7.973562324562941117e-02
-7.978993333635293894e-02
-7.976497457303330374e-02
-7.982677853727815354e-02
-7.979847716350094156e-02
-7.986432926026641732e-02
-7.974458604952681939e-02
-7.979431462754094095e-02
-7.982727654363534764e-02
-7.976420906147103917e-02
-7.982653499934581898e-02
-7.977859276365353858e-02
-7.987643412142939048e-02
-7.981741450721677178e-02
-7.977751491755633029e-02
-7.975723294366525440e-02
-7.987892648857634892e-02
-7.981744484556092811e-02
-7.977350172994533695e-02
-7.974606324175156913e-02
-7.980853211541517889e-02
-7.991220407047049112e-02
-7.980662123807759356e-02
-7.983127568528249063e-02
-7.980298430202183158e-02
-7.973827887335750708e-02
-7.981558349618657344e-02
-7.977794829529265275e-02
-7.974165969118152120e-02
-7.991637634147329139e-02
-7.985872454411262200e-02
-7.993103142777910342e-02
-7.965848689706823971e-02
-7.976423414779594545e-02
-7.979332670774812175e-02
-7.975828986285780908e-02
-7.980200196150888381e-02
-7.981716332938323943e-02
-7.972499364793561583e-02
-7.973984199039699239e-02
-7.983067450365274875e-02
-7.977280752622274707e-02
-7.978375646963889456e-02
-7.980859802259963887e-02
-7.972352534862646445e-02
-7.982716989972912791e-02
-7.969183139016666750e-02
-7.978650510881889202e-02
-7.974401307997204535e-02
-7.984812050621593882e-02
-7.981615484493799484e-02
-7.971344202141576740e-02
-7.980362211520841687e-02
-7.971753149573587716e-02
-7.982542815160750815e-02
-7.985748874167454547e-02
-7.970149361617399897e-02
-7.970473188140322907e-02
-7.979315809661668979e-02
-7.979336777848415607e-02
-7.991208397054784529e-02
-7.983717880187625460e-02
-7.979672875268543908e-02
-7.981601769737887986e-02
-7.980635975980078511e-02
-7.973966927967672536e-02
-7.987842085740533282e-02
-7.969046169000192081e-02
-7.976985338708748874e-02
-7.968701664834450249e-02
-7.981095820450885558e-02
-7.977876214005864830e-02
-7.986450252333796018e-02
-7.970198060976696475e-02
-7.982973060175384272e-02
-7.974772159469870059e-02
-7.984854301224962592e-02
-7.981634272715307232e-02
-7.979591999276472447e-02
-7.973974219978206823e-02
-7.969801694042930040e-02
-7.970718061151572942e-02
-7.978121526008370712e-02
-7.985759194834865515e-02
-7.987405186125887124e-02
-7.986825832049082585e-02
-7.988824496021791621e-02
-7.981737644860979752e-02
-7.987898948138041910e-02
-7.989575699621821736e-02
-7.981003258254183719e-02
-7.963379195667054378e-02
-7.984419275732708432e-02
-7.978994068927858230e-02
-7.964644572714944804e-02
-7.988888930768990593e-02
-7.969885181887538528e-02
-7.979503561833663217e-02
-7.976191818801577071e-02
-8.223354736314256175e-02
-7.993059780884356758e-02
-7.988556858921493087e-02
-7.978717628310690035e-02
-7.967329739678241651e-02
-7.992404705400317499e-02
-7.980193863488246886e-02
-7.987843977829789388e-02
-7.978391349489426243e-02
-7.972425677638346475e-02
-7.968491204768521352e-02
-7.971954688278648504e-02
-7.983454969677637736e-02
-7.978410893158990880e-02
-7.982293820381831939e-02
-7.971183276820040242e-02
-7.981409894092920954e-02
-7.976500620504478611e-02
-7.992559847498954817e-02
-7.988181490737696067e-02
-7.989213791715003843e-02
-7.972816057891267405e-02
-7.983190248231473995e-02
-7.980295601130589500e-02
-7.982034224939596467e-02
-7.973464567414953463e-02
-7.986186591078468788e-02
-7.968874576350146177e-02
-7.984479649535468349e-02
-7.980528491855798379e-02
-7.980513179879825114e-02
-8.033944450714571028e-02
-7.988771090217351711e-02
-7.973195685747451467e-02
-7.975392212195264730e-02
-7.979439446713358641e-02
-7.977145911968849812e-02
-7.983826653714840016e-02
-7.985324314117191180e-02
-7.965555387946636479e-02
-7.981095724348688525e-02
-7.982548600687000562e-02
-7.980244945008904689e-02
-7.986460377468371230e-02
-7.977975996789976598e-02
-7.991986424698097058e-02
-7.985773552042754742e-02
-7.977047581736840254e-02
-7.986300827680682668e-02
-7.979431778215531623e-02
-7.977359101211997650e-02
-7.981398696108524260e-02
-7.983179762550400571e-02
-7.979162342015359843e-02
-7.996196687998488595e-02
-7.984490042680363053e-02
-7.989794043941937651e-02
-7.977998588500478938e-02
-7.988436766887081764e-02
-7.985797122694052175e-02
-7.975743916280118861e-02
-7.986277003811707853e-02
-7.983188982127988054e-02
-7.984587801412497410e-02
-7.987516396275684549e-02
-7.973956521349385984e-02
-7.968336885853807838e-02
-7.982913801955292266e-02
-7.980712814667935417e-02
-7.986647172834586417e-02
-7.965464839594615931e-02
-7.988146539446985828e-02
-7.985771035185003364e-02
-7.987375452846370849e-02
-7.977187056373662155e-02
-7.983734302846709485e-02
-7.978067855256384955e-02
-7.983196574951155478e-02
-7.989555562265070188e-02
-7.966187833461897683e-02
-7.976161474695031561e-02
-7.979264640181303603e-02
-7.974808337680946990e-02
-7.969627155555558673e-02
-7.974367431644981130e-02
-7.978073070752422780e-02
-7.979613496101441161e-02
-7.984407637874728347e-02
-7.973815307609040393e-02
-7.981576905602108529e-02
-7.970348854483987056e-02
-7.983267794349403756e-02
-7.979743930605644187e-02
-8.004938103078741707e-02
-7.986091651713393691e-02
-7.978615669457037041e-02
-7.982142518381848961e-02
-7.999097042807486180e-02
-7.978552939739988470e-02
-7.979654859959703361e-02
-7.989812482792989223e-02
-7.986824645422282987e-02
-7.969577128744807781e-02
-7.979750765841732429e-02
-7.985951089021765814e-02
-7.983597214740616177e-02
-7.975903494930294824e-02
-7.979693715813937493e-02
-7.972253266090548185e-02
-7.982162737522112417e-02
-7.977076004586457214e-02
-7.982068595283163537e-02
-7.980083493786249704e-02
-7.981638893851084049e-02
-7.974221839569231585e-02
-7.985063052357953273e-02
-7.985047666508233999e-02
-7.975173837966931245e-02
-7.975988789821818192e-02
-7.985272017802769184e-02
-7.982557013690363967e-02
-7.987286273953815574e-02
-7.982155302139215536e-02
-7.983415202038808556e-02
-7.974270626670289241e-02
-7.979105114205878313e-02
-7.962198482254692622e-02
-7.976978904239787060e-02
-7.994084660999985215e-02
-7.988367976833542217e-02
-7.989446927181455271e-02
-7.977793110824439593e-02
-7.991457942469692988e-02
-7.972635116996810989e-02
-7.982871251182351025e-02
-7.979235668885739652e-02
-7.990677241130107744e-02
-7.967598861727395732e-02
-7.977103204634859723e-02
-7.982229594147939589e-02
-7.985077407290498697e-02
-7.976565765011571496e-02
-7.987120178705713058e-02
-7.974897060752982048e-02
-7.984350213576853206e-02
-7.981042227917291287e-02
-7.983026348582780707e-02
-7.973663160960302310e-02
-7.972699010095084249e-02
-7.978051981945862015e-02
-7.980139416123746554e-02
-7.972010967160285400e-02
-7.991347873391736745e-02
-7.992641536606780173e-02
-7.970681998163400839e-02
-7.975239468862294068e-02
-7.974219977493954281e-02
-7.982624928808489118e-02
-7.981164880571570142e-02
-7.984011541286026303e-02
-7.974542922598404360e-02
-7.986185547747830238e-02
-7.974619271975225132e-02
-7.981101648126669168e-02
-7.982173976823021821e-02
-7.994454581434670692e-02
-7.987574405762166985e-02
-7.983574685026470497e-02
-7.986678917482763207e-02
-7.976541703527810501e-02
-7.980147022280867364e-02
-7.980582641240155373e-02
-7.971044533912501062e-02
-7.982842081916353971e-02
-7.991675885950869085e-02
-7.980546332226537420e-02
-7.977103748838744457e-02
-7.980936814571053250e-02
-7.982861441048408335e-02
-7.982274600935787556e-02
-7.980787408229703117e-02
-7.971414942626818545e-02
-7.980691476638902826e-02
-7.975373491444572027e-02
-7.968493540734578051e-02
-7.977537383948492267e-02
-7.976571724933483043e-02
-7.984130425385178864e-02
-7.977345329649791761e-02
-7.978035991065823840e-02
-7.983206610771922951e-02
-7.975490702862235437e-02
-7.985576847318895388e-02
-7.984336799440468202e-02
-7.983758739395092896e-02
-7.983323857137612778e-02
-7.980708682803371035e-02
-7.986764548679677056e-02
-7.977933396292342938e-02
-7.981493289217209131e-02
-7.984446326332521326e-02
-7.989728684550868876e-02
-7.980461058170085220e-02
-7.989004920351162886e-02
-7.986189873756255331e-02
-7.987940405928664611e-02
-7.979884406597340107e-02
-7.995691895905492064e-02
-7.974527807598856544e-02
-7.976113239264047416e-02
-7.978609682085427424e-02
-7.979793506003944603e-02
-7.974645010206729556e-02
-7.987922829491765631e-02
-7.989055294705457722e-02
-7.978574239707177107e-02
-7.980669170847219662e-02
-7.997847750205371031e-02
-7.974822137091956697e-02
-7.976021413389555725e-02
-7.974998663609514371e-02
-7.968908994804402290e-02
-7.972892657517742510e-02
-7.971731540062695909e-02
-7.983833588105805623e-02
-7.988261095326383565e-02
-7.962198547736358545e-02
-7.980708433089360454e-02
-7.973107797078084202e-02
-7.984879672055986144e-02
-7.980066068180287353e-02
-7.983026978590643252e-02
-7.986529724789230567e-02
-7.973991233047329763e-02
-7.979561875044573205e-02
-7.984882691318642700e-02
-7.981972331182882185e-02
-7.994713053217619714e-02
-7.981250883449939049e-02
-7.983057803545438869e-02
-7.977580908393495929e-02
-7.970504162122719893e-02
-7.985006533667855788e-02
-7.993248799915450564e-02
-7.981861123472556996e-02
-7.993136464495827209e-02
-7.974481010704748130e-02
-7.981519309191306699e-02
-7.980281037333249172e-02
-7.980729889248698583e-02
-7.978977326558778227e-02
-7.957522074388523325e-02
-7.980750248235905786e-02
-7.976778669789037768e-02
-7.995141779058058396e-02
-7.983308633116155406e-02
-7.971401384745945007e-02
-7.974325646271709922e-02
-7.985463480094477651e-02
-7.970587323671811386e-02
-7.992144031448231156e-02
-7.967701359454253118e-02
-7.973204484771903577e-02
-7.971450057089204955e-02
-7.982489204240904301e-02
-7.973056890994566215e-02
-7.985410959095415317e-02
-7.980098785709190123e-02
-7.978619270418631226e-02
-7.978644468590445626e-02
-7.983357374570175524e-02
-7.984297223200879923e-02
-7.989923877924687279e-02
-7.981272334376199318e-02
-7.974022949434152185e-02
-7.983564147900994168e-02
-7.975544249718671819e-02
-7.978884869013347370e-02
-7.978588973873719514e-02
-7.978851880469398083e-02
-7.985700033102159645e-02
-7.975473958148773801e-02
-7.980097784225256841e-02
-7.975502147108604056e-02
-7.980742743240157311e-02
-7.979607746338375496e-02
-7.986964583695277398e-02
-7.983118918246819018e-02
-7.972174086909881996e-02
-7.986287351564556880e-02
-7.981458175609147665e-02
-7.969021379997046073e-02
-7.996508768968613179e-02
-7.973234267892882754e-02
-7.968629680308028651e-02
-7.979586593917882553e-02
-7.982381729697099471e-02
-7.979708408994946878e-02
-7.993044499538018433e-02
-7.983073628051808035e-02
-7.973106098899393479e-02
-7.977853363121985286e-02
-7.984290108033646749e-02
-7.973964097803583340e-02
-7.982306273451664214e-02
-7.980268081723718154e-02
-7.975663471692988338e-02
-7.976165797798791257e-02
-7.989822810618296689e-02
-7.983485167859197262e-02
-7.975977980975344772e-02
-7.981703743544324436e-02
-7.984936754560324756e-02
-7.982301698929675227e-02
-7.981658262656431135e-02
-7.984717370603568176e-02
-7.980444557010188400e-02
-7.982390402203974611e-02
-7.976315553433768746e-02
-7.979098042943985614e-02
-7.986030225667106741e-02
-7.983688940304416171e-02
-7.978918307749009731e-02
-7.980277050504273884e-02
-7.985795481095718518e-02
-7.986473378242912868e-02
-7.992080084825227415e-02
-8.004987400572735612e-02
-7.977364091055852424e-02
-7.971256925263313364e-02
-7.968755132221298776e-02
-7.974170536281535715e-02
-7.981422177999257517e-02
-7.974459586961282764e-02
-7.977411348579585559e-02
-7.975537871326646155e-02
-7.976877318727347566e-02
-7.974748642226645035e-02
-7.970164400651329195e-02
-7.985550675612328175e-02
-7.971349811558689491e-02
-7.981677984210332200e-02
-7.985709374927339732e-02
-7.974178188861717753e-02
-7.986609726931141739e-02
-7.976206079427876350e-02
-7.981421121708263955e-02
-7.985850450675133216e-02
-7.990742795641178620e-02
-7.976380596327406480e-02
-7.980914033616197389e-02
-7.985770866664816670e-02
-7.982415081306437621e-02
-7.980318317925229332e-02
-7.977448156292013537e-02
-7.980202721988460812e-02
-7.967638192105146178e-02
-7.980585832018857739e-02
-7.980226222033934280e-02
-7.982994986350444577e-02
-7.978636368621895569e-02
-7.974324848022311396e-02
-7.979796031995697869e-02
-7.976833243275686935e-02
-7.972600405434167314e-02
-7.974300912591948676e-02
-7.973501687068042243e-02
-7.983505158422696257e-02
-7.978946706532871747e-02
-7.982440735154357203e-02
-7.987798479336280510e-02
-7.982798647817086757e-02
-7.976851968463745390e-02
-7.971036251220854629e-02
-7.984311303741568888e-02
-7.977399704104166933e-02
-7.985706303979381304e-02
-7.982985342300739917e-02
-7.993933642781922422e-02
-7.973160648195469491e-02
-7.984604287599735006e-02
-7.981084300742123661e-02
-7.982411432554245567e-02
-7.972479821247714649e-02
-7.972258454567879293e-02
-7.981077286368476464e-02
-7.979638884057542458e-02
-7.985775961610229456e-02
-7.991853831174318412e-02
-7.977488683334918451e-02
-7.983458545242513860e-02
-7.986029759496417191e-02
-7.974467743224943062e-02
-7.978044059496640361e-02
-7.988638655617015527e-02
-7.985729227203319791e-02
-7.990219020445424314e-02
-7.978328194809294893e-02
-7.975873638533685639e-02
-7.989854342307865787e-02
-7.984841733407775644e-02
-7.985057895368290193e-02
-7.979397482923181184e-02
-7.980367604718593966e-02
-7.980188486711424500e-02
-7.979289862599851790e-02
-7.982620622510772090e-02
-7.980568747822050502e-02
-7.973465502177523589e-02
-7.975267925908689770e-02
-7.983811014169148179e-02
-7.983195228415033984e-02
-7.977940163311815491e-02
-7.986446770313362920e-02
-7.986442068822410811e-02
-7.984245736891722178e-02
-7.987873748486283565e-02
-7.983784259450225906e-02
-7.980243703456511850e-02
-7.992437819603649685e-02
-7.976969722124990780e-02
-7.978662279958473325e-02
-7.986767252933571481e-02
-7.991613768772179438e-02
-7.976760502624184734e-02
-7.989162155981412161e-02
-7.989046359276666398e-02
-7.979705080445323451e-02
-7.984906368053344694e-02
-7.973026181054199135e-02
-7.977835407802089107e-02
-7.983058694689096346e-02
-7.988193346162859865e-02
-7.970703866997690124e-02
-7.983850358316002538e-02
-7.975957925276559723e-02
-7.978332240206377490e-02
-7.975861462971588212e-02
-7.973188730856893558e-02
-7.985186636149656236e-02
-7.974191089959346834e-02
-7.978898174104319396e-02
-7.976500083795616536e-02
-7.974442420285243749e-02
-7.979171376434260332e-02
-7.978855713232956004e-02
-7.984559236592923825e-02
-7.975277123534445234e-02
-7.980302351925935844e-02
-7.981862382616140839e-02
-7.987486746740772581e-02
-7.982746179318478408e-02
-7.980614208281237854e-02
-7.980798594982048411e-02
-7.988124629125147036e-02
-7.981738771618421269e-02
-7.967698422665425717e-02
-7.981560058195481810e-02
-7.970087668141863368e-02
-7.987061672387274491e-02
-7.978723087782231549e-02
-7.982590790674552739e-02
-7.985487543169449143e-02
-7.976644705205557240e-02
-7.977331202420034906e-02
-7.986702177770517441e-02
-7.993429955314693136e-02
-7.982529110865185795e-02
-7.983053577212549656e-02
-7.981240194133233656e-02
-7.979280086463716448e-02
-7.988151095396008039e-02
-7.976175688505512951e-02
-7.978398949433425369e-02
-7.989160241386163153e-02
-7.971204288295484497e-02
-7.978442959691764425e-02
-7.976149896465496714e-02
-7.973249946502258823e-02
-7.977304568395125750e-02
-7.973744797332658896e-02
-7.976191630801168775e-02
-7.970683384063874388e-02
-7.985991506360355652e-02
-7.970089259457065201e-02
-7.983370605609554915e-02
-7.970964496973088897e-02
-7.966071847037700659e-02
-8.003119836285323141e-02
-7.983920404746583377e-02
-7.976528320407481887e-02
-7.984175250439624894e-02
-7.986842352906249609e-02
-7.984479023805622633e-02
-7.982469784635018439e-02
-7.983980830999130862e-02
-7.978187787520597818e-02
-7.988609927900010288e-02
-7.973080169421983832e-02
-7.985376679815822665e-02
-7.994227424675363902e-02
-7.985667381639516282e-02
-7.971516729547942215e-02
-7.979593115908899248e-02
-7.982012540792456090e-02
-7.982942402618642408e-02
-7.983538737139868335e-02
-7.983781665781954084e-02
-7.968723286261268635e-02
-7.982910249447107420e-02
-7.976412088776818621e-02
-7.980553907251912438e-02
-7.984541305127972055e-02
-7.976314248991264733e-02
-7.977576687201382022e-02
-7.981998392913755569e-02
-7.978924272968557219e-02
-7.982456183805387850e-02
-8.000542161184487355e-02
-7.985533257150047304e-02
-7.981735756655850000e-02
-7.971734998701648922e-02
-7.974160371645121204e-02
-7.979521161621939973e-02
-7.975155665673552829e-02
-7.980416940397619396e-02
-7.991171842299345240e-02
-7.987645109741048355e-02
-7.973208664752785835e-02
-7.972166569456994034e-02
-7.982462831962570948e-02
-7.971781140477822436e-02
-7.988236527391891217e-02
-7.970287453540847444e-02
-7.983459034921266961e-02
-7.983899343014717875e-02
-7.981532743523997442e-02
-7.982745486634398868e-02
-7.991926196360885082e-02
-7.983024527424446848e-02
-7.981171206779182070e-02
-7.999870038411027728e-02
-7.986239645601203585e-02
-7.973363425304857977e-02
-7.974700072322202238e-02
-7.983721993375368642e-02
-7.985870924732416110e-02
-7.983804887193771127e-02
-7.975033879769741207e-02
-7.978269884698341308e-02
-7.988847855635057560e-02
-7.975349549860995257e-02
-7.982994360092579567e-02
-7.976604186302017896e-02
-7.986971289543577657e-02
-7.982680699521028933e-02
-7.990091695708266550e-02
-7.977791123857611022e-02
-7.989297243109959312e-02
-7.982929907731099728e-02
-7.987063483233299011e-02
-7.978587219588025026e-02
-7.987267113276794173e-02
-7.978979844122556508e-02
-7.979482170941729069e-02
-7.988636241656547898e-02
-7.976860150764686352e-02
-7.979252647652708419e-02
-7.980693571362391936e-02
-7.978329854569099489e-02
-7.981275647604560430e-02
-7.969883081254065804e-02
-7.969978714405957787e-02
-7.989625705574354697e-02
-7.986863665091312181e-02
-7.975052127141070424e-02
-7.973771495285773836e-02
-7.984482017924270092e-02
-7.977537860419273152e-02
-7.985280113695918114e-02
-7.975675607194879224e-02
-7.983932161739527855e-02
-7.971152783752558091e-02
-7.975237481185946942e-02
-7.984174980446630265e-02
-7.981848000489846773e-02
-7.972852729594223642e-02
-7.991955519583782142e-02
-7.985989445601195114e-02
-7.988438225061900155e-02
-7.976085004314335813e-02
-7.986557832857453521e-02
-7.974005943465811708e-02
-7.975956130298114677e-02
-7.979600499789855916e-02
-7.975327584909465417e-02
-7.992224186626219196e-02
-7.986022635061315600e-02
-7.985391942950943733e-02
-7.988215204856476126e-02
-7.986649277511662093e-02
-7.981268375352902622e-02
-7.988120599591318205e-02
-7.984620259924964103e-02
-7.972327607526370763e-02
-7.976492313452356042e-02
-7.975799609708530968e-02
-7.980521384128735907e-02
-7.980639237349056170e-02
-7.980101196587970069e-02
-7.978195557246212100e-02
-7.983152544658504712e-02
-7.981075329172163113e-02
-7.988870824556185135e-02
-7.972594133831001351e-02
-7.984556800535161369e-02
-7.988631395800800672e-02
-7.986037965500421276e-02
-7.974851211372764592e-02
-7.977457052259864789e-02
-7.983647736002567885e-02
-7.998473971993133591e-02
-7.981607673177783246e-02
-7.990184664002118742e-02
-7.981863884234259576e-02
-7.970665137041489656e-02
-7.985157813582841047e-02
-7.978959229677150267e-02
-7.980266348316693292e-02
-7.984344256435881027e-02
-7.987967529953185486e-02
-7.984611040221009648e-02
-7.985743972129230595e-02
-7.981276231414999311e-02
-7.987924060537113236e-02
-7.980381005126337135e-02
-7.977888672597319153e-02
-7.976909860279489395e-02
-7.978470857716689346e-02
-7.980859298863285378e-02
-7.978145139295021726e-02
-7.985515967279985250e-02
-7.981052534337942928e-02
-7.988504911233815231e-02
-7.977407072651561404e-02
-7.979805061617421813e-02
-7.985270921002293742e-02
-7.979239083903098828e-02
-7.979770216303395947e-02
-7.986976055411473818e-02
-7.985185060052016337e-02
-7.987105120039331152e-02
-7.974027454352813904e-02
-7.983965836636285063e-02
-7.979668288537418441e-02
-7.984112910361694515e-02
-7.986522345136161383e-02
-7.979439761763751360e-02
-7.982389300668261967e-02
-7.984039018549370093e-02
-7.989853108351553657e-02
-7.981913127698662958e-02
-7.981729889428557101e-02
-7.978055639712366975e-02
-7.987131266306533861e-02
-7.987774495088979798e-02
-7.977468506009313676e-02
-7.981252584277775952e-02
-7.988109906414032901e-02
-7.979462322379382577e-02
-7.979845506130645028e-02
-7.987313323068634396e-02
-7.975689228892909877e-02
-7.985253999816081805e-02
-7.989121563260666303e-02
-7.972539627592932499e-02
-7.979727502947762952e-02
-7.969315897462500575e-02
-7.981572467922648517e-02
-7.988428783311339598e-02
-7.977759306226719915e-02
-7.983825279514512874e-02
-7.993369969580037260e-02
-7.986323662422521730e-02
-7.979986343176860564e-02
-7.977109697224522844e-02
-7.972038450984307578e-02
-7.979476622342170089e-02
-7.990934442675512450e-02
-7.985504671508171504e-02
-7.983511519375276200e-02
-7.993328399749669022e-02
-7.979985486383893434e-02
-7.974315049245826736e-02
-7.974504142462439382e-02
-7.984258214322841052e-02
-7.986702840863160735e-02
-7.981729834657448619e-02
-7.979251946766803549e-02
-7.986501406395363212e-02
-7.989223034693926362e-02
-7.980841816265270283e-02
-7.983490464038424383e-02
-7.978628461075468192e-02
-7.988415069349893982e-02
-7.978602574849845419e-02
-7.977212321821890162e-02
-7.987620005626858144e-02
-7.990942511923977698e-02
-7.988150545454578144e-02
-7.981627511688439702e-02
-7.985777544537249473e-02
-7.980173277986600533e-02
-7.987905924314933626e-02
-7.982650219228989985e-02
-7.977567986134391498e-02
-7.976047234757485671e-02
-7.975600895896703402e-02
-7.977998515504923505e-02
-7.981277252611394812e-02
-7.975970351594494079e-02
-7.988558210343692234e-02
-7.971001282413384126e-02
-7.975568047615622103e-02
-7.986183114329500898e-02
-7.974664291633416779e-02
-7.971672536814437826e-02
-7.992965325660485176e-02
-7.974684260705625083e-02
-7.990547777092951720e-02
-7.984290154836805320e-02
-7.990033633969602367e-02
-7.985926251491412553e-02
-7.972044696767284500e-02
-7.973188524920997444e-02
-7.988068384470692340e-02
-7.978129257144808695e-02
-7.986501999937391238e-02
-7.985969866561444530e-02
-7.983752039207070439e-02
-7.979045130278882014e-02
-7.989919443371963637e-02
-7.973110295685736926e-02
-7.968687164648831367e-02
-7.992380286933757627e-02
-7.987726612905372836e-02
-7.981281434568050781e-02
-7.989706626498495334e-02
-7.991902053014865448e-02
-7.988590897909279842e-02
-7.976951357184527969e-02
-7.983249804572792319e-02
-7.977236117173425178e-02
-7.969872256306533009e-02
-7.972717380367931594e-02
-7.983087212974437907e-02
-7.988254477696692113e-02
-7.976717645073475027e-02
-7.991824338086973845e-02
-7.991272288035482230e-02
-7.982034430515848322e-02
-7.977098140549175598e-02
-7.978707712912742889e-02
-7.986334854891578849e-02
-7.985750190958110228e-02
-7.969711874987102374e-02
-7.986827090791910611e-02
-7.981501545863831093e-02
-7.983804724007645404e-02
-7.975582770495701079e-02
-7.981305455440204644e-02
-7.979384308663968473e-02
-7.977794947825304905e-02
-7.981185149679255464e-02
-7.981803218876537542e-02
-7.980580849823201706e-02
-7.981916225282066624e-02
-7.980404951992055296e-02
-7.983667987174804248e-02
-7.974670627841429216e-02
-7.982780139201563208e-02
-7.978522315359050376e-02
-7.974227975836133131e-02
-7.980874888446673476e-02
-7.979266791355141275e-02
-7.984180094871311251e-02
-7.982751724755014766e-02
-7.982857478198160384e-02
-7.983028232746385011e-02
-7.991669753753460892e-02
-7.982432071486951497e-02
-7.988008586837294644e-02
-7.975220447730214934e-02
-7.984822621842856127e-02
-7.981693873671247275e-02
-7.992284633033704122e-02
-7.979307943616147092e-02
-7.988564585637614179e-02
-7.979876852271498844e-02
-7.987870536035217295e-02
-7.972717408128970895e-02
-7.981209241619993677e-02
-7.978484496099604029e-02
-7.971605794305147707e-02
-7.982477776630840516e-02
-7.982689209318523382e-02
-7.988395344194240688e-02
-7.983615646430579360e-02
-7.988177955117789497e-02
-7.985524598333867963e-02
-7.987362773776751634e-02
-7.988776287731233494e-02
-7.980252076601786204e-02
-7.984459809364256866e-02
-7.975871346619071989e-02
-7.974236387879159171e-02
-7.976772353266821380e-02
-7.999325133506543506e-02
-7.971569479553831938e-02
-7.981922312328473823e-02
-7.983331555978188943e-02
-7.980919511536055388e-02
-7.985752828806115533e-02
-7.991354282382287511e-02
-7.981033186652528033e-02
-7.983398795341645204e-02
-7.983635842923818282e-02
-7.984734792655537317e-02
-7.980409044472439040e-02
-7.981899480138855696e-02
-7.982088805796479225e-02
-7.985717905626130153e-02
-7.978999535686726041e-02
-7.982250967813994680e-02
-7.972207132366603000e-02
-7.983262523594654436e-02
-7.983353855895634898e-02
-7.973332698029092502e-02
-7.986511847139779463e-02
-7.990905662075362126e-02
-7.987342984080757213e-02
-7.987635375433385643e-02
-7.986770300911774645e-02
-7.982659884817588924e-02
-7.980365503243588843e-02
-7.978669121683647225e-02
-7.981373216934904702e-02
-7.981853908023395228e-02
-7.986913772578452253e-02
-7.969465259457421402e-02
-7.984714326067136880e-02
-7.981244312494831239e-02
-7.976514590142112782e-02
-7.964561433834282944e-02
-7.982170004363918492e-02
-7.989329078150217422e-02
-7.993472297335944832e-02
-7.984483479512054227e-02
-7.980392892295587459e-02
-7.991633905832121187e-02
-7.996378784244975724e-02
-7.975390779151021736e-02
-7.983502424544768050e-02
-7.985097944171719309e-02
-7.973668729223080953e-02
-7.976984711950073359e-02
-7.969891960411515375e-02
-7.994332835740801391e-02
-7.985904361626051939e-02
-7.988507246997286759e-02
-7.990560436887601814e-02
-7.985830108346556044e-02
-7.986406871728388146e-02
-7.976120661032391757e-02
-7.984752572790805580e-02
-7.983260526328135598e-02
-7.982138303919027178e-02
-7.987589227183690410e-02
-7.981541172894354719e-02
-7.969661647943192262e-02
-7.986747133188940029e-02
-7.989554208317670159e-02
-7.987093064223715899e-02
-8.001483196091387085e-02
-7.984949539019366160e-02
-7.979659540177584665e-02
-7.980233759092789092e-02
-7.989925990341432971e-02
-7.988928789774256412e-02
-7.984756944053013339e-02
-7.980681911092928071e-02
-7.980322979042764331e-02
-7.992804032656067315e-02
-7.980854950045226937e-02
-7.983312272166451229e-02
-7.984928482012834672e-02
-7.983927131318373227e-02
-7.974067426989435436e-02
-7.997308758191490341e-02
-7.970856066473089308e-02
-7.991075979364115067e-02
-7.985478856378828982e-02
-7.981663404170127873e-02
-7.984255192054300065e-02
-7.980919810377755386e-02
-7.989236376916095117e-02
-7.982126670282978231e-02
-7.990181818781497136e-02
-7.976655448374909974e-02
-7.985582653202451253e-02
-7.978278029302388052e-02
-7.984609956584722001e-02
-7.988004203604319453e-02
-7.985619763010801120e-02
-7.978285389740888411e-02
-7.976410064495891017e-02
-7.980877442375160224e-02
-7.987229134810140685e-02
-7.968688606223832405e-02
-7.982637037000252234e-02
-7.980787529355946874e-02
-7.988401716645905648e-02
-7.988797711777813337e-02
-7.989306986277582012e-02
-7.980507419164710459e-02
-7.970425568065790667e-02
-7.999749319208672438e-02
-7.992074079786307128e-02
-7.989649402460496930e-02
-7.984288013524107330e-02
-7.984578855851538759e-02
-7.975843861438398907e-02
-7.973537234124916662e-02
-7.977581343088038790e-02
-7.978364015126768183e-02
-7.985002725759067499e-02
-7.994078191567464964e-02
-7.988056176015889687e-02
-7.975186149090254806e-02
-7.983221149391610261e-02
-7.981349228776205007e-02
-7.980552224287620899e-02
-7.984498829077939230e-02
-7.986273037334301605e-02
-7.968792922258649547e-02
-7.985244774076993846e-02
-7.976334445417192220e-02
-7.991249301581000719e-02
-7.986201830950234726e-02
-7.975455348700984104e-02
-7.979461415137002744e-02
-7.982639744565769857e-02
-7.985309104519149048e-02
-7.977827954358376883e-02
-7.982000896567893744e-02
-7.983671255053402527e-02
-7.986086022153002228e-02
-7.978620953209336619e-02
-7.984451450703877740e-02
-7.991008497601470584e-02
-7.983488148529541140e-02
-7.982318146220380994e-02
-7.990616399947929327e-02
-7.973756836829834493e-02
-7.982890269443800035e-02
-7.975355564563495203e-02
-7.985308387529159446e-02
-7.992672074366276302e-02
-7.980898368170774582e-02
-7.976256852754956550e-02
-7.986395874171105247e-02
-7.989572449670372112e-02
-7.986812586828714866e-02
-7.982130549531170349e-02
-7.981195599371260219e-02
-7.968396022070704798e-02
-7.975249615420101912e-02
-7.981781378307384323e-02
-7.983919691370526539e-02
-7.977699032798228618e-02
-7.974569403902523335e-02
-7.993580374293886293e-02
-7.990939375266817302e-02
-7.991218268758892851e-02
-7.987494815664868131e-02
-7.985120154119614011e-02
-7.987783588964758597e-02
-7.976543528093237023e-02
-7.975386695467497067e-02
-7.983617318225022519e-02
-7.986011448888120923e-02
-7.976182769761623603e-02
-7.978328125325961917e-02
-7.989639121767545815e-02
-7.981942540545652887e-02
-7.978544239689025486e-02
-7.981745285377271626e-02
-7.983929585722597533e-02
-7.992897309533060490e-02
-7.973594511422477105e-02
-7.977871728326192680e-02
-7.982306404094033359e-02
-7.977005741404485928e-02
-7.972129112037813770e-02
-7.982612433553358533e-02
-7.978430941436173707e-02
-7.984583433089602333e-02
-7.988352547037848306e-02
-7.978829244200300042e-02
-7.979313370457748189e-02
-7.995498175425619358e-02
-7.980581646107702543e-02
-7.979854884603888865e-02
-7.987666959634924513e-02
-7.982395494035364469e-02
-7.973508820445383838e-02
-7.988123711574302011e-02
-7.979825020357532439e-02
