-1.973006738873360824e-02
-1.972471894954172522e-02
-1.972070635692581633e-02
-1.971624410293191729e-02
-1.971224141188849394e-02
-1.970139326730498477e-02
-1.968676700694574691e-02
-1.968512765324189825e-02
-1.968050754005920902e-02
-1.967569755536993301e-02
-1.968362875642569801e-02
-1.968038633027649822e-02
-1.967999396859998473e-02
-1.968595395427406511e-02
-1.968422918891776091e-02
-1.969288094673020059e-02
-1.968917287997685658e-02
-1.969839839480732116e-02
-1.970866865441988497e-02
-1.970715575875722769e-02
-1.970642457244458495e-02
-1.971477523531159695e-02
-1.971899305514922957e-02
-1.971444353266217989e-02
-1.971989298606872595e-02
-1.972251294858736945e-02
-1.972573020006941277e-02
-1.973191684864472953e-02
-1.973470696137540753e-02
-1.972746919957229367e-02
-1.973135194800926945e-02
-1.973355807799503231e-02
-1.973339190213093189e-02
-1.973083044789808449e-02
-1.972906208832798242e-02
-1.973351834985483458e-02
-1.973335539608866984e-02
-1.973509296815615863e-02
-1.973063787187800261e-02
-1.973590458390455521e-02
-1.973504489504161394e-02
-1.974268288766035245e-02
-1.974159822538030379e-02
-1.974111068471509980e-02
-1.974461498094376780e-02
-1.974004560220957508e-02
-1.974334617217468613e-02
-1.974413250749063389e-02
-1.973993212187927573e-02
-1.974392949135022127e-02
-1.973782120769904461e-02
-1.973867423531834239e-02
-1.974445835721339720e-02
-1.974383354403238741e-02
-1.974176941004813363e-02
-1.974476392995814719e-02
-1.973763427879343668e-02
-1.974571122053790304e-02
-1.975273848807956520e-02
-1.974358956378883048e-02
-1.975090372200288824e-02
-1.974443101885861931e-02
-1.974207007880491443e-02
-1.974531077691949604e-02
-1.974342397360049836e-02
-1.974742843606902207e-02
-1.974524592883051752e-02
-1.975139642216434260e-02
-1.974935006653177200e-02
-1.974880602863275311e-02
-1.975072466342784119e-02
-1.974439261248715424e-02
-1.974811973507130045e-02
-1.974726752280828515e-02
-1.974785685471405414e-02
-1.974902590946845185e-02
-1.974970861293636956e-02
-1.974687187762969726e-02
-1.975011646162859111e-02
-1.975264868271869173e-02
-1.975241716282045285e-02
-1.975453514121620555e-02
-1.975683108077112490e-02
-1.975058005956384713e-02
-1.975467300143849900e-02
-1.975003649772786446e-02
-1.975414505748228008e-02
-1.975051960637126333e-02
-1.975213592255211509e-02
-1.975748604030314742e-02
-1.975580411593507585e-02
-1.975306511719813682e-02
-1.974959065482911197e-02
-1.975109257383534517e-02
-1.975254681773828611e-02
-1.975441886746295492e-02
-1.975375568891199127e-02
-1.975306308846079204e-02
-1.975453319707500682e-02
-1.975753157014135605e-02
-1.975637999730073605e-02
-1.975322856261326962e-02
-1.975347967982264349e-02
-1.975304231646821465e-02
-1.974992141084399438e-02
-1.975345625885462433e-02
-1.975299484937926772e-02
-1.975340342962064039e-02
-1.974958116271820566e-02
-1.975369058023768165e-02
-1.975533583452535394e-02
-1.975695656531008607e-02
-1.975491612336991235e-02
-1.975834991367089039e-02
-1.975225750566584129e-02
-1.975630586436183042e-02
-1.975593279548303743e-02
-1.975523641589582019e-02
-1.975759365558626968e-02
-1.975892889018328671e-02
-1.975996847330778114e-02
-1.975502464992101928e-02
-1.975201289259409521e-02
-1.975497507112881565e-02
-1.975875403805492023e-02
-1.975459709631050692e-02
-1.975549047498070115e-02
-1.975695468990878306e-02
-1.975224528045770728e-02
-1.975702529094370066e-02
-1.975588182575003030e-02
-1.975821683538569670e-02
-1.975682899195288153e-02
-1.975917758574852884e-02
-1.975723441128122287e-02
-1.975759349937485435e-02
-1.976048117965017309e-02
-1.976011204103327729e-02
-1.975440046938365182e-02
-1.975929760794414153e-02
-1.975907547725279725e-02
-1.975515004516704629e-02
-1.975332842283692228e-02
-1.976090059187218806e-02
-1.975503083309965158e-02
-1.975514885099322396e-02
-1.976081090337117666e-02
-1.975629654954008316e-02
-1.975650128498637748e-02
-1.975607735460604281e-02
-1.975594510763108852e-02
-1.975798944275942298e-02
-1.975650842070936913e-02
-1.975667687366958539e-02
-1.975969776296531560e-02
-1.975946034197981205e-02
-1.975655635996684950e-02
-1.975999196399542621e-02
-1.975645570152044853e-02
-1.975950109448189676e-02
-1.975830613064721852e-02
-1.975886041140311605e-02
-1.976126615196579714e-02
-1.975524282159957928e-02
-1.975975372024663113e-02
-1.975999356005608484e-02
-1.975980325410721730e-02
-1.976205357936006157e-02
-1.975976360129005904e-02
-1.976131694654596066e-02
-1.976290455270198962e-02
-1.976035171422661080e-02
-1.975878757689860168e-02
-1.976125253295233156e-02
-1.975810991037270717e-02
-1.976269386729437999e-02
-1.976153233919900054e-02
-1.975940767398470452e-02
-1.976044987979754322e-02
-1.975792719372624490e-02
-1.976181459697690795e-02
-1.976368892419972864e-02
-1.976105178333381271e-02
-1.976036266034564282e-02
-1.976460789423731615e-02
-1.975996394825466768e-02
-1.976342325652917162e-02
-1.976003430171249797e-02
-1.976335214511061936e-02
-1.976416640600301214e-02
-1.976247774107023000e-02
-1.975891315532668502e-02
-1.976325561824364765e-02
-1.976454250370803314e-02
-1.976288072128368559e-02
-1.976190829323529533e-02
-1.976259449206681576e-02
-1.976570221206731467e-02
-1.976291240194530743e-02
-1.976366328824046351e-02
-1.976587771931134080e-02
-1.976277477915625719e-02
-1.976445865830256388e-02
-1.976045984108395007e-02
-1.976142345657791802e-02
-1.975977185679891196e-02
-1.976188094160805445e-02
-1.976410458884924823e-02
-1.976323162535385120e-02
-1.975713635089069303e-02
-1.976116613054853741e-02
-1.976344417135356135e-02
-1.976349963906125912e-02
-1.976637083624960267e-02
-1.976255209962683376e-02
-1.976064894533976352e-02
-1.975823795338852926e-02
-1.976217509265826289e-02
-1.976329226932285396e-02
-1.975781829785281177e-02
-1.976428119348853582e-02
-1.976600521745333280e-02
-1.976462655961996884e-02
-1.976246075070598601e-02
-1.976601978614411087e-02
-1.976178436036079428e-02
-1.976325537806569374e-02
-1.976488553210537652e-02
-1.976514716423186102e-02
-1.975841245504025151e-02
-1.975870754894942447e-02
-1.976056677851578680e-02
-1.976059734158075454e-02
-1.976386193537296720e-02
-1.976141086793820750e-02
-1.976143226238953957e-02
-1.976173974737237965e-02
-1.976431851899732375e-02
-1.976473028949834662e-02
-1.976129794323645134e-02
-1.976367799463324762e-02
-1.976351995305313317e-02
-1.976276763194356051e-02
-1.976617087269673043e-02
-1.976157023227390758e-02
-1.975936763267365642e-02
-1.976341767960704265e-02
-1.976441803579464043e-02
-1.976504716623683766e-02
-1.976445099588747256e-02
-1.976439634651861593e-02
-1.976729952635499984e-02
-1.976473407834091270e-02
-1.976279049846020250e-02
-1.976639881024067763e-02
-1.976068120306167381e-02
-1.976558598591443214e-02
-1.976658859424473835e-02
-1.977240069358713118e-02
-1.976464587111806739e-02
-1.976583209050846932e-02
-1.976512507254308409e-02
-1.976616452070036750e-02
-1.976859169905842428e-02
-1.976410307553177342e-02
-1.976006643688994063e-02
-1.976755432725766856e-02
-1.975922447287181000e-02
-1.976242971059867862e-02
-1.976235411273884537e-02
-1.976546261147081249e-02
-1.976396064044589479e-02
-1.976698129157066289e-02
-1.976620291961440554e-02
-1.976409100991631182e-02
-1.976323414357034070e-02
-1.976398820742381046e-02
-1.976590457483178714e-02
-1.976213279432258857e-02
-1.975612278970156899e-02
-1.976206731455204535e-02
-1.976274355318727999e-02
-1.976138971228276822e-02
-1.976215875441552847e-02
-1.976539475832805870e-02
-1.976381218951258137e-02
-1.976476536964003397e-02
-1.976712290045682871e-02
-1.976347641880541253e-02
-1.976107951237742952e-02
-1.975984771505123055e-02
-1.976218423477482319e-02
-1.976607938117618674e-02
-1.976593167501118978e-02
-1.976463322141316231e-02
-1.976564799309978374e-02
-1.976039398955138290e-02
-1.976343637485709556e-02
-1.976772731770106567e-02
-1.976481939684552810e-02
-1.976309803849457536e-02
-1.976468336875583307e-02
-1.976492241954815390e-02
-1.976245706499988111e-02
-1.976497455030576736e-02
-1.976421328272872854e-02
-1.976213861144248199e-02
-1.976595166571126425e-02
-1.976497752251413914e-02
-1.976624262286433981e-02
-1.976937077244011673e-02
-1.976913388077400358e-02
-1.976673291587096107e-02
-1.976856277496380140e-02
-1.976768059241270498e-02
-1.976747096911893320e-02
-1.976609875712671480e-02
-1.976394500289686135e-02
-1.976886117839753501e-02
-1.976512580093342519e-02
-1.976434134275361840e-02
-1.976394654636028439e-02
-1.976840514488037090e-02
-1.976249380121256408e-02
-1.976874891936910086e-02
-1.976819921321509854e-02
-1.976428695436717800e-02
-1.976425778717117235e-02
-1.976237141709857176e-02
-1.976508445961281529e-02
-1.976318606918444493e-02
-1.976170646830303218e-02
-1.976204269440868036e-02
-1.976437981745895328e-02
-1.976837087740628690e-02
-1.976701191632651913e-02
-1.976303597786671987e-02
-1.976355214246043254e-02
-1.976504701060808125e-02
-1.976254710358379615e-02
-1.976587066587914138e-02
-1.976433899734741234e-02
-1.976264672154075946e-02
-1.976342658769936200e-02
-1.976708765293845246e-02
-1.976989134083560404e-02
-1.976547320695505941e-02
-1.976561533025085818e-02
-1.976576895040267970e-02
-1.976523085377338007e-02
-1.976728696523999407e-02
-1.976763697521977808e-02
-1.976337014087769378e-02
-1.976224451449619043e-02
-1.976678856551610311e-02
-1.976682768585728486e-02
-1.976251237198861296e-02
-1.976643734025864893e-02
-1.976537963733313377e-02
-1.976704974438148188e-02
-1.976547089922676276e-02
-1.976483389558402609e-02
-1.976559553760805568e-02
-1.976585397691102072e-02
-1.976623737959074326e-02
-1.976707771499435287e-02
-1.976409328395791962e-02
-1.977071923187564625e-02
-1.976945877250055675e-02
-1.976480090106244938e-02
-1.976279049215052749e-02
-1.976771604734287383e-02
-1.976641725026352311e-02
-1.976323894640340598e-02
-1.976687020879866127e-02
-1.976765570165334163e-02
-1.976670071364987000e-02
-1.976574922561680214e-02
-1.976481791761290283e-02
-1.976269908541048240e-02
-1.976653200702407562e-02
-1.977269689843131478e-02
-1.976403868306956038e-02
-1.976450052069332261e-02
-1.977101402322294435e-02
-1.976735505743691321e-02
-1.976490375789406381e-02
-1.976622963249228745e-02
-1.976539956740686749e-02
-1.976901027162171129e-02
-1.976828545283762853e-02
-1.976707879276877119e-02
-1.976482524107697758e-02
-1.976487150629393716e-02
-1.976692911240985479e-02
-1.976675533920120922e-02
-1.976368236786142304e-02
-1.976384456825072689e-02
-1.976856992669069266e-02
-1.977029795862128569e-02
-1.976600320146815193e-02
-1.976698182630592937e-02
-1.976629747296138051e-02
-1.976806737549638426e-02
-1.976566725040760850e-02
-1.976664719498580011e-02
-1.976853123974803630e-02
-1.976847318200396914e-02
-1.976456442059884577e-02
-1.977551916973568566e-02
-1.977013077404267752e-02
-1.976615069998561430e-02
-1.976533676011449359e-02
-1.976554533846812053e-02
-1.976656355624732339e-02
-1.976698556566314560e-02
-1.976472688612320588e-02
-1.976583567974549149e-02
-1.976493010210811016e-02
-1.976248381471388399e-02
-1.976411566842330853e-02
-1.976207996670535302e-02
-1.976665065445576408e-02
-1.976894067462321367e-02
-1.976421541950785371e-02
-1.976615324179831212e-02
-1.976646007189366075e-02
-1.976773329098099191e-02
-1.976727706055324621e-02
-1.977254077976900101e-02
-1.976706773059250244e-02
-1.976855643982531469e-02
-1.976629519238947558e-02
-1.976537816651741802e-02
-1.976991982820950483e-02
-1.976542381482742500e-02
-1.976650289982864392e-02
-1.976856802207948086e-02
-1.976775011894032347e-02
-1.976892265058441053e-02
-1.976367547201424504e-02
-1.976363787810954745e-02
-1.976555289654362974e-02
-1.976429714470955695e-02
-1.976430065001535258e-02
-1.976430646611502043e-02
-1.976892692685675024e-02
-1.976589532337405530e-02
-1.976575236901087843e-02
-1.976461619382787957e-02
-1.976814069052573036e-02
-1.976699614217558229e-02
-1.976573579087101754e-02
-1.976882454706983122e-02
-1.976585333642087369e-02
-1.976717539983488883e-02
-1.976826930814990640e-02
-1.976704797943109812e-02
-1.976689173460759869e-02
-1.976678852364097128e-02
-1.977102290535659446e-02
-1.976855606811113789e-02
-1.976240208492828151e-02
-1.976474166260593426e-02
-1.976547725502251704e-02
-1.976770450600069326e-02
-1.976707902225183569e-02
-1.977029571539073993e-02
-1.976819461903066982e-02
-1.976365204498768333e-02
-1.977006628518363646e-02
-1.976712866023799114e-02
-1.976627094041684754e-02
-1.976253125400636787e-02
-1.976344899230306554e-02
-1.976931814079797151e-02
-1.976947778771401612e-02
-1.977008064543552338e-02
-1.976942756890292738e-02
-1.976538766747462303e-02
-1.976687783839670143e-02
-1.977040386464315111e-02
-1.976890559757358765e-02
-1.976828356218816515e-02
-1.976599735750301026e-02
-1.976699702571585449e-02
-1.976928751695452430e-02
-1.976655181852628521e-02
-1.976804777922321413e-02
-1.977013099414481195e-02
-1.976691500107296412e-02
-1.976681312081397107e-02
-1.976552403101132158e-02
-1.976724874587260788e-02
-1.976642157397559899e-02
-1.976527073635492987e-02
-1.976550873499920494e-02
-1.976886311317883546e-02
-1.976895279183332049e-02
-1.976125278879753075e-02
-1.976783250133518424e-02
-1.977111516396927102e-02
-1.976601888243765745e-02
-1.977280424339071183e-02
-1.976933918040740812e-02
-1.976666576132509595e-02
-1.976464289399115781e-02
-1.976739412519470246e-02
-1.976875997777863617e-02
-1.977114141924040530e-02
-1.976950028512527643e-02
-1.976651217137734631e-02
-1.977021697378647871e-02
-1.976856152993482912e-02
-1.976694695658714335e-02
-1.976961422426732479e-02
-1.976829486369102024e-02
-1.976999995862529710e-02
-1.976860641353735473e-02
-1.976505631653454123e-02
-1.976811539078507027e-02
-1.976447065490736371e-02
-1.976574960120780836e-02
-1.976719422941927706e-02
-1.976591379676193375e-02
-1.977146928567410228e-02
-1.976582418699735985e-02
-1.977029063293902350e-02
-1.976534810037183093e-02
-1.976779755800664798e-02
-1.976788040284386400e-02
-1.976816238909673978e-02
-1.976927357709339778e-02
-1.976944544724998365e-02
-1.977126100354243549e-02
-1.976972323074904087e-02
-1.976747518029445608e-02
-1.976384500410788975e-02
-1.976459969718325632e-02
-1.976694602246592547e-02
-1.977172926079639667e-02
-1.977324018835025649e-02
-1.976843016609169251e-02
-1.976619762972505259e-02
-1.976938985012733838e-02
-1.976336687129761835e-02
-1.976632618462751192e-02
-1.976506624532357523e-02
-1.976894251545566195e-02
-1.976801586005429504e-02
-1.976829930386911002e-02
-1.976702604629476667e-02
-1.976835641585657916e-02
-1.976923897191981694e-02
-1.977084199851806071e-02
-1.976471454211033499e-02
-1.976634124244468563e-02
-1.976651465923641091e-02
-1.976663166802633542e-02
-1.976905992226421147e-02
-1.976584797201338256e-02
-1.977118124497059468e-02
-1.976974126034711232e-02
-1.976737462328756814e-02
-1.976727973145164449e-02
-1.977071027034988868e-02
-1.976107788919779368e-02
-1.976137202863248454e-02
-1.977006633556093948e-02
-1.976896901798607178e-02
-1.977004624149608647e-02
-1.976973497218382017e-02
-1.977153994938889853e-02
-1.976715347692766661e-02
-1.977121857571982264e-02
-1.976953836334490941e-02
-1.976591001929055985e-02
-1.976493685500272865e-02
-1.976351439548903327e-02
-1.976814413335676451e-02
-1.976906596211014389e-02
-1.976519503500861683e-02
-1.976822686321766387e-02
-1.976617323706434184e-02
-1.976922496829850578e-02
-1.977116753425792878e-02
-1.976695923451222275e-02
-1.976701264585645212e-02
-1.976940283939772683e-02
-1.976512305584211121e-02
-1.976877276202872527e-02
-1.976714894402531453e-02
-1.976980389623314224e-02
-1.976821836946022690e-02
-1.976992249757828293e-02
-1.976717221088400422e-02
-1.976692263337580940e-02
-1.976780135635368071e-02
-1.976872614281333096e-02
-1.976895302962069709e-02
-1.976883675580120431e-02
-1.977150138131415422e-02
-1.976646890179021773e-02
-1.976953381121056980e-02
-1.976722593551544921e-02
-1.976489127870955861e-02
-1.976790629775163413e-02
-1.976938950725216221e-02
-1.976676747083644728e-02
-1.976820166946948593e-02
-1.976637658221371344e-02
-1.976940826133882084e-02
-1.977109303137136731e-02
-1.977088862000659503e-02
-1.977034364247255011e-02
-1.977102756305774631e-02
-1.976727123952607898e-02
-1.976987487363105617e-02
-1.976814057161542168e-02
-1.976954927470500264e-02
-1.977069391042875560e-02
-1.976839657303938388e-02
-1.976899879667634238e-02
-1.976581299332812874e-02
-1.976735992667633807e-02
-1.976480495593889095e-02
-1.976979580222208363e-02
-1.976675305728969878e-02
-1.976920152705093428e-02
-1.977012966270865271e-02
-1.976829389418621047e-02
-1.976745079171357902e-02
-1.977023220779910995e-02
-1.976525909611611190e-02
-1.976895215422354996e-02
-1.977197515884599605e-02
-1.976571746940173832e-02
-1.976814409959486846e-02
-1.976940000041462961e-02
-1.976794230846192976e-02
-1.976731767565526043e-02
-1.976981169403364130e-02
-1.977045344251493128e-02
-1.977170452237805506e-02
-1.976945142128676974e-02
-1.976534153902105226e-02
-1.976711045862225222e-02
-1.976612069145199796e-02
-1.977022172462267191e-02
-1.976811072957757737e-02
-1.976546580008805773e-02
-1.976378198496481220e-02
-1.976744682865600594e-02
-1.977064331703348374e-02
-1.977088626033732255e-02
-1.977385922181067526e-02
-1.977186286240470089e-02
-1.976808351714248388e-02
-1.976774158728680439e-02
-1.976906987665841969e-02
-1.976872290367011689e-02
-1.976527904251764237e-02
-1.976584255738275328e-02
-1.976614326147806480e-02
-1.976633565663395500e-02
-1.976969623768942003e-02
-1.977036968647379392e-02
-1.976845732079501872e-02
-1.976747704925846047e-02
-1.977320245504191401e-02
-1.977179089077965232e-02
-1.977213969835405621e-02
-1.976852460783654758e-02
-1.976573143145467920e-02
-1.976957546362322765e-02
-1.976874343773749737e-02
-1.976607100923929647e-02
-1.976526532455285742e-02
-1.976768636975320334e-02
-1.976726372300369183e-02
-1.976238882653829493e-02
-1.976478627150635506e-02
-1.976856286763853734e-02
-1.976911019210468232e-02
-1.977123714595765622e-02
-1.976983726158453719e-02
-1.976981972691429015e-02
-1.976457259719299059e-02
-1.976670167227098651e-02
-1.976836171753434609e-02
-1.977377150415668070e-02
-1.976961606020624998e-02
-1.977203975052817600e-02
-1.976812968162338507e-02
-1.977339797934878768e-02
-1.977344654735603904e-02
-1.977117768830016775e-02
-1.976987650631626889e-02
-1.976951772940089419e-02
-1.977034504612166718e-02
-1.977309456613198999e-02
-1.977047820766031014e-02
-1.977161807576036795e-02
-1.976955239939161627e-02
-1.976417233312158933e-02
-1.976863953293544335e-02
-1.976826775123917065e-02
-1.976584630209706275e-02
-1.976791251649157727e-02
-1.977038015303939772e-02
-1.977286975520856083e-02
-1.976661132505793533e-02
-1.976897206830118686e-02
-1.976627303052582926e-02
-1.976715439312082268e-02
-1.976782372184533038e-02
-1.976975088023567514e-02
-1.977148993806555552e-02
-1.976757314451730099e-02
-1.976849702312226745e-02
-1.977506742601534140e-02
-1.976818868298273885e-02
-1.976820911629494429e-02
-1.977104974785930808e-02
-1.977121107078074966e-02
-1.977157292052931711e-02
-1.977246740292952151e-02
-1.976600732721087508e-02
-1.977781233127444069e-02
-1.977007042784043392e-02
-1.977060597037576944e-02
-1.977094436025323559e-02
-1.976875301152145395e-02
-1.977004961457104817e-02
-1.976932117881342529e-02
-1.976635947099821336e-02
-1.976891161542350742e-02
-1.977280795951433245e-02
-1.977058592090383954e-02
-1.977071218808838446e-02
-1.976954934451543092e-02
-1.976862205006547565e-02
-1.977350266312841512e-02
-1.976811606201651222e-02
-1.977139149397858300e-02
-1.977129431850225758e-02
-1.976914763429951996e-02
-1.977161649223875897e-02
-1.976884913031949284e-02
-1.976791963347124953e-02
-1.976993976899248801e-02
-1.976904544940391931e-02
-1.976664668944858386e-02
-1.976872597070283150e-02
-1.976664771842010643e-02
-1.977246481899338354e-02
-1.977210108350385687e-02
-1.976552415715755046e-02
-1.976970721940583472e-02
-1.977367265140939773e-02
-1.976877865435304124e-02
-1.977366348754524758e-02
-1.977550678222167110e-02
-1.976898118194209825e-02
-1.977161244597693338e-02
-1.977126981657354246e-02
-1.976825663759663315e-02
-1.977027965768479029e-02
-1.977158072778956513e-02
-1.976798319089888983e-02
-1.976841990246484132e-02
-1.976985884338806551e-02
-1.977071500615319027e-02
-1.977279844580001264e-02
-1.977111924270904750e-02
-1.977389132839821317e-02
-1.976905116560945253e-02
-1.977224469396703793e-02
-1.977232521818364161e-02
-1.977105968643511069e-02
-1.976889657925173099e-02
-1.976888351195499327e-02
-1.976871029872900865e-02
-1.977009230693844294e-02
-1.977463496138883239e-02
-1.977234500374599677e-02
-1.976991918400161294e-02
-1.976935532529944251e-02
-1.977353835077707081e-02
-1.977157011270488235e-02
-1.977295520058913736e-02
-1.977271816826901493e-02
-1.977057997477350143e-02
-1.977145607230922433e-02
-1.977176048189991514e-02
-1.977116881874195140e-02
-1.976948871711415451e-02
-1.976499738266514553e-02
-1.976981753806747802e-02
-1.977452119880861864e-02
-1.976910507954362725e-02
-1.977187664413182500e-02
-1.976831136407356318e-02
-1.977128226506219555e-02
-1.977191528865131914e-02
-1.977050626611212211e-02
-1.977040288724522463e-02
-1.976883307155208672e-02
-1.977291992177070482e-02
-1.977192630414114846e-02
-1.976951886503576852e-02
-1.977261670812268876e-02
-1.977139738876807287e-02
-1.976967103885064053e-02
-1.977167563214646609e-02
-1.976850111220986375e-02
-1.976902824830762892e-02
-1.977339245963573994e-02
-1.976971922009426383e-02
-1.977243081013333251e-02
-1.977430012451811617e-02
-1.976946318268654398e-02
-1.977142443949456152e-02
-1.977084245466925044e-02
-1.977276416983695870e-02
-1.976653385208205355e-02
-1.977327805905735106e-02
-1.976565186250659953e-02
-1.977127753129896345e-02
-1.976998288604159271e-02
-1.976773766449057418e-02
-1.976684433213150155e-02
-1.976488014860211528e-02
-1.977043143885729923e-02
-1.976704434158044893e-02
-1.977391456595580313e-02
-1.977122416759450815e-02
-1.977050277334219466e-02
-1.976942857647620913e-02
-1.977025104896331167e-02
-1.977123786960508986e-02
-1.977492354145610198e-02
-1.976736761042446541e-02
-1.977496736307495992e-02
-1.976814813222316225e-02
-1.977042005758794518e-02
-1.977409696099215533e-02
-1.977114469790689985e-02
-1.977114090249436004e-02
-1.976527484904421622e-02
-1.976624861865351399e-02
-1.976926937733449602e-02
-1.976874878826886603e-02
-1.976880294210080907e-02
-1.977175447969229186e-02
-1.976908089056627488e-02
-1.977104069032959571e-02
-1.976749598270638453e-02
-1.977108286472814905e-02
-1.976808223734873374e-02
-1.976812991550193702e-02
-1.976788719450016038e-02
-1.976629441010799640e-02
-1.976780245544760076e-02
-1.976724165609888492e-02
-1.977083869456009238e-02
-1.977036465906234150e-02
-1.977174868443688088e-02
-1.977294043003326521e-02
-1.977120696592015933e-02
-1.976802188107066108e-02
-1.977006132515769093e-02
-1.977325281744223701e-02
-1.977100409859541483e-02
-1.977347699092201622e-02
-1.976799026946505014e-02
-1.977068047831782166e-02
-1.977269544800521264e-02
-1.976719095735087264e-02
-1.976850664326120985e-02
-1.977075465254762160e-02
-1.976948882988719194e-02
-1.976995882072006203e-02
-1.976841177811376055e-02
-1.976999181432388328e-02
-1.977387642578253349e-02
-1.976771635173835834e-02
-1.977214892569225876e-02
-1.976748347097108741e-02
-1.976588701148211322e-02
-1.976901157372071630e-02
-1.976834571643154223e-02
-1.976455375984061472e-02
-1.977182657221680101e-02
-1.977415261864687301e-02
-1.977251645465726709e-02
-1.976458899301201250e-02
-1.976763516036411997e-02
-1.976985299263198104e-02
-1.976765341579560589e-02
-1.976948377044528832e-02
-1.977066668209357531e-02
-1.977200637427596955e-02
-1.977326629606151673e-02
-1.976811005363270438e-02
-1.977320755943004146e-02
-1.977065008928428555e-02
-1.977081726971706074e-02
-1.977192152190199170e-02
-1.977066943222916678e-02
-1.977286694824271010e-02
-1.976827793592914398e-02
-1.976763558394665013e-02
-1.977172543004251937e-02
-1.977134737022026231e-02
-1.976915558282800120e-02
-1.976993522676779441e-02
-1.977012942409878474e-02
-1.976952149808242076e-02
-1.977437798893063800e-02
-1.977375138110339450e-02
-1.976858635743741419e-02
-1.976913313511202697e-02
-1.976851165307648081e-02
-1.977063017974005008e-02
-1.977431886681527487e-02
-1.977172460273871751e-02
-1.976929989634555046e-02
-1.976932888884113532e-02
-1.977086370612790578e-02
-1.977230094083890985e-02
-1.976646065607848279e-02
-1.976883480985651767e-02
-1.976846746985060771e-02
-1.977427248120934219e-02
-1.976842326318404078e-02
-1.977249942145498790e-02
-1.977581835168914365e-02
-1.976796824693557650e-02
-1.976957584973048840e-02
-1.977020014080602475e-02
-1.976993582372455621e-02
-1.977202059539694828e-02
-1.977073715242846225e-02
-1.977223761491657059e-02
-1.976990870274774811e-02
-1.977197953724557644e-02
-1.977071470185782706e-02
-1.976980526766004484e-02
-1.976995845591624640e-02
-1.977050454402388621e-02
-1.977096530980145331e-02
-1.977374297522363836e-02
-1.977622771517093675e-02
-1.976920562173918941e-02
-1.976970968243369972e-02
-1.977530203815552889e-02
-1.977117209898023725e-02
-1.977741877820613989e-02
-1.976965378445688995e-02
-1.977358889878417375e-02
-1.977546247704961915e-02
-1.977859486576291279e-02
-1.977522072072723444e-02
-1.977256139801948295e-02
-1.977362590324490202e-02
-1.977041431511578767e-02
-1.977334926015968802e-02
-1.977419616783839679e-02
-1.977694988486489169e-02
-1.976995681753227971e-02
-1.977629294669188201e-02
-1.977441834831255435e-02
-1.977707337629277737e-02
-1.977194270971587703e-02
-1.977229850542094186e-02
-1.977150251994084021e-02
-1.977055880553327608e-02
-1.977028708502217777e-02
-1.977299399538176225e-02
-1.977612381156903035e-02
-1.977295640012309216e-02
-1.977054862270908459e-02
-1.976883203798132996e-02
-1.976901846289661618e-02
-1.977230960334559057e-02
-1.977322727123220422e-02
-1.977123045359590811e-02
-1.977383806313787185e-02
-1.977269571371957288e-02
-1.977080200127512982e-02
-1.976897923396039175e-02
-1.977412816323393524e-02
-1.977215202914502437e-02
-1.977335556694972268e-02
-1.977481978066675250e-02
-1.977249537234245999e-02
-1.977496456058217347e-02
-1.977273492490305706e-02
-1.977171920504670194e-02
