-1.965667121112346649e-02
-1.966027729213237762e-02
-1.966455951333045959e-02
-1.965683698654174805e-02
-1.965728960931301117e-02
-1.965642534196376801e-02
-1.965389959514141083e-02
-1.965544186532497406e-02
-1.965835317969322205e-02
-1.965495198965072632e-02
-1.965577341616153717e-02
-1.965458504855632782e-02
-1.965530589222908020e-02
-1.965868845582008362e-02
-1.966393925249576569e-02
-1.965514384210109711e-02
-1.965935342013835907e-02
-1.966104470193386078e-02
-1.965870894491672516e-02
-1.966387033462524414e-02
-1.966150850057601929e-02
-1.966108381748199463e-02
-1.965291239321231842e-02
-1.965874992311000824e-02
-1.966077834367752075e-02
-1.965463161468505859e-02
-1.965866982936859131e-02
-1.965523324906826019e-02
-1.965788006782531738e-02
-1.965340971946716309e-02
-1.965431682765483856e-02
-1.965380646288394928e-02
-1.966029964387416840e-02
-1.966275088489055634e-02
-1.965654455125331879e-02
-1.965308934450149536e-02
-1.965416222810745239e-02
-1.966010406613349915e-02
-1.965856179594993591e-02
-1.965502463281154633e-02
-1.965983211994171143e-02
-1.965934783220291138e-02
-1.965939439833164215e-02
-1.966269128024578094e-02
-1.966261677443981171e-02
-1.966007053852081299e-02
-1.965355314314365387e-02
-1.965943351387977600e-02
-1.966435275971889496e-02
-1.965647563338279724e-02
-1.965530961751937866e-02
-1.965735852718353271e-02
-1.965371705591678619e-02
-1.965988241136074066e-02
-1.965896226465702057e-02
-1.965899020433425903e-02
-1.965756714344024658e-02
-1.965051330626010895e-02
-1.966007426381111145e-02
-1.965544559061527252e-02
-1.965347677469253540e-02
-1.965047232806682587e-02
-1.965086720883846283e-02
-1.965867727994918823e-02
-1.965780369937419891e-02
-1.965501531958580017e-02
-1.965614035725593567e-02
-1.965659111738204956e-02
-1.965924724936485291e-02
-1.966136321425437927e-02
-1.965846121311187744e-02
-1.965694501996040344e-02
-1.966199837625026703e-02
-1.966003142297267914e-02
-1.965648494660854340e-02
-1.965449564158916473e-02
-1.965530775487422943e-02
-1.965852826833724976e-02
-1.965751498937606812e-02
-1.965735107660293579e-02
-1.965609565377235413e-02
-1.965483650565147400e-02
-1.965587958693504333e-02
-1.965334266424179077e-02
-1.965891569852828979e-02
-1.965941488742828369e-02
-1.965261995792388916e-02
-1.966189593076705933e-02
-1.965533010661602020e-02
-1.965795084834098816e-02
-1.966039650142192841e-02
-1.965502277016639709e-02
-1.966131292283535004e-02
-1.966495811939239502e-02
-1.966006308794021606e-02
-1.965974643826484680e-02
-1.965278014540672302e-02
-1.965202018618583679e-02
-1.966158859431743622e-02
-1.965851150453090668e-02
-1.964995265007019043e-02
-1.965410448610782623e-02
-1.965857297182083130e-02
-1.965964771807193756e-02
-1.965984702110290527e-02
-1.966042630374431610e-02
-1.965708471834659576e-02
-1.965907216072082520e-02
-1.965950801968574524e-02
-1.966063492000102997e-02
-1.966000720858573914e-02
-1.965575665235519409e-02
-1.966213434934616089e-02
-1.965800486505031586e-02
-1.965447142720222473e-02
-1.965577341616153717e-02
-1.964745484292507172e-02
-1.965806446969509125e-02
-1.965723559260368347e-02
-1.965895667672157288e-02
-1.965629868209362030e-02
-1.966143585741519928e-02
-1.966282166540622711e-02
-1.966389454901218414e-02
-1.966597512364387512e-02
-1.966670155525207520e-02
-1.966361515223979950e-02
-1.966112852096557617e-02
-1.965749822556972504e-02
-1.966540887951850891e-02
-1.965808868408203125e-02
-1.966302096843719482e-02
-1.966012269258499146e-02
-1.966081000864505768e-02
-1.966659165918827057e-02
-1.965913176536560059e-02
-1.965775340795516968e-02
-1.966245472431182861e-02
-1.966196298599243164e-02
-1.965842396020889282e-02
-1.965812407433986664e-02
-1.966105774044990540e-02
-1.965873688459396362e-02
-1.965937949717044830e-02
-1.966012828052043915e-02
-1.965983770787715912e-02
-1.965470053255558014e-02
-1.966238953173160553e-02
-1.965584605932235718e-02
-1.965628936886787415e-02
-1.965454779565334320e-02
-1.965447701513767242e-02
-1.966164074838161469e-02
-1.965456083416938782e-02
-1.965480670332908630e-02
-1.965491473674774170e-02
-1.965892873704433441e-02
-1.965733990073204041e-02
-1.965816877782344818e-02
-1.966040767729282379e-02
-1.966136693954467773e-02
-1.965915784239768982e-02
-1.965688914060592651e-02
-1.966153830289840698e-02
-1.965623721480369568e-02
-1.966118626296520233e-02
-1.965707540512084961e-02
-1.965375617146492004e-02
-1.965671591460704803e-02
-1.965740881860256195e-02
-1.965622976422309875e-02
-1.966428384184837341e-02
-1.965381950139999390e-02
-1.965878903865814209e-02
-1.965254172682762146e-02
-1.965047977864742279e-02
-1.966571807861328125e-02
-1.965454779565334320e-02
-1.965920068323612213e-02
-1.965987309813499451e-02
-1.965990662574768066e-02
-1.965931989252567291e-02
-1.965857110917568207e-02
-1.965627819299697876e-02
-1.965977065265178680e-02
-1.966096274554729462e-02
-1.966172084212303162e-02
-1.966123841702938080e-02
-1.966318860650062561e-02
-1.965239085257053375e-02
-1.965413801372051239e-02
-1.965267397463321686e-02
-1.964767090976238251e-02
-1.965675689280033112e-02
-1.965793222188949585e-02
-1.965739950537681580e-02
-1.965409331023693085e-02
-1.966030709445476532e-02
-1.966562122106552124e-02
-1.966635510325431824e-02
-1.966649293899536133e-02
-1.965543627738952637e-02
-1.965982839465141296e-02
-1.965419016778469086e-02
-1.965879276394844055e-02
-1.965947262942790985e-02
-1.966085843741893768e-02
-1.965955831110477448e-02
-1.965650916099548340e-02
-1.966051384806632996e-02
-1.966077648103237152e-02
-1.965880207717418671e-02
-1.966375671327114105e-02
-1.965905167162418365e-02
-1.965924724936485291e-02
-1.965556107461452484e-02
-1.966247707605361938e-02
-1.965478621423244476e-02
-1.966031640768051147e-02
-1.965393498539924622e-02
-1.965394057333469391e-02
-1.965627446770668030e-02
-1.965987309813499451e-02
-1.966479420661926270e-02
-1.966062933206558228e-02
-1.965921558439731598e-02
-1.966178975999355316e-02
-1.966357231140136719e-02
-1.965698599815368652e-02
-1.965515129268169403e-02
-1.966099441051483154e-02
-1.965636946260929108e-02
-1.965468376874923706e-02
-1.965983584523200989e-02
-1.965343952178955078e-02
-1.965491473674774170e-02
-1.965518109500408173e-02
-1.966146565973758698e-02
-1.965625584125518799e-02
-1.965466141700744629e-02
-1.966386660933494568e-02
-1.965799927711486816e-02
-1.965879276394844055e-02
-1.966040767729282379e-02
-1.965806260704994202e-02
-1.966247893869876862e-02
-1.965754292905330658e-02
-1.965045370161533356e-02
-1.965789869427680969e-02
-1.965321972966194153e-02
-1.965619064867496490e-02
-1.966230198740959167e-02
-1.966121420264244080e-02
-1.965644210577011108e-02
-1.966056227684020996e-02
-1.965996623039245605e-02
-1.965701580047607422e-02
-1.966019906103610992e-02
-1.965898834168910980e-02
-1.965915970504283905e-02
-1.965523511171340942e-02
-1.965089701116085052e-02
-1.966108754277229309e-02
-1.965866424143314362e-02
-1.965815573930740356e-02
-1.965890638530254364e-02
-1.965922117233276367e-02
-1.965757086873054504e-02
-1.965826004743576050e-02
-1.965994946658611298e-02
-1.965750381350517273e-02
-1.965866796672344208e-02
-1.965729333460330963e-02
-1.965412497520446777e-02
-1.965419389307498932e-02
-1.965393126010894775e-02
-1.965031586587429047e-02
-1.964871957898139954e-02
-1.965881697833538055e-02
-1.966036297380924225e-02
-1.965513266623020172e-02
-1.965945772826671600e-02
-1.965731382369995117e-02
-1.965592242777347565e-02
-1.965377107262611389e-02
-1.966466754674911499e-02
-1.966012828052043915e-02
-1.965863071382045746e-02
-1.965021342039108276e-02
-1.965787261724472046e-02
-1.965741626918315887e-02
-1.966173760592937469e-02
-1.966103538870811462e-02
-1.966306380927562714e-02
-1.965509168803691864e-02
-1.965941861271858215e-02
-1.966127380728721619e-02
-1.966006495058536530e-02
-1.966080628335475922e-02
-1.965459436178207397e-02
-1.965563744306564331e-02
-1.966143585741519928e-02
-1.965911127626895905e-02
-1.965850032866001129e-02
-1.965820416808128357e-02
-1.965633034706115723e-02
-1.965729519724845886e-02
-1.965961419045925140e-02
-1.965845376253128052e-02
-1.965790428221225739e-02
-1.965649425983428955e-02
-1.965354196727275848e-02
-1.965883374214172363e-02
-1.965653151273727417e-02
-1.965868473052978516e-02
-1.966063305735588074e-02
-1.965720765292644501e-02
-1.965472660958766937e-02
-1.965910755097866058e-02
-1.966078393161296844e-02
-1.965962909162044525e-02
-1.965653896331787109e-02
-1.965447142720222473e-02
-1.965742558240890503e-02
-1.966127566993236542e-02
-1.965634338557720184e-02
-1.965885236859321594e-02
-1.965927518904209137e-02
-1.965929195284843445e-02
-1.965696550905704498e-02
-1.965468749403953552e-02
-1.965622045099735260e-02
-1.965289935469627380e-02
-1.965120993554592133e-02
-1.965983584523200989e-02
-1.965725421905517578e-02
-1.965332403779029846e-02
-1.966044120490550995e-02
-1.965641975402832031e-02
-1.965685561299324036e-02
-1.965817064046859741e-02
-1.965734921395778656e-02
-1.966311410069465637e-02
-1.966256834566593170e-02
-1.965685561299324036e-02
-1.966206170618534088e-02
-1.965991780161857605e-02
-1.965767703950405121e-02
-1.965740881860256195e-02
-1.965675316751003265e-02
-1.965887285768985748e-02
-1.965876668691635132e-02
-1.966230385005474091e-02
-1.966176554560661316e-02
-1.966234296560287476e-02
-1.965852826833724976e-02
-1.965417340397834778e-02
-1.966094598174095154e-02
-1.966172456741333008e-02
-1.965771429240703583e-02
-1.965760625898838043e-02
-1.965491846203804016e-02
-1.965654268860816956e-02
-1.965672895312309265e-02
-1.965986005961894989e-02
-1.966195181012153625e-02
-1.966117694973945618e-02
-1.966194622218608856e-02
-1.966124773025512695e-02
-1.965990662574768066e-02
-1.966083049774169922e-02
-1.965641416609287262e-02
-1.965927332639694214e-02
-1.965377666056156158e-02
-1.966089569032192230e-02
-1.965495944023132324e-02
-1.965870335698127747e-02
-1.965239644050598145e-02
-1.965980231761932373e-02
-1.965364441275596619e-02
-1.965435966849327087e-02
-1.965961977839469910e-02
-1.965900138020515442e-02
-1.965499296784400940e-02
-1.965781673789024353e-02
-1.965705677866935730e-02
-1.965690404176712036e-02
-1.966091990470886230e-02
-1.965639553964138031e-02
-1.965030282735824585e-02
-1.965652219951152802e-02
-1.965781301259994507e-02
-1.966011524200439453e-02
-1.966331340372562408e-02
-1.966043561697006226e-02
-1.965871080756187439e-02
-1.965526118874549866e-02
-1.966288499534130096e-02
-1.966031268239021301e-02
-1.965495944023132324e-02
-1.965577341616153717e-02
-1.965998113155364990e-02
-1.965656504034996033e-02
-1.965917088091373444e-02
-1.965547166764736176e-02
-1.965586654841899872e-02
-1.965390518307685852e-02
-1.965909078717231750e-02
-1.965373568236827850e-02
-1.966229081153869629e-02
-1.965945400297641754e-02
-1.965497247874736786e-02
-1.966129615902900696e-02
-1.966126263141632080e-02
-1.966155134141445160e-02
-1.965368166565895081e-02
-1.965503208339214325e-02
-1.966265775263309479e-02
-1.966752111911773682e-02
-1.965944841504096985e-02
-1.965693198144435883e-02
-1.966115459799766541e-02
-1.965622045099735260e-02
-1.965727284550666809e-02
-1.966076157987117767e-02
-1.965561509132385254e-02
-1.965746842324733734e-02
-1.966276392340660095e-02
-1.965567469596862793e-02
-1.966486312448978424e-02
-1.965746842324733734e-02
-1.965583488345146179e-02
-1.965399086475372314e-02
-1.966209523379802704e-02
-1.965912245213985443e-02
-1.966568082571029663e-02
-1.965973153710365295e-02
-1.966041326522827148e-02
-1.966088637709617615e-02
-1.965885795652866364e-02
-1.966276392340660095e-02
-1.965416409075260162e-02
-1.966444589197635651e-02
-1.966225169599056244e-02
-1.965635642409324646e-02
-1.965576037764549255e-02
-1.965921372175216675e-02
-1.965357735753059387e-02
-1.965994201600551605e-02
-1.965754106640815735e-02
-1.965291239321231842e-02
-1.965520344674587250e-02
-1.965449564158916473e-02
-1.965906098484992981e-02
-1.965509168803691864e-02
-1.965570449829101562e-02
-1.966514065861701965e-02
-1.966167613863945007e-02
-1.965558528900146484e-02
-1.965910755097866058e-02
-1.965637132525444031e-02
-1.966000907123088837e-02
-1.965647190809249878e-02
-1.965441927313804626e-02
-1.965959742665290833e-02
-1.966275088489055634e-02
-1.966140232980251312e-02
-1.965967752039432526e-02
-1.966149173676967621e-02
-1.966330967843532562e-02
-1.966343447566032410e-02
-1.965854130685329437e-02
-1.966205984354019165e-02
-1.965961605310440063e-02
-1.965344510972499847e-02
-1.965553499758243561e-02
-1.965648308396339417e-02
-1.965193264186382294e-02
-1.966406963765621185e-02
-1.966010779142379761e-02
-1.965442299842834473e-02
-1.965403184294700623e-02
-1.966119371354579926e-02
-1.966221444308757782e-02
-1.965855434536933899e-02
-1.965764164924621582e-02
-1.965815387666225433e-02
-1.965848542749881744e-02
-1.965624652802944183e-02
-1.965823769569396973e-02
-1.966648176312446594e-02
-1.966531947255134583e-02
-1.966214179992675781e-02
-1.966582611203193665e-02
-1.966384053230285645e-02
-1.966095529496669769e-02
-1.965593174099922180e-02
-1.965782418847084045e-02
-1.965288259088993073e-02
-1.965561136603355408e-02
-1.965370215475559235e-02
-1.965938881039619446e-02
-1.966004446148872375e-02
-1.966164074838161469e-02
-1.965851150453090668e-02
-1.965986192226409912e-02
-1.965644024312496185e-02
-1.965850405395030975e-02
-1.966455578804016113e-02
-1.965801790356636047e-02
-1.966103352606296539e-02
-1.965741626918315887e-02
-1.965668424963951111e-02
-1.965868473052978516e-02
-1.965703442692756653e-02
-1.965632662177085876e-02
-1.965255104005336761e-02
-1.966175064444541931e-02
-1.965592242777347565e-02
-1.965530216693878174e-02
-1.965447515249252319e-02
-1.965471357107162476e-02
-1.965604163706302643e-02
-1.965364813804626465e-02
-1.965889893472194672e-02
-1.965745911002159119e-02
-1.965704001486301422e-02
-1.965703070163726807e-02
-1.965242624282836914e-02
-1.965782977640628815e-02
-1.965855434536933899e-02
-1.966243796050548553e-02
-1.966264098882675171e-02
-1.965606212615966797e-02
-1.965917088091373444e-02
-1.965080015361309052e-02
-1.965869776904582977e-02
-1.965443231165409088e-02
-1.965732872486114502e-02
-1.966086402535438538e-02
-1.966287009418010712e-02
-1.965963840484619141e-02
-1.965971663594245911e-02
-1.965679228305816650e-02
-1.966123096644878387e-02
-1.965834945440292358e-02
-1.965518109500408173e-02
-1.966122724115848541e-02
-1.965451799333095551e-02
-1.966307498514652252e-02
-1.965748332440853119e-02
-1.965667307376861572e-02
-1.966016739606857300e-02
-1.966058090329170227e-02
-1.965991593897342682e-02
-1.965597271919250488e-02
-1.965720020234584808e-02
-1.965644024312496185e-02
-1.965768076479434967e-02
-1.965540461242198944e-02
-1.966124214231967926e-02
-1.965584792196750641e-02
-1.966005377471446991e-02
-1.966227404773235321e-02
-1.965980045497417450e-02
-1.965623721480369568e-02
-1.965544372797012329e-02
-1.965413056313991547e-02
-1.965874060988426208e-02
-1.966182887554168701e-02
-1.965781673789024353e-02
-1.965668611228466034e-02
-1.965416595339775085e-02
-1.965624652802944183e-02
-1.965934038162231445e-02
-1.967006549239158630e-02
-1.966081932187080383e-02
-1.965947262942790985e-02
-1.965881511569023132e-02
-1.965491846203804016e-02
-1.965979300439357758e-02
-1.965633966028690338e-02
-1.966102235019207001e-02
-1.966025307774543762e-02
-1.965959742665290833e-02
-1.965895667672157288e-02
-1.966263726353645325e-02
-1.966028474271297455e-02
-1.965790241956710815e-02
-1.965998113155364990e-02
-1.965847983956336975e-02
-1.965644583106040955e-02
-1.965617015957832336e-02
-1.965744420886039734e-02
-1.966347731649875641e-02
-1.965903304517269135e-02
-1.966176927089691162e-02
-1.965523324906826019e-02
-1.966139674186706543e-02
-1.965853571891784668e-02
-1.965417899191379547e-02
-1.965884305536746979e-02
-1.965995505452156067e-02
-1.965023018419742584e-02
-1.965682022273540497e-02
-1.965486072003841400e-02
-1.965809985995292664e-02
-1.965579949319362640e-02
-1.965563744306564331e-02
-1.965136267244815826e-02
-1.965719833970069885e-02
-1.965772919356822968e-02
-1.965524628758430481e-02
-1.965313032269477844e-02
-1.965628936886787415e-02
-1.965912058949470520e-02
-1.964991167187690735e-02
-1.965630054473876953e-02
-1.965057849884033203e-02
-1.965656504034996033e-02
-1.966113410890102386e-02
-1.966072060167789459e-02
-1.965914294123649597e-02
-1.965589635074138641e-02
-1.965869031846523285e-02
-1.965239271521568298e-02
-1.965982280671596527e-02
-1.966061815619468689e-02
-1.966729201376438141e-02
-1.966184191405773163e-02
-1.966280303895473480e-02
-1.966057159006595612e-02
-1.965931430459022522e-02
-1.965620741248130798e-02
-1.964885555207729340e-02
-1.965421997010707855e-02
-1.966332644224166870e-02
-1.965883933007717133e-02
-1.965921372175216675e-02
-1.965930685400962830e-02
-1.965266093611717224e-02
-1.966176554560661316e-02
-1.965699531137943268e-02
-1.965108513832092285e-02
-1.965706795454025269e-02
-1.966065913438796997e-02
-1.965861581265926361e-02
-1.966167427599430084e-02
-1.966010779142379761e-02
-1.965864375233650208e-02
-1.965559646487236023e-02
-1.965495198965072632e-02
-1.965875923633575439e-02
-1.965496502816677094e-02
-1.965227723121643066e-02
-1.965392567217350006e-02
-1.965717785060405731e-02
-1.966285146772861481e-02
-1.965922117233276367e-02
-1.965615712106227875e-02
-1.966380700469017029e-02
-1.965867355465888977e-02
-1.966106891632080078e-02
-1.966262795031070709e-02
-1.966047286987304688e-02
-1.966168545186519623e-02
-1.965690962970256805e-02
-1.965717412531375885e-02
-1.965439319610595703e-02
-1.966650784015655518e-02
-1.966116763651371002e-02
-1.965783536434173584e-02
-1.965502277016639709e-02
-1.966388151049613953e-02
-1.966365240514278412e-02
-1.966469734907150269e-02
-1.966225728392601013e-02
-1.966122537851333618e-02
-1.966157928109169006e-02
-1.965765468776226044e-02
-1.965363882482051849e-02
-1.965655200183391571e-02
-1.965040713548660278e-02
-1.965570822358131409e-02
-1.966224983334541321e-02
-1.965387724339962006e-02
-1.966065540909767151e-02
-1.966751366853713989e-02
-1.966355554759502411e-02
-1.965686306357383728e-02
-1.966247893869876862e-02
-1.965973339974880219e-02
-1.965714059770107269e-02
-1.965635642409324646e-02
-1.965743303298950195e-02
-1.965842768549919128e-02
-1.965529657900333405e-02
-1.965247839689254761e-02
-1.966356299817562103e-02
-1.965692266821861267e-02
-1.965784654021263123e-02
-1.966400258243083954e-02
-1.966161839663982391e-02
-1.965801790356636047e-02
-1.966245286166667938e-02
-1.966324076056480408e-02
-1.966408826410770416e-02
-1.965848915278911591e-02
-1.966213621199131012e-02
-1.965538971126079559e-02
-1.965956762433052063e-02
-1.965279690921306610e-02
-1.966099254786968231e-02
-1.966117136180400848e-02
-1.965852640569210052e-02
-1.966481842100620270e-02
-1.966142654418945312e-02
-1.965312100946903229e-02
-1.966187357902526855e-02
-1.965499483048915863e-02
-1.965888962149620056e-02
-1.966089010238647461e-02
-1.965682581067085266e-02
-1.966061070561408997e-02
-1.966095529496669769e-02
-1.965751685202121735e-02
-1.965324394404888153e-02
-1.965631917119026184e-02
-1.965528354048728943e-02
-1.965514384210109711e-02
-1.965391077101230621e-02
-1.965360715985298157e-02
-1.965707167983055115e-02
-1.965926028788089752e-02
-1.965651474893093109e-02
-1.966565847396850586e-02
-1.965731754899024963e-02
-1.965272985398769379e-02
-1.966188289225101471e-02
-1.965711452066898346e-02
-1.966035366058349609e-02
-1.965072192251682281e-02
-1.965537667274475098e-02
-1.965499855577945709e-02
-1.965615525841712952e-02
-1.965613476932048798e-02
-1.966172829270362854e-02
-1.965735107660293579e-02
-1.965555176138877869e-02
-1.966484636068344116e-02
-1.965816132724285126e-02
-1.965944096446037292e-02
-1.965606212615966797e-02
-1.966351829469203949e-02
-1.965651847422122955e-02
-1.965919695794582367e-02
-1.965995505452156067e-02
-1.966023445129394531e-02
-1.966619491577148438e-02
-1.966388337314128876e-02
-1.966231875121593475e-02
-1.966327056288719177e-02
-1.965926960110664368e-02
-1.965951174497604370e-02
-1.966322958469390869e-02
-1.965918578207492828e-02
-1.965543255209922791e-02
-1.965690776705741882e-02
-1.965392008423805237e-02
-1.965961232781410217e-02
-1.965919137001037598e-02
-1.965991407632827759e-02
-1.965599507093429565e-02
-1.965373754501342773e-02
-1.965420320630073547e-02
-1.965856179594993591e-02
-1.965455152094364166e-02
-1.965886726975440979e-02
-1.965875737369060516e-02
-1.966151222586631775e-02
-1.965687796473503113e-02
-1.966070011258125305e-02
-1.965464092791080475e-02
-1.965459808707237244e-02
-1.966197602450847626e-02
-1.966051198542118073e-02
-1.965773664414882660e-02
-1.965713128447532654e-02
-1.965511590242385864e-02
-1.965520344674587250e-02
-1.965563558042049408e-02
-1.965414732694625854e-02
-1.965712942183017731e-02
-1.966001652181148529e-02
-1.965791732072830200e-02
-1.965807750821113586e-02
-1.966064237058162689e-02
-1.965995505452156067e-02
-1.966155134141445160e-02
-1.965821720659732819e-02
-1.966148987412452698e-02
-1.965796574950218201e-02
-1.965347304940223694e-02
-1.965888589620590210e-02
-1.966125704348087311e-02
-1.966140978038311005e-02
-1.965886168181896210e-02
-1.965502835810184479e-02
-1.966142654418945312e-02
-1.966495439410209656e-02
-1.966009102761745453e-02
-1.965853199362754822e-02
-1.965346746146678925e-02
-1.965848170220851898e-02
-1.966054551303386688e-02
-1.965592056512832642e-02
-1.966200582683086395e-02
-1.966355368494987488e-02
-1.966248266398906708e-02
-1.966167241334915161e-02
-1.965933293104171753e-02
-1.965888775885105133e-02
-1.966091617941856384e-02
-1.965561509132385254e-02
-1.965217106044292450e-02
-1.965349540114402771e-02
-1.965725794434547424e-02
-1.966123655438423157e-02
-1.966173760592937469e-02
-1.965846121311187744e-02
-1.965522393584251404e-02
-1.965712383389472961e-02
-1.965649239718914032e-02
-1.966538652777671814e-02
-1.965707167983055115e-02
-1.966070383787155151e-02
-1.965836063027381897e-02
-1.966292969882488251e-02
-1.965909823775291443e-02
-1.965518668293952942e-02
-1.965857855975627899e-02
-1.966383121907711029e-02
-1.966181956231594086e-02
-1.965245604515075684e-02
-1.966070383787155151e-02
-1.966176368296146393e-02
-1.965955272316932678e-02
-1.965727843344211578e-02
-1.965258829295635223e-02
-1.965568959712982178e-02
-1.965802162885665894e-02
-1.966184377670288086e-02
-1.965182274580001831e-02
-1.965730264782905579e-02
-1.964954100549221039e-02
-1.965447142720222473e-02
-1.966253854334354401e-02
-1.965870335698127747e-02
-1.965423487126827240e-02
-1.965753175318241119e-02
-1.965573802590370178e-02
-1.965842209756374359e-02
-1.965928822755813599e-02
-1.965786330401897430e-02
-1.966159418225288391e-02
-1.966046914458274841e-02
-1.965952664613723755e-02
-1.965494453907012939e-02
-1.965791918337345123e-02
-1.965662091970443726e-02
-1.965842396020889282e-02
-1.965497247874736786e-02
-1.966621354222297668e-02
-1.966330409049987793e-02
-1.966196671128273010e-02
-1.965579763054847717e-02
-1.965788751840591431e-02
-1.965607143938541412e-02
-1.965632475912570953e-02
-1.965639553964138031e-02
-1.965480111539363861e-02
-1.965414732694625854e-02
-1.965133659541606903e-02
-1.965594850480556488e-02
-1.965705491602420807e-02
-1.965628378093242645e-02
-1.965584605932235718e-02
-1.965576224029064178e-02
-1.965915411710739136e-02
-1.966057531535625458e-02
-1.966446079313755035e-02
-1.966327428817749023e-02
-1.965808868408203125e-02
-1.965806819498538971e-02
-1.966318301856517792e-02
-1.965663395822048187e-02
-1.964956149458885193e-02
-1.965422183275222778e-02
-1.965428702533245087e-02
-1.965316757559776306e-02
-1.965809427201747894e-02
-1.966354623436927795e-02
-1.965938881039619446e-02
-1.965682022273540497e-02
-1.965750753879547119e-02
-1.965452544391155243e-02
-1.965240947902202606e-02
-1.965116336941719055e-02
-1.966571807861328125e-02
-1.965607143938541412e-02
-1.965937018394470215e-02
-1.965702883899211884e-02
-1.965715736150741577e-02
-1.965258456766605377e-02
-1.965801790356636047e-02
-1.965624652802944183e-02
-1.965654455125331879e-02
-1.965672336518764496e-02
-1.965970173478126526e-02
-1.966037601232528687e-02
-1.965698041021823883e-02
-1.966229639947414398e-02
-1.965963654220104218e-02
-1.965489797294139862e-02
-1.966182701289653778e-02
-1.965790987014770508e-02
-1.965873688459396362e-02
-1.965895295143127441e-02
-1.966541633009910583e-02
-1.966261863708496094e-02
-1.965962722897529602e-02
-1.966631039977073669e-02
-1.966337673366069794e-02
-1.965790987014770508e-02
-1.965794898569583893e-02
-1.965878717601299286e-02
-1.965334825217723846e-02
-1.965346373617649078e-02
-1.965506188571453094e-02
-1.965324021875858307e-02
-1.965787634253501892e-02
-1.966066658496856689e-02
-1.965747401118278503e-02
-1.965924538671970367e-02
-1.966224983334541321e-02
-1.965933665633201599e-02
-1.965682953596115112e-02
-1.965846866369247437e-02
-1.965587586164474487e-02
-1.965165697038173676e-02
-1.965335942804813385e-02
-1.965502649545669556e-02
-1.966003142297267914e-02
-1.966036669909954071e-02
-1.965865492820739746e-02
-1.966333016753196716e-02
-1.965471357107162476e-02
-1.965709775686264038e-02
-1.965985633432865143e-02
-1.965313218533992767e-02
-1.965923421084880829e-02
-1.965517923235893250e-02
-1.965879276394844055e-02
-1.966268382966518402e-02
-1.966021023690700531e-02
-1.965607143938541412e-02
-1.965929940342903137e-02
-1.966909505426883698e-02
-1.965812407433986664e-02
-1.965480670332908630e-02
-1.965741813182830811e-02
-1.965611800551414490e-02
-1.965918764472007751e-02
-1.965868100523948669e-02
-1.965811103582382202e-02
-1.966089569032192230e-02
-1.966013759374618530e-02
-1.965817809104919434e-02
-1.966182328760623932e-02
-1.965915597975254059e-02
-1.966001838445663452e-02
-1.965375244617462158e-02
-1.965888962149620056e-02
-1.965368352830410004e-02
-1.965795271098613739e-02
-1.966319046914577484e-02
-1.964882947504520416e-02
-1.965748891234397888e-02
-1.965164579451084137e-02
-1.966081559658050537e-02
-1.965931616723537445e-02
-1.965864375233650208e-02
-1.965587213635444641e-02
-1.965494826436042786e-02
-1.965430006384849548e-02
-1.965314522385597229e-02
-1.966343633830547333e-02
-1.965708471834659576e-02
-1.965713128447532654e-02
-1.965292356908321381e-02
-1.965707913041114807e-02
-1.966245844960212708e-02
-1.965969800949096680e-02
-1.965639367699623108e-02
-1.965216733515262604e-02
-1.965064182877540588e-02
-1.965847425162792206e-02
-1.965687982738018036e-02
-1.965495571494102478e-02
-1.965693943202495575e-02
-1.965314708650112152e-02
-1.965711079537868500e-02
-1.965989917516708374e-02
-1.966151222586631775e-02
-1.965414360165596008e-02
-1.965830661356449127e-02
-1.966295577585697174e-02
-1.965852826833724976e-02
-1.965365186333656311e-02
-1.966385170817375183e-02
-1.966226845979690552e-02
-1.966258324682712555e-02
-1.965604722499847412e-02
-1.965465024113655090e-02
-1.965984515845775604e-02
-1.966086030006408691e-02
-1.965884119272232056e-02
-1.966269686818122864e-02
-1.966149918735027313e-02
-1.965386606752872467e-02
-1.965831220149993896e-02
-1.965697854757308960e-02
-1.965980231761932373e-02
-1.965627074241638184e-02
-1.965552195906639099e-02
-1.965738646686077118e-02
-1.965960301458835602e-02
-1.965865120291709900e-02
-1.965798251330852509e-02
-1.966124027967453003e-02
-1.966441795229911804e-02
-1.965811103582382202e-02
-1.966013386845588684e-02
-1.966233551502227783e-02
-1.966225914657115936e-02
-1.965494267642498016e-02
-1.965817436575889587e-02
-1.965647935867309570e-02
-1.965650357306003571e-02
-1.965327002108097076e-02
-1.965169608592987061e-02
-1.965457946062088013e-02
-1.965656690299510956e-02
-1.966172456741333008e-02
-1.966297626495361328e-02
-1.966022327542304993e-02
-1.966124773025512695e-02
-1.966213807463645935e-02
-1.965898089110851288e-02
-1.966110430657863617e-02
-1.965781301259994507e-02
-1.965243928134441376e-02
-1.966400258243083954e-02
-1.965774036943912506e-02
-1.965603791177272797e-02
-1.965571753680706024e-02
-1.965427026152610779e-02
-1.965372264385223389e-02
-1.965997926890850067e-02
-1.966110803186893463e-02
-1.966366730630397797e-02
-1.965899765491485596e-02
-1.965872012078762054e-02
-1.965969428420066833e-02
-1.965817064046859741e-02
-1.966306567192077637e-02
-1.965537108480930328e-02
-1.965579017996788025e-02
-1.966055296361446381e-02
-1.965679787099361420e-02
-1.965498179197311401e-02
-1.965226046741008759e-02
-1.965242065489292145e-02
-1.965578272938728333e-02
-1.966283842921257019e-02
-1.966811530292034149e-02
-1.966072618961334229e-02
-1.965371333062648773e-02
-1.966055482625961304e-02
-1.965770125389099121e-02
-1.966403797268867493e-02
-1.965954713523387909e-02
-1.966185122728347778e-02
-1.965701580047607422e-02
-1.965882256627082825e-02
-1.965796574950218201e-02
-1.965955458581447601e-02
-1.965012215077877045e-02
-1.966145448386669159e-02
-1.965550519526004791e-02
-1.965474709868431091e-02
-1.965869963169097900e-02
-1.965601556003093719e-02
-1.965592615306377411e-02
-1.966125704348087311e-02
-1.965459436178207397e-02
-1.966106891632080078e-02
-1.965986564755439758e-02
-1.966178789734840393e-02
-1.965772733092308044e-02
-1.965694129467010498e-02
-1.965921744704246521e-02
-1.965772360563278198e-02
-1.965432241559028625e-02
-1.965815387666225433e-02
-1.966416463255882263e-02
-1.966379210352897644e-02
-1.965769380331039429e-02
-1.966012082993984222e-02
-1.965888589620590210e-02
-1.965986564755439758e-02
-1.965780928730964661e-02
-1.965939626097679138e-02
-1.965484954416751862e-02
-1.965933851897716522e-02
-1.966114342212677002e-02
-1.965318992733955383e-02
-1.966730132699012756e-02
-1.965956762433052063e-02
-1.965420320630073547e-02
-1.965095847845077515e-02
-1.965549215674400330e-02
-1.965300180017948151e-02
-1.965945214033126831e-02
-1.965983025729656219e-02
-1.965278945863246918e-02
-1.965804025530815125e-02
-1.965688541531562805e-02
-1.965843886137008667e-02
-1.965991966426372528e-02
-1.966006681323051453e-02
-1.965697854757308960e-02
-1.966312155127525330e-02
-1.966409198939800262e-02
-1.966375857591629028e-02
-1.966124773025512695e-02
-1.966187171638011932e-02
-1.966095902025699615e-02
-1.965804956853389740e-02
-1.965942420065402985e-02
-1.965641975402832031e-02
-1.965416967868804932e-02
-1.965769566595554352e-02
-1.965659298002719879e-02
-1.965909451246261597e-02
-1.966033317148685455e-02
-1.966266706585884094e-02
-1.965403556823730469e-02
-1.966086588799953461e-02
-1.965422183275222778e-02
-1.965534314513206482e-02
-1.965491846203804016e-02
-1.965452171862125397e-02
-1.965666748583316803e-02
-1.965965144336223602e-02
-1.966032758355140686e-02
-1.965575665235519409e-02
-1.965633966028690338e-02
-1.966151595115661621e-02
-1.965811103582382202e-02
-1.965292170643806458e-02
-1.966029964387416840e-02
-1.965857855975627899e-02
-1.966021396219730377e-02
-1.965687610208988190e-02
-1.965904235839843750e-02
-1.966053061187267303e-02
-1.966502517461776733e-02
-1.965159736573696136e-02
-1.964462175965309143e-02
-1.965265348553657532e-02
-1.965505816042423248e-02
-1.965301111340522766e-02
-1.966176927089691162e-02
-1.965647749602794647e-02
-1.965087465941905975e-02
-1.966036297380924225e-02
-1.965767703950405121e-02
-1.966750621795654297e-02
-1.965820603072643280e-02
-1.965888403356075287e-02
-1.965987496078014374e-02
-1.965788565576076508e-02
-1.966224238276481628e-02
-1.966048777103424072e-02
-1.965738087892532349e-02
-1.965447515249252319e-02
-1.965986564755439758e-02
-1.965150795876979828e-02
-1.965608820319175720e-02
-1.965665072202682495e-02
-1.965458132326602936e-02
-1.965704560279846191e-02
-1.965521834790706635e-02
-1.965902559459209442e-02
-1.966435462236404419e-02
-1.966380327939987183e-02
-1.965769752860069275e-02
-1.965641416609287262e-02
-1.965747587382793427e-02
-1.966013759374618530e-02
-1.965833641588687897e-02
-1.965827494859695435e-02
-1.965526305139064789e-02
-1.965855807065963745e-02
-1.965988241136074066e-02
-1.965715363621711731e-02
-1.965968683362007141e-02
-1.965335570275783539e-02
-1.965451799333095551e-02
-1.966079510748386383e-02
-1.965596154332160950e-02
-1.965447701513767242e-02
-1.965819671750068665e-02
-1.965838670730590820e-02
-1.965847052633762360e-02
-1.965896598994731903e-02
-1.965422742068767548e-02
-1.965473033487796783e-02
-1.966250501573085785e-02
-1.965910196304321289e-02
-1.966185681521892548e-02
-1.965943723917007446e-02
-1.965776458382606506e-02
-1.965682953596115112e-02
-1.965608820319175720e-02
-1.965465024113655090e-02
-1.965649239718914032e-02
-1.965253800153732300e-02
-1.965606212615966797e-02
-1.965789869427680969e-02
-1.966033130884170532e-02
-1.966376416385173798e-02
-1.965673081576824188e-02
-1.965942233800888062e-02
-1.965984329581260681e-02
-1.965785399079322815e-02
-1.966010592877864838e-02
-1.966054551303386688e-02
-1.966274343430995941e-02
-1.965924352407455444e-02
-1.965976879000663757e-02
-1.965742744505405426e-02
-1.966201700270175934e-02
-1.966048777103424072e-02
-1.965355500578880310e-02
-1.965667121112346649e-02
-1.966250874102115631e-02
-1.966104656457901001e-02
-1.965419016778469086e-02
-1.965592056512832642e-02
-1.965646818280220032e-02
-1.965959742665290833e-02
-1.965744420886039734e-02
-1.965324394404888153e-02
-1.965878345072269440e-02
-1.965641230344772339e-02
-1.966078951954841614e-02
-1.965670287609100342e-02
-1.966198347508907318e-02
-1.966526918113231659e-02
-1.966101862490177155e-02
-1.965895853936672211e-02
-1.965370215475559235e-02
-1.965877041220664978e-02
-1.965974643826484680e-02
-1.966088637709617615e-02
-1.965615898370742798e-02
-1.965560577809810638e-02
-1.965886913239955902e-02
-1.966163143515586853e-02
-1.965892128646373749e-02
-1.966198533773422241e-02
-1.965859159827232361e-02
-1.966068148612976074e-02
-1.965278387069702148e-02
-1.966004818677902222e-02
-1.965997740626335144e-02
-1.965959742665290833e-02
-1.965638622641563416e-02
-1.965617015957832336e-02
-1.965975388884544373e-02
-1.966156810522079468e-02
-1.966033689677715302e-02
-1.965953223407268524e-02
-1.965264789760112762e-02
-1.965142786502838135e-02
-1.964788511395454407e-02
-1.965480670332908630e-02
-1.966052129864692688e-02
-1.965627819299697876e-02
-1.965798251330852509e-02
-1.965698599815368652e-02
-1.964909397065639496e-02
-1.965641975402832031e-02
-1.965355128049850464e-02
-1.965280249714851379e-02
-1.965709961950778961e-02
-1.966523751616477966e-02
-1.965763419866561890e-02
-1.966172270476818085e-02
-1.965866051614284515e-02
-1.966411806643009186e-02
-1.966236531734466553e-02
-1.965323649346828461e-02
-1.965075731277465820e-02
-1.965341903269290924e-02
-1.965343393385410309e-02
-1.965665817260742188e-02
-1.965634524822235107e-02
-1.965915411710739136e-02
-1.966043561697006226e-02
-1.965829543769359589e-02
-1.965988799929618835e-02
-1.966366171836853027e-02
-1.965783350169658661e-02
-1.965262368321418762e-02
-1.965844444930553436e-02
-1.965570449829101562e-02
-1.965775713324546814e-02
-1.966049894690513611e-02
-1.965864375233650208e-02
-1.965465024113655090e-02
-1.965769380331039429e-02
-1.965981349349021912e-02
-1.965949311852455139e-02
-1.965803466737270355e-02
-1.966015435755252838e-02
-1.966121047735214233e-02
-1.965397223830223083e-02
-1.965499483048915863e-02
-1.965683698654174805e-02
-1.965867541730403900e-02
-1.966098882257938385e-02
-1.965546421706676483e-02
-1.965825632214546204e-02
-1.965763792395591736e-02
-1.965805515646934509e-02
-1.965684816241264343e-02
-1.965912990272045135e-02
-1.965172961354255676e-02
-1.965612731873989105e-02
-1.966263726353645325e-02
-1.965560391545295715e-02
-1.966254226863384247e-02
-1.966578513383865356e-02
-1.965669170022010803e-02
-1.965822093188762665e-02
-1.965870708227157593e-02
-1.965957321226596832e-02
-1.965550146996974945e-02
-1.965522021055221558e-02
-1.966296508908271790e-02
-1.965868473052978516e-02
-1.965760439634323120e-02
-1.965505629777908325e-02
-1.965656131505966187e-02
-1.965804956853389740e-02
-1.965612731873989105e-02
-1.965651661157608032e-02
-1.965491846203804016e-02
-1.965860091149806976e-02
-1.965737156569957733e-02
-1.966519653797149658e-02
-1.966194249689579010e-02
-1.966061815619468689e-02
-1.965491846203804016e-02
-1.965541206300258636e-02
-1.965750195086002350e-02
-1.965749822556972504e-02
-1.966054178774356842e-02
-1.966022327542304993e-02
-1.965131424367427826e-02
-1.965124718844890594e-02
-1.965606957674026489e-02
-1.965667679905891418e-02
-1.965717785060405731e-02
-1.965577900409698486e-02
-1.965882256627082825e-02
-1.965574175119400024e-02
-1.965732686221599579e-02
-1.965787634253501892e-02
-1.965320855379104614e-02
-1.965894550085067749e-02
-1.965864375233650208e-02
-1.966578513383865356e-02
-1.965836249291896820e-02
-1.966408640146255493e-02
-1.965905353426933289e-02
-1.965888962149620056e-02
-1.965247467160224915e-02
-1.965558528900146484e-02
-1.964894868433475494e-02
-1.966224238276481628e-02
-1.966229639947414398e-02
-1.966309361159801483e-02
-1.965556666254997253e-02
-1.965888589620590210e-02
-1.966117694973945618e-02
-1.966117322444915771e-02
-1.965615153312683105e-02
-1.965891942381858826e-02
-1.965365745127201080e-02
-1.965159177780151367e-02
-1.964772306382656097e-02
-1.965633966028690338e-02
-1.965988241136074066e-02
-1.965752989053726196e-02
-1.965349167585372925e-02
-1.965733617544174194e-02
-1.966117136180400848e-02
-1.966650411486625671e-02
-1.966129615902900696e-02
-1.965798810124397278e-02
-1.965699344873428345e-02
-1.966499164700508118e-02
-1.965388655662536621e-02
-1.965129002928733826e-02
-1.966297253966331482e-02
-1.965886913239955902e-02
-1.965527981519699097e-02
-1.966110430657863617e-02
-1.966152712702751160e-02
-1.966251805424690247e-02
-1.965863257646560669e-02
-1.965991407632827759e-02
-1.965909078717231750e-02
-1.965262927114963531e-02
-1.965606212615966797e-02
-1.965565234422683716e-02
-1.966226845979690552e-02
-1.966742426156997681e-02
-1.965901814401149750e-02
-1.965620368719100952e-02
-1.965510472655296326e-02
-1.965774223208427429e-02
-1.965469866991043091e-02
-1.965625397861003876e-02
-1.965958811342716217e-02
-1.966070011258125305e-02
-1.965665072202682495e-02
-1.966086961328983307e-02
-1.965610496699810028e-02
-1.965294219553470612e-02
-1.966356299817562103e-02
-1.965976320207118988e-02
-1.965745911002159119e-02
-1.965786516666412354e-02
-1.965028047561645508e-02
-1.965481042861938477e-02
-1.965343579649925232e-02
-1.965745165944099426e-02
-1.966093108057975769e-02
-1.965465769171714783e-02
-1.966227404773235321e-02
-1.965990662574768066e-02
-1.965355314314365387e-02
-1.965911686420440674e-02
-1.965892128646373749e-02
-1.966075040400028229e-02
-1.965580694377422333e-02
-1.966238766908645630e-02
-1.965878717601299286e-02
-1.966208964586257935e-02
-1.966191641986370087e-02
-1.965897157788276672e-02
-1.965547166764736176e-02
-1.965841278433799744e-02
-1.965445652604103088e-02
-1.965795829892158508e-02
-1.965964771807193756e-02
-1.965682022273540497e-02
-1.965769939124584198e-02
-1.965571381151676178e-02
-1.966174691915512085e-02
-1.966151595115661621e-02
-1.966271549463272095e-02
-1.965410262346267700e-02
-1.965867727994918823e-02
-1.965522393584251404e-02
-1.966185122728347778e-02
-1.966499909758567810e-02
-1.965922862291336060e-02
-1.966390572488307953e-02
-1.966204307973384857e-02
-1.965832337737083435e-02
-1.965399645268917084e-02
-1.965886726975440979e-02
-1.965828612446784973e-02
-1.966402493417263031e-02
-1.965652033686637878e-02
-1.965442299842834473e-02
-1.966290920972824097e-02
-1.965878717601299286e-02
-1.965635269880294800e-02
-1.965623721480369568e-02
-1.966348849236965179e-02
-1.965758018195629120e-02
-1.966067031025886536e-02
-1.966006867587566376e-02
-1.965806819498538971e-02
-1.965919509530067444e-02
-1.965729333460330963e-02
-1.965557783842086792e-02
-1.965509913861751556e-02
-1.965696364641189575e-02
-1.965596899390220642e-02
-1.966235600411891937e-02
-1.965915970504283905e-02
-1.966218277812004089e-02
-1.965605653822422028e-02
-1.965832524001598358e-02
-1.966256462037563324e-02
-1.966091617941856384e-02
-1.965687982738018036e-02
-1.965393498539924622e-02
-1.965848170220851898e-02
-1.966096833348274231e-02
-1.965825632214546204e-02
-1.966272294521331787e-02
-1.965940557420253754e-02
-1.965909078717231750e-02
-1.966241560876369476e-02
-1.965743303298950195e-02
-1.965511962771415710e-02
-1.966080069541931152e-02
-1.965973339974880219e-02
-1.965439692139625549e-02
-1.965799741446971893e-02
-1.965905167162418365e-02
-1.965634152293205261e-02
-1.965193077921867371e-02
-1.965944468975067139e-02
-1.966026984155178070e-02
-1.965699903666973114e-02
-1.965864002704620361e-02
-1.965605095028877258e-02
-1.965859532356262207e-02
-1.966251060366630554e-02
-1.966069638729095459e-02
-1.965887658298015594e-02
-1.965786516666412354e-02
-1.965770125389099121e-02
-1.966027729213237762e-02
-1.965703628957271576e-02
-1.965426281094551086e-02
-1.965369842946529388e-02
-1.965926028788089752e-02
-1.965708099305629730e-02
-1.965492032468318939e-02
-1.965759508311748505e-02
-1.965585350990295410e-02
-1.965221390128135681e-02
-1.966140232980251312e-02
-1.965934783220291138e-02
-1.965795829892158508e-02
-1.965863630175590515e-02
-1.965573243796825409e-02
-1.965449750423431396e-02
-1.965571567416191101e-02
-1.966586522758007050e-02
-1.965603791177272797e-02
-1.966333389282226562e-02
-1.965516619384288788e-02
-1.966449245810508728e-02
-1.965790614485740662e-02
-1.965970732271671295e-02
-1.966483891010284424e-02
-1.965967193245887756e-02
-1.966311782598495483e-02
-1.966122724115848541e-02
-1.965561136603355408e-02
-1.965032890439033508e-02
-1.965834572911262512e-02
-1.965674012899398804e-02
-1.965156942605972290e-02
-1.965674012899398804e-02
-1.965197175741195679e-02
-1.965204440057277679e-02
-1.965608820319175720e-02
-1.965346187353134155e-02
-1.965827681124210358e-02
-1.966169849038124084e-02
-1.966132968664169312e-02
-1.965893432497978210e-02
-1.966008171439170837e-02
-1.965775340795516968e-02
-1.965487748384475708e-02
-1.966317929327487946e-02
-1.965932361781597137e-02
-1.966181397438049316e-02
-1.965842954814434052e-02
-1.965505816042423248e-02
-1.966063305735588074e-02
-1.965885236859321594e-02
-1.966143213212490082e-02
-1.965454779565334320e-02
-1.966036297380924225e-02
-1.965089701116085052e-02
-1.965352147817611694e-02
-1.965321414172649384e-02
-1.965297572314739227e-02
-1.965603604912757874e-02
-1.965593174099922180e-02
-1.965690962970256805e-02
-1.965659856796264648e-02
-1.965777948498725891e-02
-1.965622976422309875e-02
-1.965814828872680664e-02
-1.965818367898464203e-02
-1.966506242752075195e-02
-1.965291053056716919e-02
-1.965500228106975555e-02
-1.965598203241825104e-02
-1.965729333460330963e-02
-1.965954154729843140e-02
-1.966093108057975769e-02
-1.965254917740821838e-02
-1.965843699872493744e-02
-1.965264417231082916e-02
-1.965468004345893860e-02
-1.965383253991603851e-02
-1.965425908565521240e-02
-1.965975761413574219e-02
-1.965118385851383209e-02
-1.965640485286712646e-02
-1.965607143938541412e-02
-1.965965703129768372e-02
-1.966308429837226868e-02
-1.965219900012016296e-02
-1.965514384210109711e-02
-1.965200528502464294e-02
-1.965769380331039429e-02
-1.965860277414321899e-02
-1.965125650167465210e-02
-1.965420693159103394e-02
-1.965510472655296326e-02
-1.965492591261863708e-02
-1.966032013297080994e-02
-1.965809427201747894e-02
-1.965580880641937256e-02
-1.966097950935363770e-02
-1.965558528900146484e-02
-1.965998858213424683e-02
-1.966149732470512390e-02
-1.965957880020141602e-02
-1.965551450848579407e-02
-1.966064795851707458e-02
-1.965785026550292969e-02
-1.966178417205810547e-02
-1.965686678886413574e-02
-1.965867355465888977e-02
-1.966097578406333923e-02
-1.965809613466262817e-02
-1.965866051614284515e-02
-1.965977065265178680e-02
-1.965508423745632172e-02
-1.965713314712047577e-02
-1.965701580047607422e-02
-1.965366676449775696e-02
-1.966034248471260071e-02
-1.965378597378730774e-02
-1.965489983558654785e-02
-1.966082863509654999e-02
-1.965147815644741058e-02
-1.966041140258312225e-02
-1.965455710887908936e-02
-1.965843886137008667e-02
-1.965968124568462372e-02
-1.965302787721157074e-02
-1.965608261525630951e-02
-1.966113597154617310e-02
-1.966604031622409821e-02
-1.966490596532821655e-02
-1.966357231140136719e-02
-1.966052688658237457e-02
-1.965639926493167877e-02
-1.966344192624092102e-02
-1.965954154729843140e-02
-1.965912431478500366e-02
-1.966129988431930542e-02
-1.966072432696819305e-02
-1.966678351163864136e-02
-1.966495439410209656e-02
-1.965594291687011719e-02
-1.965694874525070190e-02
-1.965110749006271362e-02
-1.965464279055595398e-02
-1.966317370533943176e-02
-1.965997554361820221e-02
-1.965282671153545380e-02
-1.965777389705181122e-02
-1.965986192226409912e-02
-1.965657621622085571e-02
-1.966405846178531647e-02
-1.965599693357944489e-02
-1.965074986219406128e-02
-1.965839043259620667e-02
-1.966206170618534088e-02
-1.965450681746006012e-02
-1.965623348951339722e-02
-1.965772360563278198e-02
-1.965381577610969543e-02
-1.965668238699436188e-02
-1.966098882257938385e-02
-1.966010406613349915e-02
-1.965474709868431091e-02
-1.965451985597610474e-02
-1.965562999248504639e-02
-1.965643838047981262e-02
-1.966106146574020386e-02
-1.965838670730590820e-02
-1.965260133147239685e-02
-1.966243050992488861e-02
-1.965774968266487122e-02
-1.965830661356449127e-02
-1.965697482228279114e-02
-1.965222321450710297e-02
-1.966494880616664886e-02
-1.966324448585510254e-02
-1.965882629156112671e-02
-1.965760067105293274e-02
-1.965558156371116638e-02
-1.965711079537868500e-02
-1.965527981519699097e-02
-1.965715363621711731e-02
-1.965729519724845886e-02
-1.965619996190071106e-02
-1.965561322867870331e-02
-1.965076662600040436e-02
-1.965769007802009583e-02
-1.965290866792201996e-02
-1.965786889195442200e-02
-1.965431496500968933e-02
-1.965670287609100342e-02
-1.965501159429550171e-02
-1.965227723121643066e-02
-1.965312287211418152e-02
-1.965663768351078033e-02
-1.966211944818496704e-02
-1.966164447367191315e-02
-1.965930871665477753e-02
-1.966295205056667328e-02
-1.965553499758243561e-02
-1.965174078941345215e-02
-1.966191455721855164e-02
-1.965729705989360809e-02
-1.965673640370368958e-02
-1.965731009840965271e-02
-1.965813152492046356e-02
-1.966486498713493347e-02
-1.965781301259994507e-02
-1.965972594916820526e-02
-1.966456137597560883e-02
-1.966240629553794861e-02
-1.966252177953720093e-02
-1.965903304517269135e-02
-1.965859159827232361e-02
-1.965957507491111755e-02
-1.965547725558280945e-02
-1.965491287410259247e-02
-1.965847052633762360e-02
-1.965923048555850983e-02
-1.965959183871746063e-02
-1.965909823775291443e-02
-1.966014504432678223e-02
-1.965537108480930328e-02
-1.965309120714664459e-02
-1.965799741446971893e-02
-1.966074109077453613e-02
-1.965731754899024963e-02
-1.965931057929992676e-02
-1.965262740850448608e-02
-1.965871825814247131e-02
-1.966065168380737305e-02
-1.966062188148498535e-02
-1.965382136404514313e-02
-1.965884119272232056e-02
-1.966225542128086090e-02
-1.965960860252380371e-02
-1.965703815221786499e-02
-1.966248266398906708e-02
-1.965544372797012329e-02
-1.965783163905143738e-02
-1.965109631419181824e-02
-1.965709961950778961e-02
-1.965914480388164520e-02
-1.966164447367191315e-02
-1.965700648725032806e-02
-1.965613476932048798e-02
-1.965171843767166138e-02
-1.965723186731338501e-02
-1.965908706188201904e-02
-1.965857483446598053e-02
-1.966112852096557617e-02
-1.966212131083011627e-02
-1.965903677046298981e-02
-1.965741254389286041e-02
-1.965606771409511566e-02
-1.965685561299324036e-02
-1.965770125389099121e-02
-1.965998113155364990e-02
-1.965675130486488342e-02
-1.966003328561782837e-02
-1.966109499335289001e-02
-1.965843886137008667e-02
-1.966023445129394531e-02
-1.965403184294700623e-02
-1.965237967669963837e-02
-1.966179721057415009e-02
-1.965610496699810028e-02
-1.966530084609985352e-02
-1.966115459799766541e-02
-1.966145262122154236e-02
-1.965547911822795868e-02
-1.966021209955215454e-02
-1.965138688683509827e-02
-1.965683512389659882e-02
-1.966162398457527161e-02
-1.965415850281715393e-02
-1.966200023889541626e-02
-1.965997181832790375e-02
-1.966020092368125916e-02
-1.966052874922752380e-02
-1.966215483844280243e-02
-1.965909078717231750e-02
-1.966366916894912720e-02
-1.966348662972450256e-02
-1.965913549065589905e-02
-1.965951360762119293e-02
-1.965476945042610168e-02
-1.965601183474063873e-02
-1.966049149632453918e-02
-1.965946517884731293e-02
-1.965781673789024353e-02
-1.966021396219730377e-02
-1.966085657477378845e-02
-1.966180466115474701e-02
-1.966348662972450256e-02
-1.965956389904022217e-02
-1.965663395822048187e-02
-1.966288127005100250e-02
-1.965516060590744019e-02
-1.966148242354393005e-02
-1.966556534171104431e-02
-1.965912058949470520e-02
-1.965561509132385254e-02
-1.966093853116035461e-02
-1.966502889990806580e-02
-1.965785771608352661e-02
-1.965951547026634216e-02
-1.965834572911262512e-02
-1.965378038585186005e-02
-1.965473406016826630e-02
-1.966070570051670074e-02
-1.965850591659545898e-02
-1.966014504432678223e-02
-1.966150104999542236e-02
-1.965399086475372314e-02
-1.966277882456779480e-02
-1.966350153088569641e-02
-1.966362632811069489e-02
-1.964963786303997040e-02
-1.965993456542491913e-02
-1.965372823178768158e-02
-1.965496502816677094e-02
-1.965745165944099426e-02
-1.965874060988426208e-02
-1.966040208935737610e-02
-1.965656504034996033e-02
-1.965303160250186920e-02
-1.965697854757308960e-02
-1.965757831931114197e-02
-1.965997181832790375e-02
-1.965764164924621582e-02
-1.965475082397460938e-02
-1.965565048158168793e-02
-1.965241506695747375e-02
-1.965605840086936951e-02
-1.965736970305442810e-02
-1.965698413550853729e-02
-1.966210827231407166e-02
-1.965988427400588989e-02
-1.965341530740261078e-02
-1.966147869825363159e-02
-1.965487375855445862e-02
-1.964904740452766418e-02
-1.965333335101604462e-02
-1.966133341193199158e-02
-1.965383440256118774e-02
-1.965812407433986664e-02
-1.965477503836154938e-02
-1.966206729412078857e-02
-1.965316385030746460e-02
-1.965987309813499451e-02
-1.965463161468505859e-02
-1.965655386447906494e-02
-1.965912058949470520e-02
-1.966199837625026703e-02
-1.966051012277603149e-02
-1.965545117855072021e-02
-1.965976692736148834e-02
-1.966052129864692688e-02
-1.965551450848579407e-02
-1.965831592679023743e-02
-1.965406537055969238e-02
-1.965371705591678619e-02
-1.965696178376674652e-02
-1.965334452688694000e-02
-1.965720392763614655e-02
-1.965195499360561371e-02
-1.965756155550479889e-02
-1.966030709445476532e-02
-1.965853199362754822e-02
-1.965973153710365295e-02
-1.965609006583690643e-02
-1.965651474893093109e-02
-1.965168677270412445e-02
-1.966097205877304077e-02
-1.965992525219917297e-02
-1.966081932187080383e-02
-1.966035738587379456e-02
-1.966210827231407166e-02
-1.965684629976749420e-02
-1.966183818876743317e-02
-1.965985819697380066e-02
-1.965611428022384644e-02
-1.965487562119960785e-02
-1.965919882059097290e-02
-1.966449245810508728e-02
-1.965769939124584198e-02
-1.966161653399467468e-02
-1.965918764472007751e-02
-1.965863443911075592e-02
-1.966297999024391174e-02
-1.965428888797760010e-02
-1.965767517685890198e-02
-1.965512894093990326e-02
-1.965430378913879395e-02
-1.965262740850448608e-02
-1.966113224625587463e-02
-1.965491101145744324e-02
-1.965958997607231140e-02
-1.965713500976562500e-02
-1.966186985373497009e-02
-1.966140232980251312e-02
-1.965689100325107574e-02
-1.966462843120098114e-02
-1.966067403554916382e-02
-1.965725980699062347e-02
-1.965844444930553436e-02
-1.966240629553794861e-02
-1.965651288628578186e-02
-1.966287568211555481e-02
-1.965193450450897217e-02
-1.965899765491485596e-02
-1.965900883078575134e-02
-1.966118253767490387e-02
-1.965220645070075989e-02
-1.965355500578880310e-02
-1.966118812561035156e-02
-1.966708898544311523e-02
-1.965622417628765106e-02
-1.965973526239395142e-02
-1.965976692736148834e-02
-1.965812407433986664e-02
-1.965393684804439545e-02
-1.965945959091186523e-02
-1.966232992708683014e-02
-1.966214738786220551e-02
-1.966366916894912720e-02
-1.966030150651931763e-02
-1.965279318392276764e-02
-1.966458559036254883e-02
-1.966102048754692078e-02
-1.965959742665290833e-02
-1.965485326945781708e-02
-1.965778693556785583e-02
-1.966306567192077637e-02
-1.965979672968387604e-02
-1.966063492000102997e-02
-1.965632662177085876e-02
-1.966306567192077637e-02
-1.965796947479248047e-02
-1.965617761015892029e-02
-1.965347677469253540e-02
-1.965372078120708466e-02
-1.965620741248130798e-02
-1.965592615306377411e-02
-1.965418271720409393e-02
