-2.430699270632157710e-02
-2.431081977616755818e-02
-2.431183762530543871e-02
-2.430928932835402234e-02
-2.431267691262621253e-02
-2.430125686969542703e-02
-2.430465420226112297e-02
-2.430012770862284913e-02
-2.428130977855766023e-02
-2.429070194201290653e-02
-2.428557376382271468e-02
-2.428618579998568019e-02
-2.427261969797711583e-02
-2.426906674705304329e-02
-2.426688045344211134e-02
-2.428167830899710319e-02
-2.427260783086612403e-02
-2.426975102763700987e-02
-2.426572189910678606e-02
-2.427182333774206488e-02
-2.426615503228575152e-02
-2.427065438355290733e-02
-2.427190528230073821e-02
-2.427124766018725135e-02
-2.426961482883215754e-02
-2.428358886318907756e-02
-2.429029011304647406e-02
-2.427236850750146349e-02
-2.428266222450190318e-02
-2.427242078168382125e-02
-2.428382208815054594e-02
-2.429818650504095637e-02
-2.428951617223056719e-02
-2.428867409460866433e-02
-2.429190865550028347e-02
-2.429662892176253156e-02
-2.428776929084785347e-02
-2.430647668804056596e-02
-2.429706625731080025e-02
-2.429904464947938228e-02
-2.430647658217718540e-02
-2.430632884586474834e-02
-2.430770010548299540e-02
-2.430734123058036697e-02
-2.431464678540177712e-02
-2.431193813747137625e-02
-2.432158636557918072e-02
-2.431116198460233149e-02
-2.431445004987228820e-02
-2.431113096748276428e-02
-2.432296029507157592e-02
-2.431623323482254642e-02
-2.431422693676871596e-02
-2.431626169134722820e-02
-2.432019779532206688e-02
-2.432118512917696984e-02
-2.431843614676941143e-02
-2.431604755524608211e-02
-2.432499633791879515e-02
-2.431650876520887253e-02
-2.432325972824151555e-02
-2.432011459226688169e-02
-2.431844721222603534e-02
-2.432305501980449799e-02
-2.432584878173080570e-02
-2.432203565069843490e-02
-2.432532176832697887e-02
-2.432153711528049073e-02
-2.432505547226403511e-02
-2.433085705156867382e-02
-2.432721515342133739e-02
-2.432715799010471552e-02
-2.432696991750138427e-02
-2.432850930676480963e-02
-2.432748260810753752e-02
-2.432940516014117649e-02
-2.432447835506734019e-02
-2.432797498729649330e-02
-2.433348063199721259e-02
-2.433559100876224110e-02
-2.432966403221881180e-02
-2.433844042174678965e-02
-2.433317702642390223e-02
-2.433545537043332527e-02
-2.433060469186375599e-02
-2.433453883439327600e-02
-2.433700647741311035e-02
-2.433737767980992395e-02
-2.432968663777126256e-02
-2.433563475217867880e-02
-2.433580777394605751e-02
-2.433280451339884382e-02
-2.433163444949205251e-02
-2.432956577817240590e-02
-2.433574955426111991e-02
-2.433752636178857301e-02
-2.433393492949373002e-02
-2.433811105704404912e-02
-2.433962288441406455e-02
-2.433702123212103455e-02
-2.433675895816444362e-02
-2.433556847168228537e-02
-2.433494881613123065e-02
-2.433559473523272398e-02
-2.433121211323584915e-02
-2.433992695112896509e-02
-2.434073262786598177e-02
-2.433423975613638324e-02
-2.433601961060147603e-02
-2.433750739128979698e-02
-2.434099216248737999e-02
-2.433784294700490000e-02
-2.434093017460717268e-02
-2.434059346713517494e-02
-2.433725132210302206e-02
-2.433850980993713595e-02
-2.433885385861295908e-02
-2.434109665014231802e-02
-2.434260246755098195e-02
-2.433765496311119866e-02
-2.434259000331989720e-02
-2.434153792331225988e-02
-2.434413180269454427e-02
-2.434142101815403234e-02
-2.434511627266272918e-02
-2.433994168029309305e-02
-2.434146571484333346e-02
-2.434940972570616771e-02
-2.434240228496992869e-02
-2.434494316994764360e-02
-2.434401065540455281e-02
-2.434488595972333913e-02
-2.434235577218687649e-02
-2.434145445880831621e-02
-2.434692423524587729e-02
-2.434572044510618927e-02
-2.434919000349087745e-02
-2.434626784852931755e-02
-2.434483896478806600e-02
-2.434862269172538563e-02
-2.434320442916257723e-02
-2.435001691289922360e-02
-2.434520595347354835e-02
-2.434527516769910069e-02
-2.434086458380262802e-02
-2.434573861721071528e-02
-2.435113859327123556e-02
-2.435147913735924083e-02
-2.434686061085998901e-02
-2.434814109121854683e-02
-2.435058074063506384e-02
-2.435209709325917779e-02
-2.435056459346429322e-02
-2.434566010853966844e-02
-2.434971106044215433e-02
-2.434876038181315802e-02
-2.435025916084108608e-02
-2.434922796414868557e-02
-2.434755415267801301e-02
-2.435238159063383631e-02
-2.434538687913120544e-02
-2.434372954591631361e-02
-2.434679310443663494e-02
-2.434860638741813063e-02
-2.435497896145769406e-02
-2.434663217058926840e-02
-2.434584174387696004e-02
-2.434494499869173725e-02
-2.434907606525072224e-02
-2.434924465395910120e-02
-2.435072129173082925e-02
-2.434860078750411549e-02
-2.434856130087353909e-02
-2.434802836374749119e-02
-2.434789289016211361e-02
-2.434898734097475440e-02
-2.435006172426381135e-02
-2.435143523553203251e-02
-2.435036160923684939e-02
-2.435101333467729057e-02
-2.434815314452589904e-02
-2.435311618010855064e-02
-2.435182344945554037e-02
-2.434659913127956710e-02
-2.435159437647018213e-02
-2.434693684209666628e-02
-2.435316246948862964e-02
-2.434553792028074440e-02
-2.434703408872460409e-02
-2.435189903922733295e-02
-2.434501429089132654e-02
-2.434774877105862906e-02
-2.435371456581642696e-02
-2.434754324345379112e-02
-2.434792684459686357e-02
-2.435049975427256569e-02
-2.435058565775821693e-02
-2.434489075935609287e-02
-2.435211031013998981e-02
-2.435030115955926638e-02
-2.435046707536390326e-02
-2.434877462935699718e-02
-2.434862090162628542e-02
-2.434838919452592815e-02
-2.434949327073948275e-02
-2.434923971649783150e-02
-2.434590157837296376e-02
-2.435094846500672830e-02
-2.434967202418094820e-02
-2.434734793900996883e-02
-2.434823368405379315e-02
-2.435623218796314701e-02
-2.434740853306319522e-02
-2.435002005195633160e-02
-2.434386883989716338e-02
-2.434674598337536328e-02
-2.434683809115310155e-02
-2.434764099974580723e-02
-2.435151570691515208e-02
-2.435412466712669199e-02
-2.435477366616825914e-02
-2.435403478437378130e-02
-2.434974817689244952e-02
-2.434964588541314520e-02
-2.435451107757062236e-02
-2.435697224311159440e-02
-2.435118176114213842e-02
-2.435310653631428054e-02
-2.435467001382080748e-02
-2.435002927263888936e-02
-2.435508831286415168e-02
-2.434951060980155776e-02
-2.435314152187637721e-02
-2.434993465755259240e-02
-2.435189107107853940e-02
-2.435235206448614284e-02
-2.434540565891369496e-02
-2.434706413345875606e-02
-2.435784450998985592e-02
-2.434657287411842730e-02
-2.435092906918962311e-02
-2.435526403183573343e-02
-2.435086451587879092e-02
-2.434988209284821500e-02
-2.434951154901288106e-02
-2.435207333616067407e-02
-2.435116906499819669e-02
-2.435138398423331019e-02
-2.435540556647463467e-02
-2.435770175823261802e-02
-2.435196036824797614e-02
-2.435332820957017072e-02
-2.435367285022039391e-02
-2.435026028006658655e-02
-2.435414435758834553e-02
-2.434721942254843355e-02
-2.435395203373109246e-02
-2.435666366271241681e-02
-2.435773651362220169e-02
-2.435350843345481311e-02
-2.435766041571056986e-02
-2.435345693932614713e-02
-2.436143387805580693e-02
-2.435770523971934540e-02
-2.436132991810062084e-02
-2.435608307722649316e-02
-2.435659429214989333e-02
-2.435452798372883185e-02
-2.435416574012365040e-02
-2.435263528737185990e-02
-2.435162802273033167e-02
-2.434883042150417023e-02
-2.435750621830931606e-02
-2.435490396295378682e-02
-2.435585069701376795e-02
-2.435757638309525921e-02
-2.435451434016315878e-02
-2.435279072646363493e-02
-2.434775360185972154e-02
-2.435100828245946938e-02
-2.435819887469309331e-02
-2.435036859806390466e-02
-2.435155859157811520e-02
-2.435279364684451303e-02
-2.435600811513574313e-02
-2.435386659465021281e-02
-2.435266640088697837e-02
-2.435658951291297392e-02
-2.435507471352877165e-02
-2.435563151077552169e-02
-2.435466259470605785e-02
-2.435181559390827907e-02
-2.435524915156418030e-02
-2.435821755170707384e-02
-2.435940934550495304e-02
-2.435829005504643735e-02
-2.435189245503460720e-02
-2.435951363255225641e-02
-2.435545694099355146e-02
-2.435669049178865522e-02
-2.435548381197415527e-02
-2.436184720677362150e-02
-2.436435120523278500e-02
-2.435701196876383437e-02
-2.435893655340731073e-02
-2.435716677698753982e-02
-2.435111002985748674e-02
-2.435219333259871013e-02
-2.435499845178445283e-02
-2.435937964275401366e-02
-2.436112295868376326e-02
-2.436333796813843627e-02
-2.435771044850510922e-02
-2.436089119414337062e-02
-2.435874730876392419e-02
-2.436060563734193662e-02
-2.436294725126276345e-02
-2.436006224852351257e-02
-2.435708361842971528e-02
-2.435913407976472364e-02
-2.435571552962600625e-02
-2.435631249316008370e-02
-2.436089236340531136e-02
-2.435778747053052654e-02
-2.436126315796105848e-02
-2.435905063534150178e-02
-2.436285003459096390e-02
-2.435330749511923146e-02
-2.435275419699500440e-02
-2.436102322872330667e-02
-2.435678751173009013e-02
-2.435945826449543300e-02
-2.435818784396719811e-02
-2.435723857902239234e-02
-2.435746431323982525e-02
-2.435809537028322744e-02
-2.435475741343590822e-02
-2.435582120364205086e-02
-2.436033342339011254e-02
-2.435311385441990203e-02
-2.436056054605812912e-02
-2.435603459553851644e-02
-2.435588836294896170e-02
-2.436118346293495926e-02
-2.436315792544821446e-02
-2.435610544510909831e-02
-2.436235042843271081e-02
-2.435932178002300427e-02
-2.436276022165359198e-02
-2.435832601314623716e-02
-2.436050380469933357e-02
-2.435822286291348254e-02
-2.435507228593580820e-02
-2.435621716929371391e-02
-2.435800386856947983e-02
-2.435541269979579065e-02
-2.436133235830171065e-02
-2.436038366799989432e-02
-2.435171854870947158e-02
-2.436121090101023290e-02
-2.435542796474379074e-02
-2.435415309719911672e-02
-2.435396306453424531e-02
-2.435974938922904134e-02
-2.436021822314187943e-02
-2.435228864866373008e-02
-2.434524713985706038e-02
-2.435665960912289027e-02
-2.435570099319587720e-02
-2.435685623424271862e-02
-2.435401416431218213e-02
-2.435731276021753031e-02
-2.435920303825530459e-02
-2.435658155579847883e-02
-2.435644735374660821e-02
-2.435360438308224393e-02
-2.435242061713982498e-02
-2.435955993767020475e-02
-2.435602378645257068e-02
-2.435702546764920498e-02
-2.435506548301725332e-02
-2.435528910492809271e-02
-2.435684328742432347e-02
-2.435585361785392103e-02
-2.436175848250140066e-02
-2.435481374479928421e-02
-2.435946362779793303e-02
-2.435422590572033225e-02
-2.435359454372162252e-02
-2.435808104716881764e-02
-2.435643592096731203e-02
-2.435831006354324119e-02
-2.436004413166141178e-02
-2.435343542748441559e-02
-2.435894396144880000e-02
-2.435750055150045015e-02
-2.435458710769342755e-02
-2.434940686825940587e-02
-2.435954183894706304e-02
-2.435942453649353120e-02
-2.435374864031225259e-02
-2.435842273387037529e-02
-2.435372111975753207e-02
-2.435126211166020044e-02
-2.435592407589817071e-02
-2.436127338325752914e-02
-2.436124769492807249e-02
-2.436016341863955423e-02
-2.436363283634575619e-02
-2.435917676782201752e-02
-2.435851916557915317e-02
-2.436140575568877462e-02
-2.435816585867868825e-02
-2.435512478463619512e-02
-2.436254658088551905e-02
-2.435506822372058774e-02
-2.435649510455515157e-02
-2.436245827609955644e-02
-2.435411058030740455e-02
-2.435191826018704223e-02
-2.435292841727069307e-02
-2.435809411217416259e-02
-2.435550876680547816e-02
-2.436387199977361681e-02
-2.435611533789121957e-02
-2.435906479283396139e-02
-2.435613042953151813e-02
-2.435950725816390938e-02
-2.436249845219233892e-02
-2.436045073246161444e-02
-2.435394097783119549e-02
-2.436124924279950074e-02
-2.435649161489897296e-02
-2.435761610872757763e-02
-2.436154526607394941e-02
-2.435828642821288165e-02
-2.436014903516964952e-02
-2.435938735463840862e-02
-2.435905320559729817e-02
-2.436297162200107280e-02
-2.436022566755473642e-02
-2.435876254940389646e-02
-2.435391718263641911e-02
-2.435806441566987571e-02
-2.435685544618057877e-02
-2.435743439733466589e-02
-2.435760109643673663e-02
-2.436438685542810859e-02
-2.436010659773337264e-02
-2.435207207062787746e-02
-2.435723841552973196e-02
-2.436109305061051611e-02
-2.434863609533855638e-02
-2.436271238238080922e-02
-2.436236759934209614e-02
-2.435887059668476531e-02
-2.435993659812231774e-02
-2.436355006224916533e-02
-2.436201353241061393e-02
-2.436229099235106416e-02
-2.436067070689030764e-02
-2.435886240203893188e-02
-2.435518553013136731e-02
-2.435655537251494446e-02
-2.435958550367690184e-02
-2.435591030557922657e-02
-2.435978646890899976e-02
-2.436002530451011547e-02
-2.436201666698719140e-02
-2.436039090479384314e-02
-2.435926454155731141e-02
-2.436003350486900393e-02
-2.435786686419987371e-02
-2.435908761617878657e-02
-2.436333578059094243e-02
-2.436181436811268169e-02
-2.436164459615422148e-02
-2.436126284296786376e-02
-2.436115844542039235e-02
-2.436322812185955783e-02
-2.435891368349527367e-02
-2.435938620699704127e-02
-2.436659250200316415e-02
-2.436001694034217041e-02
-2.436052943603496043e-02
-2.436384738344197012e-02
-2.436327962316229417e-02
-2.435776857238792364e-02
-2.435710540038579786e-02
-2.435986469089721287e-02
-2.436128705780499573e-02
-2.436344545835688116e-02
-2.436064002520252347e-02
-2.436002352527905784e-02
-2.436070067637711653e-02
-2.436037679884281784e-02
-2.436147708204561280e-02
-2.435860805563926784e-02
-2.436349983176151410e-02
-2.436222317340130256e-02
-2.435627329010108671e-02
-2.435773939639427482e-02
-2.435880917238394602e-02
-2.436352603057719349e-02
-2.436527100758454495e-02
-2.436300696683143044e-02
-2.435813182815266612e-02
-2.436444972812946627e-02
-2.436249895109016822e-02
-2.436281187429805567e-02
-2.436154449512382275e-02
-2.436129126478989507e-02
-2.436064416721194642e-02
-2.436056152075309275e-02
-2.435484330256544941e-02
-2.436130715749163650e-02
-2.436165020000342213e-02
-2.436081698496464845e-02
-2.435699442183695759e-02
-2.436043332495605243e-02
-2.436358551764336230e-02
-2.436161307624772759e-02
-2.436345554871714031e-02
-2.436075425784586801e-02
-2.436049697870546968e-02
-2.436327143706941770e-02
-2.436906911148888771e-02
-2.436492657136651169e-02
-2.435721335497569376e-02
-2.436369852810428907e-02
-2.436857378388037135e-02
-2.436527216418506864e-02
-2.436235348211471946e-02
-2.436604808735756342e-02
-2.436558585837939050e-02
-2.436941778394314390e-02
-2.436142185846175770e-02
-2.436119814773405473e-02
-2.436440721087157826e-02
-2.435845920380416002e-02
-2.435917494898345512e-02
-2.435982841450520450e-02
-2.436555783847945203e-02
-2.437115793725454921e-02
-2.436978816578567672e-02
-2.436184074193112684e-02
-2.436465077666723558e-02
-2.436420170303695357e-02
-2.436534256104715829e-02
-2.436204854879344892e-02
-2.436437778910898605e-02
-2.436380696690387468e-02
-2.436965339501246178e-02
-2.436763478757025467e-02
-2.436371776649463514e-02
-2.436570269667570274e-02
-2.436564865686165551e-02
-2.436908776009031816e-02
-2.436922546993356559e-02
-2.436863952439432407e-02
-2.436526234242466019e-02
-2.436772214633279449e-02
-2.436265832725012861e-02
-2.436354973560462753e-02
-2.436867939418081025e-02
-2.437153282157165576e-02
-2.436110594818502451e-02
-2.436418033131839203e-02
-2.436120406683492390e-02
-2.435931871249644165e-02
-2.436588173055922665e-02
-2.436175702221026612e-02
-2.436378794665181383e-02
-2.435886169354403372e-02
-2.436134638738992816e-02
-2.436870611659570571e-02
-2.436556025095040767e-02
-2.436652935063022066e-02
-2.435887814412146871e-02
-2.436775360957579503e-02
-2.436955237308924965e-02
-2.435732714763907611e-02
-2.436268294962977768e-02
-2.436568088235169238e-02
-2.435859103088486993e-02
-2.436579114429016785e-02
-2.436373976459706853e-02
-2.436309892023439880e-02
-2.436571330005837463e-02
-2.436502898547050072e-02
-2.436330661918200205e-02
-2.436552303464633099e-02
-2.436891327385582937e-02
-2.436628541864896066e-02
-2.436494598767794534e-02
-2.436476337360972064e-02
-2.436020418295401987e-02
-2.436059613552237629e-02
-2.436243346454922479e-02
-2.436238875613525381e-02
-2.436248369132981706e-02
-2.436998021718378427e-02
-2.436993761738366973e-02
-2.436260953788342218e-02
-2.435896591748887979e-02
-2.436395655514301054e-02
-2.436398408300085791e-02
-2.436909640524337339e-02
-2.436537158943478595e-02
-2.435672509328215551e-02
-2.436291752863899845e-02
-2.436392718119709255e-02
-2.436462495220822685e-02
-2.436858479392133361e-02
-2.436167681460053511e-02
-2.436341438832453216e-02
-2.435874048518277268e-02
-2.436318902868580757e-02
-2.436099539729374985e-02
-2.436369430136621841e-02
-2.436292725738425230e-02
-2.436632104615537447e-02
-2.436798239912879235e-02
-2.436502189474911220e-02
-2.436154744507227840e-02
-2.435974682643853376e-02
-2.435767110924617548e-02
-2.436107451045710359e-02
-2.436158728884208619e-02
-2.436675653242201603e-02
-2.436412088187855929e-02
-2.436711649140569508e-02
-2.436355184569478569e-02
-2.435817585240374755e-02
-2.435928397326230649e-02
-2.436078158129450014e-02
-2.436337036506785320e-02
-2.436497792241245838e-02
-2.435975830744497445e-02
-2.436034819265542328e-02
-2.435938745849025588e-02
-2.436393513355489954e-02
-2.435970686943633029e-02
-2.436567697290674059e-02
-2.436123830039403290e-02
-2.436315327788514742e-02
-2.436229557163296575e-02
-2.436487183196266865e-02
-2.436226787406587865e-02
-2.436517895215129653e-02
-2.436725837734484909e-02
-2.436215009831702721e-02
-2.436062004164972830e-02
-2.436930784598523303e-02
-2.436729469993507632e-02
-2.436436872278924248e-02
-2.436599623578227305e-02
-2.436642904409748109e-02
-2.435986056567700925e-02
-2.436101263529036332e-02
-2.436578509917248711e-02
-2.436516048931620243e-02
-2.436190573641239948e-02
-2.435874083299982562e-02
-2.436481177394509215e-02
-2.436193459927402799e-02
-2.436751144584107034e-02
-2.436344088934855323e-02
-2.436276655375377645e-02
-2.436715977653561641e-02
-2.436701035751542149e-02
-2.436772679071742137e-02
-2.436203980917283490e-02
-2.436014476573472587e-02
-2.436081409650694279e-02
-2.435944709541766964e-02
-2.436187747583989927e-02
-2.435736557926681742e-02
-2.436064005851435593e-02
-2.436471838582821361e-02
-2.436084553239586947e-02
-2.436165500460282449e-02
-2.436784092222323700e-02
-2.436640104344974314e-02
-2.435860341261250270e-02
-2.436257130212401631e-02
-2.436375358379301928e-02
-2.435868210758530480e-02
-2.436090143649003240e-02
-2.435852710110789771e-02
-2.436685470429661438e-02
-2.436778053283309570e-02
-2.436371650361581279e-02
-2.436771931647626829e-02
-2.436335303262132310e-02
-2.437019767493438585e-02
-2.435866837107910840e-02
-2.436817226003981998e-02
-2.436159116700479729e-02
-2.436420653718832444e-02
-2.436950408185811073e-02
-2.436268613525821580e-02
-2.436805326218195039e-02
-2.436336565965708384e-02
-2.436686052535073574e-02
-2.436629412701927719e-02
-2.436297107523863192e-02
-2.436250595770455413e-02
-2.436255757022500607e-02
-2.436296879976277557e-02
-2.435676266570750356e-02
-2.436038447470443777e-02
-2.435904738903025071e-02
-2.436264442637241928e-02
-2.436540748654043159e-02
-2.436897423378711972e-02
-2.436492888944952889e-02
-2.436457273263870765e-02
-2.436010689183773156e-02
-2.436416619633400768e-02
-2.436419949537298874e-02
-2.435915342863326227e-02
-2.436713136043711092e-02
-2.436521279883141489e-02
-2.436811471768461981e-02
-2.436546160210378148e-02
-2.436130469129732176e-02
-2.436348153989906229e-02
-2.436474612547328764e-02
-2.436711239908657609e-02
-2.436174861918812343e-02
-2.436731240866650203e-02
-2.436637829238418734e-02
-2.436702611824862266e-02
-2.436186515318102333e-02
-2.436591532903566518e-02
-2.436380634162709294e-02
-2.436517998259760467e-02
-2.436037172758068539e-02
-2.436461708933220296e-02
-2.436524292464544925e-02
-2.436191175368506573e-02
-2.436460554082873001e-02
-2.435937962516031632e-02
-2.436158350433752923e-02
-2.436530568046844231e-02
-2.436758903227772069e-02
-2.436686276643233381e-02
-2.436651832343579224e-02
-2.436235447283927394e-02
-2.436677284660200213e-02
-2.436431637075369902e-02
-2.436282063470997586e-02
-2.436426172245722069e-02
-2.436095638272328667e-02
-2.436201416138125339e-02
-2.436703480185839488e-02
-2.436328865931376014e-02
-2.435864957594053443e-02
-2.435978918801760471e-02
-2.435975904523172628e-02
-2.436162791096571981e-02
-2.436473088088106365e-02
-2.436225393806623618e-02
-2.436277322962897979e-02
-2.436139337754610751e-02
-2.435875543656428749e-02
-2.436056227205070021e-02
-2.435589616431542079e-02
-2.436124970220582622e-02
-2.435973446297374362e-02
-2.436318760707647732e-02
-2.436638333036283272e-02
-2.436326480147579104e-02
-2.436082327814682175e-02
-2.436091653216429856e-02
-2.436243467736908669e-02
-2.436971782805580355e-02
-2.435765945364766830e-02
-2.436221272876849114e-02
-2.436014320691112095e-02
-2.436188457707992930e-02
-2.436775127535608862e-02
-2.436644544150832342e-02
-2.435961424418284227e-02
-2.435663660714024528e-02
-2.436627221956695968e-02
-2.436055794038312697e-02
-2.436412972335071439e-02
-2.436187601207561587e-02
-2.436597542615136572e-02
-2.436008231865913545e-02
-2.435825059127515874e-02
-2.435599579685384861e-02
-2.435361846655686308e-02
-2.435714161395974992e-02
-2.435808731084080497e-02
-2.435810652665176823e-02
-2.436068839797087687e-02
-2.436179035158431844e-02
-2.435854552545857823e-02
-2.435792297773302709e-02
-2.436665454224918800e-02
-2.436057734999119706e-02
-2.436327819638853948e-02
-2.436400772233264858e-02
-2.435899741281433162e-02
-2.436085366854088413e-02
-2.436151686806673280e-02
-2.436362515784012972e-02
-2.436034129177775190e-02
-2.436280462166739644e-02
-2.435911688110333276e-02
-2.436097209683307785e-02
-2.436714876385157394e-02
-2.436036620280457310e-02
-2.435907336326384107e-02
-2.436612436204247875e-02
-2.436336357389989535e-02
-2.436130143980605803e-02
-2.436507619581486719e-02
-2.436371777943630371e-02
-2.435681696522856710e-02
-2.436055251653984968e-02
-2.436420057937661171e-02
-2.435951159436284402e-02
-2.436063622593791916e-02
-2.436523317518679566e-02
-2.435940426800112593e-02
-2.436227915392821450e-02
-2.436291727589326092e-02
-2.435861955541645044e-02
-2.436406687746146479e-02
-2.435809260271156254e-02
-2.435848693517525185e-02
-2.436069112858309932e-02
-2.436168813548725970e-02
-2.436303104553267859e-02
-2.435956055432922027e-02
-2.436178306121980150e-02
-2.436067433943128746e-02
-2.436149188080709987e-02
-2.436508098494843955e-02
-2.436037106637852293e-02
-2.436497110228526622e-02
-2.435916574305274640e-02
-2.436631044932295251e-02
-2.436302312704488257e-02
-2.436480369704913801e-02
-2.436217383863356969e-02
-2.435713433393267915e-02
-2.435995168863158700e-02
-2.436304712147755597e-02
-2.436514879238715903e-02
-2.436578888335767454e-02
-2.436905461794961966e-02
-2.436767079829527810e-02
-2.436054887081274406e-02
-2.436905956417998245e-02
-2.436470705628887914e-02
-2.436298629177193267e-02
-2.436565885747288968e-02
-2.436207053748708565e-02
-2.436071288024543521e-02
-2.435956100997618487e-02
-2.436562813740055650e-02
-2.436199650370509881e-02
-2.436462378913091878e-02
-2.436380663021564877e-02
-2.436752948480346709e-02
-2.436297378924006177e-02
-2.436531848782243909e-02
-2.436131994674722162e-02
-2.435969441923360387e-02
-2.436190208451302977e-02
-2.436072026404808785e-02
-2.435962539317484618e-02
-2.435977484129792092e-02
-2.436174244581354106e-02
-2.436212590076425322e-02
-2.436653465899777868e-02
-2.436003654809957078e-02
-2.436598165531813492e-02
-2.435834420071192677e-02
-2.436443494475273169e-02
-2.436522850704148438e-02
-2.436117204599011488e-02
-2.435499894332016774e-02
-2.435760027739873948e-02
-2.436303999581228980e-02
-2.436234674427808014e-02
-2.436013620282084097e-02
-2.435789960343249724e-02
-2.436462961477988201e-02
-2.436941621069763086e-02
-2.436476167637121118e-02
-2.436695012059527515e-02
-2.436628362563759281e-02
-2.436744722900700474e-02
-2.436805525668732028e-02
-2.436651393003045479e-02
-2.435893544075190542e-02
-2.436485250019387178e-02
-2.436706198991287278e-02
-2.436327646633806160e-02
-2.436732342646793711e-02
-2.436311204002360523e-02
-2.436156364329977037e-02
-2.436599303839698250e-02
-2.436531213108106275e-02
-2.436798504218000080e-02
-2.436927885665067170e-02
-2.436362640034120050e-02
-2.437122218879386043e-02
-2.436526397900189503e-02
-2.436653480485504245e-02
-2.436317531332865549e-02
-2.435654822674915634e-02
-2.436560850724387578e-02
-2.437164733203268582e-02
-2.436591631285626655e-02
-2.436981583858662676e-02
-2.436104901754633165e-02
-2.436650578609461312e-02
-2.436089481877018806e-02
-2.436497779590133042e-02
-2.436560624227140578e-02
-2.436406985318422674e-02
-2.436881207435718025e-02
-2.436163661139046505e-02
-2.436309407549663505e-02
-2.436247308730302499e-02
-2.436430683563514665e-02
-2.436533694103541411e-02
-2.437090361550047629e-02
-2.436676441730862772e-02
-2.436604513772411967e-02
-2.436959519542975655e-02
-2.436752445038949458e-02
-2.437178685840120720e-02
-2.436403854614043601e-02
-2.436147626796405369e-02
-2.436603275912761074e-02
-2.436462617517838949e-02
-2.435885195460091301e-02
-2.436564644795901485e-02
-2.436154454799513772e-02
-2.436632217705317002e-02
-2.436490228591331464e-02
-2.436548919514988643e-02
-2.436291298127172752e-02
-2.436346277514061381e-02
-2.436558889567830288e-02
-2.436638883511400150e-02
-2.436211937164641309e-02
-2.436488706265552140e-02
-2.436692238134207517e-02
-2.436822513004538796e-02
-2.436717592519655612e-02
-2.436424464944123708e-02
-2.436059800187853272e-02
-2.436617845718602043e-02
-2.436154615121191233e-02
-2.436054157479753887e-02
-2.436952510093709154e-02
-2.436266741753623233e-02
-2.437046672515341683e-02
-2.436314528816536235e-02
-2.436899011674445795e-02
-2.436564113042205548e-02
-2.436885330450814721e-02
-2.436709798430420140e-02
-2.436483895344539533e-02
-2.436510585236980123e-02
-2.436796855193008177e-02
-2.435834353797441607e-02
-2.436509443189679991e-02
-2.435739166632189950e-02
-2.436276299304308141e-02
-2.436232394695600142e-02
-2.436629953557405831e-02
-2.436857232844495333e-02
-2.436469681420428204e-02
-2.436228037454946094e-02
-2.436236924585398131e-02
-2.436964474607481931e-02
-2.436354398287172290e-02
-2.436247706766871482e-02
-2.435633712052348576e-02
-2.436704850207088019e-02
-2.436553747938249859e-02
-2.435994932298453722e-02
-2.436682659626366806e-02
-2.436464371590988179e-02
-2.436939342680871645e-02
-2.436231094124207547e-02
-2.436255712907135426e-02
-2.437297573303522438e-02
-2.437003962547856437e-02
-2.437075737842986367e-02
