-3.180474787950515747e-02
-3.180411085486412048e-02
-3.180640563368797302e-02
-3.181149065494537354e-02
-3.180178999900817871e-02
-3.180715069174766541e-02
-3.180996701121330261e-02
-3.180759772658348083e-02
-3.180209547281265259e-02
-3.181567415595054626e-02
-3.180871158838272095e-02
-3.181672468781471252e-02
-3.181370347738265991e-02
-3.181236237287521362e-02
-3.181810304522514343e-02
-3.181982040405273438e-02
-3.181923553347587585e-02
-3.183075785636901855e-02
-3.182180598378181458e-02
-3.182493150234222412e-02
-3.182574361562728882e-02
-3.183907270431518555e-02
-3.182155638933181763e-02
-3.182346746325492859e-02
-3.183063119649887085e-02
-3.183226287364959717e-02
-3.182442486286163330e-02
-3.183615207672119141e-02
-3.184557706117630005e-02
-3.183244541287422180e-02
-3.183084726333618164e-02
-3.183362632989883423e-02
-3.183723241090774536e-02
-3.183741495013237000e-02
-3.183493018150329590e-02
-3.184013068675994873e-02
-3.183594346046447754e-02
-3.184272721409797668e-02
-3.183983266353607178e-02
-3.183243796229362488e-02
-3.183824941515922546e-02
-3.184115886688232422e-02
-3.184318169951438904e-02
-3.184482455253601074e-02
-3.184504806995391846e-02
-3.184520453214645386e-02
-3.184773400425910950e-02
-3.184299170970916748e-02
-3.184001892805099487e-02
-3.184999898076057434e-02
-3.183730691671371460e-02
-3.185084462165832520e-02
-3.184406086802482605e-02
-3.185211867094039917e-02
-3.184805065393447876e-02
-3.185378015041351318e-02
-3.184416145086288452e-02
-3.185569867491722107e-02
-3.184935078024864197e-02
-3.185096010565757751e-02
-3.184770047664642334e-02
-3.185062482953071594e-02
-3.184874355792999268e-02
-3.184637799859046936e-02
-3.185616061091423035e-02
-3.186004981398582458e-02
-3.185499832034111023e-02
-3.185546025633811951e-02
-3.185356035828590393e-02
-3.185386583209037781e-02
-3.186124563217163086e-02
-3.186337277293205261e-02
-3.185695409774780273e-02
-3.185307979583740234e-02
-3.184889629483222961e-02
-3.185641020536422729e-02
-3.185851871967315674e-02
-3.184994310140609741e-02
-3.185841813683509827e-02
-3.185673058032989502e-02
-3.186642006039619446e-02
-3.185407817363739014e-02
-3.185101971030235291e-02
-3.185565397143363953e-02
-3.185226768255233765e-02
-3.186126425862312317e-02
-3.185737878084182739e-02
-3.185938298702239990e-02
-3.186054527759552002e-02
-3.186319395899772644e-02
-3.186494857072830200e-02
-3.186429664492607117e-02
-3.186146542429924011e-02
-3.186123445630073547e-02
-3.186642751097679138e-02
-3.185945004224777222e-02
-3.186626732349395752e-02
-3.185923397541046143e-02
-3.185834363102912903e-02
-3.185544535517692566e-02
-3.185664489865303040e-02
-3.185977041721343994e-02
-3.185794875025749207e-02
-3.186043724417686462e-02
-3.186405822634696960e-02
-3.185839205980300903e-02
-3.185995295643806458e-02
-3.186341747641563416e-02
-3.185925632715225220e-02
-3.186248615384101868e-02
-3.186427056789398193e-02
-3.186465799808502197e-02
-3.187094256281852722e-02
-3.186306357383728027e-02
-3.185971081256866455e-02
-3.186584636569023132e-02
-3.186057135462760925e-02
-3.186336159706115723e-02
-3.186081722378730774e-02
-3.185951709747314453e-02
-3.185928985476493835e-02
-3.186978772282600403e-02
-3.186624497175216675e-02
-3.186461329460144043e-02
-3.186580538749694824e-02
-3.186483308672904968e-02
-3.186136484146118164e-02
-3.186659142374992371e-02
-3.186329454183578491e-02
-3.185748681426048279e-02
-3.187115862965583801e-02
-3.186966106295585632e-02
-3.186713904142379761e-02
-3.186116740107536316e-02
-3.186572715640068054e-02
-3.185870870947837830e-02
-3.186285495758056641e-02
-3.186972066760063171e-02
-3.186739981174468994e-02
-3.187137097120285034e-02
-3.185838088393211365e-02
-3.186438605189323425e-02
-3.187033534049987793e-02
-3.186672925949096680e-02
-3.185709938406944275e-02
-3.186539933085441589e-02
-3.186836466193199158e-02
-3.186883777379989624e-02
-3.186633810400962830e-02
-3.186387568712234497e-02
-3.186959773302078247e-02
-3.186888992786407471e-02
-3.186283633112907410e-02
-3.185926005244255066e-02
-3.187146782875061035e-02
-3.186091408133506775e-02
-3.186270594596862793e-02
-3.186445310711860657e-02
-3.187464177608489990e-02
-3.186637163162231445e-02
-3.186763823032379150e-02
-3.186894953250885010e-02
-3.186722099781036377e-02
-3.186392411589622498e-02
-3.186538815498352051e-02
-3.186240792274475098e-02
-3.186783939599990845e-02
-3.186369314789772034e-02
-3.186213970184326172e-02
-3.187055513262748718e-02
-3.187040984630584717e-02
-3.186897188425064087e-02
-3.187104314565658569e-02
-3.187086433172225952e-02
-3.187451139092445374e-02
-3.186563402414321899e-02
-3.186633810400962830e-02
-3.186406195163726807e-02
-3.186615183949470520e-02
-3.186429664492607117e-02
-3.187173604965209961e-02
-3.186618164181709290e-02
-3.186659142374992371e-02
-3.187086433172225952e-02
-3.187480568885803223e-02
-3.186484426259994507e-02
-3.186606243252754211e-02
-3.186353296041488647e-02
-3.187201917171478271e-02
-3.187394142150878906e-02
-3.186893090605735779e-02
-3.187375515699386597e-02
-3.186345845460891724e-02
-3.186688199639320374e-02
-3.186629340052604675e-02
-3.187154233455657959e-02
-3.186928108334541321e-02
-3.187161311507225037e-02
-3.186988085508346558e-02
-3.187356889247894287e-02
-3.187093138694763184e-02
-3.186498209834098816e-02
-3.187194094061851501e-02
-3.186109289526939392e-02
-3.186269104480743408e-02
-3.186910599470138550e-02
-3.187403082847595215e-02
-3.186439350247383118e-02
-3.186971694231033325e-02
-3.186686336994171143e-02
-3.186616301536560059e-02
-3.187760338187217712e-02
-3.186926990747451782e-02
-3.186416625976562500e-02
-3.186954930424690247e-02
-3.187008202075958252e-02
-3.187122941017150879e-02
-3.186769038438796997e-02
-3.186826407909393311e-02
-3.186728432774543762e-02
-3.187056630849838257e-02
-3.187262266874313354e-02
-3.186949715018272400e-02
-3.186774253845214844e-02
-3.186647593975067139e-02
-3.187070041894912720e-02
-3.187348693609237671e-02
-3.187449276447296143e-02
-3.187585994601249695e-02
-3.186817094683647156e-02
-3.186633810400962830e-02
-3.186799585819244385e-02
-3.187230974435806274e-02
-3.187133744359016418e-02
-3.186893463134765625e-02
-3.187101706862449646e-02
-3.187253326177597046e-02
-3.186681121587753296e-02
-3.187497705221176147e-02
-3.187611326575279236e-02
-3.186728060245513916e-02
-3.187019377946853638e-02
-3.187487274408340454e-02
-3.187365829944610596e-02
-3.187280148267745972e-02
-3.187509998679161072e-02
-3.188229352235794067e-02
-3.187475726008415222e-02
-3.187467530369758606e-02
-3.187239542603492737e-02
-3.187702223658561707e-02
-3.187251836061477661e-02
-3.187657520174980164e-02
-3.186856582760810852e-02
-3.186839818954467773e-02
-3.187536820769309998e-02
-3.186769783496856689e-02
-3.187600895762443542e-02
-3.187010809779167175e-02
-3.186977654695510864e-02
-3.187083825469017029e-02
-3.188116103410720825e-02
-3.187600150704383850e-02
-3.187255561351776123e-02
-3.187646344304084778e-02
-3.186749666929244995e-02
-3.187022358179092407e-02
-3.186247497797012329e-02
-3.187627717852592468e-02
-3.187000751495361328e-02
-3.187716007232666016e-02
-3.187321126461029053e-02
-3.187394142150878906e-02
-3.187493234872817993e-02
-3.186786174774169922e-02
-3.187704086303710938e-02
-3.187182173132896423e-02
-3.187629953026771545e-02
-3.187397122383117676e-02
-3.187235444784164429e-02
-3.187368065118789673e-02
-3.187797591090202332e-02
-3.186824172735214233e-02
-3.187195584177970886e-02
-3.187490999698638916e-02
-3.187358006834983826e-02
-3.187476843595504761e-02
-3.186681494116783142e-02
-3.186994791030883789e-02
-3.187727183103561401e-02
-3.186926245689392090e-02
-3.187353909015655518e-02
-3.187011182308197021e-02
-3.187947720289230347e-02
-3.187223896384239197e-02
-3.187210112810134888e-02
-3.187027946114540100e-02
-3.187669441103935242e-02
-3.186912089586257935e-02
-3.187076002359390259e-02
-3.187941387295722961e-02
-3.187094628810882568e-02
-3.187434375286102295e-02
-3.187182173132896423e-02
-3.187557309865951538e-02
-3.186969086527824402e-02
-3.186991065740585327e-02
-3.187461942434310913e-02
-3.187564387917518616e-02
-3.186972066760063171e-02
-3.187257796525955200e-02
-3.187405318021774292e-02
-3.186940401792526245e-02
-3.187696635723114014e-02
-3.186999261379241943e-02
-3.187387809157371521e-02
-3.188161551952362061e-02
-3.186770528554916382e-02
-3.187600895762443542e-02
-3.187216445803642273e-02
-3.186766430735588074e-02
-3.187446296215057373e-02
-3.187161684036254883e-02
-3.187529742717742920e-02
-3.187277913093566895e-02
-3.187444433569908142e-02
-3.187444433569908142e-02
-3.187709674239158630e-02
-3.187124431133270264e-02
-3.187393769621849060e-02
-3.187118843197822571e-02
-3.187000751495361328e-02
-3.187909349799156189e-02
-3.186912462115287781e-02
-3.186801820993423462e-02
-3.187302872538566589e-02
-3.187594190239906311e-02
-3.187325596809387207e-02
-3.187247365713119507e-02
-3.187444433569908142e-02
-3.187638148665428162e-02
-3.187050297856330872e-02
-3.187642619013786316e-02
-3.187654167413711548e-02
-3.187579661607742310e-02
-3.187656030058860779e-02
-3.187709301710128784e-02
-3.186862170696258545e-02
-3.186842054128646851e-02
-3.187581524252891541e-02
-3.187292814254760742e-02
-3.187359124422073364e-02
-3.187097236514091492e-02
-3.187268972396850586e-02
-3.187224268913269043e-02
-3.188334777951240540e-02
-3.188105672597885132e-02
-3.187302500009536743e-02
-3.187438845634460449e-02
-3.187878429889678955e-02
-3.187219426035881042e-02
-3.187534213066101074e-02
-3.187365084886550903e-02
-3.187231346964836121e-02
-3.187065944075584412e-02
-3.187541291117668152e-02
-3.188288956880569458e-02
-3.187714144587516785e-02
-3.187699615955352783e-02
-3.187479451298713684e-02
-3.187502548098564148e-02
-3.187506273388862610e-02
-3.187044709920883179e-02
-3.187434002757072449e-02
-3.186976537108421326e-02
-3.188115358352661133e-02
-3.187549114227294922e-02
-3.187895566225051880e-02
-3.188048675656318665e-02
-3.187657147645950317e-02
-3.186725452542304993e-02
-3.187515214085578918e-02
-3.187609091401100159e-02
-3.188272938132286072e-02
-3.187541291117668152e-02
-3.187825530767440796e-02
-3.188042342662811279e-02
-3.186758980154991150e-02
-3.187954053282737732e-02
-3.187713772058486938e-02
-3.187305480241775513e-02
-3.187298774719238281e-02
-3.187611699104309082e-02
-3.187622502446174622e-02
-3.187258914113044739e-02
-3.187679126858711243e-02
-3.187973797321319580e-02
-3.187733516097068787e-02
-3.187716752290725708e-02
-3.188014775514602661e-02
-3.187730163335800171e-02
-3.186909109354019165e-02
-3.187234327197074890e-02
-3.187652304768562317e-02
-3.187676891684532166e-02
-3.187507018446922302e-02
-3.187369182705879211e-02
-3.186779469251632690e-02
-3.187068924307823181e-02
-3.186839073896408081e-02
-3.187607601284980774e-02
-3.187932446599006653e-02
-3.188012167811393738e-02
-3.187090903520584106e-02
-3.186984360218048096e-02
-3.188088163733482361e-02
-3.187160193920135498e-02
-3.187888860702514648e-02
-3.187721222639083862e-02
-3.187651559710502625e-02
-3.187121450901031494e-02
-3.187293559312820435e-02
-3.187645226716995239e-02
-3.187590837478637695e-02
-3.187438845634460449e-02
-3.187591955065727234e-02
-3.187842294573783875e-02
-3.187413141131401062e-02
-3.187688440084457397e-02
-3.187255188822746277e-02
-3.187535703182220459e-02
-3.187661245465278625e-02
-3.187052533030509949e-02
-3.187987208366394043e-02
-3.187484666705131531e-02
-3.187583014369010925e-02
-3.188374266028404236e-02
-3.187870606780052185e-02
-3.187541291117668152e-02
-3.187419474124908447e-02
-3.188052028417587280e-02
-3.188220411539077759e-02
-3.187117725610733032e-02
-3.188136965036392212e-02
-3.188488259911537170e-02
-3.188005089759826660e-02
-3.187377378344535828e-02
-3.188159689307212830e-02
-3.187528997659683228e-02
-3.188452124595642090e-02
-3.187436237931251526e-02
-3.187495097517967224e-02
-3.187784552574157715e-02
-3.187650069594383240e-02
-3.187659382820129395e-02
-3.188415989279747009e-02
-3.188062831759452820e-02
-3.187821805477142334e-02
-3.187957778573036194e-02
-3.187584877014160156e-02
-3.187398985028266907e-02
-3.188084065914154053e-02
-3.188224136829376221e-02
-3.187273815274238586e-02
-3.187762945890426636e-02
-3.187784925103187561e-02
-3.187631815671920776e-02
-3.187879547476768494e-02
-3.187800198793411255e-02
-3.187980502843856812e-02
-3.187736868858337402e-02
-3.187896311283111572e-02
-3.188012912869453430e-02
-3.188129141926765442e-02
-3.187710046768188477e-02
-3.187333047389984131e-02
-3.187832236289978027e-02
-3.187483921647071838e-02
-3.187686204910278320e-02
-3.188011795282363892e-02
-3.188138455152511597e-02
-3.188354894518852234e-02
-3.188084438443183899e-02
-3.187764808535575867e-02
-3.188525885343551636e-02
-3.188520297408103943e-02
-3.187263011932373047e-02
-3.187666460871696472e-02
-3.188289701938629150e-02
-3.188209608197212219e-02
-3.187897056341171265e-02
-3.187955915927886963e-02
-3.187897056341171265e-02
-3.186996281147003174e-02
-3.188397735357284546e-02
-3.187943622469902039e-02
-3.187609463930130005e-02
-3.187475353479385376e-02
-3.187754005193710327e-02
-3.187920898199081421e-02
-3.187818080186843872e-02
-3.187417238950729370e-02
-3.187532350420951843e-02
-3.187421709299087524e-02
-3.187943994998931885e-02
-3.188185021281242371e-02
-3.188078477978706360e-02
-3.188532590866088867e-02
-3.187534958124160767e-02
-3.187691420316696167e-02
-3.187979757785797119e-02
-3.187793865799903870e-02
-3.187866881489753723e-02
-3.187851980328559875e-02
-3.188087418675422668e-02
-3.188006952404975891e-02
-3.187666460871696472e-02
-3.188143670558929443e-02
-3.188346698880195618e-02
-3.188505768775939941e-02
-3.187816217541694641e-02
-3.188211843371391296e-02
-3.187484294176101685e-02
-3.188355639576911926e-02
-3.187929838895797729e-02
-3.187886625528335571e-02
-3.187300264835357666e-02
-3.188091516494750977e-02
-3.187755495309829712e-02
-3.187466785311698914e-02
-3.187884017825126648e-02
-3.187428414821624756e-02
-3.187914192676544189e-02
-3.188504278659820557e-02
-3.187758848071098328e-02
-3.187457844614982605e-02
-3.187694028019905090e-02
-3.188009560108184814e-02
-3.187945857644081116e-02
-3.188078105449676514e-02
-3.187935054302215576e-02
-3.187571465969085693e-02
-3.188215941190719604e-02
-3.187877312302589417e-02
-3.187191113829612732e-02
-3.187697380781173706e-02
-3.187844157218933105e-02
-3.188584372401237488e-02
-3.188167139887809753e-02
-3.187115117907524109e-02
-3.188313916325569153e-02
-3.188414871692657471e-02
-3.187805414199829102e-02
-3.187606483697891235e-02
-3.187914937734603882e-02
-3.188456222414970398e-02
-3.187938407063484192e-02
-3.188061341643333435e-02
-3.188200667500495911e-02
-3.187698125839233398e-02
-3.188158571720123291e-02
-3.188287466764450073e-02
-3.188240155577659607e-02
-3.187959641218185425e-02
-3.187830746173858643e-02
-3.188086301088333130e-02
-3.187363594770431519e-02
-3.187716752290725708e-02
-3.187893331050872803e-02
-3.188162297010421753e-02
-3.188763931393623352e-02
-3.188064694404602051e-02
-3.188530728220939636e-02
-3.187427669763565063e-02
-3.187855705618858337e-02
-3.188442438840866089e-02
-3.187706694006919861e-02
-3.188326954841613770e-02
-3.188166022300720215e-02
-3.188022598624229431e-02
-3.188353404402732849e-02
-3.188016265630722046e-02
-3.187957033514976501e-02
-3.187998384237289429e-02
-3.188148140907287598e-02
-3.188314288854598999e-02
-3.187480196356773376e-02
-3.188001736998558044e-02
-3.188017010688781738e-02
-3.188407048583030701e-02
-3.188184648752212524e-02
-3.188198059797286987e-02
-3.188561648130416870e-02
-3.187908232212066650e-02
-3.188313543796539307e-02
-3.188226744532585144e-02
-3.187820315361022949e-02
-3.187774121761322021e-02
-3.188119828701019287e-02
-3.187543526291847229e-02
-3.188639134168624878e-02
-3.188173100352287292e-02
-3.188049793243408203e-02
-3.187622874975204468e-02
-3.187574446201324463e-02
-3.188138827681541443e-02
-3.187983483076095581e-02
-3.188520669937133789e-02
-3.188474103808403015e-02
-3.188409283757209778e-02
-3.187755495309829712e-02
-3.187984973192214966e-02
-3.188597038388252258e-02
-3.188218548893928528e-02
-3.188312798738479614e-02
-3.188046067953109741e-02
-3.188304230570793152e-02
-3.188486397266387939e-02
-3.188790753483772278e-02
-3.188616037368774414e-02
-3.188145905733108521e-02
-3.188247978687286377e-02
-3.187639266252517700e-02
-3.187954053282737732e-02
-3.188009187579154968e-02
-3.187989816069602966e-02
-3.188280016183853149e-02
-3.188038617372512817e-02
-3.187546133995056152e-02
-3.188164904713630676e-02
-3.187882155179977417e-02
-3.187484294176101685e-02
-3.188076615333557129e-02
-3.188441321253776550e-02
-3.187655657529830933e-02
-3.187704458832740784e-02
-3.188447281718254089e-02
-3.188031911849975586e-02
-3.187664225697517395e-02
-3.188255056738853455e-02
-3.188223391771316528e-02
-3.188322111964225769e-02
-3.188481181859970093e-02
-3.188011795282363892e-02
-3.188102319836616516e-02
-3.188116475939750671e-02
-3.188868239521980286e-02
-3.188244253396987915e-02
-3.188196942210197449e-02
-3.188431262969970703e-02
-3.188212215900421143e-02
-3.187683224678039551e-02
-3.188012540340423584e-02
-3.188220784068107605e-02
-3.187511861324310303e-02
-3.188377618789672852e-02
-3.188036382198333740e-02
-3.188720345497131348e-02
-3.187957033514976501e-02
-3.188089653849601746e-02
-3.188335150480270386e-02
-3.188264369964599609e-02
-3.188148140907287598e-02
-3.188274055719375610e-02
-3.188065811991691589e-02
-3.188249468803405762e-02
-3.188441321253776550e-02
-3.188451379537582397e-02
-3.187959641218185425e-02
-3.188648447394371033e-02
-3.188212215900421143e-02
-3.188426792621612549e-02
-3.188302367925643921e-02
-3.187683224678039551e-02
-3.188069164752960205e-02
-3.188014030456542969e-02
-3.187911957502365112e-02
-3.188173472881317139e-02
-3.188591822981834412e-02
-3.187296167016029358e-02
-3.187824413180351257e-02
-3.188201785087585449e-02
-3.188307955861091614e-02
-3.188464045524597168e-02
-3.188548237085342407e-02
-3.188008442521095276e-02
-3.188195824623107910e-02
-3.188638389110565186e-02
-3.188180923461914062e-02
-3.188357502222061157e-02
-3.188143670558929443e-02
-3.187732398509979248e-02
-3.188167139887809753e-02
-3.187843784689903259e-02
-3.188056498765945435e-02
-3.187794983386993408e-02
-3.187837079167366028e-02
-3.187599405646324158e-02
-3.188829123973846436e-02
-3.188180923461914062e-02
-3.187646344304084778e-02
-3.187968209385871887e-02
-3.187646716833114624e-02
-3.188747167587280273e-02
-3.187954425811767578e-02
-3.188352659344673157e-02
-3.188329562544822693e-02
-3.188046067953109741e-02
-3.188739344477653503e-02
-3.187886998057365417e-02
-3.188519924879074097e-02
-3.188006952404975891e-02
-3.187932074069976807e-02
-3.189036250114440918e-02
-3.188321739435195923e-02
-3.188141807913780212e-02
-3.187727555632591248e-02
-3.188231587409973145e-02
-3.188534080982208252e-02
-3.188135847449302673e-02
-3.188543021678924561e-02
-3.187827765941619873e-02
-3.187694028019905090e-02
-3.188415616750717163e-02
-3.188234940171241760e-02
-3.188098222017288208e-02
-3.188039734959602356e-02
-3.188870102167129517e-02
-3.188150748610496521e-02
-3.188313916325569153e-02
-3.188282996416091919e-02
-3.188131004571914673e-02
-3.188432753086090088e-02
-3.188875317573547363e-02
-3.188189491629600525e-02
-3.188139945268630981e-02
-3.188492730259895325e-02
-3.188147023320198059e-02
-3.188142180442810059e-02
-3.188285231590270996e-02
-3.188303858041763306e-02
-3.187921643257141113e-02
-3.188247978687286377e-02
-3.187980130314826965e-02
-3.188000246882438660e-02
-3.188471496105194092e-02
-3.188167884945869446e-02
-3.188157826662063599e-02
-3.188386186957359314e-02
-3.188007324934005737e-02
-3.188363090157508850e-02
-3.188071399927139282e-02
-3.188092261552810669e-02
-3.188172355294227600e-02
-3.189063817262649536e-02
-3.187627717852592468e-02
-3.187618777155876160e-02
-3.188548237085342407e-02
-3.188044950366020203e-02
-3.187929093837738037e-02
-3.188033029437065125e-02
-3.188170120120048523e-02
-3.188354894518852234e-02
-3.188132494688034058e-02
-3.188417106866836548e-02
-3.187913820147514343e-02
-3.188085556030273438e-02
-3.187934309244155884e-02
-3.188298642635345459e-02
-3.188221901655197144e-02
-3.188499435782432556e-02
-3.188209980726242065e-02
-3.188018128275871277e-02
-3.188528120517730713e-02
-3.188019618391990662e-02
-3.188169002532958984e-02
-3.188339993357658386e-02
-3.188369423151016235e-02
-3.188540786504745483e-02
-3.188390657305717468e-02
-3.188676387071609497e-02
-3.188223019242286682e-02
-3.188034519553184509e-02
-3.188284859061241150e-02
-3.188138827681541443e-02
-3.188388794660568237e-02
-3.187703341245651245e-02
-3.188154846429824829e-02
-3.187910467386245728e-02
-3.188068792223930359e-02
-3.188347443938255310e-02
-3.187873959541320801e-02
-3.187675774097442627e-02
-3.188027441501617432e-02
-3.188102692365646362e-02
-3.187892585992813110e-02
-3.187946602702140808e-02
-3.188284486532211304e-02
-3.188280388712882996e-02
-3.188268467783927917e-02
-3.188797459006309509e-02
-3.188681602478027344e-02
-3.188268095254898071e-02
-3.188177570700645447e-02
-3.187516331672668457e-02
-3.188003227114677429e-02
-3.188636526465415955e-02
-3.188151493668556213e-02
-3.188012912869453430e-02
-3.188290074467658997e-02
-3.188391402363777161e-02
-3.188496455550193787e-02
-3.188389167189598083e-02
-3.188212960958480835e-02
-3.188610076904296875e-02
-3.187635168433189392e-02
-3.188845142722129822e-02
-3.188451007008552551e-02
-3.188582509756088257e-02
-3.188617900013923645e-02
-3.187967464327812195e-02
-3.188185021281242371e-02
-3.188672661781311035e-02
-3.187942132353782654e-02
-3.187929093837738037e-02
-3.188101202249526978e-02
-3.188636898994445801e-02
-3.188623115420341492e-02
-3.188195824623107910e-02
-3.187972307205200195e-02
-3.188353776931762695e-02
-3.188419342041015625e-02
-3.188470005989074707e-02
-3.188772499561309814e-02
-3.187809884548187256e-02
-3.188741207122802734e-02
-3.188285231590270996e-02
-3.188229352235794067e-02
-3.188914805650711060e-02
-3.188350796699523926e-02
-3.188776224851608276e-02
-3.188734874129295349e-02
-3.188275545835494995e-02
-3.188309818506240845e-02
-3.188316896557807922e-02
-3.188152983784675598e-02
-3.188563138246536255e-02
-3.188800066709518433e-02
-3.188657015562057495e-02
-3.187716007232666016e-02
-3.188979253172874451e-02
-3.188385814428329468e-02
-3.188402205705642700e-02
-3.188533335924148560e-02
-3.188459947705268860e-02
-3.188083693385124207e-02
-3.188360854983329773e-02
-3.188577294349670410e-02
-3.188847377896308899e-02
-3.188119083642959595e-02
-3.188169002532958984e-02
-3.188351914286613464e-02
-3.188776597380638123e-02
-3.188357502222061157e-02
-3.188265115022659302e-02
-3.188489750027656555e-02
-3.188602253794670105e-02
-3.188123553991317749e-02
-3.188038989901542664e-02
-3.188547119498252869e-02
-3.188295662403106689e-02
-3.188427537679672241e-02
-3.188472241163253784e-02
-3.188347071409225464e-02
-3.188264369964599609e-02
-3.188541531562805176e-02
-3.187948465347290039e-02
-3.188430517911911011e-02
-3.188479319214820862e-02
-3.188748657703399658e-02
-3.187802433967590332e-02
-3.188053891062736511e-02
-3.188487887382507324e-02
-3.188116103410720825e-02
-3.188241645693778992e-02
-3.188150748610496521e-02
-3.187860175967216492e-02
-3.188081830739974976e-02
-3.189028799533843994e-02
-3.188328817486763000e-02
-3.188562020659446716e-02
-3.188450634479522705e-02
-3.188388794660568237e-02
-3.188052773475646973e-02
-3.188156336545944214e-02
-3.188278898596763611e-02
-3.188911080360412598e-02
-3.188189491629600525e-02
-3.188097476959228516e-02
-3.188874572515487671e-02
-3.188863769173622131e-02
-3.188189864158630371e-02
-3.188197314739227295e-02
-3.188553452491760254e-02
-3.188285976648330688e-02
-3.188085928559303284e-02
-3.189307451248168945e-02
-3.188252821564674377e-02
-3.187991678714752197e-02
-3.188294917345046997e-02
-3.188560903072357178e-02
-3.188415244221687317e-02
-3.188560158014297485e-02
-3.188514709472656250e-02
-3.188543021678924561e-02
-3.188657388091087341e-02
-3.187659010291099548e-02
-3.188158199191093445e-02
-3.188379108905792236e-02
-3.188728913664817810e-02
-3.188423067331314087e-02
-3.188302740454673767e-02
-3.188337758183479309e-02
-3.188085183501243591e-02
-3.188569471240043640e-02
-3.188098222017288208e-02
-3.187304362654685974e-02
-3.188088163733482361e-02
-3.188053518533706665e-02
-3.188243508338928223e-02
-3.187677264213562012e-02
-3.188356757164001465e-02
-3.187919780611991882e-02
-3.188319504261016846e-02
-3.188439086079597473e-02
-3.187882155179977417e-02
-3.188119083642959595e-02
-3.187821432948112488e-02
-3.188312798738479614e-02
-3.188364580273628235e-02
-3.188604116439819336e-02
-3.187824785709381104e-02
-3.188107535243034363e-02
-3.188690170645713806e-02
-3.188471868634223938e-02
-3.188094496726989746e-02
-3.188604116439819336e-02
-3.188137710094451904e-02
-3.188179060816764832e-02
-3.188394010066986084e-02
-3.188394010066986084e-02
-3.187608346343040466e-02
-3.188334032893180847e-02
-3.188849613070487976e-02
-3.188498318195343018e-02
-3.187958523631095886e-02
-3.188502416014671326e-02
-3.188167884945869446e-02
-3.188419342041015625e-02
-3.188332170248031616e-02
-3.188403695821762085e-02
-3.188238292932510376e-02
-3.188122436404228210e-02
-3.187899291515350342e-02
-3.188312798738479614e-02
-3.188085183501243591e-02
-3.188537806272506714e-02
-3.187863156199455261e-02
-3.188517689704895020e-02
-3.188152238726615906e-02
-3.188171237707138062e-02
-3.188636526465415955e-02
-3.188478201627731323e-02
-3.188622742891311646e-02
-3.188237175345420837e-02
-3.188106790184974670e-02
-3.188536688685417175e-02
-3.188772872090339661e-02
-3.188928961753845215e-02
-3.188361227512359619e-02
-3.187845274806022644e-02
-3.188274800777435303e-02
-3.188578039407730103e-02
-3.188043460249900818e-02
-3.188991919159889221e-02
-3.188483789563179016e-02
-3.187998756766319275e-02
-3.188334032893180847e-02
-3.188295289874076843e-02
-3.188676759600639343e-02
-3.188481926918029785e-02
-3.188218176364898682e-02
-3.188355267047882080e-02
-3.187939152121543884e-02
-3.188917413353919983e-02
-3.188375756144523621e-02
-3.188647702336311340e-02
-3.187670931220054626e-02
-3.188588470220565796e-02
-3.188253194093704224e-02
