-4.593930775221256868e-02
-4.592143751282172504e-02
-4.592209465810248581e-02
-4.593236884011515225e-02
-4.593530773772475789e-02
-4.594093024529177782e-02
-4.591572864837707019e-02
-4.593290533760248373e-02
-4.592402267030600699e-02
-4.593058156289996780e-02
-4.592993722972048276e-02
-4.593439130245457330e-02
-4.591128483122208781e-02
-4.591904436724317945e-02
-4.593013677032931757e-02
-4.593200454181121939e-02
-4.593022443270202565e-02
-4.595436205037850552e-02
-4.596116315039831118e-02
-4.597737014700790242e-02
-4.598568588720330225e-02
-4.598893495036870949e-02
-4.599817804273043098e-02
-4.602953709615031919e-02
-4.605103101667277349e-02
-4.607909993235741880e-02
-4.609434098615027703e-02
-4.610136406791032204e-02
-4.609896675557990930e-02
-4.612221299466886387e-02
-4.612070807702065706e-02
-4.612730825269641122e-02
-4.616211932130256240e-02
-4.618205989124186256e-02
-4.618244436639312028e-02
-4.620726780896801389e-02
-4.621801643526977227e-02
-4.620976614019532691e-02
-4.623064420825138965e-02
-4.621200817931087751e-02
-4.624017501903152777e-02
-4.623242987538322274e-02
-4.624746523845286311e-02
-4.624750259257921770e-02
-4.625854562751539889e-02
-4.625287617836474491e-02
-4.624644519749175620e-02
-4.625523676964149455e-02
-4.626646341777324034e-02
-4.626731821497764852e-02
-4.625351133772431789e-02
-4.625237381928320318e-02
-4.624371941988385942e-02
-4.626304948451308297e-02
-4.626235974181901189e-02
-4.626027484636376086e-02
-4.625442158562934752e-02
-4.625565989651582444e-02
-4.626301942059015543e-02
-4.625025136126154068e-02
-4.625187857636892108e-02
-4.622762660913865007e-02
-4.623334109944914755e-02
-4.622594124096483098e-02
-4.618380802613294284e-02
-4.586539968951714591e-02
-4.593361125887945873e-02
-4.609966039607928112e-02
-4.612983600400170220e-02
-4.612909734508476717e-02
-4.611340991897638908e-02
-4.613779250359861112e-02
-4.614603300740401093e-02
-4.615104809946600495e-02
-4.614581126384447590e-02
-4.618471335342190509e-02
-4.617056738461140092e-02
-4.616714069673048121e-02
-4.619292776069686829e-02
-4.620286110909153227e-02
-4.619385209448785556e-02
-4.620925494355489216e-02
-4.622347189900800901e-02
-4.623654783122205236e-02
-4.622614519593536836e-02
-4.622176261982955531e-02
-4.622916041389791425e-02
-4.623836686102442833e-02
-4.622568155140866636e-02
-4.624167137788880166e-02
-4.624658164635426366e-02
-4.623250483240796960e-02
-4.623499655332388020e-02
-4.624350520897346772e-02
-4.622913615774220525e-02
-4.620683941185570881e-02
-4.621154149571988362e-02
-4.623293328680547903e-02
-4.624343488995830143e-02
-4.624479441687767700e-02
-4.623051737524206534e-02
-4.623855110575564309e-02
-4.624758190544816377e-02
-4.624643588777977571e-02
-4.624300648993633772e-02
-4.624339771367160651e-02
-4.625174233057836176e-02
-4.625821896477415318e-02
-4.626544258710141300e-02
-4.625708736739642113e-02
-4.626537721907132000e-02
-4.628105587322169784e-02
-4.627413455663055564e-02
-4.627989638388273208e-02
-4.627543425124844984e-02
-4.619828662810992331e-02
-4.620064815340597930e-02
-4.617206289571751388e-02
-4.611529759754270236e-02
-4.608343942000335536e-02
-4.606870098833910215e-02
-4.611381969146682164e-02
-4.615140269967200892e-02
-4.616594221728171493e-02
-4.618150846807287518e-02
-4.611399651635261776e-02
-4.618872530608021665e-02
-4.621983599512824448e-02
-4.623755803387313151e-02
-4.623397683885690362e-02
-4.623406266346174326e-02
-4.624363884473586123e-02
-4.626532800562908887e-02
-4.621231988116647482e-02
-4.620450320845675279e-02
-4.618714175553188112e-02
-4.618647438309753106e-02
-4.621469982635755674e-02
-4.623442294532918023e-02
-4.623156426802516733e-02
-4.624956900100944679e-02
-4.624145038540213720e-02
-4.622434383183755824e-02
-4.622725432015140079e-02
-4.622624774274223386e-02
-4.623461699857207841e-02
-4.624868478395170734e-02
-4.622547498539083394e-02
-4.619194675765835728e-02
-4.612358898382362682e-02
-4.575247749811205827e-02
-4.575208241246932900e-02
-4.577583300293054658e-02
-4.577149345137337261e-02
-4.571508708577524255e-02
-4.557299928606227402e-02
-4.544589592384656179e-02
-4.544612478276895823e-02
-4.563007916350403370e-02
-4.574813068857303683e-02
-4.588850538669924511e-02
-4.594867765254789099e-02
-4.603205815782784177e-02
-4.608971431226216442e-02
-4.612789192911486563e-02
-4.613992633267000737e-02
-4.616549243842983652e-02
-4.619442888292043387e-02
-4.619927035225296352e-02
-4.618512663496870257e-02
-4.617558465794619621e-02
-4.617093143797035282e-02
-4.617111316009041289e-02
-4.617735896773803722e-02
-4.618792129491951226e-02
-4.620989141481392226e-02
-4.620896130988812883e-02
-4.619869390890183475e-02
-4.621888957971826556e-02
-4.622697179239614734e-02
-4.624492383671088142e-02
-4.624781959149088656e-02
-4.624532238426160707e-02
-4.623838495800612625e-02
-4.625284274202737939e-02
-4.625354930206009713e-02
-4.625550741504101671e-02
-4.625895677215393492e-02
-4.622775253480293500e-02
-4.624658504971750766e-02
-4.623400881053122552e-02
-4.625435731048586907e-02
-4.624287204236909865e-02
-4.625143667278575760e-02
-4.624403990812760157e-02
-4.626040166390182201e-02
-4.627212881558887686e-02
-4.627755819026285744e-02
-4.628648805928818610e-02
-4.628397703917024736e-02
-4.629024043478986022e-02
-4.628349003858166222e-02
-4.627808103495530817e-02
-4.627826441872956442e-02
-4.628549787003033433e-02
-4.627889530124872780e-02
-4.627739909723967843e-02
-4.627778792876295622e-02
-4.629150337067403781e-02
-4.628643565645496061e-02
-4.629669283263439239e-02
-4.629102156928249084e-02
-4.629063848093801364e-02
-4.628824783854560559e-02
-4.628761793225610877e-02
-4.628629095905857638e-02
-4.628261329610646596e-02
-4.629043187811077847e-02
-4.629812437571328293e-02
-4.628825223933005079e-02
-4.630044287612827825e-02
-4.629134196924618305e-02
-4.629823186361702037e-02
-4.629382095859074092e-02
-4.629355647627864112e-02
-4.629085003811019006e-02
-4.629684876226666107e-02
-4.630100649827881970e-02
-4.628236175336814667e-02
-4.628484650800290812e-02
-4.630982284023881651e-02
-4.629705318823703480e-02
-4.630491055242182130e-02
-4.629728204971729488e-02
-4.629949018570895386e-02
-4.630377095717144037e-02
-4.629689496610452093e-02
-4.629741466934273603e-02
-4.630256496129110666e-02
-4.630112154799782831e-02
-4.630838234308946172e-02
-4.629683690437668558e-02
-4.630098092095264600e-02
-4.629629997807387098e-02
-4.630220349222667620e-02
-4.630170573997900024e-02
-4.629729542712159029e-02
-4.629873915471326151e-02
-4.630536310902255703e-02
-4.629419017779531215e-02
-4.629856201827691614e-02
-4.629855854663568471e-02
-4.630256729861483705e-02
-4.630052856482504142e-02
-4.629883179385720082e-02
-4.630203448571264951e-02
-4.630832247495832166e-02
-4.630095799436283188e-02
-4.630657421727881612e-02
-4.629852342816574706e-02
-4.625620621307367786e-02
-4.627383442039038897e-02
-4.628113710448857054e-02
-4.629554178077661258e-02
-4.628839728222471084e-02
-4.628587388156549937e-02
-4.629866649948937568e-02
-4.629600815672457043e-02
-4.629172353839976911e-02
-4.629934528394000909e-02
-4.629477244945474218e-02
-4.631379782388166111e-02
-4.631659703957292928e-02
-4.629631099915112319e-02
-4.630441599094576449e-02
-4.630452771891350322e-02
-4.629447474212042973e-02
-4.629232388459393610e-02
-4.628856213954987003e-02
-4.629585779919902916e-02
-4.630597550677696683e-02
-4.630579629722621215e-02
-4.630543901390599820e-02
-4.631850758058337486e-02
-4.631045628918283030e-02
-4.630016012478515436e-02
-4.630278302336253426e-02
-4.630781275963817556e-02
-4.630540191650004550e-02
-4.630619087273520063e-02
-4.630439779647884530e-02
-4.630483316512597897e-02
-4.629867551625713867e-02
-4.630882611158120693e-02
-4.630806786823517263e-02
-4.630382686892864363e-02
-4.629514652457348417e-02
-4.630211789403754913e-02
-4.630052288801467242e-02
-4.629305752024305554e-02
-4.631573044851365617e-02
-4.628807187561960468e-02
-4.628435579663287697e-02
-4.627757812208632693e-02
-4.630112026158406113e-02
-4.629983394381959050e-02
-4.629386303691426091e-02
-4.629665401307721251e-02
-4.630187412429626753e-02
-4.628795678459846769e-02
-4.630015669071912282e-02
-4.630106510129524539e-02
-4.630234666343045757e-02
-4.630477380751012867e-02
-4.630111444747468663e-02
-4.630260048916150922e-02
-4.630858056586460714e-02
-4.630769713852358332e-02
-4.631074431082942561e-02
-4.631060128203632470e-02
-4.630129206932945968e-02
-4.630044556610517920e-02
-4.631144623421475787e-02
-4.631043847626697268e-02
-4.630830543948416533e-02
-4.631276044172825956e-02
-4.630278384306550643e-02
-4.630518775405553095e-02
-4.630706612327243482e-02
-4.630976296797885416e-02
-4.631239561629992701e-02
-4.630219047308137270e-02
-4.631171911062269275e-02
-4.631229010959193870e-02
-4.630203832822411131e-02
-4.631283464345437723e-02
-4.631582214910675427e-02
-4.631002028849603297e-02
-4.630549308986269680e-02
-4.631568247055807552e-02
-4.631382583779116574e-02
-4.630882275828364369e-02
-4.631317406778089063e-02
-4.631315651819804119e-02
-4.630864273290258293e-02
-4.630625250252556890e-02
-4.630492669907126935e-02
-4.630357605646552577e-02
-4.631044527658872978e-02
-4.630438524394023952e-02
-4.630229887249620591e-02
-4.630615734875641321e-02
-4.631139723298629413e-02
-4.631648800696518825e-02
-4.630248715308741408e-02
-4.630760795653381112e-02
-4.630335040320878587e-02
-4.630999811631738433e-02
-4.631421831907316794e-02
-4.630182444475255260e-02
-4.630895959446684751e-02
-4.630878996686015048e-02
-4.631209950038274459e-02
-4.631680614759176723e-02
-4.630263658921594111e-02
-4.631471993688954930e-02
-4.630592844020523652e-02
-4.630370298936067192e-02
-4.630612482390417117e-02
-4.631093879571441391e-02
-4.630463784200913174e-02
-4.630418859032474355e-02
-4.630400484711112014e-02
-4.630755044416125232e-02
-4.630250112497436704e-02
-4.631388251865268396e-02
-4.631349394810513331e-02
-4.629966954155623204e-02
-4.631053732536037637e-02
-4.631358692803728971e-02
-4.631168073587348111e-02
-4.630299241193457094e-02
-4.630473092784507388e-02
-4.630106673932869732e-02
-4.630115136128513942e-02
-4.630336187088053557e-02
-4.630851580722948613e-02
-4.631330057488510649e-02
-4.631426284883360944e-02
-4.630519380962433429e-02
-4.631272475844209341e-02
-4.630710804333715985e-02
-4.630733517948391886e-02
-4.631780438255542892e-02
-4.631211412481771317e-02
-4.629422417776247328e-02
-4.631041854971117838e-02
-4.630835690565288792e-02
-4.631163453108494421e-02
-4.630544829227107445e-02
-4.631016693891588931e-02
-4.630638938444699149e-02
-4.631065399953079170e-02
-4.630450578355238545e-02
-4.631073651884533987e-02
-4.630338516643538183e-02
-4.630743280557454017e-02
-4.630704442640581203e-02
-4.631562447352981921e-02
-4.630743268229182280e-02
-4.631523312912638052e-02
-4.631128137739142642e-02
-4.629448851069055404e-02
-4.630736463867940467e-02
-4.630400131253033930e-02
-4.630120832643160045e-02
-4.631918256275578683e-02
-4.630437756348754902e-02
-4.631522478200367915e-02
-4.630129114036661553e-02
-4.630547464000763641e-02
-4.631742765123424838e-02
-4.630694415552727428e-02
-4.632278637554235884e-02
-4.630409075450191148e-02
-4.630695751946973387e-02
-4.630914301803950445e-02
-4.631197945005146449e-02
-4.630851195083544175e-02
-4.630462413856852727e-02
-4.631185360257904227e-02
-4.631400397367028271e-02
-4.631578827523707975e-02
-4.630443756904231017e-02
-4.631631927368721341e-02
-4.631133379526203991e-02
-4.631418398172605644e-02
-4.631253092147753075e-02
-4.630793732967811854e-02
-4.631447169795423202e-02
-4.629183628751364077e-02
-4.626466315825478182e-02
-4.629582363057171968e-02
-4.629298707942706287e-02
-4.629299450031089391e-02
-4.628861606598790035e-02
-4.629638950980347750e-02
-4.630795677696317864e-02
-4.630721789170091224e-02
-4.630584304696690884e-02
-4.630514444058997370e-02
-4.630788399727812921e-02
-4.631825408071448685e-02
-4.630111402773411794e-02
-4.630040706616373597e-02
-4.630456804451964226e-02
-4.630470325225963940e-02
-4.629695497930071124e-02
-4.629756944003608071e-02
-4.629013519175621122e-02
-4.629595577591508887e-02
-4.629003841688047322e-02
-4.629784260624233289e-02
-4.629714852136520425e-02
-4.629911294919745318e-02
-4.628848404429262986e-02
-4.628384259262401795e-02
-4.629888885201533660e-02
-4.629442475253883055e-02
-4.628514348214215340e-02
-4.629964635321600491e-02
-4.629967951174850105e-02
-4.628652196950216319e-02
-4.629688144043526271e-02
-4.628814175964861971e-02
-4.629052518407054950e-02
-4.629780550763610419e-02
-4.628814227388877711e-02
-4.627921540593819133e-02
-4.628250335010338640e-02
-4.628792282954846682e-02
-4.628494738009864690e-02
-4.629077706554395738e-02
-4.627236141714717588e-02
-4.627814639809636754e-02
-4.629450722704622073e-02
-4.629259198915319784e-02
-4.628015912104519597e-02
-4.627554427809922599e-02
-4.627594304005303721e-02
-4.625840119536444445e-02
-4.627659566651387557e-02
-4.628216328627538650e-02
-4.627218528681313614e-02
-4.627969541514915380e-02
-4.627847144241405142e-02
-4.627307204063822732e-02
-4.627675065794166487e-02
-4.627952631751978269e-02
-4.627911485696655641e-02
-4.626404580703805808e-02
-4.627658904145542235e-02
-4.626790253767872757e-02
-4.628034969373456126e-02
-4.627651344089646346e-02
-4.628040165454277294e-02
-4.627979954313250766e-02
-4.628279228181958471e-02
-4.628990056141681769e-02
-4.627850608209310018e-02
-4.628357324849695364e-02
-4.628224872553205610e-02
-4.628065142762758516e-02
-4.628416659848534620e-02
-4.629108091400447461e-02
-4.627996413750246063e-02
-4.627963481384849559e-02
-4.628518817033702021e-02
-4.628195344774260062e-02
-4.628047575640038824e-02
-4.626563202363501853e-02
-4.626595776229643769e-02
-4.627413145004487249e-02
-4.627386952555173627e-02
-4.627894821334262859e-02
-4.626185693616537142e-02
-4.627223489214275787e-02
-4.627122986359203521e-02
-4.627218822163831763e-02
-4.626675879891358617e-02
-4.626939705114346130e-02
-4.626183399785793043e-02
-4.627109948665327627e-02
-4.625831144459586347e-02
-4.626386761599950159e-02
-4.626472608115190371e-02
-4.625832005405577929e-02
-4.625683497449480791e-02
-4.624823616857091924e-02
-4.625914055001889569e-02
-4.626714071890874330e-02
-4.626486244885696930e-02
-4.626030336576180541e-02
-4.626745281795322656e-02
-4.627038716039535288e-02
-4.626565374523423230e-02
-4.627352984559388732e-02
-4.627602543907809174e-02
-4.627978909217191072e-02
-4.628621823846729849e-02
-4.626905709062185262e-02
-4.628854249753110162e-02
-4.629132634187144851e-02
-4.628432026480789468e-02
-4.629643790803720377e-02
-4.629030973386429743e-02
-4.629997645416800839e-02
-4.628932282397164172e-02
-4.629002771446256298e-02
-4.629830640873362074e-02
-4.629342334888519872e-02
-4.628882191383189987e-02
-4.628363816262742042e-02
-4.628812384248415235e-02
-4.629888752761644743e-02
-4.629746979710563232e-02
-4.630035104223206854e-02
-4.628992875783274202e-02
-4.629554238336307248e-02
-4.628855044972267352e-02
-4.630960359819073086e-02
-4.630162934383889872e-02
-4.630046315669970186e-02
-4.629695874438786996e-02
-4.629265004274533968e-02
-4.629896649425683380e-02
-4.629620729720346911e-02
-4.630199820341607264e-02
-4.629578515141057754e-02
-4.629522635023718830e-02
-4.630492824946401409e-02
-4.629611842997356785e-02
-4.630069748322922923e-02
-4.630381731391922800e-02
-4.630216437037437682e-02
-4.630084840474620045e-02
-4.630458670252401987e-02
-4.630004430759043083e-02
-4.630334404015556266e-02
-4.629657901487009564e-02
-4.631294710176151602e-02
-4.630217503138112090e-02
-4.631336431491152317e-02
-4.630503064108485584e-02
-4.630565867273639391e-02
-4.631479453707126187e-02
-4.630315025799020684e-02
-4.630546379828732323e-02
-4.629312805120826269e-02
-4.630927166291474995e-02
-4.631176287397578001e-02
-4.629836343722604219e-02
-4.630827293808430917e-02
-4.629713348239071491e-02
-4.630381008343088800e-02
-4.631102228686634348e-02
-4.629928658216103665e-02
-4.630592883373758212e-02
-4.629813124511753669e-02
-4.630995169057778443e-02
-4.631904622137727329e-02
-4.631770299581487033e-02
-4.629997176389784308e-02
-4.630576801468307135e-02
-4.631476328075732896e-02
-4.630963183100433173e-02
-4.629824400912953969e-02
-4.630551025647917235e-02
-4.630814822812036324e-02
-4.630501993402675459e-02
-4.631356150613008538e-02
-4.630808942717160731e-02
-4.630694982822038813e-02
-4.631440958917280859e-02
-4.631120121722588634e-02
-4.630494856073939791e-02
-4.630817384231297046e-02
-4.630822279966075039e-02
-4.630677335603516909e-02
-4.631212148158343062e-02
-4.630385438130577708e-02
-4.630579144219341969e-02
-4.631002906226287796e-02
-4.630491526912650091e-02
-4.630458068403536104e-02
-4.630432376254779714e-02
-4.630563198529443619e-02
-4.631012407703805067e-02
-4.629779856571012570e-02
-4.630730528328996787e-02
-4.630664263269940184e-02
-4.630639922923780044e-02
-4.630086900153313617e-02
-4.630689868317643121e-02
-4.631464620908223168e-02
-4.630937357150953504e-02
-4.630343154284036894e-02
-4.630901303765795618e-02
-4.630314204037876136e-02
-4.629740494611010726e-02
-4.630237095301551614e-02
-4.629446311628797328e-02
-4.630729340238105146e-02
-4.630495048336284031e-02
-4.630954171882374626e-02
-4.631063322678071609e-02
-4.630443317524857161e-02
-4.630074415836039903e-02
-4.630886400364524202e-02
-4.630134340749043204e-02
-4.630833786905460409e-02
-4.630498693868375509e-02
-4.629812048392691060e-02
-4.630489404471500176e-02
-4.631614352522237660e-02
-4.630054976097695146e-02
-4.630981853028747625e-02
-4.631860079602424796e-02
-4.631364024898176196e-02
-4.630386472324322239e-02
-4.630844263275445127e-02
-4.630441771083556451e-02
-4.630737714276359634e-02
-4.631183017013069253e-02
-4.630907443353599745e-02
-4.630885873561114280e-02
-4.630391672656692520e-02
-4.630347964675185501e-02
-4.631185958043505801e-02
-4.631991199127066805e-02
-4.631419069720266180e-02
-4.631394107765589296e-02
-4.630145185553990322e-02
-4.631449683673801582e-02
-4.630504359261725794e-02
-4.630601113646185679e-02
-4.631382075329452258e-02
-4.631137350525683233e-02
-4.632264708101578587e-02
-4.631025662671788695e-02
-4.631593109719099599e-02
-4.630044986200424623e-02
-4.631518336423078724e-02
-4.631196735328328706e-02
-4.631523386451349283e-02
-4.631723197418523980e-02
-4.632297060173081599e-02
-4.631245302807938946e-02
-4.630860786835967746e-02
-4.631858702541049450e-02
-4.631101899722821214e-02
-4.630815869780905564e-02
-4.631632700602837660e-02
-4.631794241166325293e-02
-4.630982634587128138e-02
-4.631524890730015498e-02
-4.630587151502483373e-02
-4.631491266585283789e-02
-4.631563881125334847e-02
-4.630963008603931896e-02
-4.631138905881878459e-02
-4.632418377464945364e-02
-4.631969107154947779e-02
-4.631201710530475496e-02
-4.632423305144311304e-02
-4.632089818487161725e-02
-4.629166470025902064e-02
-4.630782778913777875e-02
-4.631719597234510571e-02
-4.631954649195992035e-02
-4.631113134968535550e-02
-4.630988410889268908e-02
-4.630314216574413916e-02
-4.631543390558014867e-02
-4.631494767957127640e-02
-4.630733672415821012e-02
-4.631328313579065326e-02
-4.630975513579022734e-02
-4.632162004205486044e-02
-4.632319109714736621e-02
-4.631808226364047404e-02
-4.631779200829252291e-02
-4.632616046294777551e-02
-4.632139731733635885e-02
-4.630994265378703817e-02
-4.632572027096461265e-02
-4.631155066715623297e-02
-4.630699877860450925e-02
-4.630990358214791963e-02
-4.631660686878644878e-02
-4.631136467604867607e-02
-4.631280039719266883e-02
-4.631607635557596220e-02
-4.631187168264282866e-02
-4.631316188068057560e-02
-4.631812091822284927e-02
-4.631436954767583630e-02
-4.631589814690545426e-02
-4.632218579001395192e-02
-4.631931786320060002e-02
-4.631611300079647303e-02
-4.631273482419678844e-02
-4.631605284671663075e-02
-4.631792130294649229e-02
-4.630539714304826582e-02
-4.631435544226301937e-02
-4.632469082404866434e-02
-4.631649654712812619e-02
-4.631238121781145606e-02
-4.631272204655061120e-02
-4.631096203623268764e-02
-4.630927515027998681e-02
-4.631481012428830674e-02
-4.631452292547870442e-02
-4.633113390898473127e-02
-4.631808124205104293e-02
-4.630453425940550538e-02
-4.631598073157638246e-02
-4.631920313988113769e-02
-4.631861360038565939e-02
-4.631821432241817194e-02
-4.631806116758382247e-02
-4.630759166869485854e-02
-4.630985528541019247e-02
-4.631727152907078732e-02
-4.632120718435783768e-02
-4.631966394710037432e-02
-4.632029860525378739e-02
-4.631092542987868405e-02
-4.630933021796647397e-02
-4.631622164027281163e-02
-4.630702005445229419e-02
-4.631694950858933346e-02
-4.631979985500570690e-02
-4.631700580659502131e-02
-4.631783982151510548e-02
-4.630922629115128558e-02
-4.632375788013357726e-02
-4.631714629854107035e-02
-4.631132611584196784e-02
-4.631181722307216309e-02
-4.631911584675735272e-02
-4.630206919450690489e-02
-4.631441356223740813e-02
-4.632035001890412451e-02
-4.631804541431067818e-02
-4.631590767323597035e-02
-4.630958955501762730e-02
-4.631009743366504977e-02
-4.632037464621609896e-02
-4.632091329579157701e-02
-4.631237882635001052e-02
-4.632082693786250538e-02
-4.631657579640630767e-02
-4.631172670131250557e-02
-4.631826059622239783e-02
-4.632103106388082286e-02
-4.630572558111786113e-02
-4.631637267497452914e-02
-4.630928921011935595e-02
-4.631595023443114967e-02
-4.631778528622914476e-02
-4.631287156543882622e-02
-4.631101371083722051e-02
-4.630896913491332201e-02
-4.631194257783965984e-02
-4.632143596115867457e-02
-4.632571680556981514e-02
-4.632238945571837130e-02
-4.631438243482235290e-02
-4.631762123570071221e-02
-4.631671004785679197e-02
-4.631609738817114158e-02
-4.631569795960545355e-02
-4.631616666707723956e-02
-4.631385880517176895e-02
-4.631261127360091628e-02
-4.630014228759541522e-02
-4.631449467484979182e-02
-4.631854028870905499e-02
-4.631901823444943556e-02
-4.632321460937890295e-02
-4.632366469675689574e-02
-4.631619141642105697e-02
-4.631524515804701786e-02
-4.631772175453087448e-02
-4.631818553408872940e-02
-4.631691367312954638e-02
-4.630964083236328160e-02
-4.630910820303103803e-02
-4.631920583655554230e-02
-4.631010115297563845e-02
-4.630790011262323619e-02
-4.631615126511302860e-02
-4.631758391568201877e-02
-4.630924209072014713e-02
-4.631471680299414917e-02
-4.632390595897647317e-02
-4.631529383514520343e-02
-4.632055806373073376e-02
-4.631803283457396753e-02
-4.631379118659332411e-02
-4.631738588756463548e-02
-4.631445069505535361e-02
-4.631310095846707942e-02
-4.632005361302066193e-02
-4.631227156715137655e-02
-4.630433189482281026e-02
-4.631236099886341245e-02
-4.631145074268029627e-02
-4.631620452444601410e-02
-4.631955909241298325e-02
-4.632513840326923926e-02
-4.631155244990069197e-02
-4.631790416757208817e-02
-4.631545654644909915e-02
-4.632070798472825296e-02
-4.632383848848119906e-02
-4.631066735758866681e-02
-4.632029795348303197e-02
-4.631275489621695246e-02
-4.632457603386406358e-02
-4.632325813512911533e-02
-4.631790753720090026e-02
-4.631075494216853328e-02
-4.631282615021035942e-02
-4.632553093653656029e-02
-4.632473436100330993e-02
-4.633169632489697598e-02
-4.632345553418631273e-02
-4.631736532254447647e-02
-4.630972105085649770e-02
-4.630586569839800770e-02
-4.630646327114362748e-02
-4.632235050158722139e-02
-4.631292218375361591e-02
-4.631330670691646834e-02
-4.630875744582015757e-02
-4.631102298275243528e-02
-4.631998553087419979e-02
-4.631599073363391189e-02
-4.631380594273488277e-02
-4.631672410417769087e-02
-4.632647445412586135e-02
-4.632458613820236021e-02
-4.631929766238634949e-02
-4.631264318856338075e-02
-4.631511487695037094e-02
-4.631371699909052342e-02
-4.630947801358237248e-02
-4.632511739234849296e-02
-4.631676510322256524e-02
-4.631674219572651241e-02
-4.630962961731203281e-02
-4.632279249271269161e-02
-4.631397555015173001e-02
-4.631243141935389301e-02
-4.631277636415561533e-02
-4.631557154087443534e-02
-4.631494998945644842e-02
-4.632131354390629091e-02
-4.631036684914746626e-02
-4.631974908496943460e-02
-4.631425869356001895e-02
-4.631928465355489993e-02
-4.631738194888728594e-02
-4.631407200548044722e-02
-4.631745369191649087e-02
-4.632042381966704897e-02
-4.631238461111253368e-02
-4.631633546785874495e-02
-4.631462593780368703e-02
-4.631747608324478932e-02
-4.630969090344224520e-02
-4.632094790080471675e-02
-4.631039341618636840e-02
-4.632344381013905193e-02
-4.631620269630365438e-02
-4.631189918528379190e-02
-4.632262956898113015e-02
-4.632027771067755151e-02
-4.631012235284237555e-02
-4.631301039864433450e-02
-4.632349433718917220e-02
-4.631891351143675034e-02
-4.632381265611405091e-02
-4.632370240508799225e-02
-4.631860334853492994e-02
-4.631340404020279494e-02
-4.631675862009680678e-02
-4.631462271675038794e-02
-4.631355079468719299e-02
-4.631472201108161740e-02
-4.631452429088647044e-02
-4.631827785310601436e-02
-4.632238104614354313e-02
-4.631684835852104692e-02
-4.631684807107673552e-02
-4.631660578472086842e-02
-4.631913116750019377e-02
-4.631262230405849140e-02
-4.632121954168223060e-02
-4.631987833487809930e-02
-4.631820434400494430e-02
-4.631647502032631980e-02
-4.631202297681418639e-02
-4.632133404029194906e-02
-4.630639989929356132e-02
-4.631647989777222529e-02
-4.631207227912004232e-02
-4.631351285984397492e-02
-4.632401617534847443e-02
-4.631312470921912505e-02
-4.631829943160635510e-02
-4.631228003205579979e-02
-4.631790979186984486e-02
-4.630906111752303850e-02
-4.632110689428278055e-02
-4.630644433405780441e-02
-4.631897566311792003e-02
-4.631292368294968181e-02
-4.631731808956773833e-02
-4.631689433282033114e-02
-4.630835453500275339e-02
-4.632241561624887705e-02
-4.631538369854287102e-02
-4.631308664497905958e-02
-4.631169225429311587e-02
-4.631656525616242165e-02
-4.632234440034550121e-02
-4.632092482264893452e-02
-4.631225086339379321e-02
-4.631535808644592772e-02
-4.630987858950252889e-02
-4.632273041267141733e-02
-4.631689902994191171e-02
-4.631440555756374117e-02
-4.631264774248189386e-02
-4.632023813107138954e-02
-4.631289966903040511e-02
-4.631168274311887878e-02
-4.632161941867740662e-02
-4.631389739723603544e-02
-4.631393758687388923e-02
-4.631789389348033720e-02
-4.631999502827331694e-02
-4.631665766828346048e-02
-4.631476059200564238e-02
-4.631512981584577637e-02
-4.632301471480913813e-02
