-8.443968743085861206e-02
-8.452142030000686646e-02
-8.446364849805831909e-02
-8.444232493638992310e-02
-8.452760428190231323e-02
-8.452806621789932251e-02
-8.453107625246047974e-02
-8.450949937105178833e-02
-8.461247384548187256e-02
-8.458427339792251587e-02
-8.462153375148773193e-02
-8.467470109462738037e-02
-8.462096005678176880e-02
-8.466681092977523804e-02
-8.466867357492446899e-02
-8.470103144645690918e-02
-8.472487330436706543e-02
-8.469180017709732056e-02
-8.473127335309982300e-02
-8.474500477313995361e-02
-8.471783995628356934e-02
-8.472967892885208130e-02
-8.481662720441818237e-02
-8.472683280706405640e-02
-8.476812392473220825e-02
-8.478627353906631470e-02
-8.475037664175033569e-02
-8.479643613100051880e-02
-8.480311185121536255e-02
-8.480893075466156006e-02
-8.482174575328826904e-02
-8.484844118356704712e-02
-8.480504155158996582e-02
-8.481265604496002197e-02
-8.480153977870941162e-02
-8.481855690479278564e-02
-8.488788455724716187e-02
-8.485306054353713989e-02
-8.484791964292526245e-02
-8.484605699777603149e-02
-8.493008464574813843e-02
-8.490052074193954468e-02
-8.487000316381454468e-02
-8.487780392169952393e-02
-8.484138548374176025e-02
-8.487344533205032349e-02
-8.484391123056411743e-02
-8.489552885293960571e-02
-8.487743884325027466e-02
-8.493033051490783691e-02
-8.491521328687667847e-02
-8.491171151399612427e-02
-8.497034758329391479e-02
-8.493257313966751099e-02
-8.491820842027664185e-02
-8.492074906826019287e-02
-8.490797877311706543e-02
-8.493772149085998535e-02
-8.489487320184707642e-02
-8.495669811964035034e-02
-8.495171368122100830e-02
-8.494660258293151855e-02
-8.494069427251815796e-02
-8.497812598943710327e-02
-8.496879786252975464e-02
-8.492181450128555298e-02
-8.494500815868377686e-02
-8.494658023118972778e-02
-8.497272431850433350e-02
-8.495981991291046143e-02
-8.501385152339935303e-02
-8.498500287532806396e-02
-8.500795811414718628e-02
-8.496381342411041260e-02
-8.502326160669326782e-02
-8.499453961849212646e-02
-8.501370251178741455e-02
-8.500076085329055786e-02
-8.500005304813385010e-02
-8.500915020704269409e-02
-8.496052771806716919e-02
-8.502492308616638184e-02
-8.506129682064056396e-02
-8.499415218830108643e-02
-8.504094928503036499e-02
-8.501987159252166748e-02
-8.499750494956970215e-02
-8.501490950584411621e-02
-8.507078140974044800e-02
-8.501821011304855347e-02
-8.504832535982131958e-02
-8.507294952869415283e-02
-8.503590524196624756e-02
-8.501097559928894043e-02
-8.508243411779403687e-02
-8.507500588893890381e-02
-8.507194370031356812e-02
-8.508340269327163696e-02
-8.505865186452865601e-02
-8.506111055612564087e-02
-8.508668094873428345e-02
-8.514130860567092896e-02
-8.511158823966979980e-02
-8.508476614952087402e-02
-8.510566502809524536e-02
-8.513788133859634399e-02
-8.507490903139114380e-02
-8.511383831501007080e-02
-8.513932675123214722e-02
-8.510138839483261108e-02
-8.504691720008850098e-02
-8.513741940259933472e-02
-8.510852605104446411e-02
-8.509941399097442627e-02
-8.509418368339538574e-02
-8.507335931062698364e-02
-8.513083308935165405e-02
-8.519579470157623291e-02
-8.512031286954879761e-02
-8.515682816505432129e-02
-8.511657267808914185e-02
-8.511356264352798462e-02
-8.512214571237564087e-02
-8.516070246696472168e-02
-8.515925705432891846e-02
-8.514651656150817871e-02
-8.516480773687362671e-02
-8.516635745763778687e-02
-8.515046536922454834e-02
-8.517851680517196655e-02
-8.515916764736175537e-02
-8.511756360530853271e-02
-8.512466400861740112e-02
-8.515580743551254272e-02
-8.516815304756164551e-02
-8.510076254606246948e-02
-8.510497957468032837e-02
-8.512245118618011475e-02
-8.517916500568389893e-02
-8.515920490026473999e-02
-8.518128842115402222e-02
-8.517377823591232300e-02
-8.516778796911239624e-02
-8.516030758619308472e-02
-8.519688993692398071e-02
-8.521381765604019165e-02
-8.523659408092498779e-02
-8.520738035440444946e-02
-8.518180251121520996e-02
-8.519219607114791870e-02
-8.522646874189376831e-02
-8.516151458024978638e-02
-8.521820604801177979e-02
-8.518632501363754272e-02
-8.516880869865417480e-02
-8.519802242517471313e-02
-8.515544235706329346e-02
-8.523331582546234131e-02
-8.520130068063735962e-02
-8.512990921735763550e-02
-8.521061390638351440e-02
-8.522684127092361450e-02
-8.519069850444793701e-02
-8.520413190126419067e-02
-8.517661690711975098e-02
-8.517096936702728271e-02
-8.520253747701644897e-02
-8.521589636802673340e-02
-8.520118892192840576e-02
-8.520006388425827026e-02
-8.518724888563156128e-02
-8.521623164415359497e-02
-8.523706346750259399e-02
-8.520640432834625244e-02
-8.526101708412170410e-02
-8.525665104389190674e-02
-8.522122353315353394e-02
-8.521458506584167480e-02
-8.518025279045104980e-02
-8.522049337625503540e-02
-8.524837344884872437e-02
-8.524283766746520996e-02
-8.518546074628829956e-02
-8.525160700082778931e-02
-8.526986092329025269e-02
-8.519765734672546387e-02
-8.527090400457382202e-02
-8.523096889257431030e-02
-8.521170169115066528e-02
-8.524299412965774536e-02
-8.523748070001602173e-02
-8.522363007068634033e-02
-8.518679440021514893e-02
-8.522675186395645142e-02
-8.518595993518829346e-02
-8.523345738649368286e-02
-8.522439748048782349e-02
-8.521382510662078857e-02
-8.522008359432220459e-02
-8.520774543285369873e-02
-8.520230650901794434e-02
-8.521148562431335449e-02
-8.522672206163406372e-02
-8.521087467670440674e-02
-8.520794659852981567e-02
-8.519200235605239868e-02
-8.524410426616668701e-02
-8.519826084375381470e-02
-8.522529155015945435e-02
-8.520621806383132935e-02
-8.521060645580291748e-02
-8.522523194551467896e-02
-8.521373569965362549e-02
-8.524919301271438599e-02
-8.522711694240570068e-02
-8.518011868000030518e-02
-8.525221794843673706e-02
-8.518549054861068726e-02
-8.522470295429229736e-02
-8.524927496910095215e-02
-8.519933372735977173e-02
-8.522470295429229736e-02
-8.520862460136413574e-02
-8.524094521999359131e-02
-8.525038510560989380e-02
-8.524657785892486572e-02
-8.523079752922058105e-02
-8.521356433629989624e-02
-8.525431901216506958e-02
-8.519650250673294067e-02
-8.524097502231597900e-02
-8.518674969673156738e-02
-8.522839844226837158e-02
-8.520159125328063965e-02
-8.522817492485046387e-02
-8.521401137113571167e-02
-8.520727604627609253e-02
-8.525558561086654663e-02
-8.525082468986511230e-02
-8.522071689367294312e-02
-8.520739525556564331e-02
-8.523319661617279053e-02
-8.522570878267288208e-02
-8.523695170879364014e-02
-8.522652089595794678e-02
-8.520384132862091064e-02
-8.521524071693420410e-02
-8.522309362888336182e-02
-8.522427827119827271e-02
-8.523050695657730103e-02
-8.522589504718780518e-02
-8.519682288169860840e-02
-8.519614487886428833e-02
-8.523457497358322144e-02
-8.522216230630874634e-02
-8.523125946521759033e-02
-8.517391979694366455e-02
-8.522066473960876465e-02
-8.523004502058029175e-02
-8.524046838283538818e-02
-8.522856980562210083e-02
-8.524291962385177612e-02
-8.519864827394485474e-02
-8.522417396306991577e-02
-8.519906550645828247e-02
-8.523061871528625488e-02
-8.519089967012405396e-02
-8.523401618003845215e-02
-8.522980660200119019e-02
-8.522538095712661743e-02
-8.522400259971618652e-02
-8.524144440889358521e-02
-8.521911501884460449e-02
-8.525472134351730347e-02
-8.522828668355941772e-02
-8.522472530603408813e-02
-8.526472002267837524e-02
-8.521679788827896118e-02
-8.526788651943206787e-02
-8.525709062814712524e-02
-8.524493128061294556e-02
-8.521994948387145996e-02
-8.520667999982833862e-02
-8.524368703365325928e-02
-8.521547913551330566e-02
-8.522309362888336182e-02
-8.519545942544937134e-02
-8.520600199699401855e-02
-8.526860177516937256e-02
-8.522181212902069092e-02
-8.525064587593078613e-02
-8.519960939884185791e-02
-8.521829545497894287e-02
-8.520843088626861572e-02
-8.527544885873794556e-02
-8.526989817619323730e-02
-8.522436022758483887e-02
-8.519479632377624512e-02
-8.521328866481781006e-02
-8.521150052547454834e-02
-8.522809296846389771e-02
-8.524434268474578857e-02
-8.523692935705184937e-02
-8.523441851139068604e-02
-8.523326367139816284e-02
-8.522554486989974976e-02
-8.524131029844284058e-02
-8.523074537515640259e-02
-8.523778617382049561e-02
-8.522572368383407593e-02
-8.522977679967880249e-02
-8.521328121423721313e-02
-8.524714410305023193e-02
-8.520753681659698486e-02
-8.525801450014114380e-02
-8.522356301546096802e-02
-8.524072915315628052e-02
-8.522170037031173706e-02
-8.524393290281295776e-02
-8.519785851240158081e-02
-8.519608527421951294e-02
-8.524070680141448975e-02
-8.520629256963729858e-02
-8.523578941822052002e-02
-8.526169508695602417e-02
-8.524797856807708740e-02
-8.521613478660583496e-02
-8.519735932350158691e-02
-8.524163067340850830e-02
-8.519031852483749390e-02
-8.521204441785812378e-02
-8.523539453744888306e-02
-8.521778881549835205e-02
-8.523811399936676025e-02
-8.521042019128799438e-02
-8.522823452949523926e-02
-8.522320538759231567e-02
-8.523815125226974487e-02
-8.523711562156677246e-02
-8.523421734571456909e-02
-8.521259576082229614e-02
-8.519949764013290405e-02
-8.521432429552078247e-02
-8.521606773138046265e-02
-8.518876880407333374e-02
-8.521141856908798218e-02
-8.522470295429229736e-02
-8.526504784822463989e-02
-8.522560447454452515e-02
-8.524581789970397949e-02
-8.525505661964416504e-02
-8.527212589979171753e-02
-8.524418622255325317e-02
-8.523672074079513550e-02
-8.520700037479400635e-02
-8.524277061223983765e-02
-8.522877097129821777e-02
-8.518613129854202271e-02
-8.525486290454864502e-02
-8.520612120628356934e-02
-8.525664359331130981e-02
-8.526314049959182739e-02
-8.517763763666152954e-02
-8.521693199872970581e-02
-8.523029834032058716e-02
-8.523616194725036621e-02
-8.521086722612380981e-02
-8.523938059806823730e-02
-8.522944897413253784e-02
-8.520150929689407349e-02
-8.525112271308898926e-02
-8.523155003786087036e-02
-8.522644639015197754e-02
-8.522117882966995239e-02
-8.526124805212020874e-02
-8.524474501609802246e-02
-8.523342013359069824e-02
-8.520863950252532959e-02
-8.518431335687637329e-02
-8.523490279912948608e-02
-8.526422828435897827e-02
-8.525160700082778931e-02
-8.522821962833404541e-02
-8.519843220710754395e-02
-8.518578857183456421e-02
-8.526685833930969238e-02
-8.525969088077545166e-02
-8.524899929761886597e-02
-8.522100746631622314e-02
-8.521939069032669067e-02
-8.521421253681182861e-02
-8.522911369800567627e-02
-8.517659455537796021e-02
-8.524294197559356689e-02
-8.521400392055511475e-02
-8.522565662860870361e-02
-8.524943888187408447e-02
-8.524365723133087158e-02
-8.521924167871475220e-02
-8.524862676858901978e-02
-8.524028211832046509e-02
-8.523963391780853271e-02
-8.523917943239212036e-02
-8.520274609327316284e-02
-8.524680882692337036e-02
-8.528230339288711548e-02
-8.524907380342483521e-02
-8.527168631553649902e-02
-8.519797027111053467e-02
-8.526334911584854126e-02
-8.522935211658477783e-02
-8.518500626087188721e-02
-8.523072302341461182e-02
-8.524605631828308105e-02
-8.525081723928451538e-02
-8.524280041456222534e-02
-8.521182835102081299e-02
-8.525893837213516235e-02
-8.525050431489944458e-02
-8.525808900594711304e-02
-8.523328602313995361e-02
-8.521911501884460449e-02
-8.523888885974884033e-02
-8.522919565439224243e-02
-8.525598794221878052e-02
-8.526895940303802490e-02
-8.524548262357711792e-02
-8.520135283470153809e-02
-8.522872626781463623e-02
-8.523748070001602173e-02
-8.525994420051574707e-02
-8.522138744592666626e-02
-8.524249494075775146e-02
-8.524164557456970215e-02
-8.524910360574722290e-02
-8.524919301271438599e-02
-8.522117882966995239e-02
-8.525814861059188843e-02
-8.522059768438339233e-02
-8.524706959724426270e-02
-8.523372560739517212e-02
-8.523350208997726440e-02
-8.523192256689071655e-02
-8.522717654705047607e-02
-8.523407578468322754e-02
-8.524818718433380127e-02
-8.521734178066253662e-02
-8.521421998739242554e-02
-8.518706262111663818e-02
-8.522344380617141724e-02
-8.524016290903091431e-02
-8.524561673402786255e-02
-8.519532531499862671e-02
-8.525903522968292236e-02
-8.525980263948440552e-02
-8.524275571107864380e-02
-8.523163199424743652e-02
-8.524389564990997314e-02
-8.523096889257431030e-02
-8.526305109262466431e-02
-8.526679128408432007e-02
-8.520796149969100952e-02
-8.518042415380477905e-02
-8.523660153150558472e-02
-8.523347228765487671e-02
-8.522575348615646362e-02
-8.524154126644134521e-02
-8.524129539728164673e-02
-8.523607999086380005e-02
-8.525808155536651611e-02
-8.523314446210861206e-02
-8.526483923196792603e-02
-8.521021902561187744e-02
-8.520923554897308350e-02
-8.522730320692062378e-02
-8.525235950946807861e-02
-8.523384481668472290e-02
-8.524343371391296387e-02
-8.522091805934906006e-02
-8.524490147829055786e-02
-8.522861450910568237e-02
-8.525447547435760498e-02
-8.521967381238937378e-02
-8.522303402423858643e-02
-8.522564917802810669e-02
-8.525611460208892822e-02
-8.526358753442764282e-02
-8.523900806903839111e-02
-8.525835722684860229e-02
-8.523426949977874756e-02
-8.524490147829055786e-02
-8.522434532642364502e-02
-8.515291661024093628e-02
-8.521238714456558228e-02
-8.521376550197601318e-02
-8.526302129030227661e-02
-8.521584421396255493e-02
-8.523776382207870483e-02
-8.525905013084411621e-02
-8.520148694515228271e-02
-8.526246994733810425e-02
-8.523449301719665527e-02
-8.521010726690292358e-02
-8.524907380342483521e-02
-8.522225171327590942e-02
-8.522066473960876465e-02
-8.523867279291152954e-02
-8.519344776868820190e-02
-8.525230735540390015e-02
-8.521882444620132446e-02
-8.521348983049392700e-02
-8.527179807424545288e-02
-8.521998673677444458e-02
-8.522400259971618652e-02
-8.524715155363082886e-02
-8.523554354906082153e-02
-8.521442860364913940e-02
-8.520189672708511353e-02
-8.521176129579544067e-02
-8.524404466152191162e-02
-8.520946651697158813e-02
-8.521349728107452393e-02
-8.524355292320251465e-02
-8.524370938539505005e-02
-8.521365374326705933e-02
-8.523460477590560913e-02
-8.520545810461044312e-02
-8.527296036481857300e-02
-8.519227057695388794e-02
-8.522336930036544800e-02
-8.524820208549499512e-02
-8.521608263254165649e-02
-8.520863950252532959e-02
-8.522626757621765137e-02
-8.522167801856994629e-02
-8.525775372982025146e-02
-8.525364845991134644e-02
-8.526644110679626465e-02
-8.526726067066192627e-02
-8.523776382207870483e-02
-8.524189889430999756e-02
-8.522579073905944824e-02
-8.522744476795196533e-02
-8.525479584932327271e-02
-8.526068180799484253e-02
-8.528085052967071533e-02
-8.521836251020431519e-02
-8.525841683149337769e-02
-8.524029701948165894e-02
-8.522675931453704834e-02
-8.524145931005477905e-02
-8.519857376813888550e-02
-8.521179109811782837e-02
-8.523973077535629272e-02
-8.518738299608230591e-02
-8.517984300851821899e-02
-8.525220304727554321e-02
-8.523372560739517212e-02
-8.525707572698593140e-02
-8.525612205266952515e-02
-8.526695519685745239e-02
-8.524356782436370850e-02
-8.526738733053207397e-02
-8.525363355875015259e-02
-8.524541556835174561e-02
-8.523394912481307983e-02
-8.523349463939666748e-02
-8.521243929862976074e-02
-8.522340655326843262e-02
-8.522521704435348511e-02
-8.522184938192367554e-02
-8.521862328052520752e-02
-8.520697057247161865e-02
-8.526208251714706421e-02
-8.526308834552764893e-02
-8.520528674125671387e-02
-8.520182222127914429e-02
-8.523055911064147949e-02
-8.523479104042053223e-02
-8.525155484676361084e-02
-8.522124588489532471e-02
-8.526115864515304565e-02
-8.520289510488510132e-02
-8.523864299058914185e-02
-8.523487299680709839e-02
-8.526657521724700928e-02
-8.521439880132675171e-02
-8.525140583515167236e-02
-8.522889018058776855e-02
-8.525298535823822021e-02
-8.526565134525299072e-02
-8.523523062467575073e-02
-8.522833883762359619e-02
-8.521138876676559448e-02
-8.523062616586685181e-02
-8.526263386011123657e-02
-8.524788171052932739e-02
-8.523774892091751099e-02
-8.523825556039810181e-02
-8.527915179729461670e-02
-8.523490279912948608e-02
-8.525629341602325439e-02
-8.522517234086990356e-02
-8.526998013257980347e-02
-8.524122089147567749e-02
-8.525441586971282959e-02
-8.523811399936676025e-02
-8.522575348615646362e-02
-8.524835854768753052e-02
-8.526678383350372314e-02
-8.522275835275650024e-02
-8.522395044565200806e-02
-8.523019403219223022e-02
-8.530826866626739502e-02
-8.522840589284896851e-02
-8.523190766572952271e-02
-8.523787558078765869e-02
-8.523643761873245239e-02
-8.521739393472671509e-02
-8.524063229560852051e-02
-8.521737158298492432e-02
-8.524505048990249634e-02
-8.523357659578323364e-02
-8.520727604627609253e-02
-8.526770025491714478e-02
-8.520894497632980347e-02
-8.525108546018600464e-02
-8.521573245525360107e-02
-8.520267903804779053e-02
-8.520533889532089233e-02
-8.524033427238464355e-02
-8.526977896690368652e-02
-8.522772043943405151e-02
-8.526519685983657837e-02
-8.521290868520736694e-02
-8.523473143577575684e-02
-8.526523411273956299e-02
-8.524232357740402222e-02
-8.520456403493881226e-02
-8.525485545396804810e-02
-8.526585996150970459e-02
-8.521923422813415527e-02
-8.524973690509796143e-02
-8.525525033473968506e-02
-8.523878455162048340e-02
-8.522064983844757080e-02
-8.522253483533859253e-02
-8.524671196937561035e-02
-8.523681759834289551e-02
-8.522424101829528809e-02
-8.521875739097595215e-02
-8.525288850069046021e-02
-8.520935475826263428e-02
-8.526495844125747681e-02
-8.521736413240432739e-02
-8.527984470129013062e-02
-8.522187173366546631e-02
-8.525424450635910034e-02
-8.525869250297546387e-02
-8.520922809839248657e-02
-8.528734743595123291e-02
-8.524174988269805908e-02
-8.522008359432220459e-02
-8.523313701152801514e-02
-8.527706563472747803e-02
-8.525046706199645996e-02
-8.525400608777999878e-02
-8.524911850690841675e-02
-8.524072915315628052e-02
-8.525194972753524780e-02
-8.522420376539230347e-02
-8.525838702917098999e-02
-8.523876965045928955e-02
-8.523077517747879028e-02
-8.522485196590423584e-02
-8.524361252784729004e-02
-8.526631444692611694e-02
-8.522490411996841431e-02
-8.523062616586685181e-02
-8.524502068758010864e-02
-8.521791547536849976e-02
-8.527168631553649902e-02
-8.521069586277008057e-02
-8.524978905916213989e-02
-8.526327461004257202e-02
-8.522520959377288818e-02
-8.524177968502044678e-02
-8.524499833583831787e-02
-8.521873503923416138e-02
-8.526237308979034424e-02
-8.526251465082168579e-02
-8.524712920188903809e-02
-8.523794263601303101e-02
-8.525745570659637451e-02
-8.524677157402038574e-02
-8.528690785169601440e-02
-8.522502332925796509e-02
-8.522219955921173096e-02
-8.522663265466690063e-02
-8.523967117071151733e-02
-8.524224907159805298e-02
-8.523951470851898193e-02
-8.526434749364852905e-02
-8.525046706199645996e-02
-8.522833138704299927e-02
-8.522308617830276489e-02
-8.525864034891128540e-02
-8.523737639188766479e-02
-8.525467664003372192e-02
-8.521649986505508423e-02
-8.524225652217864990e-02
-8.527129143476486206e-02
-8.526785671710968018e-02
-8.527894318103790283e-02
-8.521384745836257935e-02
-8.523986488580703735e-02
-8.524031937122344971e-02
-8.523071557283401489e-02
-8.527148514986038208e-02
-8.524926006793975830e-02
-8.523789793252944946e-02
-8.520898222923278809e-02
-8.526970446109771729e-02
-8.525889366865158081e-02
-8.524645864963531494e-02
-8.531890809535980225e-02
-8.523640036582946777e-02
-8.523248136043548584e-02
-8.525244146585464478e-02
-8.527003973722457886e-02
-8.525845408439636230e-02
-8.520496636629104614e-02
-8.524085581302642822e-02
-8.523820340633392334e-02
-8.526770770549774170e-02
-8.522330224514007568e-02
-8.522550761699676514e-02
-8.521901816129684448e-02
-8.521061390638351440e-02
-8.525525778532028198e-02
-8.523557335138320923e-02
-8.520339429378509521e-02
-8.524659276008605957e-02
-8.525487780570983887e-02
-8.524499833583831787e-02
-8.524772524833679199e-02
-8.525036275386810303e-02
-8.526291698217391968e-02
-8.525506407022476196e-02
-8.522797375917434692e-02
-8.522841334342956543e-02
-8.524165302515029907e-02
-8.525908738374710083e-02
-8.521948009729385376e-02
-8.524869382381439209e-02
-8.520873636007308960e-02
-8.523963391780853271e-02
-8.525528758764266968e-02
-8.524017781019210815e-02
-8.525400608777999878e-02
-8.524212241172790527e-02
-8.524174988269805908e-02
-8.527769148349761963e-02
-8.522882312536239624e-02
-8.523650467395782471e-02
-8.521492779254913330e-02
-8.527121692895889282e-02
-8.519890159368515015e-02
-8.520596474409103394e-02
-8.524944633245468140e-02
-8.521773666143417358e-02
-8.524180203676223755e-02
-8.522229641675949097e-02
-8.523954451084136963e-02
-8.524561673402786255e-02
-8.525741845369338989e-02
-8.525203168392181396e-02
-8.530196547508239746e-02
-8.524110913276672363e-02
-8.524733036756515503e-02
-8.527655899524688721e-02
-8.525332808494567871e-02
-8.525695651769638062e-02
-8.525734394788742065e-02
-8.528646826744079590e-02
-8.525710552930831909e-02
-8.524711430072784424e-02
-8.521851897239685059e-02
-8.523982018232345581e-02
-8.523179590702056885e-02
-8.525297045707702637e-02
-8.521173894405364990e-02
-8.523631840944290161e-02
-8.524895459413528442e-02
-8.520469069480895996e-02
-8.527148514986038208e-02
-8.523278683423995972e-02
-8.524025231599807739e-02
-8.526735752820968628e-02
-8.525988459587097168e-02
-8.526279777288436890e-02
-8.521128445863723755e-02
-8.524312824010848999e-02
-8.523555845022201538e-02
-8.524827659130096436e-02
-8.526138216257095337e-02
-8.526399731636047363e-02
-8.524332940578460693e-02
-8.524532616138458252e-02
-8.523640036582946777e-02
-8.525767177343368530e-02
-8.527638018131256104e-02
-8.530014008283615112e-02
-8.523486554622650146e-02
-8.524280041456222534e-02
-8.521439880132675171e-02
-8.524796366691589355e-02
-8.523211628198623657e-02
-8.524642884731292725e-02
-8.524832129478454590e-02
-8.523567765951156616e-02
-8.528931438922882080e-02
-8.529161661863327026e-02
-8.523765951395034790e-02
-8.521436899900436401e-02
-8.521915227174758911e-02
-8.527282625436782837e-02
-8.523347973823547363e-02
-8.526595681905746460e-02
-8.524604886770248413e-02
-8.524434268474578857e-02
-8.528300374746322632e-02
-8.521948754787445068e-02
-8.522100001573562622e-02
-8.521673083305358887e-02
-8.526531606912612915e-02
-8.526296913623809814e-02
-8.523739874362945557e-02
-8.524578064680099487e-02
-8.527943491935729980e-02
-8.526405692100524902e-02
-8.527199178934097290e-02
-8.522249013185501099e-02
-8.526961505413055420e-02
-8.523131161928176880e-02
-8.525905013084411621e-02
-8.525106310844421387e-02
-8.525972813367843628e-02
-8.525326102972030640e-02
-8.522603660821914673e-02
-8.519984036684036255e-02
-8.525005728006362915e-02
-8.522097021341323853e-02
-8.525923639535903931e-02
-8.522896468639373779e-02
-8.523856848478317261e-02
-8.527936041355133057e-02
-8.521933853626251221e-02
-8.526642620563507080e-02
-8.525208383798599243e-02
-8.522556722164154053e-02
-8.528273552656173706e-02
-8.524539321660995483e-02
-8.522357791662216187e-02
-8.522985130548477173e-02
-8.522751182317733765e-02
-8.523099124431610107e-02
-8.526856452226638794e-02
-8.522148430347442627e-02
-8.523718267679214478e-02
-8.522222191095352173e-02
-8.525518327951431274e-02
-8.522418886423110962e-02
-8.525160700082778931e-02
-8.526512235403060913e-02
-8.512388169765472412e-02
-8.523943275213241577e-02
-8.523396402597427368e-02
-8.522985875606536865e-02
-8.524216711521148682e-02
-8.524389564990997314e-02
-8.523643761873245239e-02
-8.523018658161163330e-02
-8.530772477388381958e-02
-8.526162058115005493e-02
-8.522451668977737427e-02
-8.523784577846527100e-02
-8.525445312261581421e-02
-8.526538312435150146e-02
-8.521538227796554565e-02
-8.522856980562210083e-02
-8.527212589979171753e-02
-8.519435673952102661e-02
-8.520738035440444946e-02
-8.521436154842376709e-02
-8.526635915040969849e-02
-8.525554835796356201e-02
-8.528813719749450684e-02
-8.524759113788604736e-02
-8.524926006793975830e-02
-8.526208251714706421e-02
-8.524327725172042847e-02
-8.523292839527130127e-02
-8.521822839975357056e-02
-8.526401966810226440e-02
-8.525679260492324829e-02
-8.522292226552963257e-02
-8.524856716394424438e-02
-8.525588363409042358e-02
-8.527162671089172363e-02
-8.525116741657257080e-02
-8.521644026041030884e-02
-8.524242788553237915e-02
-8.527936786413192749e-02
-8.528742939233779907e-02
-8.525566011667251587e-02
-8.520755916833877563e-02
-8.524866402149200439e-02
-8.522875607013702393e-02
-8.511545509099960327e-02
-8.520903438329696655e-02
-8.523204177618026733e-02
-8.522275090217590332e-02
-8.527979999780654907e-02
-8.521213382482528687e-02
-8.526431024074554443e-02
-8.523920923471450806e-02
-8.527765423059463501e-02
-8.525128662586212158e-02
-8.521689474582672119e-02
-8.528166264295578003e-02
-8.525588363409042358e-02
-8.529522269964218140e-02
-8.522662520408630371e-02
-8.525215089321136475e-02
-8.527074754238128662e-02
-8.523894101381301880e-02
-8.522487431764602661e-02
-8.524273335933685303e-02
-8.523739129304885864e-02
-8.525349199771881104e-02
-8.523226529359817505e-02
-8.528319746255874634e-02
-8.524482697248458862e-02
-8.526017516851425171e-02
-8.524731546640396118e-02
-8.524812012910842896e-02
-8.525286614894866943e-02
-8.524943143129348755e-02
-8.523856848478317261e-02
-8.520606160163879395e-02
-8.524375408887863159e-02
-8.524123579263687134e-02
-8.522977679967880249e-02
-8.524796366691589355e-02
-8.522180467844009399e-02
-8.528066426515579224e-02
-8.520564436912536621e-02
-8.523328602313995361e-02
-8.521109074354171753e-02
-8.524955809116363525e-02
-8.525249361991882324e-02
-8.525998890399932861e-02
-8.521104604005813599e-02
-8.522733300924301147e-02
-8.526369184255599976e-02
-8.522575348615646362e-02
-8.525184541940689087e-02
-8.522201329469680786e-02
-8.526400476694107056e-02
-8.523965626955032349e-02
-8.523560315370559692e-02
-8.523915708065032959e-02
-8.527871966361999512e-02
-8.523950725793838501e-02
-8.523343503475189209e-02
-8.522287011146545410e-02
-8.523611724376678467e-02
-8.522711694240570068e-02
-8.522744476795196533e-02
-8.523435890674591064e-02
-8.526608347892761230e-02
-8.523946255445480347e-02
-8.525411039590835571e-02
-8.523514121770858765e-02
-8.525308966636657715e-02
-8.520429581403732300e-02
-8.522858470678329468e-02
-8.523607999086380005e-02
-8.526429533958435059e-02
-8.526635915040969849e-02
-8.527396619319915771e-02
-8.524685353040695190e-02
-8.524404466152191162e-02
-8.524066954851150513e-02
-8.525947481393814087e-02
-8.524601906538009644e-02
-8.522592484951019287e-02
-8.525811880826950073e-02
-8.526226133108139038e-02
