-2.424563281238079071e-02
-2.424179390072822571e-02
-2.424418181180953979e-02
-2.424224466085433960e-02
-2.425065264105796814e-02
-2.424747683107852936e-02
-2.424790710210800171e-02
-2.424939721822738647e-02
-2.423764578998088837e-02
-2.423506788909435272e-02
-2.423850633203983307e-02
-2.424258179962635040e-02
-2.424389496445655823e-02
-2.425545640289783478e-02
-2.424368076026439667e-02
-2.424507588148117065e-02
-2.424306049942970276e-02
-2.424794994294643402e-02
-2.424502000212669373e-02
-2.424700930714607239e-02
-2.425161749124526978e-02
-2.425158582627773285e-02
-2.424214221537113190e-02
-2.424466796219348907e-02
-2.423762157559394836e-02
-2.424700930714607239e-02
-2.424412593245506287e-02
-2.423587068915367126e-02
-2.424017339944839478e-02
-2.423979900777339935e-02
-2.424578927457332611e-02
-2.424195036292076111e-02
-2.424531430006027222e-02
-2.424443140625953674e-02
-2.423905953764915466e-02
-2.424095198512077332e-02
-2.424289658665657043e-02
-2.424472942948341370e-02
-2.424004301428794861e-02
-2.424051240086555481e-02
-2.423710934817790985e-02
-2.424543537199497223e-02
-2.424116805195808411e-02
-2.424646541476249695e-02
-2.425560727715492249e-02
-2.425034902989864349e-02
-2.423674985766410828e-02
-2.424540370702743530e-02
-2.424085699021816254e-02
-2.423996664583683014e-02
-2.424437925219535828e-02
-2.424979582428932190e-02
-2.424542047083377838e-02
-2.424379065632820129e-02
-2.423373982310295105e-02
-2.423459850251674652e-02
-2.424060553312301636e-02
-2.424313500523567200e-02
-2.424327470362186432e-02
-2.424452826380729675e-02
-2.424869686365127563e-02
-2.424712106585502625e-02
-2.423891238868236542e-02
-2.425079420208930969e-02
-2.424914948642253876e-02
-2.424096688628196716e-02
-2.425121143460273743e-02
-2.424247749149799347e-02
-2.424316294491291046e-02
-2.424559555947780609e-02
-2.424107305705547333e-02
-2.424327470362186432e-02
-2.423878572881221771e-02
-2.424017153680324554e-02
-2.424551919102668762e-02
-2.423879131674766541e-02
-2.424084767699241638e-02
-2.424704097211360931e-02
-2.424795739352703094e-02
-2.423506230115890503e-02
-2.425197325646877289e-02
-2.423919923603534698e-02
-2.423995360732078552e-02
-2.424933761358261108e-02
-2.424467913806438446e-02
-2.424829453229904175e-02
-2.424521557986736298e-02
-2.423446066677570343e-02
-2.424174174666404724e-02
-2.423964254558086395e-02
-2.424954809248447418e-02
-2.424021996557712555e-02
-2.423845045268535614e-02
-2.424702607095241547e-02
-2.424424514174461365e-02
-2.425213903188705444e-02
-2.424241974949836731e-02
-2.424613945186138153e-02
-2.424750849604606628e-02
-2.425209991633892059e-02
-2.424689196050167084e-02
-2.424459531903266907e-02
-2.423791214823722839e-02
-2.424756623804569244e-02
-2.424753084778785706e-02
-2.425131388008594513e-02
-2.425569668412208557e-02
-2.424674667418003082e-02
-2.424676343798637390e-02
-2.424662187695503235e-02
-2.424493618309497833e-02
-2.423716522753238678e-02
-2.424181625247001648e-02
-2.424217201769351959e-02
-2.424997836351394653e-02
-2.424565143883228302e-02
-2.424120157957077026e-02
-2.424542233347892761e-02
-2.424085699021816254e-02
-2.424020506441593170e-02
-2.424172125756740570e-02
-2.423419803380966187e-02
-2.424789033830165863e-02
-2.424274198710918427e-02
-2.424191683530807495e-02
-2.425040490925312042e-02
-2.424880117177963257e-02
-2.425453625619411469e-02
-2.423996850848197937e-02
-2.424976043403148651e-02
-2.424436062574386597e-02
-2.424037642776966095e-02
-2.423471957445144653e-02
-2.424162812530994415e-02
-2.423881739377975464e-02
-2.424108795821666718e-02
-2.424777857959270477e-02
-2.424270473420619965e-02
-2.424175664782524109e-02
-2.425354160368442535e-02
-2.424642257392406464e-02
-2.424461953341960907e-02
-2.423894032835960388e-02
-2.424177713692188263e-02
-2.424874529242515564e-02
-2.424623817205429077e-02
-2.424480766057968140e-02
-2.424452267587184906e-02
-2.424824610352516174e-02
-2.423610724508762360e-02
-2.424018643796443939e-02
-2.424073591828346252e-02
-2.425379864871501923e-02
-2.423908188939094543e-02
-2.423593029379844666e-02
-2.424884960055351257e-02
-2.423851378262042999e-02
-2.424267865717411041e-02
-2.424069680273532867e-02
-2.425123378634452820e-02
-2.424467913806438446e-02
-2.425328269600868225e-02
-2.424597367644309998e-02
-2.425145357847213745e-02
-2.424522489309310913e-02
-2.423886768519878387e-02
-2.424125745892524719e-02
-2.424749918282032013e-02
-2.424246631562709808e-02
-2.424695156514644623e-02
-2.424194104969501495e-02
-2.424447052180767059e-02
-2.424012869596481323e-02
-2.423377707600593567e-02
-2.424307912588119507e-02
-2.424027584493160248e-02
-2.425317279994487762e-02
-2.425263449549674988e-02
-2.424448914825916290e-02
-2.424463257193565369e-02
-2.424677833914756775e-02
-2.424051985144615173e-02
-2.423914149403572083e-02
-2.424156293272972107e-02
-2.424414828419685364e-02
-2.424608729779720306e-02
-2.424470521509647369e-02
-2.424447610974311829e-02
-2.424669824540615082e-02
-2.424101717770099640e-02
-2.424119599163532257e-02
-2.424656227231025696e-02
-2.423740550875663757e-02
-2.424233406782150269e-02
-2.423934824764728546e-02
-2.423904091119766235e-02
-2.424707636237144470e-02
-2.423738315701484680e-02
-2.423263154923915863e-02
-2.424104325473308563e-02
-2.424069307744503021e-02
-2.423602901399135590e-02
-2.423263527452945709e-02
-2.424706891179084778e-02
-2.424446679651737213e-02
-2.424078062176704407e-02
-2.424228377640247345e-02
-2.424677461385726929e-02
-2.424260601401329041e-02
-2.425523474812507629e-02
-2.424386329948902130e-02
-2.424914203584194183e-02
-2.425173111259937286e-02
-2.424360252916812897e-02
-2.424773201346397400e-02
-2.425055950880050659e-02
-2.423955313861370087e-02
-2.424866892397403717e-02
-2.424371428787708282e-02
-2.423221990466117859e-02
-2.424244396388530731e-02
-2.424748986959457397e-02
-2.423990704119205475e-02
-2.423895336687564850e-02
-2.423660270869731903e-02
-2.424172498285770416e-02
-2.424992434680461884e-02
-2.424781769514083862e-02
-2.424664609134197235e-02
-2.423878759145736694e-02
-2.423723414540290833e-02
-2.424399927258491516e-02
-2.423948235809803009e-02
-2.424863353371620178e-02
-2.424149960279464722e-02
-2.424154803156852722e-02
-2.424476295709609985e-02
-2.424376830458641052e-02
-2.423865906894207001e-02
-2.423885278403759003e-02
-2.424686774611473083e-02
-2.424496598541736603e-02
-2.424734458327293396e-02
-2.424258925020694733e-02
-2.423660270869731903e-02
-2.424429729580879211e-02
-2.424267120659351349e-02
-2.423493005335330963e-02
-2.424811571836471558e-02
-2.425907179713249207e-02
-2.423871867358684540e-02
-2.424934133887290955e-02
-2.423551864922046661e-02
-2.423786371946334839e-02
-2.424227073788642883e-02
-2.424769848585128784e-02
-2.424421347677707672e-02
-2.424327470362186432e-02
-2.424285747110843658e-02
-2.424540929496288300e-02
-2.424515224993228912e-02
-2.424997836351394653e-02
-2.424526959657669067e-02
-2.424814365804195404e-02
-2.425039745867252350e-02
-2.424286678433418274e-02
-2.424290962517261505e-02
-2.423817478120326996e-02
-2.424564398825168610e-02
-2.424750290811061859e-02
-2.424128726124763489e-02
-2.424038574099540710e-02
-2.423817664384841919e-02
-2.424650266766548157e-02
-2.425015717744827271e-02
-2.424457296729087830e-02
-2.423901297152042389e-02
-2.424796856939792633e-02
-2.423603087663650513e-02
-2.423861250281333923e-02
-2.425100654363632202e-02
-2.424795180559158325e-02
-2.425404638051986694e-02
-2.424407750368118286e-02
-2.424746379256248474e-02
-2.424301952123641968e-02
-2.424128167331218719e-02
-2.423997409641742706e-02
-2.425174601376056671e-02
-2.424702979624271393e-02
-2.425945736467838287e-02
-2.424565143883228302e-02
-2.424243278801441193e-02
-2.424617856740951538e-02
-2.423724345862865448e-02
-2.424208074808120728e-02
-2.423969656229019165e-02
-2.424590475857257843e-02
-2.424969337880611420e-02
-2.424900978803634644e-02
-2.424431964755058289e-02
-2.423552423715591431e-02
-2.424399740993976593e-02
-2.423674054443836212e-02
-2.424447052180767059e-02
-2.424873784184455872e-02
-2.424453943967819214e-02
-2.424936369061470032e-02
-2.425009757280349731e-02
-2.423995360732078552e-02
-2.425207383930683136e-02
-2.425391599535942078e-02
-2.424655295908451080e-02
-2.424531802535057068e-02
-2.425034157931804657e-02
-2.424038015305995941e-02
-2.423882670700550079e-02
-2.424103952944278717e-02
-2.424575202167034149e-02
-2.424843981862068176e-02
-2.424874156713485718e-02
-2.424138411879539490e-02
-2.423961646854877472e-02
-2.423658035695552826e-02
-2.424603886902332306e-02
-2.423494867980480194e-02
-2.423576079308986664e-02
-2.424336783587932587e-02
-2.424219064414501190e-02
-2.424225769937038422e-02
-2.422976866364479065e-02
-2.424597926437854767e-02
-2.424237690865993500e-02
-2.424473874270915985e-02
-2.423984743654727936e-02
-2.423982881009578705e-02
-2.425389364361763000e-02
-2.424859255552291870e-02
-2.425082214176654816e-02
-2.424804680049419403e-02
-2.425258234143257141e-02
-2.424683421850204468e-02
-2.424598298966884613e-02
-2.423811331391334534e-02
-2.424401789903640747e-02
-2.424013800919055939e-02
-2.425006963312625885e-02
-2.423777617514133453e-02
-2.424103580415248871e-02
-2.424062415957450867e-02
-2.424433641135692596e-02
-2.424550242722034454e-02
-2.423777990043163300e-02
-2.423375472426414490e-02
-2.424506656825542450e-02
-2.424351312220096588e-02
-2.424513548612594604e-02
-2.424642629921436310e-02
-2.423692122101783752e-02
-2.424010261893272400e-02
-2.424352802336215973e-02
-2.425399608910083771e-02
-2.424781583249568939e-02
-2.424828521907329559e-02
-2.424724027514457703e-02
-2.424343116581439972e-02
-2.424289099872112274e-02
-2.424614503979682922e-02
-2.424060925841331482e-02
-2.424447983503341675e-02
-2.424337714910507202e-02
-2.423862181603908539e-02
-2.424636110663414001e-02
-2.424605935811996460e-02
-2.424379065632820129e-02
-2.424742653965950012e-02
-2.424635924398899078e-02
-2.425260469317436218e-02
-2.424748055636882782e-02
-2.424297668039798737e-02
-2.425371669232845306e-02
-2.424956299364566803e-02
-2.424799278378486633e-02
-2.424206770956516266e-02
-2.424058876931667328e-02
-2.424626238644123077e-02
-2.424748614430427551e-02
-2.423946373164653778e-02
-2.423979155719280243e-02
-2.424545772373676300e-02
-2.423866838216781616e-02
-2.424552664160728455e-02
-2.424921467900276184e-02
-2.424948289990425110e-02
-2.424745820462703705e-02
-2.425495721399784088e-02
-2.424263581633567810e-02
-2.425494603812694550e-02
-2.424740977585315704e-02
-2.424921281635761261e-02
-2.424373105168342590e-02
-2.424468845129013062e-02
-2.424826472997665405e-02
-2.424480393528938293e-02
-2.424297295510768890e-02
-2.424081042408943176e-02
-2.424231730401515961e-02
-2.424319833517074585e-02
-2.423566766083240509e-02
-2.424870245158672333e-02
-2.424656040966510773e-02
-2.424755878746509552e-02
-2.424196340143680573e-02
-2.424469776451587677e-02
-2.424752339720726013e-02
-2.424322254955768585e-02
-2.423886395990848541e-02
-2.424800582230091095e-02
-2.424753271043300629e-02
-2.424282394349575043e-02
-2.424236759543418884e-02
-2.424162440001964569e-02
-2.424002625048160553e-02
-2.424108609557151794e-02
-2.424457296729087830e-02
-2.423596940934658051e-02
-2.423813752830028534e-02
-2.423583529889583588e-02
-2.424441650509834290e-02
-2.423733100295066833e-02
-2.425209991633892059e-02
-2.424452081322669983e-02
-2.425385452806949615e-02
-2.423869445919990540e-02
-2.425055950880050659e-02
-2.424884401261806488e-02
-2.424074150621891022e-02
-2.424682117998600006e-02
-2.424398809671401978e-02
-2.423991449177265167e-02
-2.424810267984867096e-02
-2.424824610352516174e-02
-2.424967847764492035e-02
-2.424659952521324158e-02
-2.424330636858940125e-02
-2.424735575914382935e-02
-2.424648962914943695e-02
-2.424321509897708893e-02
-2.424334362149238586e-02
-2.424573153257369995e-02
-2.425024472177028656e-02
-2.423966862261295319e-02
-2.424817532300949097e-02
-2.424401976168155670e-02
-2.423963136970996857e-02
-2.424003928899765015e-02
-2.424634806811809540e-02
-2.423963136970996857e-02
-2.423924952745437622e-02
-2.423938922584056854e-02
-2.425207570195198059e-02
-2.424301579594612122e-02
-2.424167282879352570e-02
-2.424735948443412781e-02
-2.423981763422489166e-02
-2.424098365008831024e-02
-2.423727139830589294e-02
-2.424336411058902740e-02
-2.424398623406887054e-02
-2.423742227256298065e-02
-2.423335053026676178e-02
-2.424451336264610291e-02
-2.424895390868186951e-02
-2.425018884241580963e-02
-2.424549497663974762e-02
-2.424271218478679657e-02
-2.424778789281845093e-02
-2.424604073166847229e-02
-2.424133569002151489e-02
-2.424686774611473083e-02
-2.423966303467750549e-02
-2.424291335046291351e-02
-2.423646487295627594e-02
-2.424620650708675385e-02
-2.424728684127330780e-02
-2.424922958016395569e-02
-2.424137480556964874e-02
-2.425255626440048218e-02
-2.424217574298381805e-02
-2.424748055636882782e-02
-2.424845844507217407e-02
-2.424703910946846008e-02
-2.424552291631698608e-02
-2.424125187098979950e-02
-2.424632757902145386e-02
-2.425066940486431122e-02
-2.424081973731517792e-02
-2.424256876111030579e-02
-2.424625307321548462e-02
-2.424802072346210480e-02
-2.424922771751880646e-02
-2.424526773393154144e-02
-2.424646355211734772e-02
-2.424787357449531555e-02
-2.423297241330146790e-02
-2.423535659909248352e-02
-2.424630895256996155e-02
-2.424508705735206604e-02
-2.424323186278343201e-02
-2.423766814172267914e-02
-2.424425445497035980e-02
-2.424424514174461365e-02
-2.424148656427860260e-02
-2.424761839210987091e-02
-2.424172498285770416e-02
-2.424147911369800568e-02
-2.424013055860996246e-02
-2.424203790724277496e-02
-2.424308285117149353e-02
-2.424034662544727325e-02
-2.424200810492038727e-02
-2.423856593668460846e-02
-2.424416691064834595e-02
-2.425210922956466675e-02
-2.424568310379981995e-02
-2.423320151865482330e-02
-2.424620836973190308e-02
-2.424956485629081726e-02
-2.423855289816856384e-02
-2.424322813749313354e-02
-2.424088679254055023e-02
-2.423650398850440979e-02
-2.424036338925361633e-02
-2.423555590212345123e-02
-2.424729801714420319e-02
-2.424598857760429382e-02
-2.424153499305248260e-02
-2.423981577157974243e-02
-2.424614503979682922e-02
-2.423595078289508820e-02
-2.424498461186885834e-02
-2.424642071127891541e-02
-2.424748428165912628e-02
-2.424474805593490601e-02
-2.423644252121448517e-02
-2.424579299986362457e-02
-2.425131760537624359e-02
-2.424008585512638092e-02
-2.424217574298381805e-02
-2.423887699842453003e-02
-2.423710562288761139e-02
-2.424656227231025696e-02
-2.424254454672336578e-02
-2.424085512757301331e-02
-2.424546703696250916e-02
-2.424063533544540405e-02
-2.423696592450141907e-02
-2.424464561045169830e-02
-2.424469217658042908e-02
-2.424604818224906921e-02
-2.424122765660285950e-02
-2.423889376223087311e-02
-2.424291707575321198e-02
-2.423851564526557922e-02
-2.424480393528938293e-02
-2.424675785005092621e-02
-2.424567192792892456e-02
-2.424744330346584320e-02
-2.424525469541549683e-02
-2.425283938646316528e-02
-2.425077930092811584e-02
-2.425734512507915497e-02
-2.424553222954273224e-02
-2.423625253140926361e-02
-2.423318102955818176e-02
-2.424348518252372742e-02
-2.424425631761550903e-02
-2.424887754023075104e-02
-2.423842065036296844e-02
-2.424317225813865662e-02
-2.424771524965763092e-02
-2.425325475633144379e-02
-2.424568124115467072e-02
-2.424409240484237671e-02
-2.424461953341960907e-02
-2.425347454845905304e-02
-2.425001375377178192e-02
-2.424776926636695862e-02
-2.424285002052783966e-02
-2.423421107232570648e-02
-2.424608916044235229e-02
-2.424275502562522888e-02
-2.424074523150920868e-02
-2.423948980867862701e-02
-2.424663119018077850e-02
-2.424319833517074585e-02
-2.423766814172267914e-02
-2.423972450196743011e-02
-2.424509637057781219e-02
-2.425111085176467896e-02
-2.424752898514270782e-02
-2.425328828394412994e-02
-2.424812503159046173e-02
-2.424864843487739563e-02
-2.424410358071327209e-02
-2.424282021820545197e-02
-2.424416318535804749e-02
-2.424469776451587677e-02
-2.424486353993415833e-02
-2.424026094377040863e-02
-2.423799969255924225e-02
-2.424073778092861176e-02
-2.423783019185066223e-02
-2.425382845103740692e-02
-2.424317970871925354e-02
-2.424032241106033325e-02
-2.423677965998649597e-02
-2.424030750989913940e-02
-2.424822188913822174e-02
-2.424734458327293396e-02
-2.424187771975994110e-02
-2.423848398029804230e-02
-2.424376457929611206e-02
-2.424024417996406555e-02
-2.424218505620956421e-02
-2.424692362546920776e-02
-2.424715831875801086e-02
-2.424346655607223511e-02
-2.425001002848148346e-02
-2.424257807433605194e-02
-2.424596808850765228e-02
-2.423691190779209137e-02
-2.424994856119155884e-02
-2.424090169370174408e-02
-2.424151636660099030e-02
-2.424868568778038025e-02
-2.424307912588119507e-02
-2.423080056905746460e-02
-2.424471452832221985e-02
-2.423753961920738220e-02
-2.424386329948902130e-02
-2.424187771975994110e-02
-2.424684725701808929e-02
-2.424048632383346558e-02
-2.424761839210987091e-02
-2.424768730998039246e-02
-2.424537762999534607e-02
-2.424211613833904266e-02
-2.424625866115093231e-02
-2.424638345837593079e-02
-2.423414774239063263e-02
-2.423737384378910065e-02
-2.424102835357189178e-02
-2.424203604459762573e-02
-2.424163371324539185e-02
-2.424517832696437836e-02
-2.423037216067314148e-02
-2.424483746290206909e-02
-2.424657531082630157e-02
-2.423816174268722534e-02
-2.424461953341960907e-02
-2.424666844308376312e-02
-2.423920109868049622e-02
-2.424346655607223511e-02
-2.424963749945163727e-02
-2.424932830035686493e-02
-2.425394579768180847e-02
-2.425074763596057892e-02
-2.425176464021205902e-02
-2.424481697380542755e-02
-2.424590475857257843e-02
-2.423601411283016205e-02
-2.424415759742259979e-02
-2.424053661525249481e-02
-2.424588426947593689e-02
-2.424293383955955505e-02
-2.424299344420433044e-02
-2.424126118421554565e-02
-2.424349635839462280e-02
-2.424325235188007355e-02
-2.425090782344341278e-02
-2.424626611173152924e-02
-2.423872426152229309e-02
-2.425268106162548065e-02
-2.424448356032371521e-02
-2.423528768122196198e-02
-2.424620464444160461e-02
-2.424611523747444153e-02
-2.424619719386100769e-02
-2.424090728163719177e-02
-2.424688823521137238e-02
-2.424728125333786011e-02
-2.423656918108463287e-02
-2.423531934618949890e-02
-2.423927932977676392e-02
-2.424784377217292786e-02
-2.423869818449020386e-02
-2.423843927681446075e-02
-2.423653192818164825e-02
-2.424340695142745972e-02
-2.423979155719280243e-02
-2.423497475683689117e-02
-2.423987910151481628e-02
-2.424157597124576569e-02
-2.424048259854316711e-02
-2.423795498907566071e-02
-2.423936501145362854e-02
-2.424688450992107391e-02
-2.424405328929424286e-02
-2.423579059541225433e-02
-2.423542365431785583e-02
-2.423827908933162689e-02
-2.424022741615772247e-02
-2.423563785851001740e-02
-2.424436435103416443e-02
-2.424604259431362152e-02
-2.424844354391098022e-02
-2.424541302025318146e-02
-2.424580603837966919e-02
-2.424840256571769714e-02
-2.424204163253307343e-02
-2.424264885485172272e-02
-2.424402907490730286e-02
-2.424422092735767365e-02
-2.424037270247936249e-02
-2.424524165689945221e-02
-2.424312941730022430e-02
-2.425155974924564362e-02
-2.424592338502407074e-02
-2.424381487071514130e-02
-2.424149960279464722e-02
-2.424642071127891541e-02
-2.424192987382411957e-02
-2.423353306949138641e-02
-2.424350008368492126e-02
-2.424645610153675079e-02
-2.423870377242565155e-02
-2.424672804772853851e-02
-2.423927001655101776e-02
-2.424311824142932892e-02
-2.424448914825916290e-02
-2.424779161810874939e-02
-2.424130775034427643e-02
-2.424561046063899994e-02
-2.424377389252185822e-02
-2.424281090497970581e-02
-2.423585578799247742e-02
-2.424644492566585541e-02
-2.424076013267040253e-02
-2.424217201769351959e-02
-2.423939295113086700e-02
-2.424107305705547333e-02
-2.424559555947780609e-02
-2.423871867358684540e-02
-2.424618415534496307e-02
-2.424341998994350433e-02
-2.425311878323554993e-02
-2.423776499927043915e-02
-2.424340322613716125e-02
-2.424538321793079376e-02
-2.424145303666591644e-02
-2.424602583050727844e-02
-2.424870058894157410e-02
-2.424958534538745880e-02
-2.423607930541038513e-02
-2.424279041588306427e-02
-2.424627728760242462e-02
-2.424339018762111664e-02
-2.424632385373115540e-02
-2.424439974129199982e-02
-2.423857711255550385e-02
-2.425156347453594208e-02
-2.424233779311180115e-02
-2.423757873475551605e-02
-2.424089796841144562e-02
-2.423815988004207611e-02
-2.424237690865993500e-02
-2.424768358469009399e-02
-2.424049563705921173e-02
-2.423767186701297760e-02
-2.424515038728713989e-02
-2.424045279622077942e-02
-2.423382736742496490e-02
-2.424203976988792419e-02
-2.424063906073570251e-02
-2.424035780131816864e-02
-2.424735017120838165e-02
-2.424757741391658783e-02
-2.424058504402637482e-02
-2.424057573080062866e-02
-2.424485422670841217e-02
-2.424629777669906616e-02
-2.424848452210426331e-02
-2.424241974949836731e-02
-2.424708940088748932e-02
-2.424406260251998901e-02
-2.423877269029617310e-02
-2.424022182822227478e-02
-2.423765137791633606e-02
-2.423930354416370392e-02
-2.424401231110095978e-02
-2.424545772373676300e-02
-2.424108237028121948e-02
-2.423911914229393005e-02
-2.423486299812793732e-02
-2.423979155719280243e-02
-2.423620969057083130e-02
-2.424431033432483673e-02
-2.424327656626701355e-02
-2.423861809074878693e-02
-2.424191311001777649e-02
-2.424495667219161987e-02
-2.423810586333274841e-02
-2.424628101289272308e-02
-2.424588426947593689e-02
-2.423806861042976379e-02
-2.424989454448223114e-02
-2.424644492566585541e-02
-2.423581853508949280e-02
-2.423661574721336365e-02
-2.424912527203559875e-02
-2.424998767673969269e-02
-2.424755506217479706e-02
-2.424932830035686493e-02
-2.424396388232707977e-02
-2.423972077667713165e-02
-2.424622699618339539e-02
-2.424734085798263550e-02
-2.424230054020881653e-02
-2.424392849206924438e-02
-2.424203976988792419e-02
-2.424542047083377838e-02
-2.424725517630577087e-02
-2.424888499081134796e-02
-2.424244023859500885e-02
-2.425250597298145294e-02
-2.423975244164466858e-02
-2.424315176904201508e-02
-2.423971146345138550e-02
-2.424104325473308563e-02
-2.424651570618152618e-02
-2.423970773816108704e-02
-2.424151264131069183e-02
-2.424551919102668762e-02
-2.424879185855388641e-02
-2.424580045044422150e-02
-2.424020878970623016e-02
-2.424660697579383850e-02
-2.424981445074081421e-02
-2.424399368464946747e-02
-2.424520812928676605e-02
-2.423970773816108704e-02
-2.424379065632820129e-02
-2.424445562064647675e-02
-2.424875833094120026e-02
-2.424659952521324158e-02
-2.424699626863002777e-02
-2.424861863255500793e-02
-2.424026094377040863e-02
-2.424390800297260284e-02
-2.424522116780281067e-02
-2.424349635839462280e-02
-2.424049191176891327e-02
-2.424459345638751984e-02
-2.423947677016258240e-02
-2.424026094377040863e-02
-2.424120530486106873e-02
-2.424809895455837250e-02
-2.424136362969875336e-02
-2.424518205225467682e-02
-2.424218505620956421e-02
-2.424953132867813110e-02
-2.423879690468311310e-02
-2.424138039350509644e-02
-2.424943074584007263e-02
-2.423861064016819000e-02
-2.423498779535293579e-02
-2.424604445695877075e-02
-2.424651943147182465e-02
-2.424257062375545502e-02
-2.425120957195758820e-02
-2.424123696982860565e-02
-2.423635683953762054e-02
-2.424682117998600006e-02
-2.424191869795322418e-02
-2.424677275121212006e-02
-2.424726821482181549e-02
-2.424417808651924133e-02
-2.424407191574573517e-02
-2.424105629324913025e-02
-2.423725463449954987e-02
-2.424049004912376404e-02
-2.424509078264236450e-02
-2.424674481153488159e-02
-2.423316799104213715e-02
-2.424423769116401672e-02
-2.424464561045169830e-02
-2.424956113100051880e-02
-2.424198761582374573e-02
-2.424648962914943695e-02
-2.425139956176280975e-02
-2.425024472177028656e-02
-2.424147538840770721e-02
-2.425419911742210388e-02
-2.423952892422676086e-02
-2.424748428165912628e-02
-2.424478158354759216e-02
-2.423002570867538452e-02
-2.423620037734508514e-02
-2.424541674554347992e-02
-2.424344979226589203e-02
-2.424566075205802917e-02
-2.424473129212856293e-02
-2.425111085176467896e-02
-2.425094321370124817e-02
-2.424701675772666931e-02
-2.425075508654117584e-02
-2.424338832497596741e-02
-2.424562908709049225e-02
-2.424247190356254578e-02
-2.423902042210102081e-02
-2.424396388232707977e-02
-2.424941025674343109e-02
-2.423383109271526337e-02
-2.423845604062080383e-02
-2.423845045268535614e-02
-2.424640022218227386e-02
-2.424580045044422150e-02
-2.423919178545475006e-02
-2.423981390893459320e-02
-2.424376830458641052e-02
-2.424887008965015411e-02
-2.424904517829418182e-02
-2.424352057278156281e-02
-2.424320951104164124e-02
-2.424681931734085083e-02
-2.425025776028633118e-02
-2.424729056656360626e-02
-2.424931339919567108e-02
-2.424565702676773071e-02
-2.423851937055587769e-02
-2.423668839037418365e-02
-2.423860318958759308e-02
-2.424964122474193573e-02
-2.423952333629131317e-02
-2.424379438161849976e-02
-2.424602583050727844e-02
-2.424222417175769806e-02
-2.424262277781963348e-02
-2.424385771155357361e-02
-2.424008212983608246e-02
-2.423723414540290833e-02
-2.425258979201316833e-02
-2.424696274101734161e-02
-2.424355410039424896e-02
-2.424861304461956024e-02
-2.424423769116401672e-02
-2.424020692706108093e-02
-2.424042858183383942e-02
-2.425327710807323456e-02
-2.424425072968006134e-02
-2.424141392111778259e-02
-2.424399927258491516e-02
-2.424356527626514435e-02
-2.424556948244571686e-02
-2.424065396189689636e-02
-2.424539253115653992e-02
-2.424870803952217102e-02
-2.424619533121585846e-02
-2.424036897718906403e-02
-2.425042353570461273e-02
-2.423643134534358978e-02
-2.424947358667850494e-02
-2.424000389873981476e-02
-2.424384467303752899e-02
-2.423368208110332489e-02
-2.424021437764167786e-02
-2.424292452633380890e-02
-2.425179444253444672e-02
-2.424523606896400452e-02
-2.424441836774349213e-02
-2.425020746886730194e-02
-2.424596995115280151e-02
-2.424410544335842133e-02
-2.424000017344951630e-02
-2.424618229269981384e-02
-2.423994056880474091e-02
-2.423874847590923309e-02
-2.424477599561214447e-02
-2.423668839037418365e-02
-2.424172125756740570e-02
-2.424040623009204865e-02
-2.424248680472373962e-02
-2.423875220119953156e-02
-2.424402162432670593e-02
-2.424417994916439056e-02
-2.424780093133449554e-02
-2.424793876707553864e-02
-2.424440905451774597e-02
-2.425117231905460358e-02
-2.423796616494655609e-02
-2.424017153680324554e-02
-2.424054779112339020e-02
-2.424040064215660095e-02
-2.424910105764865875e-02
-2.424095012247562408e-02
-2.423598617315292358e-02
-2.423995174467563629e-02
-2.423649281263351440e-02
-2.424140460789203644e-02
-2.424336038529872894e-02
-2.424553595483303070e-02
-2.425523847341537476e-02
-2.424802817404270172e-02
-2.424338646233081818e-02
-2.424534037709236145e-02
-2.424533851444721222e-02
-2.424108237028121948e-02
-2.423994801938533783e-02
-2.423676662147045135e-02
-2.423589676618576050e-02
-2.424445003271102905e-02
-2.425049617886543274e-02
-2.424880489706993103e-02
-2.424723096191883087e-02
-2.424972690641880035e-02
-2.425029687583446503e-02
-2.424355410039424896e-02
-2.424468845129013062e-02
-2.424429170787334442e-02
-2.423915639519691467e-02
-2.424670010805130005e-02
-2.425749041140079498e-02
-2.424312196671962738e-02
-2.423902228474617004e-02
-2.424721792340278625e-02
-2.424881607294082642e-02
-2.424141578376293182e-02
-2.424118481576442719e-02
-2.424117177724838257e-02
-2.424709685146808624e-02
-2.424140088260173798e-02
-2.424137480556964874e-02
-2.424837462604045868e-02
-2.424394898116588593e-02
-2.425868064165115356e-02
-2.423631958663463593e-02
-2.424277737736701965e-02
-2.424690686166286469e-02
-2.425051294267177582e-02
-2.424982935190200806e-02
-2.423878386616706848e-02
-2.424449473619461060e-02
-2.424725517630577087e-02
-2.424153499305248260e-02
-2.424644678831100464e-02
-2.424528077244758606e-02
-2.424516528844833374e-02
-2.423784695565700531e-02
-2.424209192395210266e-02
-2.425176836550235748e-02
-2.424554340541362762e-02
-2.424028702080249786e-02
-2.423027716577053070e-02
-2.424464933574199677e-02
-2.423520758748054504e-02
-2.425080351531505585e-02
-2.424235828220844269e-02
-2.424673363566398621e-02
-2.424640394747257233e-02
-2.423946373164653778e-02
-2.424051240086555481e-02
-2.424325421452522278e-02
-2.424908243119716644e-02
-2.424213103950023651e-02
-2.424868009984493256e-02
-2.424133010208606720e-02
-2.424009516835212708e-02
-2.424073405563831329e-02
-2.423662133514881134e-02
-2.423610538244247437e-02
-2.424524165689945221e-02
-2.423990704119205475e-02
-2.424352616071701050e-02
-2.424737438559532166e-02
-2.424727752804756165e-02
-2.424301020801067352e-02
-2.425161562860012054e-02
-2.424240857362747192e-02
-2.424791827797889709e-02
-2.425084076821804047e-02
-2.424723841249942780e-02
-2.424575202167034149e-02
-2.424529381096363068e-02
-2.423968166112899780e-02
-2.424794994294643402e-02
-2.424677275121212006e-02
-2.424701675772666931e-02
-2.423723414540290833e-02
-2.425215952098369598e-02
-2.423222735524177551e-02
-2.423607185482978821e-02
-2.424596808850765228e-02
-2.423779293894767761e-02
-2.424184232950210571e-02
-2.424067445099353790e-02
-2.424175105988979340e-02
-2.424888126552104950e-02
-2.424517646431922913e-02
-2.423066645860671997e-02
-2.423230744898319244e-02
-2.423874475061893463e-02
-2.424481697380542755e-02
-2.423878945410251617e-02
-2.424262091517448425e-02
-2.424283698201179504e-02
-2.424317784607410431e-02
-2.424980513751506805e-02
-2.423823252320289612e-02
-2.424812875688076019e-02
-2.424152940511703491e-02
-2.424522303044795990e-02
-2.425171807408332825e-02
-2.424289658665657043e-02
-2.424398809671401978e-02
-2.424469217658042908e-02
-2.424186840653419495e-02
-2.423798292875289917e-02
-2.424321509897708893e-02
-2.424833737313747406e-02
-2.424218505620956421e-02
-2.423978783190250397e-02
-2.424430660903453827e-02
-2.424203976988792419e-02
-2.424332126975059509e-02
-2.424196712672710419e-02
-2.424486540257930756e-02
-2.424462884664535522e-02
-2.425149455666542053e-02
-2.423905767500400543e-02
-2.424805983901023865e-02
-2.424129284918308258e-02
-2.424191497266292572e-02
-2.424102276563644409e-02
-2.424312196671962738e-02
-2.425001934170722961e-02
-2.423168532550334930e-02
-2.424428611993789673e-02
-2.424721233546733856e-02
-2.424394711852073669e-02
-2.424634434282779694e-02
-2.424915879964828491e-02
-2.424146421253681183e-02
-2.423252351582050323e-02
-2.424523048102855682e-02
-2.422832697629928589e-02
-2.423860877752304077e-02
-2.423657104372978210e-02
-2.424498274922370911e-02
-2.424014918506145477e-02
-2.424407936632633209e-02
-2.424744702875614166e-02
-2.424385771155357361e-02
-2.425072528421878815e-02
-2.423987165093421936e-02
-2.424053475260734558e-02
-2.424165420234203339e-02
-2.424807474017143250e-02
-2.424587123095989227e-02
-2.423675730824470520e-02
-2.424359135329723358e-02
-2.424517460167407990e-02
-2.424105815589427948e-02
-2.424449659883975983e-02
-2.424111776053905487e-02
-2.425096742808818817e-02
-2.424717135727405548e-02
-2.424315921962261200e-02
-2.423615194857120514e-02
-2.423963509500026703e-02
-2.424388751387596130e-02
-2.424374409019947052e-02
-2.424507215619087219e-02
-2.424407564103603363e-02
-2.423427067697048187e-02
-2.424518205225467682e-02
-2.424147911369800568e-02
-2.424079366028308868e-02
-2.423975057899951935e-02
-2.424575947225093842e-02
-2.425008453428745270e-02
-2.423952333629131317e-02
-2.424401603639125824e-02
-2.424009703099727631e-02
-2.425082959234714508e-02
-2.424463257193565369e-02
-2.423991449177265167e-02
-2.423547953367233276e-02
-2.424519136548042297e-02
-2.425178326666355133e-02
-2.424801327288150787e-02
-2.423995174467563629e-02
-2.424024976789951324e-02
-2.423943392932415009e-02
-2.424180135130882263e-02
-2.424031123518943787e-02
-2.423987910151481628e-02
-2.423724159598350525e-02
-2.423908188939094543e-02
-2.424262650310993195e-02
-2.424617484211921692e-02
-2.423391491174697876e-02
-2.424486726522445679e-02
-2.424659579992294312e-02
-2.424325793981552124e-02
-2.424694411456584930e-02
-2.424620278179645538e-02
-2.423841878771781921e-02
-2.424283511936664581e-02
-2.424739114940166473e-02
-2.424119040369987488e-02
-2.424072846770286560e-02
-2.424950711429119110e-02
-2.424638718366622925e-02
-2.425412647426128387e-02
-2.425260283052921295e-02
-2.425116114318370819e-02
-2.425068244338035583e-02
-2.424441091716289520e-02
-2.424209006130695343e-02
-2.424301765859127045e-02
-2.424842305481433868e-02
-2.424086816608905792e-02
-2.424106933176517487e-02
-2.424156852066516876e-02
-2.424052916467189789e-02
-2.424184791743755341e-02
-2.424381114542484283e-02
-2.424643374979496002e-02
-2.424175851047039032e-02
-2.425091341137886047e-02
-2.425063028931617737e-02
-2.424173429608345032e-02
-2.424500696361064911e-02
-2.424958907067775726e-02
-2.423911914229393005e-02
-2.424820512533187866e-02
-2.424864657223224640e-02
-2.424586936831474304e-02
-2.424838207662105560e-02
-2.424558624625205994e-02
-2.424533106386661530e-02
-2.424363605678081512e-02
-2.424182184040546417e-02
-2.424392662942409515e-02
-2.424903586506843567e-02
-2.424633130431175232e-02
-2.424614876508712769e-02
-2.424769662320613861e-02
-2.424709126353263855e-02
-2.423581667244434357e-02
-2.425124123692512512e-02
-2.424708381295204163e-02
-2.425440959632396698e-02
-2.424207143485546112e-02
-2.425142936408519745e-02
-2.425333485007286072e-02
-2.424760907888412476e-02
-2.424975298345088959e-02
-2.424508891999721527e-02
-2.423877082765102386e-02
-2.424724772572517395e-02
-2.424823679029941559e-02
-2.424414828419685364e-02
-2.423989959061145782e-02
-2.424908988177776337e-02
-2.424160577356815338e-02
-2.424212172627449036e-02
-2.424379810690879822e-02
-2.424979396164417267e-02
-2.424548938870429993e-02
-2.424165792763233185e-02
-2.424736879765987396e-02
-2.424727194011211395e-02
-2.424905262887477875e-02
-2.424611896276473999e-02
-2.424114011228084564e-02
-2.424987778067588806e-02
-2.424238063395023346e-02
-2.425278164446353912e-02
-2.424315176904201508e-02
-2.423783391714096069e-02
-2.424569800496101379e-02
-2.424664236605167389e-02
-2.424384094774723053e-02
-2.424348331987857819e-02
-2.423601970076560974e-02
-2.423825114965438843e-02
-2.424142323434352875e-02
-2.423921413719654083e-02
-2.423403039574623108e-02
-2.424013800919055939e-02
-2.424574643373489380e-02
-2.424208261072635651e-02
-2.424330823123455048e-02
-2.424107119441032410e-02
-2.424581721425056458e-02
-2.424400672316551208e-02
-2.424648590385913849e-02
-2.424284070730209351e-02
-2.424199692904949188e-02
-2.424407191574573517e-02
-2.424841746687889099e-02
-2.424441091716289520e-02
-2.424051798880100250e-02
-2.423879690468311310e-02
-2.423229068517684937e-02
-2.424211427569389343e-02
-2.424295060336589813e-02
-2.424983121454715729e-02
-2.424261905252933502e-02
-2.424140647053718567e-02
-2.424581162631511688e-02
-2.424336038529872894e-02
-2.423803322017192841e-02
-2.424224279820919037e-02
-2.423990517854690552e-02
-2.423935197293758392e-02
-2.424813248217105865e-02
-2.425024099647998810e-02
-2.424368448555469513e-02
-2.424581721425056458e-02
-2.424416504800319672e-02
-2.424228005111217499e-02
-2.424948289990425110e-02
-2.425116673111915588e-02
-2.424111403524875641e-02
-2.424154244363307953e-02
-2.425467222929000854e-02
-2.424172125756740570e-02
-2.424295619130134583e-02
-2.425282262265682220e-02
-2.425213344395160675e-02
-2.424931153655052185e-02
-2.424283139407634735e-02
-2.424082718789577484e-02
-2.424957603216171265e-02
-2.424480766057968140e-02
-2.424066886305809021e-02
-2.424224838614463806e-02
-2.425331808626651764e-02
-2.424428798258304596e-02
-2.424280159175395966e-02
-2.424453012645244598e-02
-2.424325980246067047e-02
-2.424176782369613647e-02
-2.424421161413192749e-02
-2.424883097410202026e-02
-2.424709685146808624e-02
-2.424150332808494568e-02
-2.424201741814613342e-02
-2.424058876931667328e-02
-2.424999698996543884e-02
-2.423776127398014069e-02
-2.423196844756603241e-02
-2.424916252493858337e-02
-2.425018139183521271e-02
-2.423622831702232361e-02
-2.424532361328601837e-02
-2.424442395567893982e-02
-2.424226514995098114e-02
-2.424247376620769501e-02
-2.423852309584617615e-02
-2.423547580838203430e-02
-2.424001507461071014e-02
-2.424558624625205994e-02
-2.423771843314170837e-02
-2.423953451216220856e-02
-2.424881421029567719e-02
-2.423888631165027618e-02
-2.424664236605167389e-02
-2.423543296754360199e-02
-2.424230426549911499e-02
-2.423936687409877777e-02
-2.423599921166896820e-02
-2.423935011029243469e-02
-2.424222603440284729e-02
-2.423932403326034546e-02
-2.423907257616519928e-02
-2.424396015703678131e-02
-2.424532733857631683e-02
-2.425230108201503754e-02
-2.424531616270542145e-02
-2.423967234790325165e-02
-2.424147911369800568e-02
-2.424856834113597870e-02
-2.424392476677894592e-02
-2.425110898911952972e-02
-2.425035089254379272e-02
-2.425504848361015320e-02
-2.424281649291515350e-02
-2.424654923379421234e-02
-2.424073964357376099e-02
-2.424612455070018768e-02
-2.424795180559158325e-02
-2.424327470362186432e-02
-2.425042539834976196e-02
-2.424261160194873810e-02
-2.425677701830863953e-02
-2.424112521111965179e-02
-2.424826100468635559e-02
-2.424209564924240112e-02
-2.424141392111778259e-02
-2.424166537821292877e-02
-2.424021996557712555e-02
-2.424726821482181549e-02
-2.425595745444297791e-02
-2.424197643995285034e-02
-2.424212917685508728e-02
-2.424203604459762573e-02
-2.424515597522258759e-02
-2.424629777669906616e-02
-2.424082346260547638e-02
-2.424033731222152710e-02
-2.424775622785091400e-02
-2.423992007970809937e-02
-2.424332685768604279e-02
-2.423718757927417755e-02
-2.423174306750297546e-02
-2.424121461808681488e-02
-2.424596995115280151e-02
-2.424536272883415222e-02
-2.424263209104537964e-02
-2.423946931958198547e-02
-2.425396069884300232e-02
-2.424912527203559875e-02
-2.425537817180156708e-02
-2.424198575317859650e-02
-2.425164170563220978e-02
-2.424419485032558441e-02
-2.424050681293010712e-02
-2.423934079706668854e-02
-2.423652634024620056e-02
-2.424818463623523712e-02
-2.423713356256484985e-02
-2.424614503979682922e-02
-2.423908188939094543e-02
-2.424081042408943176e-02
-2.425193600356578827e-02
-2.424741908907890320e-02
-2.424449287354946136e-02
-2.424664609134197235e-02
-2.424735389649868011e-02
-2.424344792962074280e-02
-2.424795739352703094e-02
-2.424737624824047089e-02
-2.424794994294643402e-02
-2.424255199730396271e-02
-2.423832751810550690e-02
-2.424304932355880737e-02
-2.424434758722782135e-02
-2.424518018960952759e-02
-2.424000576138496399e-02
-2.424513362348079681e-02
-2.424308285117149353e-02
-2.424853481352329254e-02
-2.424518205225467682e-02
-2.424466796219348907e-02
-2.424238249659538269e-02
-2.424239367246627808e-02
-2.424609288573265076e-02
-2.424310892820358276e-02
-2.424409054219722748e-02
-2.424098365008831024e-02
-2.424060180783271790e-02
-2.424851618707180023e-02
-2.424248307943344116e-02
-2.424501627683639526e-02
-2.424089424312114716e-02
-2.424398623406887054e-02
-2.423759922385215759e-02
-2.423848025500774384e-02
-2.424378506839275360e-02
-2.424277737736701965e-02
-2.424678392708301544e-02
-2.424828335642814636e-02
-2.424934320151805878e-02
-2.424580976366996765e-02
-2.423655614256858826e-02
-2.423588372766971588e-02
-2.423348277807235718e-02
-2.423905581235885620e-02
-2.424342371523380280e-02
-2.424270473420619965e-02
-2.425064332783222198e-02
-2.424691803753376007e-02
-2.424421161413192749e-02
-2.424403280019760132e-02
-2.424485795199871063e-02
-2.424167282879352570e-02
-2.424190752208232880e-02
-2.424393408000469208e-02
-2.423809841275215149e-02
-2.423957549035549164e-02
-2.424385026097297668e-02
-2.425062842667102814e-02
-2.424820885062217712e-02
-2.424974553287029266e-02
-2.424645237624645233e-02
-2.425037883222103119e-02
-2.424547821283340454e-02
-2.424489334225654602e-02
-2.424404956400394440e-02
-2.424550242722034454e-02
-2.424324490129947662e-02
-2.423842623829841614e-02
-2.423981018364429474e-02
-2.424370497465133667e-02
-2.423921599984169006e-02
-2.423973940312862396e-02
-2.424613386392593384e-02
-2.424270473420619965e-02
-2.424762211740016937e-02
-2.424562349915504456e-02
-2.424364164471626282e-02
-2.424000576138496399e-02
-2.424007840454578400e-02
-2.424279227852821350e-02
-2.424972131848335266e-02
-2.424901351332664490e-02
-2.424651198089122772e-02
-2.424153871834278107e-02
-2.424570545554161072e-02
-2.424304373562335968e-02
-2.424717508256435394e-02
-2.424952574074268341e-02
-2.425180189311504364e-02
-2.424110099673271179e-02
-2.424046024680137634e-02
-2.424154058098793030e-02
-2.423159591853618622e-02
-2.423873171210289001e-02
-2.424126118421554565e-02
-2.425112947821617126e-02
-2.423826232552528381e-02
-2.423632703721523285e-02
-2.423996664583683014e-02
-2.424623444676399231e-02
-2.425070852041244507e-02
-2.424629777669906616e-02
-2.425234206020832062e-02
-2.424379810690879822e-02
-2.423947490751743317e-02
-2.423277311027050018e-02
-2.424513176083564758e-02
-2.424811385571956635e-02
-2.423790283501148224e-02
-2.424454316496849060e-02
-2.424613200128078461e-02
-2.423385158181190491e-02
-2.424290403723716736e-02
-2.424774132668972015e-02
-2.424312755465507507e-02
-2.424367889761924744e-02
-2.424584701657295227e-02
-2.424149401485919952e-02
-2.424313500523567200e-02
-2.424059621989727020e-02
-2.424078993499279022e-02
-2.424149587750434875e-02
-2.423950284719467163e-02
-2.423499710857868195e-02
-2.424109168350696564e-02
-2.424135431647300720e-02
-2.424315549433231354e-02
-2.424483560025691986e-02
-2.423764206469058990e-02
-2.423835359513759613e-02
-2.423854544758796692e-02
-2.423835359513759613e-02
-2.424697019159793854e-02
-2.423932775855064392e-02
-2.423823438584804535e-02
-2.424656040966510773e-02
-2.424903027713298798e-02
-2.423594519495964050e-02
-2.424019016325473785e-02
-2.424779161810874939e-02
-2.423665858805179596e-02
-2.424470521509647369e-02
-2.424735203385353088e-02
-2.424317225813865662e-02
-2.425050176680088043e-02
-2.425020746886730194e-02
-2.425156906247138977e-02
-2.425092086195945740e-02
-2.424351684749126434e-02
-2.423629909753799438e-02
-2.424286678433418274e-02
-2.424160577356815338e-02
-2.424981445074081421e-02
-2.423963882029056549e-02
-2.424903400242328644e-02
-2.424106746912002563e-02
-2.423984743654727936e-02
-2.423718199133872986e-02
-2.424353547394275665e-02
-2.424249239265918732e-02
-2.424242533743381500e-02
-2.424005419015884399e-02
-2.424152567982673645e-02
-2.424252592027187347e-02
-2.424480766057968140e-02
-2.425192110240459442e-02
-2.424995042383670807e-02
-2.424298599362373352e-02
-2.424656972289085388e-02
-2.423992380499839783e-02
-2.424010820686817169e-02
-2.424186281859874725e-02
-2.423835732042789459e-02
-2.425150945782661438e-02
-2.424406819045543671e-02
-2.424336783587932587e-02
-2.424179948866367340e-02
-2.424254268407821655e-02
-2.424872480332851410e-02
-2.424355596303939819e-02
-2.423856407403945923e-02
-2.424600161612033844e-02
-2.424288354814052582e-02
-2.423648349940776825e-02
-2.424118481576442719e-02
-2.424358204007148743e-02
-2.424618788063526154e-02
-2.424543537199497223e-02
-2.424204908311367035e-02
-2.425095997750759125e-02
-2.424324303865432739e-02
-2.423696592450141907e-02
-2.424614876508712769e-02
-2.424266561865806580e-02
-2.424602583050727844e-02
-2.424252219498157501e-02
-2.424242720007896423e-02
-2.424299530684947968e-02
-2.424910292029380798e-02
-2.424076758325099945e-02
-2.423969097435474396e-02
-2.423997037112712860e-02
-2.424304373562335968e-02
-2.424650266766548157e-02
-2.424103580415248871e-02
-2.424127794802188873e-02
-2.423512376844882965e-02
-2.424042858183383942e-02
-2.423634752631187439e-02
-2.424156293272972107e-02
-2.423547022044658661e-02
-2.423994988203048706e-02
-2.423961274325847626e-02
-2.423548325896263123e-02
-2.423364110291004181e-02
-2.423827722668647766e-02
-2.423957176506519318e-02
-2.423954382538795471e-02
-2.424433082342147827e-02
-2.423754520714282990e-02
-2.424402907490730286e-02
-2.424017526209354401e-02
-2.424628287553787231e-02
-2.423931099474430084e-02
-2.424497157335281372e-02
-2.424103394150733948e-02
-2.423820458352565765e-02
-2.424212172627449036e-02
-2.424148656427860260e-02
-2.424715273082256317e-02
-2.424941398203372955e-02
-2.424290217459201813e-02
-2.425092086195945740e-02
-2.424181066453456879e-02
-2.425148338079452515e-02
-2.424941584467887878e-02
-2.424405701458454132e-02
-2.424733154475688934e-02
-2.423870377242565155e-02
-2.424473129212856293e-02
-2.423857524991035461e-02
-2.424618788063526154e-02
-2.422923780977725983e-02
-2.423533052206039429e-02
-2.423873171210289001e-02
-2.424945309758186340e-02
-2.424324862658977509e-02
-2.424730174243450165e-02
-2.424872294068336487e-02
-2.424784936010837555e-02
-2.424212917685508728e-02
-2.425068430602550507e-02
-2.424111589789390564e-02
-2.424484677612781525e-02
-2.424949593842029572e-02
-2.425225265324115753e-02
-2.424883283674716949e-02
-2.423411235213279724e-02
-2.423879690468311310e-02
-2.424431778490543365e-02
-2.424916811287403107e-02
-2.424444817006587982e-02
-2.425244636833667755e-02
-2.424619160592556000e-02
-2.424851618707180023e-02
-2.424662187695503235e-02
-2.424232847988605499e-02
-2.424249611794948578e-02
-2.424213103950023651e-02
-2.424838021397590637e-02
-2.422998286783695221e-02
-2.423816174268722534e-02
-2.424278669059276581e-02
-2.425026521086692810e-02
-2.424888685345649719e-02
-2.425552718341350555e-02
-2.423933334648609161e-02
-2.424519881606101990e-02
-2.425001747906208038e-02
-2.424426190555095673e-02
-2.424192056059837341e-02
-2.424255944788455963e-02
-2.423992007970809937e-02
-2.424456551671028137e-02
-2.423962578177452087e-02
-2.424793131649494171e-02
-2.424670197069644928e-02
-2.424242906272411346e-02
-2.424374781548976898e-02
-2.424521371722221375e-02
-2.424841746687889099e-02
-2.424198575317859650e-02
-2.424511872231960297e-02
-2.424483746290206909e-02
-2.424160949885845184e-02
-2.423992007970809937e-02
-2.423812262713909149e-02
-2.423890307545661926e-02
-2.423723787069320679e-02
-2.424703352153301239e-02
-2.424245700240135193e-02
-2.424623258411884308e-02
-2.424280159175395966e-02
-2.424025163054466248e-02
-2.425154857337474823e-02
-2.424298971891403198e-02
-2.424737438559532166e-02
-2.424481697380542755e-02
-2.424389496445655823e-02
-2.424169518053531647e-02
-2.424553222954273224e-02
-2.423867210745811462e-02
-2.423303574323654175e-02
-2.424801513552665710e-02
-2.424092777073383331e-02
-2.424724213778972626e-02
-2.424189634621143341e-02
-2.424001321196556091e-02
-2.424315363168716431e-02
-2.424439042806625366e-02
-2.424009516835212708e-02
-2.424215339124202728e-02
-2.424229495227336884e-02
-2.423595637083053589e-02
-2.424264140427112579e-02
-2.425664290785789490e-02
-2.424864284694194794e-02
-2.424720861017704010e-02
-2.424870990216732025e-02
-2.424783259630203247e-02
-2.424053288996219635e-02
-2.424485422670841217e-02
-2.424635365605354309e-02
-2.424908243119716644e-02
-2.424785308539867401e-02
-2.424606308341026306e-02
-2.424101904034614563e-02
-2.424172498285770416e-02
-2.424314431846141815e-02
-2.423634752631187439e-02
-2.424620464444160461e-02
-2.424547262489795685e-02
-2.425207570195198059e-02
-2.424257248640060425e-02
-2.424368448555469513e-02
-2.424659952521324158e-02
-2.424114011228084564e-02
-2.425077930092811584e-02
-2.424664050340652466e-02
-2.424381487071514130e-02
-2.424909546971321106e-02
-2.423985116183757782e-02
-2.423548139631748199e-02
-2.424090541899204254e-02
-2.424091659486293793e-02
-2.424331381916999817e-02
-2.424413897097110748e-02
-2.424983307719230652e-02
-2.423715963959693909e-02
-2.424917742609977722e-02
-2.424586750566959381e-02
-2.424641698598861694e-02
-2.425127848982810974e-02
-2.424764819443225861e-02
-2.424229308962821960e-02
-2.424944564700126648e-02
-2.424692176282405853e-02
-2.423972822725772858e-02
-2.424449473619461060e-02
-2.423810586333274841e-02
-2.424699254333972931e-02
-2.424456737935543060e-02
-2.424373105168342590e-02
-2.424006909132003784e-02
-2.423929236829280853e-02
-2.423960715532302856e-02
-2.425230108201503754e-02
-2.423966862261295319e-02
-2.424380928277969360e-02
-2.424184419214725494e-02
-2.424762584269046783e-02
-2.424889430403709412e-02
-2.423927374184131622e-02
-2.424443699419498444e-02
-2.424301579594612122e-02
-2.424693293869495392e-02
-2.424045652151107788e-02
-2.424115501344203949e-02
-2.425296418368816376e-02
-2.425050921738147736e-02
-2.424917556345462799e-02
-2.424095384776592255e-02
-2.424391545355319977e-02
-2.423921786248683929e-02
-2.424695342779159546e-02
-2.424248307943344116e-02
-2.424886450171470642e-02
-2.423896640539169312e-02
-2.424454875290393829e-02
-2.424872852861881256e-02
-2.424503676593303680e-02
-2.424673177301883698e-02
-2.424922771751880646e-02
-2.424286678433418274e-02
-2.423993311822414398e-02
-2.424479462206363678e-02
-2.424407564103603363e-02
-2.424064092338085175e-02
-2.424249425530433655e-02
-2.424029074609279633e-02
-2.423877455294132233e-02
-2.424361370503902435e-02
-2.425554953515529633e-02
-2.424416132271289825e-02
-2.424906939268112183e-02
-2.425417862832546234e-02
-2.424196340143680573e-02
-2.424009516835212708e-02
-2.424748614430427551e-02
-2.424555644392967224e-02
-2.425017021596431732e-02
-2.424242161214351654e-02
-2.423906140029430389e-02
-2.424122765660285950e-02
-2.424676343798637390e-02
-2.425156161189079285e-02
-2.425361983478069305e-02
-2.424334548413753510e-02
-2.424501627683639526e-02
-2.424100600183010101e-02
-2.424159273505210876e-02
-2.424831502139568329e-02
-2.423302270472049713e-02
-2.424267120659351349e-02
-2.424943260848522186e-02
-2.424029074609279633e-02
-2.424361556768417358e-02
-2.424355037510395050e-02
-2.424594946205615997e-02
-2.424916811287403107e-02
-2.424999698996543884e-02
-2.423990704119205475e-02
-2.423819340765476227e-02
-2.423517964780330658e-02
-2.424729242920875549e-02
-2.424407936632633209e-02
-2.424443699419498444e-02
-2.425166219472885132e-02
-2.424406446516513824e-02
-2.424376085400581360e-02
-2.424371056258678436e-02
-2.424642629921436310e-02
-2.423943951725959778e-02
-2.423891052603721619e-02
-2.425435744225978851e-02
-2.424857206642627716e-02
-2.424085512757301331e-02
-2.424138970673084259e-02
-2.423556521534919739e-02
-2.424255572259426117e-02
-2.424870803952217102e-02
-2.423818223178386688e-02
-2.424590662121772766e-02
-2.424456737935543060e-02
-2.424488216638565063e-02
-2.424359507858753204e-02
-2.423890307545661926e-02
-2.424238994717597961e-02
-2.424057759344577789e-02
-2.424509078264236450e-02
-2.423778362572193146e-02
-2.423923090100288391e-02
-2.424607612192630768e-02
-2.424594387412071228e-02
-2.424696460366249084e-02
-2.423947304487228394e-02
-2.425141446292400360e-02
-2.424280717968940735e-02
-2.424110285937786102e-02
-2.424480766057968140e-02
-2.424263209104537964e-02
-2.424214035272598267e-02
-2.423943951725959778e-02
-2.424567192792892456e-02
-2.424369566142559052e-02
-2.423607558012008667e-02
-2.424784749746322632e-02
-2.425212599337100983e-02
-2.424212545156478882e-02
-2.425096184015274048e-02
-2.423866651952266693e-02
-2.425109222531318665e-02
-2.423696592450141907e-02
-2.424809522926807404e-02
-2.424888499081134796e-02
-2.425178140401840210e-02
-2.425239235162734985e-02
-2.425194717943668365e-02
-2.424406632781028748e-02
-2.424468845129013062e-02
-2.424802631139755249e-02
-2.424665912985801697e-02
-2.424488775432109833e-02
-2.425090223550796509e-02
-2.424805797636508942e-02
-2.423788420855998993e-02
-2.424182742834091187e-02
-2.424375340342521667e-02
-2.424591034650802612e-02
-2.424763515591621399e-02
-2.424742095172405243e-02
-2.424112893640995026e-02
-2.424849383533000946e-02
-2.425012364983558655e-02
-2.424109168350696564e-02
-2.424346283078193665e-02
-2.424482069909572601e-02
-2.425031736493110657e-02
-2.425149269402027130e-02
-2.424099855124950409e-02
-2.424238994717597961e-02
-2.424304932355880737e-02
-2.423933520913124084e-02
-2.423706091940402985e-02
-2.423586323857307434e-02
-2.424632385373115540e-02
-2.424015477299690247e-02
-2.424290403723716736e-02
-2.424556761980056763e-02
-2.424442209303379059e-02
-2.423994056880474091e-02
-2.423914149403572083e-02
-2.424337342381477356e-02
-2.424122020602226257e-02
-2.424507588148117065e-02
-2.424338646233081818e-02
-2.424585632979869843e-02
-2.423600666224956512e-02
-2.424622885882854462e-02
-2.425337582826614380e-02
-2.424015291035175323e-02
-2.423673123121261597e-02
-2.424128539860248566e-02
-2.424443885684013367e-02
-2.423683367669582367e-02
-2.424276992678642273e-02
-2.425088360905647278e-02
-2.423892356455326080e-02
-2.424789406359195709e-02
-2.424255572259426117e-02
-2.424479834735393524e-02
-2.424171753227710724e-02
