-3.171977500908561981e-02
-3.171823170192395597e-02
-3.171195200905286421e-02
-3.170237291639468186e-02
-3.170460295392735911e-02
-3.168581369745673143e-02
-3.167708637549147832e-02
-3.167582746171397623e-02
-3.165094107183934885e-02
-3.163796558239195117e-02
-3.163663112095176089e-02
-3.163119762511263505e-02
-3.163623976370127933e-02
-3.164084583529828965e-02
-3.163043694068811557e-02
-3.164598124137009416e-02
-3.163536808546952434e-02
-3.164894662519618374e-02
-3.166440211160070212e-02
-3.165937374888205119e-02
-3.166868778835906645e-02
-3.168174548342221619e-02
-3.168632624612394838e-02
-3.169999899749954830e-02
-3.169958399876730837e-02
-3.170066413645269282e-02
-3.170769604369075984e-02
-3.171448261587094669e-02
-3.171804621941544389e-02
-3.172139202855276535e-02
-3.172869243061365169e-02
-3.173043225277633744e-02
-3.173947444860953510e-02
-3.172962937638072051e-02
-3.173978267447882112e-02
-3.174199062169090479e-02
-3.174198597482129347e-02
-3.174658912634668179e-02
-3.174349094253044873e-02
-3.174378909514798119e-02
-3.175067902534646491e-02
-3.175534586577043877e-02
-3.177199502532056935e-02
-3.176546324319879516e-02
-3.178177505769504835e-02
-3.177420730562451751e-02
-3.178735183536829378e-02
-3.178402632951100870e-02
-3.179575743995181891e-02
-3.180406287098280077e-02
-3.179586770123939837e-02
-3.179682121732762407e-02
-3.181880099562304359e-02
-3.181083145171830634e-02
-3.180228864019275792e-02
-3.181301580304209120e-02
-3.181888523000103025e-02
-3.182398168627604412e-02
-3.182878123528400105e-02
-3.182393238043444705e-02
-3.182414290893013920e-02
-3.182062337404135965e-02
-3.182363539701699856e-02
-3.182644787328253733e-02
-3.183351672800189408e-02
-3.183161599777471068e-02
-3.184338266854769284e-02
-3.183637070957802406e-02
-3.183683446673869072e-02
-3.184396794560449134e-02
-3.183993907806339368e-02
-3.184502790956859203e-02
-3.183930454952120515e-02
-3.185157421719370802e-02
-3.183858009380075016e-02
-3.184642093446567179e-02
-3.184567440325146437e-02
-3.185422991389248032e-02
-3.185486987960226696e-02
-3.185607446079952859e-02
-3.185843423199101465e-02
-3.185468645660452514e-02
-3.186321298149307618e-02
-3.185792306970276072e-02
-3.186222262574454206e-02
-3.186347262956613913e-02
-3.186739438566644350e-02
-3.186586884918294477e-02
-3.187012910598435028e-02
-3.186693178611337690e-02
-3.187453915709759222e-02
-3.188188384412461024e-02
-3.187567844589882932e-02
-3.187230444635191784e-02
-3.187408920982396504e-02
-3.188375948108496810e-02
-3.188353174163160303e-02
-3.188186037520616273e-02
-3.188378885725572098e-02
-3.188537206312234279e-02
-3.188726128057596532e-02
-3.188580980423531830e-02
-3.188652429297115370e-02
-3.187897869919784771e-02
-3.188761698504875841e-02
-3.188685513687613410e-02
-3.189330847288040366e-02
-3.189118847201903584e-02
-3.189131033934249765e-02
-3.189143997674975112e-02
-3.189114158964597573e-02
-3.189604165508838629e-02
-3.189405159834780845e-02
-3.189180790585761233e-02
-3.189346061974895896e-02
-3.189713175765623854e-02
-3.188827037241569878e-02
-3.189238699010103067e-02
-3.189019674023791523e-02
-3.189675892889234227e-02
-3.190161691725832555e-02
-3.189796493784390757e-02
-3.189805908699232945e-02
-3.189534387505985752e-02
-3.190047196476213098e-02
-3.190133948795007696e-02
-3.190237193703599622e-02
-3.190518700530346752e-02
-3.190266368501962213e-02
-3.190527227166626428e-02
-3.190890187504245856e-02
-3.190484315822480349e-02
-3.190686458160467420e-02
-3.190488584612281853e-02
-3.190360503057806246e-02
-3.190236359189948384e-02
-3.190522938413212911e-02
-3.190352426562086813e-02
-3.190368348473886229e-02
-3.190375411844922210e-02
-3.190833558038039253e-02
-3.190901963639130451e-02
-3.189857680095194159e-02
-3.190086352822717880e-02
-3.190763681494755005e-02
-3.190047406025395965e-02
-3.190821535350786553e-02
-3.190550151172940468e-02
-3.190675159757461882e-02
-3.191179328841645818e-02
-3.190731878527317683e-02
-3.190876730411653511e-02
-3.190603374485712768e-02
-3.190904479974510793e-02
-3.190592640961348314e-02
-3.191053856753551382e-02
-3.190723318692594707e-02
-3.190794229752563771e-02
-3.190466575673854555e-02
-3.191929071179199634e-02
-3.190852158168683977e-02
-3.190535669771438210e-02
-3.190381084631333658e-02
-3.190610037210893368e-02
-3.190549685802101382e-02
-3.191161910211466612e-02
-3.190664121521975122e-02
-3.191055185368862207e-02
-3.191165533915046176e-02
-3.191336354988739271e-02
-3.190504660531450626e-02
-3.191151173620029868e-02
-3.191051674145860273e-02
-3.191100259744821671e-02
-3.191389836136339364e-02
-3.191650665910420598e-02
-3.191194603307935529e-02
-3.191453877430840830e-02
-3.191230480171817346e-02
-3.191367667667231039e-02
-3.191420023512337584e-02
-3.191400387004182659e-02
-3.191373105173530428e-02
-3.191515087069018292e-02
-3.191407863399768619e-02
-3.191433422960585770e-02
-3.191347721606371118e-02
-3.191400975097931358e-02
-3.191737894925509439e-02
-3.191469220809103197e-02
-3.191278458782231126e-02
-3.191203112774241429e-02
-3.191579789896265701e-02
-3.191319420436101312e-02
-3.191217053126188530e-02
-3.191648183181543946e-02
-3.191347229363096505e-02
-3.191320707024120767e-02
-3.191605093749237676e-02
-3.191098384421252321e-02
-3.191557558507979175e-02
-3.191522071546912948e-02
-3.191944008509502162e-02
-3.191304340529154543e-02
-3.191358948400592477e-02
-3.191772836940952318e-02
-3.191465370960576420e-02
-3.191487027035376511e-02
-3.191779247941162190e-02
-3.191937285007647590e-02
-3.191270816673334038e-02
-3.191679450516308331e-02
-3.191576265144747959e-02
-3.191799785082048008e-02
-3.191116096424325560e-02
-3.191201940254508734e-02
-3.191717217436103315e-02
-3.191648800087758253e-02
-3.191738252283168181e-02
-3.191515373318031673e-02
-3.191475809027639193e-02
-3.191704661112297614e-02
-3.191523232875488614e-02
-3.191455057522911420e-02
-3.191690597079104713e-02
-3.191916117965824112e-02
-3.191532147784552353e-02
-3.191558337962667469e-02
-3.191895474973176217e-02
-3.191585389418374191e-02
-3.191524106794665222e-02
-3.191374435899151790e-02
-3.192036828163281881e-02
-3.191452111006345266e-02
-3.191471630793273062e-02
-3.191754174200450017e-02
-3.191763622479473761e-02
-3.192021349505055200e-02
-3.192282115282463195e-02
-3.191189176742859762e-02
-3.191275202983988313e-02
-3.191712203983216450e-02
-3.191648880486562534e-02
-3.191788796095961639e-02
-3.191660039902199930e-02
-3.191638274085782656e-02
-3.191579429385538874e-02
-3.191361686633885364e-02
-3.190996984785787749e-02
-3.191322209341112409e-02
-3.191631688764577646e-02
-3.191823489148224585e-02
-3.191892792600314888e-02
-3.191196601498459684e-02
-3.190955758583684243e-02
-3.191806004306477207e-02
-3.191496765053600942e-02
-3.191851391745058331e-02
-3.191634663240661141e-02
-3.191540999163319098e-02
-3.191909038185591907e-02
-3.191646125823483643e-02
-3.191745571699872858e-02
-3.191920131251190645e-02
-3.191960096172198613e-02
-3.192272472978684161e-02
-3.191846125681197660e-02
-3.191607524378897720e-02
-3.191806435866281072e-02
-3.191852881303659795e-02
-3.191689057122028272e-02
-3.192147213767555780e-02
-3.191954121951143253e-02
-3.191891979717114552e-02
-3.191690096795023884e-02
-3.192069396695732669e-02
-3.192240653917962495e-02
-3.191592843635815413e-02
-3.191866369639605877e-02
-3.191505490416333968e-02
-3.191909310132808042e-02
-3.192048701489218210e-02
-3.191435400161738573e-02
-3.191539612746080445e-02
-3.191748032533755358e-02
-3.191622677796569774e-02
-3.191636263155241127e-02
-3.191734396289987868e-02
-3.192114712521317010e-02
-3.192138517819290838e-02
-3.191921454493736737e-02
-3.191430929362837343e-02
-3.191716599941720606e-02
-3.192082168120454616e-02
-3.191831908836864629e-02
-3.191760799726502118e-02
-3.191760178646604884e-02
-3.192156260317440680e-02
-3.191881457328838573e-02
-3.191894110585273558e-02
-3.191625450357725435e-02
-3.191902649222824739e-02
-3.192127777515459119e-02
-3.192139073165152496e-02
-3.191809584129476351e-02
-3.192124905223621412e-02
-3.191645275150731959e-02
-3.192337913386219389e-02
-3.191746542553276778e-02
-3.192090967924186146e-02
-3.192040512203975222e-02
-3.192073170529177023e-02
-3.192468409651950945e-02
-3.191723253020879725e-02
-3.192122214004339958e-02
-3.192147166516060702e-02
-3.191648724176655849e-02
-3.191739909551354754e-02
-3.191549023331781421e-02
-3.192213362147848510e-02
-3.192386186448133156e-02
-3.192105122665721967e-02
-3.191742680373853280e-02
-3.192424627183256675e-02
-3.191733264159567207e-02
-3.192048593387929178e-02
-3.192278681564723886e-02
-3.191977572789406192e-02
-3.191668230535917722e-02
-3.192024424535988558e-02
-3.192186597450706598e-02
-3.192068897335339356e-02
-3.192092916513648154e-02
-3.192106882815450714e-02
-3.191905852807933736e-02
-3.191971831592101821e-02
-3.192012964934862890e-02
-3.192090852780561649e-02
-3.192162621743630663e-02
-3.192446503558161314e-02
-3.192147715558916327e-02
-3.192286464234702498e-02
-3.192075116372587729e-02
-3.192139104746112566e-02
-3.192088073842185014e-02
-3.191891733541685899e-02
-3.192121461773782948e-02
-3.192227145150495354e-02
-3.192371519509152461e-02
-3.192264721999898275e-02
-3.191955618279109647e-02
-3.192397642455872819e-02
-3.191716538173074158e-02
-3.191949792263543140e-02
-3.192191177670095775e-02
-3.189902880599349705e-02
-3.192198951225776182e-02
-3.192173022338908039e-02
-3.192271119877928415e-02
-3.192237623866811536e-02
-3.192160420218233957e-02
-3.192170337053763102e-02
-3.191867758130586402e-02
-3.192260167670833010e-02
-3.191885204003219734e-02
-3.191737661602008641e-02
-3.192444689173668665e-02
-3.192408451096705180e-02
-3.192045242022941570e-02
-3.191885081055211709e-02
-3.192349907848679447e-02
-3.192157735801205015e-02
-3.192361557236670505e-02
-3.192179399730465938e-02
-3.192124391581990100e-02
-3.191812165455894940e-02
-3.192050839371467913e-02
-3.192094819286787899e-02
-3.191922065100294414e-02
-3.192279884047066751e-02
-3.192002991733672995e-02
-3.192107975984335988e-02
-3.192462266862649417e-02
-3.192223720769751111e-02
-3.192193685567124017e-02
-3.192500240092387143e-02
-3.192240873569478915e-02
-3.192138749182188429e-02
-3.192032560807431946e-02
-3.191734482547672197e-02
-3.192385923665604086e-02
-3.192527253870945658e-02
-3.192464009310634621e-02
-3.192020010523417828e-02
-3.192311546082484547e-02
-3.192679733816185250e-02
-3.192228319710799928e-02
-3.192584569184313964e-02
-3.192471197176856290e-02
-3.191955431474208238e-02
-3.192390724301003013e-02
-3.192281817693591595e-02
-3.192136895768139110e-02
-3.192435692897459959e-02
-3.192412141746534676e-02
-3.192641469447091845e-02
-3.192688742141557012e-02
-3.192178191006279225e-02
-3.191846945170790512e-02
-3.191931976843157687e-02
-3.191634758302711733e-02
-3.191860114247817987e-02
-3.191854119841579934e-02
-3.192435309289427814e-02
-3.192173976747896685e-02
-3.192136075087036173e-02
-3.191851225670100378e-02
-3.192587410277498983e-02
-3.192246038779000122e-02
-3.192524104197148188e-02
-3.192263106321203969e-02
-3.192245296468169957e-02
-3.192344057794561929e-02
-3.192060879221512992e-02
-3.192307516923927058e-02
-3.192536678215357471e-02
-3.192163602272867634e-02
-3.192411588670370642e-02
-3.192084446194091291e-02
-3.192485665538208339e-02
-3.192457433962649777e-02
-3.192223424656259745e-02
-3.192666920154563909e-02
-3.191982292948619682e-02
-3.192742272999032210e-02
-3.192040635006513499e-02
-3.192358149235296344e-02
-3.192339329367984563e-02
-3.192184408247593363e-02
-3.192340377041270882e-02
-3.192220641485254279e-02
-3.191987904873503507e-02
-3.192351645121359327e-02
-3.192521417585639232e-02
-3.192720417720022047e-02
-3.192446551421391360e-02
-3.192287208220485895e-02
-3.192462385592266527e-02
-3.192173337425790319e-02
-3.192505440325667243e-02
-3.192362568370389619e-02
-3.192262538450568038e-02
-3.191987305963740751e-02
-3.192190210177835163e-02
-3.192366168000467658e-02
-3.192128726847578285e-02
-3.192153795167088776e-02
-3.192365221696796818e-02
-3.192394610100088292e-02
-3.192182442924584168e-02
-3.192385041651951000e-02
-3.192310174945219708e-02
-3.192313450351662307e-02
-3.192158450265125680e-02
-3.192412057462708230e-02
-3.192503654316242168e-02
-3.192661915828925306e-02
-3.192178905365756353e-02
-3.192447014210508804e-02
-3.192314152389634507e-02
-3.192469918511958715e-02
-3.192742668268559736e-02
-3.192515220171994461e-02
-3.192433829527237948e-02
-3.192378331904379557e-02
-3.192347685116003753e-02
-3.192402872451688411e-02
-3.192470074874875774e-02
-3.192791163686960199e-02
-3.192236498869164413e-02
-3.192923703135529256e-02
-3.192833686558047696e-02
-3.192361002363706957e-02
-3.192623329784268632e-02
-3.192017954094207577e-02
-3.192406843223310337e-02
-3.192537756180547498e-02
-3.192198278635201975e-02
-3.192421718178137940e-02
-3.192653978154524202e-02
-3.192617336387564703e-02
-3.192421346175298297e-02
-3.192278542336953601e-02
-3.192497094242774391e-02
-3.192621489246189048e-02
-3.192428518244343899e-02
-3.192612332209770337e-02
-3.192530563698239149e-02
-3.192649047206431306e-02
-3.192420525843513157e-02
-3.192649864822263289e-02
-3.192669812996250245e-02
-3.192906479819473953e-02
-3.192673645541630606e-02
-3.192686047516939130e-02
-3.192545034785996411e-02
-3.192184136235964170e-02
-3.192548179290602417e-02
-3.192520391542356256e-02
-3.192611650117866545e-02
-3.192381584686079105e-02
-3.192504605878938168e-02
-3.192514751897722325e-02
-3.192426498153189823e-02
-3.192246547715486826e-02
-3.192350913498089027e-02
-3.192076591780317746e-02
-3.192439036905517918e-02
-3.192167269665264345e-02
-3.192694164240051508e-02
-3.192456469887969966e-02
-3.192838264408499882e-02
-3.192786840112948193e-02
-3.192075255140731926e-02
-3.192347808124262193e-02
-3.192689167841557957e-02
-3.192643575409609413e-02
-3.192723944454974733e-02
-3.192478233382639585e-02
-3.192787516142200216e-02
-3.192620665000849012e-02
-3.192477746898319396e-02
-3.192607487616231504e-02
-3.192361958911277969e-02
-3.192521378052596420e-02
-3.192429039909109451e-02
-3.192615282926218601e-02
-3.192442299217070761e-02
-3.192670039738442628e-02
-3.192170352852511522e-02
-3.191987080358739404e-02
-3.192263684610199825e-02
-3.192069589216343234e-02
-3.191942837052796217e-02
-3.192311228231874826e-02
-3.192175265745083451e-02
-3.192189915998999011e-02
-3.192116582810193559e-02
-3.192367393185865238e-02
-3.192485674598920936e-02
-3.192282227635516445e-02
-3.192257359383470633e-02
-3.192617960184555848e-02
-3.192611213489691957e-02
-3.192580450092222938e-02
-3.192147579104125804e-02
-3.192358343717557889e-02
-3.192404797373215447e-02
-3.192073786555443826e-02
-3.192434746953794200e-02
-3.192780112865203218e-02
-3.192552625433191932e-02
-3.192709209284020494e-02
-3.192748787966392249e-02
-3.192566459294395032e-02
-3.192800572409647958e-02
-3.192268747465228096e-02
-3.192092554054531267e-02
-3.192502845940220491e-02
-3.192640325658725742e-02
-3.193020751421138392e-02
-3.192325829204401000e-02
-3.192425776993112335e-02
-3.192248940934746398e-02
-3.192555308367387573e-02
-3.192400779401937533e-02
-3.192404060779126945e-02
-3.192618985239651513e-02
-3.192590958053641292e-02
-3.192420071248472380e-02
-3.192472254413285249e-02
-3.192671350484523746e-02
-3.192669255053474930e-02
-3.192304641679972327e-02
-3.192395206046260564e-02
-3.192429305874207313e-02
-3.192872219923250515e-02
-3.192583477107854145e-02
-3.192283399228882518e-02
-3.192784302628550591e-02
-3.192482686731159397e-02
-3.192249577153882106e-02
-3.192641951276643797e-02
-3.192455526620321254e-02
-3.192588749557260380e-02
-3.192704424350760462e-02
-3.192739996813342279e-02
-3.192593665521985258e-02
-3.192441987232118999e-02
-3.193020525641943747e-02
-3.192309319137216772e-02
-3.192987201639093525e-02
-3.192230130987554204e-02
-3.192473155441609423e-02
-3.192851082749519759e-02
-3.192354944544249784e-02
-3.192357073059635258e-02
-3.192650008815425128e-02
-3.192961238670510848e-02
-3.192567595842986383e-02
-3.192812163102286965e-02
-3.192605871572300885e-02
-3.192493380199570158e-02
-3.192748329391543322e-02
-3.192665730426066245e-02
-3.192862149107127817e-02
-3.193098651574616947e-02
-3.192565648931867950e-02
-3.192307414892888578e-02
-3.192509128308475969e-02
-3.192349156741510624e-02
-3.192699925729270555e-02
-3.193007964049649622e-02
-3.192920311302901298e-02
-3.192955102666371336e-02
-3.192494870857174455e-02
-3.192417597952688230e-02
-3.192992302530918425e-02
-3.192541008151619092e-02
-3.192680019105269967e-02
-3.192517180365011392e-02
-3.192614827172834263e-02
-3.192423465830861867e-02
-3.192803670003215716e-02
-3.192452289716881525e-02
-3.192559454710254541e-02
-3.192804371482355769e-02
-3.192802655996365702e-02
-3.192988926081533757e-02
-3.192708851171895124e-02
-3.193054978369776892e-02
-3.193132350874718084e-02
-3.193149332850894057e-02
-3.192760182399882740e-02
-3.192877787845711107e-02
-3.192778765437749577e-02
-3.192762335532543100e-02
-3.192436946373639756e-02
-3.192675750952451291e-02
-3.192780680957143374e-02
-3.192529793444034980e-02
-3.192464235489938379e-02
-3.192384030382942189e-02
-3.192687752845647237e-02
-3.192491114028882943e-02
-3.192445720242094442e-02
-3.192078517619017369e-02
-3.192456093758059416e-02
-3.192470550210667335e-02
-3.192734037759761140e-02
-3.192870712314468257e-02
-3.192666359025169570e-02
-3.192072622664478276e-02
-3.192793325746468708e-02
-3.192487103051199621e-02
-3.192404215037519116e-02
-3.192960916773174979e-02
-3.192603061168557133e-02
-3.192762438515463208e-02
-3.192914564627132717e-02
-3.192828842934499617e-02
-3.192919343241369667e-02
-3.192545585146755460e-02
-3.193020349704873972e-02
-3.192696785149922584e-02
-3.192673638637095329e-02
-3.192423887924244336e-02
-3.192785163824370803e-02
-3.192375629858985181e-02
-3.192323443264498406e-02
-3.192543839742637696e-02
-3.192390872297985738e-02
-3.192408322684855276e-02
-3.192894114777659192e-02
-3.192560437243626564e-02
-3.192816703764216058e-02
-3.192660315632284834e-02
-3.192574997868190961e-02
-3.192627467041393718e-02
-3.192463712668086595e-02
-3.192901419709319455e-02
-3.192935972272827744e-02
-3.192402502946466852e-02
-3.192706675108628739e-02
-3.192889539239079227e-02
-3.192971492141800233e-02
-3.192771564554699321e-02
-3.192599066805902608e-02
-3.192940124581417766e-02
-3.192477631828023049e-02
-3.192771950395134617e-02
-3.192785348212777430e-02
-3.192322995376777744e-02
-3.192920053124659319e-02
-3.192316449372791659e-02
-3.193052279808105548e-02
-3.193072434157898792e-02
-3.192776025256694600e-02
-3.192586010277830011e-02
-3.192428623768785168e-02
-3.192630775147092814e-02
-3.192792638048085746e-02
-3.192750693914465226e-02
-3.192510841880528277e-02
-3.192986028318543085e-02
-3.192921946395611138e-02
-3.192706035278978366e-02
-3.192726000496380612e-02
-3.192743112448741261e-02
-3.192659402325908474e-02
-3.192362908448553166e-02
-3.192293059024890051e-02
-3.192429864318382937e-02
-3.192700687198109927e-02
-3.192398982619165659e-02
-3.192971983394383984e-02
-3.192323337008321632e-02
-3.192353069967290152e-02
-3.192710596593780620e-02
-3.193042651632178874e-02
-3.192778539132451465e-02
-3.192934952500470908e-02
-3.192668805420863926e-02
-3.192810267488488396e-02
-3.192899579619986467e-02
-3.192692845626517867e-02
-3.193093848171971172e-02
-3.192449742139599062e-02
-3.192970722073905365e-02
-3.192733024500789274e-02
-3.192840138449844906e-02
-3.192341045961703816e-02
-3.192644430297652408e-02
-3.192954023610873604e-02
-3.192627997119330124e-02
-3.193052828614808408e-02
-3.192912226504034806e-02
-3.192606381054963194e-02
-3.192593299624514602e-02
-3.192691220098794330e-02
-3.192600178994840776e-02
-3.192531782218465536e-02
-3.192392104377354822e-02
-3.192858462625049881e-02
-3.192737054947922953e-02
-3.192720224934379042e-02
-3.192645387156208686e-02
-3.192850230158205543e-02
-3.192822778086958080e-02
-3.192605875327211157e-02
-3.192705781986526770e-02
-3.192963124192254448e-02
-3.192870651075085942e-02
-3.192950326269609201e-02
-3.192973686307792880e-02
-3.192450460457461198e-02
-3.192664738298014310e-02
-3.192743749828763633e-02
-3.192668210183369215e-02
-3.192571122372343112e-02
-3.192798565942404909e-02
-3.192261980357229134e-02
-3.192833025196757657e-02
-3.192488393593304746e-02
-3.192971655190270097e-02
-3.192529198293166115e-02
-3.192603182089970987e-02
-3.192646374638041795e-02
-3.192603132448120634e-02
-3.193007837071137195e-02
-3.192655412951915517e-02
-3.193127073350913309e-02
-3.192456939403770511e-02
-3.192395714947097313e-02
-3.192436241590464879e-02
-3.192873416709888362e-02
-3.192929049976639400e-02
-3.192655262413759271e-02
-3.192652918539726908e-02
-3.192664455757342201e-02
-3.192344314773828268e-02
-3.192416976145330543e-02
-3.192458181383944771e-02
-3.192846968114036038e-02
-3.192430989323356838e-02
-3.193128458934833130e-02
-3.192830649068240795e-02
-3.192842531668165645e-02
-3.193083353018422860e-02
-3.192921222734524528e-02
-3.192658228546326610e-02
-3.192718830074402214e-02
-3.192713840568468797e-02
-3.192568176714456751e-02
-3.192633391980867485e-02
-3.192776243502804673e-02
-3.192992474266322100e-02
-3.192695665555150830e-02
-3.192623422016411389e-02
-3.192956587499777565e-02
-3.193090800861143885e-02
-3.192888185725146349e-02
-3.192999184406778573e-02
-3.193058005474651295e-02
-3.192731602250786088e-02
-3.192998704413425176e-02
-3.192508632870468682e-02
-3.192650379525041604e-02
-3.192631329793094858e-02
-3.192809610965353234e-02
-3.193080781354649955e-02
-3.192302287585314230e-02
-3.192605981647049507e-02
-3.192685438379779667e-02
-3.192804056264928608e-02
-3.192516687475889514e-02
-3.192891504775539208e-02
-3.192797669167259100e-02
-3.192211277723262797e-02
-3.192676555094355051e-02
-3.192153243570167859e-02
-3.192355721286829068e-02
-3.192609296941838204e-02
-3.192868645999705213e-02
-3.192414546211176651e-02
-3.193065041703679191e-02
-3.192191496340745366e-02
-3.192672678445468426e-02
-3.192779152548508997e-02
-3.192664964809668188e-02
-3.192253861306165036e-02
-3.192855569027021334e-02
-3.192637588782359231e-02
-3.192864396107552433e-02
-3.192549057594502165e-02
-3.192691168476858438e-02
-3.192747530255950900e-02
-3.192704043370428457e-02
-3.192833723964351444e-02
-3.192827047705467519e-02
-3.192604361883822489e-02
-3.192972637498325134e-02
-3.192698618405426930e-02
-3.192764562363163000e-02
-3.192738618632214725e-02
-3.192656635611305221e-02
-3.192775485679251457e-02
-3.193161118381130509e-02
-3.193203483211284888e-02
-3.192716475800189135e-02
-3.192416130121173562e-02
-3.192728689219452576e-02
-3.192781219862935588e-02
-3.192828236337576925e-02
-3.192900684352367041e-02
-3.192320415052789934e-02
-3.193071331485548836e-02
-3.192842585218575585e-02
-3.193118856343118289e-02
-3.193211279646710615e-02
-3.192934769504423426e-02
-3.193632170781437324e-02
-3.192922632501401375e-02
-3.192987275525217827e-02
-3.192775498112912502e-02
-3.192456814604616860e-02
-3.192721175420922680e-02
-3.192910154189527311e-02
-3.192530936683142528e-02
-3.192919392402907702e-02
-3.192703583898214709e-02
-3.192406829289697739e-02
-3.192509797965776414e-02
-3.192729205725523128e-02
-3.192660279865965761e-02
-3.192747562442473097e-02
-3.192525879745121420e-02
-3.192892979294256056e-02
-3.192822034226592415e-02
-3.193014731034414522e-02
-3.192801949121055333e-02
-3.192890086824469453e-02
-3.192984602447868775e-02
-3.192962264659919558e-02
-3.192946599343051556e-02
-3.192611567236095654e-02
-3.192523428421622372e-02
-3.192600101210875396e-02
-3.192927025503670968e-02
-3.192798700151385644e-02
-3.192626754807677963e-02
-3.192686969864030194e-02
-3.192476200018896232e-02
-3.192967043984173969e-02
-3.192938046403392266e-02
-3.193106782730890242e-02
-3.192943809950354178e-02
-3.192692530823374591e-02
-3.192941778475432563e-02
-3.193060287492940907e-02
-3.193168993478313900e-02
-3.192859267264978873e-02
-3.192874437682867439e-02
-3.192820203742377516e-02
-3.192741971729558259e-02
-3.192760911592726347e-02
-3.192692190207575831e-02
-3.192882744062413430e-02
-3.192669345721220464e-02
-3.192988368167122559e-02
-3.192702681165974360e-02
-3.192872517157320511e-02
-3.192791293482184073e-02
-3.193031808705232982e-02
-3.192608465503402743e-02
-3.193046649273938858e-02
-3.192458037169063761e-02
-3.193102478593107946e-02
-3.192953885232507893e-02
-3.193064556423483996e-02
-3.192903595369572800e-02
-3.192784451587869776e-02
-3.193094328268260285e-02
-3.192846553553006783e-02
-3.193074732770194435e-02
-3.192815105607363368e-02
-3.193297551221645214e-02
-3.192973453150566021e-02
-3.192760780517490266e-02
-3.192709214700380216e-02
-3.193001598543034059e-02
-3.193021389181625175e-02
-3.192913234915219917e-02
-3.192326451524386821e-02
-3.192857431811328695e-02
-3.192806321530233110e-02
-3.192889771777910474e-02
-3.192681201750861147e-02
-3.192524564046205632e-02
-3.192841746241073531e-02
-3.192524819947871462e-02
-3.192715361731914003e-02
-3.192559249676770600e-02
-3.192617696095607915e-02
-3.192726200301731349e-02
-3.192721283593454029e-02
-3.192730483758504656e-02
-3.192916198406044875e-02
-3.192757517150574681e-02
-3.192440259792844043e-02
-3.193037870590561406e-02
-3.192722760656883235e-02
-3.193126389943549970e-02
-3.192950216331775365e-02
-3.192799637314110150e-02
-3.192971869407257302e-02
-3.192601824017567841e-02
-3.192684579188263816e-02
-3.192921678669100732e-02
-3.192772631544238404e-02
-3.192892242900981226e-02
-3.192632806740525186e-02
-3.192918467988929004e-02
-3.192775023940806062e-02
-3.192923907468088462e-02
-3.192605952204210368e-02
-3.192681063933944935e-02
-3.192763992856089555e-02
-3.192638072296797441e-02
-3.192986923836403645e-02
-3.192674449720715041e-02
-3.192642550356925707e-02
-3.192462824211363820e-02
-3.193076275297835470e-02
-3.192749020696823009e-02
-3.192845988122936657e-02
-3.192863906121499312e-02
-3.192407581925051779e-02
-3.192913021728784745e-02
-3.192831285426681043e-02
-3.193020807478678252e-02
-3.192765612498628391e-02
-3.192663962407997491e-02
-3.192827673720556592e-02
-3.193424098191299798e-02
-3.192956183077172438e-02
-3.192827947555854085e-02
-3.193218975684205402e-02
-3.192886218367783219e-02
-3.193321027059323886e-02
