-7.614226458236436623e-02
-7.565481431446212379e-02
-7.657370322931812689e-02
-7.591702985638490442e-02
-7.608381754592290214e-02
-7.620411865023767051e-02
-7.666196468115792084e-02
-7.607957821065038095e-02
-7.684350079927766697e-02
-7.611604866413441972e-02
-7.660887192166543347e-02
-7.696875539764312657e-02
-7.755443414488928655e-02
-7.768979381145484087e-02
-7.844609767531697531e-02
-7.787546999555416960e-02
-7.855842080613140155e-02
-7.793112661822339249e-02
-7.829243486334998281e-02
-7.852070752972213630e-02
-7.813455720544044969e-02
-7.808225919566304241e-02
-7.815906940219950749e-02
-7.873456637841817762e-02
-7.832804372345268662e-02
-7.872627557711263380e-02
-7.839917800852982954e-02
-7.884896660314691386e-02
-7.868802402965527354e-02
-7.905125110414260026e-02
-7.877577635206856055e-02
-7.935842967292418282e-02
-7.893912722626816869e-02
-7.922042726802154544e-02
-7.918130940497594694e-02
-7.936601382357531820e-02
-7.936009976512674313e-02
-7.913703549637700341e-02
-7.946168490898777859e-02
-7.941480131872734327e-02
-7.933347335301041414e-02
-7.947020985469012422e-02
-7.935759439325318354e-02
-7.948203974212288137e-02
-7.956115201324201469e-02
-7.952157518600930231e-02
-7.964573853688719507e-02
-7.950867037082808009e-02
-7.968012876132316014e-02
-7.960034220250281067e-02
-7.968748565216490776e-02
-7.942316789402235899e-02
-7.951083880145416727e-02
-7.937586335962046324e-02
-7.989938469579656311e-02
-7.943923820490640664e-02
-7.961744719782529178e-02
-7.950453775048704763e-02
-7.951115509777897938e-02
-7.965979093977147707e-02
-7.981849467856116931e-02
-7.954368543329996821e-02
-7.948379724459951612e-02
-7.956913149541763874e-02
-7.962049653983720165e-02
-7.989309232702010433e-02
-7.960390763511103474e-02
-7.965214235600519277e-02
-7.975105734702452043e-02
-7.958176855392125326e-02
-7.976697206965134568e-02
-7.959153038957565707e-02
-7.958479910173589522e-02
-7.964049309651961839e-02
-7.953446038577276223e-02
-7.969927894301068183e-02
-7.980487197281149747e-02
-7.962589544401535435e-02
-7.948707169322551114e-02
-7.972548379541745389e-02
-7.973665664072171477e-02
-7.972854954854040332e-02
-7.956276136367389229e-02
-7.951677232885821789e-02
-7.966943352221995955e-02
-7.958467665179809469e-02
-7.968893471261405403e-02
-7.965260970621879100e-02
-7.960109522190948750e-02
-7.973977800408806049e-02
-7.967834205562228378e-02
-7.957443243163815627e-02
-7.975619910395480294e-02
-7.971000838936584398e-02
-7.976889597614253424e-02
-7.984900278348591729e-02
-7.968028994517098451e-02
-7.980247355386767272e-02
-7.962620981731094449e-02
-7.955376692994838017e-02
-7.963837055543122878e-02
-7.980928502105513744e-02
-7.971122679962013013e-02
-7.970008196276415213e-02
-7.982183996391169212e-02
-7.974371765816197499e-02
-7.982783883007819881e-02
-7.968800505308978877e-02
-7.966897363475659855e-02
-7.981260620116435722e-02
-7.967284440518151989e-02
-7.953406050073531797e-02
-7.962481376471261529e-02
-7.972341038180776052e-02
-7.955080131533036336e-02
-7.976857061309101937e-02
-7.977136178442746639e-02
-7.960340663981151088e-02
-7.975056681642457568e-02
-7.962794306565311453e-02
-7.978768367702038233e-02
-7.974618536084220055e-02
-7.962338142293100274e-02
-7.966631442055573109e-02
-7.962844244885403100e-02
-7.976026230709223896e-02
-7.959848753386278286e-02
-7.970280788311111253e-02
-7.961205966336683260e-02
-7.987275098297340337e-02
-7.978261309266183876e-02
-7.975349769023118429e-02
-7.981726502015863700e-02
-7.970897342893756843e-02
-7.970419723951829849e-02
-7.971798800230048276e-02
-7.976657816385526734e-02
-7.952845849070552808e-02
-7.980482530352504822e-02
-7.978748809311410339e-02
-7.982735857964214088e-02
-7.976682079444939732e-02
-7.975741736578163821e-02
-7.970801308321114054e-02
-7.981904048364997506e-02
-7.971207727271163723e-02
-7.973660468965271253e-02
-7.977520947530981898e-02
-7.970943243032146963e-02
-7.972934809696517744e-02
-7.982185921328745215e-02
-7.958235240198018035e-02
-7.963277537289606411e-02
-7.968364817360115704e-02
-7.980916276799469855e-02
-7.974600399608265666e-02
-7.968625899910312949e-02
-7.975354441100697411e-02
-7.964127425465859778e-02
-7.969693583035224183e-02
-7.976801224299016890e-02
-7.966637487830151299e-02
-7.979448845177983252e-02
-7.972769686928786459e-02
-7.981363767095103756e-02
-7.979384983426776601e-02
-7.965220694368954635e-02
-7.985197845579171394e-02
-7.974188803131403158e-02
-7.975556235658674831e-02
-7.975107135012857174e-02
-7.973891293107844558e-02
-7.976805585159708889e-02
-7.981926367510294718e-02
-7.968629199966982546e-02
-7.970930886531459036e-02
-7.965795228931901728e-02
-7.973364357032990124e-02
-7.982535068797977362e-02
-7.988779270648456443e-02
-7.975073199745798258e-02
-7.989672227461912246e-02
-7.975219551373570470e-02
-7.979664690250484749e-02
-7.959458063249824633e-02
-7.985940385957464305e-02
-7.963042071936152211e-02
-7.971155529351055258e-02
-7.969884299114733672e-02
-7.986210195870406536e-02
-7.966343863444759477e-02
-7.972975236963179835e-02
-7.977468123323581961e-02
-7.979559166348278165e-02
-7.978896389675974032e-02
-7.980418844793901734e-02
-7.987256066478909400e-02
-7.965554708332435452e-02
-7.967044130904489541e-02
-7.979092112834489103e-02
-7.970017412634496090e-02
-7.980710476425378896e-02
-7.965552972036772650e-02
-7.977061791966773285e-02
-7.984237571644291209e-02
-7.974177542405240515e-02
-7.972345242341292992e-02
-7.963038036653269369e-02
-7.984164484658319572e-02
-7.980093233276774889e-02
-7.973173960166687890e-02
-7.966652251653519312e-02
-7.976026603752905952e-02
-7.983907380351489003e-02
-7.971952983974221751e-02
-7.977958956015722414e-02
-7.971612435350403092e-02
-7.984859817796645387e-02
-7.981305056711018864e-02
-7.974272369711997432e-02
-7.968091360154387626e-02
-7.958427359613561014e-02
-7.975963897365533073e-02
-7.978703051898594634e-02
-7.980464003585867327e-02
-7.986690620979342015e-02
-7.974743862142423534e-02
-7.980515894668371857e-02
-7.970898977729587442e-02
-7.974315473085316630e-02
-7.973259275312154226e-02
-7.973636551595432442e-02
-7.971037239377905259e-02
-7.965895741316304790e-02
-7.978730426623507899e-02
-7.983951925724112886e-02
-7.965706437412568841e-02
-7.976231407345017732e-02
-7.981396931095555147e-02
-7.964192060022244612e-02
-7.977735825685702831e-02
-7.981184215996842135e-02
-7.976512561036488980e-02
-7.971860661914913215e-02
-7.966124736433900788e-02
-7.974547357235640954e-02
-7.969547481918813625e-02
-7.977952830580969934e-02
-7.985159767450118740e-02
-7.962122819270651963e-02
-7.987129167254400364e-02
-7.972811178720647096e-02
-7.980043427492312935e-02
-7.982626879089767258e-02
-7.981816757279351637e-02
-7.981611134947784458e-02
-7.984295301520061283e-02
-7.970576248798977304e-02
-7.983581262256371491e-02
-7.976435987444517595e-02
-7.975912849307047192e-02
-7.971235915453711574e-02
-7.973727380623710226e-02
-7.981671473884913159e-02
-7.974068815733527382e-02
-7.966705875691378058e-02
-7.967527328016700550e-02
-7.970747051174627285e-02
-7.961935783405736655e-02
-7.969682348823727003e-02
-7.984000432634595634e-02
-7.960784336752342594e-02
-7.972513935165058407e-02
-7.984452042839403074e-02
-7.976880504051983567e-02
-7.975928398690367016e-02
-7.973030567198671759e-02
-7.985832348763234612e-02
-7.978296345355632979e-02
-7.986460297897775285e-02
-7.981271619346830271e-02
-7.970714647278150100e-02
-7.979731150338312262e-02
-7.961494246507015704e-02
-7.974446945589505620e-02
-7.975764684865802034e-02
-7.975057070311113161e-02
-7.959145943532332235e-02
-7.973142994084916890e-02
-7.973352616168012663e-02
-7.969263517415024756e-02
-7.977553413022453466e-02
-7.969527186611539971e-02
-7.969604343100919475e-02
-7.977723337386885549e-02
-7.974114335151062660e-02
-7.975787727124018789e-02
-7.971647977250292949e-02
-7.961325419663405067e-02
-7.975283908504891828e-02
-7.955759947971542678e-02
-7.971125713090024267e-02
-7.974255155451974442e-02
-7.983642596437889871e-02
-7.987598379470248200e-02
-7.975233395823493054e-02
-7.975464028488052359e-02
-7.977505451383225255e-02
-7.975991540289276149e-02
-7.962107541902795071e-02
-7.976436216619454955e-02
-7.980177519305516054e-02
-7.975123432225683651e-02
-7.974449474621558842e-02
-7.967216797607634682e-02
-7.968673188763000792e-02
-7.973957530142707084e-02
-7.971100577853827696e-02
-7.980549849551743513e-02
-7.992443917832817157e-02
-7.982897290675229629e-02
-7.988138450985290961e-02
-7.977824103729726224e-02
-7.956997038298441183e-02
-7.982749697907856601e-02
-7.996257078328065926e-02
-7.965824697964915546e-02
-7.974673516615937707e-02
-7.965060390339784302e-02
-7.957823133192161447e-02
-7.968380169629107890e-02
-7.973847793845841025e-02
-7.982805043506688292e-02
-7.969353124815843625e-02
-7.979453615358385321e-02
-7.972083938549610893e-02
-7.984091770424874002e-02
-7.968675801634030054e-02
-7.964824952884630438e-02
-7.976660120997437764e-02
-7.966480129995981430e-02
-7.975451704816739762e-02
-7.982360224362385070e-02
-7.987334569870216394e-02
-7.978755339634460708e-02
-7.969930515228819401e-02
-7.968439575427940791e-02
-7.972218395135476088e-02
-7.983675374413976011e-02
-7.975403909462285001e-02
-7.984833134726142256e-02
-7.969771786584203821e-02
-7.971187796956000216e-02
-7.963405222078354107e-02
-7.997872862573758568e-02
-7.968895951845700321e-02
-7.976230143638325665e-02
-7.970756452103591738e-02
-7.967814948607150616e-02
-7.972170731297666124e-02
-7.980045184674769421e-02
-7.976390236519523280e-02
-7.975220446588113243e-02
-7.970469662901051577e-02
-7.964612145716795655e-02
-7.966587512002261395e-02
-7.978468665119313463e-02
-7.971786960151239221e-02
-7.973151302971667742e-02
-7.979469196836951050e-02
-7.963586140882576714e-02
-7.980725082670289683e-02
-7.983028860236804358e-02
-7.966351960891038253e-02
-7.979873699477704752e-02
-7.977927685790839329e-02
-7.973135679513632113e-02
-7.971571887226927555e-02
-7.972374801440498815e-02
-7.986766568052953985e-02
-7.986786837556787699e-02
-7.969739500794184583e-02
-7.983670276927730403e-02
-7.977263192128954128e-02
-7.963988089278913052e-02
-7.983924621065240090e-02
-7.976601855798126639e-02
-7.966204166501188177e-02
-7.983162257529005656e-02
-7.976091604765710164e-02
-7.986619289336982508e-02
-7.996679339673387621e-02
-7.984581525960124382e-02
-7.972575162246815783e-02
-7.977310226675286831e-02
-7.976754506686876967e-02
-7.986300648644584221e-02
-7.971260478741785949e-02
-7.977312550899576249e-02
-7.970909992352710749e-02
-7.965871297323356970e-02
-7.979451531239867279e-02
-7.977528572572840926e-02
-7.997003877359391832e-02
-7.987617323039979123e-02
-7.992983444663995241e-02
-7.983932701800368348e-02
-7.982496946849457209e-02
-7.981797053683981069e-02
-7.965203213516994230e-02
-7.979223535201049322e-02
-7.990200117585925799e-02
-7.976607598449299286e-02
-7.981176952842632122e-02
-7.988229827131232419e-02
-7.975568134151100885e-02
-7.984546015995773460e-02
-7.972338540848859789e-02
-7.975522708382487558e-02
-7.981502533455084314e-02
-7.979877927526099479e-02
-7.964069326493675161e-02
-7.965207526750317513e-02
-7.979420881846856217e-02
-7.979591551446039988e-02
-7.960284078080315240e-02
-7.974419008654438923e-02
-7.972784609927449639e-02
-7.961484312708770605e-02
-7.981764773562652349e-02
-7.980084839329848467e-02
-7.987327298607384274e-02
-7.971470165546544473e-02
-7.976471396375926781e-02
-7.977928112831764174e-02
-7.977487101087533949e-02
-7.976463804807573665e-02
-7.975853687586072216e-02
-7.978612916189826987e-02
-7.982146557142032195e-02
-7.979935759577062859e-02
-7.979802727938745122e-02
-7.985540875208431422e-02
-7.976769374568339066e-02
-7.977360674508074401e-02
-7.977644477952929025e-02
-7.978750495783357155e-02
-7.981180275720621553e-02
-7.986473751743962401e-02
-7.979392367016512055e-02
-7.974305717085924949e-02
-7.979599146247870478e-02
-7.985460686786560736e-02
-7.976578132039953417e-02
-7.976443889508456897e-02
-7.983959180539772216e-02
-7.993541423029990045e-02
-7.981263399453568386e-02
-7.982178522884761374e-02
-7.974906259592283442e-02
-7.987825459692518559e-02
-7.962510488164653566e-02
-7.964351922450529919e-02
-7.978972508438690603e-02
-7.961011957600254429e-02
-7.972940822681282014e-02
-7.983178652722840163e-02
-7.977234270981101161e-02
-7.982917009459365720e-02
-7.978305539824064041e-02
-7.975264731854271594e-02
-7.975300621921481425e-02
-7.980784529429439667e-02
-7.990192379842522841e-02
-7.985941533123756819e-02
-7.983846320605102187e-02
-7.970576792605608973e-02
-7.973016350228588622e-02
-7.980365647470590018e-02
-7.971769942495636474e-02
-7.979903565227133844e-02
-7.986040967875394914e-02
-7.975582410147012691e-02
-7.965195689155149528e-02
-7.985910289265614470e-02
-7.978126068957795691e-02
-7.969855151624115341e-02
-7.984912198647009518e-02
-7.972738485534816566e-02
-7.967521832693703898e-02
-7.979888466578229089e-02
-7.982821694704846094e-02
-7.983053744987841926e-02
-7.980560590711596736e-02
-7.982141572025998333e-02
-7.962615789341744021e-02
-7.976265269018648074e-02
-7.970229622132171676e-02
-7.988794741477174555e-02
-7.986389274545062367e-02
-7.968826384644964178e-02
-7.962403368416283433e-02
-7.970668545645498426e-02
-7.971355414367131687e-02
-7.979823900805135817e-02
-7.969859760158072570e-02
-7.976995415649776322e-02
-7.969654400095141367e-02
-7.958758877057225956e-02
-7.984912295872170773e-02
-7.985837188942715437e-02
-7.977909464776611337e-02
-7.973736377379837814e-02
-7.984210489779232367e-02
-7.979759859331798932e-02
-7.973616726063029181e-02
-7.980256540590423275e-02
-7.974828236664600889e-02
-7.967595213297931633e-02
-7.967288329212343645e-02
-7.985153515956297521e-02
-7.974804336786453507e-02
-7.973448719355527570e-02
-7.975398261085819840e-02
-7.984984311140615187e-02
-7.971075841023544939e-02
-7.985486208428882460e-02
-7.972781324400665670e-02
-7.981959355196988071e-02
-7.973487999052993047e-02
-7.984543055589998772e-02
-7.965850068710786380e-02
-7.969513096014531339e-02
-7.982692098100523104e-02
-7.982032529259176779e-02
-7.981349473203480649e-02
-7.966159160756114410e-02
-7.972127396478183303e-02
-7.972347892769275635e-02
-7.976651875996687568e-02
-7.980713866851432692e-02
-7.966711576190643740e-02
-7.975659501706731935e-02
-7.971763948827252644e-02
-7.984007629838006659e-02
-7.980532134545333112e-02
-7.977265458351234795e-02
-7.974119775928370513e-02
-7.979329468044091267e-02
-7.969748254452672931e-02
-7.985552026348738397e-02
-7.979252421532237460e-02
-7.980120836257517669e-02
-7.995894755748665650e-02
-7.977932756850217300e-02
-7.974114021207165393e-02
-7.979858180428515968e-02
-7.969181940466062153e-02
-7.971664592117647108e-02
-7.982280828336772716e-02
-7.958294485645082961e-02
-7.981789457872522087e-02
-7.977251539562076055e-02
-7.976091324381297254e-02
-7.983309875837729663e-02
-7.969426464287053535e-02
-7.970583114939532032e-02
-7.981331857950710318e-02
-7.977819030385022159e-02
-7.985758991361678605e-02
-7.973205532132469908e-02
-7.978387169547600244e-02
-7.974778008229464754e-02
-7.972321222940559338e-02
-7.973155079723182048e-02
-7.973170313116004215e-02
-7.978366778712933649e-02
-7.983202470770489612e-02
-7.970909798604453034e-02
-7.973258457060090898e-02
-7.972307132036592081e-02
-7.980397470542037464e-02
-7.995500826659614202e-02
-7.979277181288070564e-02
-7.991670108141099571e-02
-7.961719546493208066e-02
-7.979546726182371041e-02
-7.978504866488260461e-02
-7.969866114344037467e-02
-7.979750213333407227e-02
-7.974989472567221849e-02
-7.982756427285107870e-02
-7.979590134727503059e-02
-7.979214399342571262e-02
-7.971172531526608818e-02
-7.969596616248091070e-02
-7.980517540105953878e-02
-7.965583672038427376e-02
-7.979321967278936445e-02
-7.976936195231099092e-02
-7.981927422645429537e-02
-7.973840559240145953e-02
-7.977815512723233915e-02
-7.973562326838790071e-02
-7.975493703281458235e-02
-7.972988121830237862e-02
-7.961465364714612192e-02
-7.969088056688682087e-02
-7.982755209682827757e-02
-7.974970670853796795e-02
-7.974736268240689707e-02
-7.976849285783030319e-02
-7.985478644397206449e-02
-7.978409691035627527e-02
-7.971797710853778529e-02
-7.969454289266482416e-02
-7.990207362419786408e-02
-7.968661496798741528e-02
-7.981827065535730681e-02
-7.976751500167456044e-02
-7.974104006554373625e-02
-7.968866941557888051e-02
-7.959178266720613737e-02
-7.960519752913290670e-02
-7.962988995317328567e-02
-7.985777383443061483e-02
-7.980178294853154664e-02
-7.972103366556868020e-02
-7.968678512546181758e-02
-7.973645344720491079e-02
-7.973869420937275410e-02
-7.979366783699627652e-02
-7.987554267525889817e-02
-7.983837884776680272e-02
-7.969017799054425866e-02
-7.967805857411969228e-02
-7.983749524563168998e-02
-7.972650104997756892e-02
-7.965432164875385634e-02
-7.980081046980846970e-02
-7.969270116573519414e-02
-7.986724650422193095e-02
-7.992687034752388175e-02
-7.982681087489174043e-02
-7.981652909567223120e-02
-7.978046820100435921e-02
-7.993021917068830751e-02
-7.969149582293744150e-02
-7.977747502013550485e-02
-7.975935967271115257e-02
-7.985622861767135983e-02
-7.967872414095331091e-02
-7.972153192840451819e-02
-7.985050749780708834e-02
-7.973669454353797537e-02
-7.980392933948420031e-02
-7.982497320654126371e-02
-7.969201029020715754e-02
-7.979943981057581459e-02
-7.965255345408318866e-02
-7.979460630130229271e-02
-7.987391697933268753e-02
-7.976120697604005549e-02
-7.974678193143473759e-02
-7.978306841165291874e-02
-7.972632698013959462e-02
-7.977668102197668643e-02
-7.975025294799990838e-02
-7.972131371954525869e-02
-7.979026237702481483e-02
-7.982606138460443534e-02
-7.969445583807219236e-02
-7.990488607879829563e-02
-7.986965757418269807e-02
-7.974743367928738280e-02
-7.974838634623851452e-02
-7.978087574699135875e-02
-7.981959034577842949e-02
-7.980649717070040228e-02
-7.974255460740278800e-02
-7.975148698423183136e-02
-7.975609353328434736e-02
-7.973773036786212243e-02
-7.980112508246416103e-02
-7.971951697739076970e-02
-7.977044818542074200e-02
-7.991575106803759654e-02
-7.981330408732319193e-02
-7.975885737033970579e-02
-7.978972078424798053e-02
-7.967384670899387011e-02
-7.983970594452191594e-02
-7.989811174395486382e-02
-7.968276590669351456e-02
-7.982735571197231705e-02
-7.987320147049779828e-02
-7.985663978713415656e-02
-7.991052291452434286e-02
-7.976928198946477144e-02
-7.964874993777848466e-02
-7.978998192219587116e-02
-7.970829265979381684e-02
-7.990063304781583331e-02
-7.984249500401897903e-02
-7.987193798307824777e-02
-7.983789154420099787e-02
-7.983356843640369849e-02
-7.979911124614195994e-02
-7.975653810514707343e-02
-7.993566768741909578e-02
-7.973326795793707344e-02
-7.984705527743476972e-02
-7.981475777581849285e-02
-7.980624026940749682e-02
-7.984115884044183653e-02
-7.981249663239316228e-02
-7.977616699341170958e-02
-7.987496065806212742e-02
-7.972921030998361691e-02
-7.983858634757723394e-02
-7.963154473426900526e-02
-7.976141487899261751e-02
-7.969748601124274079e-02
-7.990066821751448667e-02
-7.968167308980766972e-02
-7.972759087531934574e-02
-7.982399538307378972e-02
-7.979114999313881296e-02
-7.981112280269873904e-02
-7.989118596853926613e-02
-7.973632104162513279e-02
-7.971089440330790532e-02
-7.978741560532824628e-02
-7.969958278378154459e-02
-7.980343049496194108e-02
-7.989799038751552174e-02
-7.975702287515350208e-02
-7.982450153107888136e-02
-7.989421311741731757e-02
-7.978367814136468061e-02
-7.970687036612944532e-02
-7.975879947335304254e-02
-7.973620014351030794e-02
-7.980226054955977255e-02
-7.973661874290627338e-02
-7.976684348213047837e-02
-7.977890735833030600e-02
-7.966621605128712535e-02
-7.984992231780475846e-02
-7.989577719844342951e-02
-7.976049811493633734e-02
-7.978069858902113454e-02
-7.975906712796422549e-02
-7.961849553103560184e-02
-7.973678089449465212e-02
-7.981257014280981887e-02
-7.966986729032100867e-02
-7.977386840678730995e-02
-7.975389728197417039e-02
-7.964381293564135045e-02
-7.966036274368928916e-02
-8.001340306888912735e-02
-7.974620008237766344e-02
-7.987109161544257707e-02
-7.975311776605309433e-02
-7.969235410882699600e-02
-7.980048296002506536e-02
-7.991360365986700798e-02
-7.970931244395344784e-02
-7.962449868337674597e-02
-7.968147949215853565e-02
-7.976720151961790017e-02
-7.990395215918681682e-02
-7.984223688026181875e-02
-7.968372400640652553e-02
-7.978610327002289004e-02
-7.985774171643485186e-02
-7.966402738459366084e-02
-7.973223695303084668e-02
-7.981314016459294114e-02
-7.976934690651191207e-02
-7.976480586410614193e-02
-7.981976282632517739e-02
-7.966580472362864984e-02
-7.967314053346817582e-02
-7.987925463988956865e-02
-7.985987009215435306e-02
-7.980704364130378203e-02
-7.980336155294491529e-02
-7.982805713334108211e-02
-7.970081343930277007e-02
-7.975770121605896268e-02
-7.985781850740694687e-02
-7.986118978955161762e-02
-7.983397181416022892e-02
-7.981568664871496743e-02
-7.975915922817214398e-02
-7.974978354233576427e-02
-7.969391731796109102e-02
-7.977771216018550438e-02
-7.987365184460179512e-02
-7.956673075188290534e-02
-7.976460860082035254e-02
-7.976509612412265027e-02
-7.978062723772613718e-02
-7.981134157198334356e-02
-7.975085385028612972e-02
-7.985838192062101604e-02
-7.983414646836003992e-02
-7.987587182929188623e-02
-7.978770043004788926e-02
-7.969690304805246428e-02
-7.972803247540365124e-02
-7.971003142371950456e-02
-7.972838885842863099e-02
-7.982574447517983007e-02
-7.981985722154262552e-02
-7.981608119626729114e-02
-7.980958266543926316e-02
-7.981605951842515867e-02
-7.971608602999349924e-02
-7.980367030457921618e-02
-7.974638245579199203e-02
-7.974776824943854980e-02
-7.988566255063436761e-02
-7.982271895107422022e-02
-7.968666149815402389e-02
-7.970968923687508922e-02
-7.978105836069415702e-02
-7.980304294145026955e-02
-7.982403407240043491e-02
-7.976424017814855161e-02
-7.980196184860209596e-02
-7.972393725970490508e-02
-7.978026558310503946e-02
-7.976039520712881192e-02
-7.977311485825924753e-02
-7.980574047312842534e-02
-7.966105840861990861e-02
-7.976597064761213607e-02
-7.985399995349232172e-02
-7.970612368584842344e-02
-7.973999409911709801e-02
-7.975942231341204280e-02
-7.975254030624802370e-02
-7.981168275530335643e-02
-7.972554424476818724e-02
-7.984231250182703687e-02
-7.981036056113742505e-02
-7.981373543449180041e-02
-7.969573769417434561e-02
-7.981623555363570599e-02
-7.976999857495241375e-02
-7.971863065728186648e-02
-7.966682706145553072e-02
-7.988460422853345400e-02
-7.987217984602916487e-02
-7.983370165188752310e-02
-7.972235892495026233e-02
-7.995546485504620438e-02
-7.966085706211302464e-02
-7.982357313077623195e-02
-7.973493853106448925e-02
-7.962495784522484465e-02
-7.975203976878149359e-02
-7.982785904720157699e-02
-7.976318023723043271e-02
-7.984944299011853541e-02
-7.986633590894579027e-02
-7.980601927963525133e-02
-7.984819476257709603e-02
-7.980142045626245628e-02
-7.976989766101134915e-02
-7.988764725799893385e-02
-7.962868917937541979e-02
-7.970349103553039938e-02
-7.964576797902360450e-02
-7.984160066612454310e-02
-7.984781952227429369e-02
-7.976769541599601498e-02
-7.965855791409144626e-02
-7.985162614846366691e-02
-7.980186848270956479e-02
-7.966275951210853579e-02
-7.978311629214421274e-02
-7.979403326095813043e-02
-7.992544153552959274e-02
-7.970380763485088171e-02
-7.970946097490226590e-02
-7.975076551870263764e-02
-7.975315759736932575e-02
-7.977534618350298756e-02
-7.987351466472894512e-02
-7.976188386494773019e-02
-7.972198231821338299e-02
-7.972528006395464273e-02
-7.992211317748607047e-02
-7.979530705801214652e-02
-7.976623075254389572e-02
-7.973843543905569098e-02
-7.979830731249563935e-02
-7.978875314888871084e-02
-7.975782427283292786e-02
-7.978127047138726391e-02
-7.979648631287210303e-02
-7.980103000825398973e-02
-7.968898904640808745e-02
-7.970172290976496043e-02
-7.984587541799730015e-02
-7.984413949303549585e-02
-7.968707929851562288e-02
-7.976575757217634066e-02
-7.970486726744807626e-02
-7.988323503157111760e-02
-7.980092462294294253e-02
-7.993232559692797778e-02
-7.970976670395379937e-02
-8.006211279636986367e-02
-7.988800059858998381e-02
-7.975877387124220841e-02
-7.981638663946420686e-02
-7.979232516751622040e-02
-7.984379286023886302e-02
-7.978667339453730800e-02
-7.978183202246337535e-02
-7.978296227841756572e-02
-7.973768602308994868e-02
-7.980723573140460769e-02
-7.982031073834115753e-02
-7.973451825996755171e-02
-7.978110750185272992e-02
-7.979626781558354920e-02
-7.979025218648051754e-02
-7.980839410279184920e-02
-7.975694094921705057e-02
-7.974436327334413765e-02
-7.965631032873596307e-02
-7.977795410497355577e-02
-7.976713758410303168e-02
-7.978423762059834445e-02
-7.973479599272836893e-02
-7.981793037464687823e-02
-7.981319665291779220e-02
-7.977169011097358375e-02
-7.959289827167218001e-02
-7.973039051062490168e-02
-7.973873761964821172e-02
-7.980303871582486441e-02
-7.975790180331153445e-02
-7.974126913262932770e-02
-7.979901091896836329e-02
-7.976071130875531101e-02
-7.974025712398262467e-02
-7.984433120755632385e-02
-7.964528375665068383e-02
-7.987664592655065177e-02
-7.965283140358740688e-02
-7.977993554177938151e-02
-7.991805108942524882e-02
-7.960967181987947672e-02
-7.983473950164958477e-02
-7.969101129857607269e-02
-7.964577164372978191e-02
-7.987313864044891243e-02
-7.980290662634258181e-02
-7.985274936291979209e-02
-7.986023718444064390e-02
-7.991179795719981216e-02
-7.973652872180622686e-02
-7.973348125915717677e-02
-7.975585965484410789e-02
-7.968438683578822623e-02
-7.978138670634546403e-02
-7.969778298888027801e-02
-7.970814051567931546e-02
-7.983793847084054429e-02
-7.976509354823554943e-02
-7.970071701477222936e-02
-7.964092949770273933e-02
-7.976914414005946419e-02
-7.977613897709942559e-02
-7.979049916222043237e-02
-7.985822724746217960e-02
-7.978894997110817788e-02
-7.974708196549164241e-02
-7.977939308821357933e-02
-7.980871039367573583e-02
-7.977265855950257945e-02
-7.985605395544859153e-02
-7.977132618253209018e-02
-7.973545584611041459e-02
-7.978681164952423910e-02
-7.981104157030828594e-02
-7.987153798670901250e-02
-7.971348102216697928e-02
-7.983764877810881067e-02
-7.985422865378669077e-02
-7.986303565594805864e-02
-7.979002199729302858e-02
-7.970521019251265715e-02
-7.966507809408511498e-02
-7.979444117412677617e-02
-7.964698958398998274e-02
-7.978148761152133173e-02
-7.975480561692098458e-02
-7.980393468578517169e-02
-7.973553366141157561e-02
-7.972815724723671116e-02
-7.960492637770111291e-02
-7.984764689373584357e-02
-7.966488733884324880e-02
-7.992811872707436538e-02
-7.972069741102945362e-02
-7.981763563551431961e-02
-7.991001424145485754e-02
-7.985953308116054694e-02
-7.964707931015957421e-02
-7.968026197581458414e-02
-7.987165410191095216e-02
-7.984474036791759655e-02
-7.970627444481782897e-02
-7.976470107752410554e-02
-7.984111852686846811e-02
-7.978536439577595119e-02
-7.969781543817833214e-02
-7.973642461111078716e-02
-7.982267686039527799e-02
-7.983500807322005399e-02
-7.969963786997406874e-02
-7.979320561974856396e-02
-7.975719418737141353e-02
-7.978495404985821993e-02
-7.983674225620027154e-02
-7.980235204785780800e-02
-7.972750011604594345e-02
-7.978764536986668321e-02
-7.973798064827986032e-02
-7.980318156409414720e-02
-7.974633641328647549e-02
-7.978932160960984510e-02
-7.978361720802817914e-02
-7.979083118891301674e-02
-7.979659888901140252e-02
-7.977953372727174253e-02
-7.990766058699423635e-02
-7.971145718789711399e-02
-7.974870299236454241e-02
-7.980195682942399504e-02
-7.986672737739389238e-02
-7.982937937954348584e-02
-7.978859138809871188e-02
-7.978057110779178396e-02
-7.977408484526955779e-02
-7.981619864086406113e-02
-7.988408771633651040e-02
-7.976885945550453438e-02
-7.987244561190974534e-02
-7.977892295630240049e-02
-7.976011394778106944e-02
-7.983372109164831032e-02
-7.979722618544086987e-02
-7.985455901723684247e-02
-7.974124090400636078e-02
-7.974272451969612041e-02
-7.977131462026265663e-02
-7.973405176095596514e-02
-7.973530605514536629e-02
-7.987371058386416589e-02
-7.974476880874899198e-02
-7.990440721532061918e-02
-7.983003525450341198e-02
-7.975089409754899938e-02
-7.980862483049223910e-02
-7.970770003477316290e-02
-7.972749230015244160e-02
-7.971708572965909012e-02
-7.973233461270094746e-02
-7.982162265982639671e-02
-7.981921602380322167e-02
-7.978605142591173316e-02
-7.987656055816817757e-02
-7.971241576620054226e-02
-7.976079534957440653e-02
-7.989402145067446559e-02
-7.987126900872386359e-02
-7.974577901245541445e-02
-7.972976287967534215e-02
-7.970618951589890366e-02
-7.977965361450491122e-02
-7.981251352964492674e-02
-7.986853104715108120e-02
-7.982518237390159865e-02
-7.985983826058054569e-02
-7.965305096415457864e-02
-7.967732109898026382e-02
-7.977513878006441128e-02
-7.971528367823541017e-02
-7.971743645617931917e-02
-7.980974508577225179e-02
-7.981207572340406897e-02
-7.982665624216118971e-02
-7.974459066306116561e-02
-7.975229532261203513e-02
-7.980424274790516581e-02
-7.984823322069593832e-02
-7.974659410340453891e-02
-7.995966975641144447e-02
-7.969416879981605639e-02
-7.977033673612855813e-02
-7.985197883378448991e-02
-7.980732650968759556e-02
-7.975210436127307123e-02
-7.974071623806351650e-02
-7.977376465981438070e-02
-7.964803137490397700e-02
-7.967833943783778072e-02
-7.981827862339681279e-02
-7.986482377597940718e-02
-7.963431018504006642e-02
-7.974166265998025582e-02
-7.988220930258453645e-02
-7.978860468460270694e-02
-7.977115603715352610e-02
-7.979902807841242340e-02
-7.985205715382963365e-02
-7.964806274701606570e-02
-7.969533121620239746e-02
-7.961876563014914920e-02
-7.979828396628041443e-02
-7.969645774673163319e-02
-7.977683089232960600e-02
-7.969539462672749208e-02
-7.973054180420449666e-02
-7.977105949251316053e-02
-7.981657889376826687e-02
-7.976507117870115793e-02
-7.956905927950953805e-02
-7.979276399374034268e-02
-7.987979642937628744e-02
-7.978440702692989051e-02
-7.976933136804260915e-02
-7.960705661544056899e-02
-7.975415212007562482e-02
-7.966918199142287993e-02
-7.978426557626196181e-02
-7.990997865874183148e-02
-7.973386794528250499e-02
-7.959050446267215695e-02
-7.973075322001772769e-02
-7.971053717642515024e-02
-7.972025340948780958e-02
-7.978396691742936642e-02
-7.983955738578307759e-02
-7.983676941813670769e-02
-7.974021585791192523e-02
-7.972907036563449401e-02
-7.973366879214613401e-02
-7.977267793264077034e-02
-7.975806094890679210e-02
-7.979916943998130452e-02
-7.976625345908915088e-02
-7.979945740092668494e-02
-7.968729210598746171e-02
-7.980015414943616991e-02
-7.977485989108992759e-02
-7.989181806051127988e-02
-7.982235022024844473e-02
-7.976761700453861847e-02
-7.985252782453788889e-02
-7.974452371521202620e-02
-7.973915340371072469e-02
-7.983090899220078585e-02
-7.960244117171651201e-02
-7.973202627273982823e-02
-7.968655049547192226e-02
-7.974603955872271166e-02
-7.969968612112023065e-02
-7.980450688256028602e-02
-7.977926851035913036e-02
-7.983426792464386190e-02
-7.982131702280684249e-02
-7.978791791183617588e-02
-7.977618065053644625e-02
-7.964712388428460410e-02
-7.971563056094535527e-02
-7.973715348314058815e-02
-7.971641752610804377e-02
-7.972234529240951328e-02
-7.966630555052119089e-02
-7.984085354117088917e-02
-7.977024062481945232e-02
-7.972882576478275418e-02
-7.983047272597698640e-02
-7.974660876195606429e-02
-7.984157364727617612e-02
-7.973351183034790846e-02
-7.969255635946843885e-02
-7.985002368519654448e-02
-7.978140596682177510e-02
-7.984410014074830308e-02
-7.981455837448456214e-02
-7.980052463454566369e-02
-7.975772681268297748e-02
-7.973120086456564337e-02
-7.961797786824775791e-02
-7.974243412894595207e-02
-7.984429436141907144e-02
-7.990812020814751226e-02
-7.966268021753844519e-02
-7.963330719828687343e-02
-7.968872632613119289e-02
-7.976473035080580698e-02
-7.977186662285686014e-02
-7.977092486009285111e-02
-7.974254204953337699e-02
-7.980750687055772341e-02
-7.967123612616770767e-02
-7.961362334113131212e-02
-7.967360552437884047e-02
-7.985432715085702404e-02
-7.971071680913235924e-02
-7.975678511048431285e-02
-7.974777033381240388e-02
-7.976656853987937335e-02
-7.973125949425619030e-02
-7.978584910870679947e-02
-7.981515157429382168e-02
-7.983317454889642117e-02
-7.962280993858773803e-02
-7.979367553838956351e-02
-7.965495822563783967e-02
-7.975876638384597761e-02
-7.972408293535056256e-02
-7.977041046784789924e-02
-7.978242651212755221e-02
-7.958481369480652212e-02
-7.976366180565470920e-02
-7.964253921039562978e-02
-7.980764677169117916e-02
-7.986288585459035139e-02
-7.987110884875958661e-02
-7.971878180468980335e-02
-7.971073422130038610e-02
-7.971920884893039794e-02
-7.989757831334116933e-02
-7.986604632038910023e-02
-7.975923779626281629e-02
-7.967911998234411541e-02
-7.972092524222840204e-02
-7.982029187232256295e-02
-7.976880284432426305e-02
-7.981540521686236733e-02
-7.977431070085196085e-02
-7.986327213294124039e-02
-7.988817294466041274e-02
-7.980911200312516829e-02
-7.967975043302136240e-02
-7.973513217910914441e-02
-7.973095841010226226e-02
-7.995624320465799517e-02
-7.969575990454447201e-02
-7.974041898794033412e-02
-7.975564366123773230e-02
-7.991150665812574161e-02
-7.978919584469121307e-02
-7.982751300836953001e-02
-7.970634128958963005e-02
-7.971984327444757434e-02
-7.968079128129845756e-02
-7.984228427735375055e-02
-7.966871130328234685e-02
-7.992325586218064493e-02
-7.964584485274993353e-02
-7.985662627376188816e-02
-7.978731891505723428e-02
-7.977499166761513327e-02
-8.017531389119628149e-02
-7.970604553673157899e-02
-7.981817916900739440e-02
-7.975978380688308889e-02
-7.973160384330545136e-02
-7.975432600262898075e-02
-7.972158166506500276e-02
-7.975906681509271900e-02
-7.979371538785186291e-02
-7.969032157424789375e-02
-7.985871210808713483e-02
-7.975842368216294609e-02
-7.981950324229604432e-02
-7.972887084616830933e-02
-7.972999252791804214e-02
-7.974699480006118557e-02
-7.983327942021530010e-02
-7.974945644878414508e-02
-7.977852344988296818e-02
-7.983310750826697055e-02
-7.971554848098320878e-02
-7.977277084134994090e-02
-7.979004835358838310e-02
-7.989827387090930877e-02
-7.986933361434223055e-02
-7.987500811229050757e-02
-7.979659483296937250e-02
-7.969022781620246909e-02
-7.982365239993147177e-02
-7.968968775637499946e-02
-7.978815171322142796e-02
-7.970465565580611700e-02
-7.971056277618550345e-02
-7.974202580214805047e-02
-7.973075921018035750e-02
-7.975427732009363058e-02
-7.978870767205506476e-02
-7.992099265236247974e-02
-7.980272727436810154e-02
-7.981597202357690324e-02
-7.979229309244091628e-02
-7.969663610953141297e-02
-7.978112847209793690e-02
-7.968646806903616209e-02
-7.972348977173651652e-02
-7.982683686173668025e-02
-7.979958642288531578e-02
-7.996528533997868116e-02
-7.980630040468968123e-02
-7.981147321512487014e-02
-7.980398275395510221e-02
-7.991085140888325167e-02
-7.977382032496475872e-02
-7.963665895218209612e-02
-7.981515014608972503e-02
-7.968387372935911706e-02
-7.971987256250424869e-02
-7.972278299922007372e-02
-7.970983035853530796e-02
-7.989274028003547079e-02
-7.979761389363962398e-02
-7.974077262971686342e-02
-7.975233911591739222e-02
-7.968912108787482018e-02
-7.980105780664628612e-02
-7.989253063140853983e-02
-7.972098495257942674e-02
-7.983409114471314016e-02
-7.968773174332313691e-02
-7.980814657842218163e-02
-7.972058459818961995e-02
-7.973074544142347286e-02
-7.978513082533818246e-02
-7.973480648405738280e-02
-7.978748534262251890e-02
-7.974436918339912472e-02
-7.978473014263223750e-02
-7.979713028465071356e-02
-7.973723173389023200e-02
-7.985420409090172866e-02
-7.977830051652690102e-02
-7.974410271003991302e-02
-7.977172735377038859e-02
-7.977235456501155508e-02
-7.984027835944407236e-02
-7.975064791532726627e-02
-7.978922695616906535e-02
-7.978607209792741572e-02
-7.979258229291683047e-02
-7.979020362046922166e-02
-7.978843913313059255e-02
-7.976029349279707692e-02
-7.967212619446216448e-02
-7.971450877360074239e-02
-7.971060053312782612e-02
-7.976517032754174008e-02
-7.975776016071753349e-02
-7.976794540773443631e-02
-7.982924200072076537e-02
-7.974806988748030234e-02
-7.969771226510258266e-02
-7.983230687431386308e-02
-7.989394313620656884e-02
-7.987207288463890609e-02
-7.978678533902382186e-02
-7.988332315073140566e-02
-7.972014341411884364e-02
-7.982307965188185916e-02
-7.982191787557467444e-02
-7.978805755786301523e-02
-7.964010912301658363e-02
-7.981210800364013647e-02
-7.987057982133900780e-02
-7.980564133639710123e-02
-7.981782611074313138e-02
-7.973805718587552438e-02
-7.980798746404131616e-02
-7.979734570285455797e-02
-7.971177488528954913e-02
-7.983941512268237506e-02
-7.986916055830108052e-02
-7.983371926548323005e-02
-7.987023916499604026e-02
-7.981106557284987912e-02
-7.978220678820806266e-02
-7.992627820917427850e-02
-7.965983528232743749e-02
-7.987315239673077605e-02
-7.986679674896227099e-02
-7.972370273186614453e-02
-7.980197158887644693e-02
-7.985940395077019416e-02
-7.994926399176256748e-02
-7.981767443508440418e-02
-7.962190136495232717e-02
-7.983182897836792191e-02
-7.979281904293353267e-02
-7.982884161872293161e-02
-7.986723297066133931e-02
-7.977337220619221125e-02
-7.975659645999143288e-02
-7.971818984360681815e-02
-7.978636541969982843e-02
-7.977231255666686338e-02
-7.971516628758078260e-02
-7.992966948614792233e-02
-7.966488948900372902e-02
-7.980044297982415158e-02
-7.983242966120729367e-02
-7.974768680074698080e-02
-7.974661070448164912e-02
-7.978419204453220115e-02
-7.964076830036657950e-02
-7.975109322262387279e-02
-7.977696187822404250e-02
-7.980602744383609448e-02
-7.985044648688420510e-02
-7.969097707188992075e-02
-7.981864116303406809e-02
-7.974432481223696356e-02
-7.992411473652898113e-02
-7.975094534231315369e-02
-7.992220734242969082e-02
-7.980003424893147845e-02
-7.990294310397649813e-02
-7.974696080771807860e-02
-7.985368876217238676e-02
-7.978879135708584480e-02
-7.969483732578142021e-02
-7.990919340566773887e-02
-7.979054005217919854e-02
-7.971568252469343752e-02
-7.970554148886699330e-02
-7.985360465490368154e-02
-7.983929251929043625e-02
-7.994305295434658842e-02
-7.972723421480511219e-02
-7.955569295910613903e-02
-7.983639857748989210e-02
-7.975700033755976637e-02
-7.985260875718869222e-02
-7.988210600186208821e-02
-7.981828887501925263e-02
-7.977104894811229419e-02
-7.973772264548048549e-02
-7.972577891576061726e-02
-7.984565838576963837e-02
-7.968961285930049876e-02
-7.985271065766998133e-02
-7.969848896936242155e-02
-7.985549666584550177e-02
-7.987577707777501757e-02
-7.983760071677539760e-02
-7.977026607175893846e-02
-7.980349692448286680e-02
-7.972426914086570837e-02
-7.970814960758718093e-02
-7.969002065471508800e-02
-7.970417012702064874e-02
-7.987938644844093383e-02
-7.977051136889259930e-02
-7.988862658430227748e-02
-7.988801004314745324e-02
-7.980923996487214456e-02
-7.976111073127836737e-02
-7.981796216360512175e-02
-7.975610182708570139e-02
-7.984340721359158011e-02
-7.992278131885699466e-02
-7.980302655918922183e-02
-7.979273716050329368e-02
-7.989127029056455886e-02
-7.990986750670943384e-02
-7.979573440327046574e-02
-7.983522124303092660e-02
-7.987633597857073109e-02
-7.984283488515178662e-02
-7.982291819010660372e-02
-7.981151503621851384e-02
-7.974825052049903940e-02
-7.970056514383380697e-02
-7.984054942382978748e-02
-7.980309449388747756e-02
-7.986613892912165780e-02
-7.980327594174031758e-02
-7.967678585914608758e-02
-7.977483933900339497e-02
-7.969592383835796823e-02
-7.972798248951272482e-02
-7.970966819895289324e-02
-7.977342821238005144e-02
-7.978920180499650405e-02
-7.963433628835356326e-02
-7.972680671615361980e-02
-7.981876732820433751e-02
-7.967285886404998352e-02
-7.986639159560650347e-02
-7.969580768350247035e-02
-7.985653612275332713e-02
-7.979460320508713345e-02
-7.976444783744694733e-02
-7.971934210742732951e-02
-7.976949959988242911e-02
-7.998925774592059723e-02
-7.976818336152376177e-02
-7.977586295989391729e-02
-7.975426919042412355e-02
-7.983847750552849898e-02
-7.973986925507230150e-02
-7.974254599587558834e-02
-7.972294418078872125e-02
-7.969049115679383011e-02
-7.983911209613768489e-02
-7.973757882902783589e-02
-7.987687615958935505e-02
-7.975163914955836486e-02
-7.979918591324475230e-02
-7.980768322975080598e-02
-7.977243407075894355e-02
-7.986933256673441062e-02
-7.988723300149778994e-02
-7.997905685728065595e-02
-7.970035877268796809e-02
-7.962212680756178274e-02
-7.986039569671546379e-02
-7.977803524059927376e-02
-7.987334564081748078e-02
-7.966085139352462041e-02
-7.969901721879135703e-02
-7.976631263649647252e-02
-7.986707872238985040e-02
-7.981313233498539550e-02
-7.972674016485155335e-02
-7.980076745883823985e-02
-7.988716499779188740e-02
-7.969681801664019183e-02
-7.973833317873671445e-02
-7.976920618196643720e-02
-7.981900112494215438e-02
-7.972719108150740086e-02
-7.976857502911972875e-02
-7.987095042860541116e-02
-7.981729879430375652e-02
-7.979210362081667895e-02
-7.982318404063515338e-02
-7.982275489217902087e-02
-7.978916827281747060e-02
-7.976368992211348152e-02
-7.971274385024947062e-02
-7.987588771053731607e-02
-7.980540374920755409e-02
-7.984121862084615773e-02
-7.971967848348888996e-02
-7.971700298289294273e-02
-7.966326299837026004e-02
-7.983377755328902037e-02
-7.982345183919815901e-02
-7.973323057060044405e-02
-7.976294853063004009e-02
-7.975632773339670634e-02
-7.978426192970175523e-02
-7.985105293692969231e-02
-7.977925222691885365e-02
-7.974998016834414227e-02
-7.985854338170825240e-02
-7.977171942232022528e-02
-7.981655311322231883e-02
-7.978867176223955471e-02
-7.992966429108101789e-02
-7.979440335285256647e-02
-7.985264650773553352e-02
-7.977730471510477428e-02
-7.977107835616717435e-02
-7.979032954519128806e-02
-7.979266792838508870e-02
-7.978523425896637267e-02
-7.981330966186882259e-02
-7.976322502162716543e-02
-7.967712421455819261e-02
-7.981356069563314004e-02
-7.993628816352373045e-02
-7.969748519042664514e-02
-7.973030355502631894e-02
-7.969296675850480460e-02
-7.970408091107038240e-02
-7.970389849803678761e-02
-7.981913485346546488e-02
-7.974157854653439459e-02
-7.981432709413940896e-02
-7.978088345200466669e-02
-7.978718938034404240e-02
-7.974481865348992393e-02
-7.982587208170022208e-02
-7.981286418299651797e-02
-7.976956405900471891e-02
-7.981046585800354032e-02
-7.979420468022220547e-02
-7.977873671695899505e-02
-7.994862442199332508e-02
-7.988276005495675847e-02
-7.982287685071796923e-02
-7.978485946268285001e-02
-7.975784356203974301e-02
-7.973325600373115662e-02
-7.971132976390049585e-02
-7.988055087482195948e-02
-7.980786711860866911e-02
-7.971181199596918954e-02
-7.972743043168820098e-02
-7.978070821606687846e-02
-7.985062203432094496e-02
-7.977513973863883945e-02
-7.980089918397167970e-02
-7.965719021189941740e-02
-7.964124735193800486e-02
-7.976730648608612584e-02
-7.978624698361835854e-02
-7.976559124721729899e-02
-7.980189193767395217e-02
-7.978651160012069365e-02
-7.985524658662226938e-02
-7.981944762838685814e-02
-7.982051805267438571e-02
-7.978805061215414607e-02
-7.987927143469174263e-02
-7.968829556007005210e-02
-7.977637714657344337e-02
-7.976929730571698240e-02
-7.983027406950111982e-02
-7.979450937760367013e-02
-7.971366252317592382e-02
-7.969450229171973210e-02
-7.975074724263243875e-02
-7.983854942547341516e-02
-7.980333510862323843e-02
-7.980305574438505134e-02
-7.959064979727363542e-02
-7.976886392136446624e-02
-7.973320872919498203e-02
-7.982774953787008521e-02
-7.980189505367410452e-02
-7.981982850462523982e-02
-7.984621336121681956e-02
-7.978829470017020919e-02
-7.987657409160855981e-02
-7.979266369832872796e-02
-7.976001096627435838e-02
-7.964743312481481485e-02
-7.983525539811267557e-02
-7.980232247428742376e-02
-7.979833678292891364e-02
-7.993189743867090691e-02
-7.978550883445501007e-02
-7.983277380846076632e-02
-7.976959528016405732e-02
-7.984913219453934619e-02
-7.971070944300216732e-02
-7.979413670121293656e-02
-7.977772995475886086e-02
-7.973353105152249098e-02
-7.965600698197876361e-02
-7.978096452380621650e-02
-7.987289446789300196e-02
-7.973450395982335792e-02
-7.982588857145422878e-02
-7.976371300722907842e-02
-7.979417041307608482e-02
-7.995304009930917499e-02
-7.976856246365826575e-02
-7.972895585267839036e-02
-7.980898074849154811e-02
-7.975707654443282835e-02
-7.985489059433628634e-02
-7.978893162993018484e-02
-7.978180558281741663e-02
-7.979468451924549843e-02
-7.978878067552457043e-02
-7.977370339001874089e-02
-7.964552865319503294e-02
-7.985204475364153509e-02
-7.971143088054992443e-02
-7.983005772310115822e-02
-7.972876387541259768e-02
-7.975802082773622570e-02
-7.978942458154865414e-02
-7.973088903949619721e-02
-7.972288733244001224e-02
-7.981368737996515084e-02
-7.980331311040947395e-02
-7.977483152359164664e-02
-7.979773775466376950e-02
-7.980261772692588684e-02
-7.981197110294172004e-02
-7.972998978571355089e-02
-7.972482353848321657e-02
-7.977901198758259593e-02
-7.983816234824490932e-02
-7.972429705569965275e-02
-7.975547971389630730e-02
-7.971225124360691028e-02
-7.989894059158790529e-02
-7.985358199397418755e-02
-7.972337026131355586e-02
-7.977489689849728838e-02
-7.982924826906601101e-02
-7.986971566923006804e-02
-7.978580909937235677e-02
-7.973520446487929181e-02
-7.984000549445055550e-02
-7.981822448519919344e-02
-7.980696650290482197e-02
-7.987825372769127852e-02
-7.985295998411912066e-02
-7.972935212871100352e-02
-7.973367141864570740e-02
-7.970798891022592980e-02
-7.980283082346957546e-02
-7.969440293748546178e-02
-7.988272328567948277e-02
-7.977467374689226065e-02
-7.974219623588239825e-02
-7.978324000334410804e-02
-7.976172635595257798e-02
-7.976314764049555195e-02
-7.972596560326812576e-02
-7.960877421174163138e-02
-7.981385937287351073e-02
-7.975437559534882814e-02
-7.971196403331053115e-02
-7.985961397714667898e-02
-7.984751660526621941e-02
-7.964361521032177482e-02
-7.978294921975492837e-02
-7.981650152984440250e-02
-7.981235599235254885e-02
-7.978827967361569462e-02
-7.975422873075529995e-02
-7.974490331689897127e-02
-7.983968501319659017e-02
-7.990675739033079039e-02
-7.964780056634904182e-02
-7.976438145390714329e-02
-7.987748132992786299e-02
-7.979671231026090605e-02
-7.972699930984293581e-02
-7.978841649066707731e-02
-7.990927854180550349e-02
-7.982165770213958678e-02
-7.987179641924453677e-02
-7.972901580451953463e-02
-7.978903199085414510e-02
-7.968360498284646209e-02
-7.980100844916658553e-02
-7.983438330642622649e-02
-7.987437065906480282e-02
-7.976268727978763629e-02
-7.970931218663325490e-02
-7.980366433110216984e-02
-7.982659757248754262e-02
-7.976667197314843416e-02
-7.972902425330773146e-02
-7.967524443190356076e-02
-7.973999210563993689e-02
-7.969481316773778523e-02
-7.988680502195018296e-02
-7.998138473009012983e-02
-7.988738253515534349e-02
-7.975158690850887855e-02
-7.982145246643120029e-02
-7.987318930314157850e-02
-7.984084293643041452e-02
-7.976614870567215465e-02
-7.967965342582070121e-02
-7.981115659690282693e-02
-7.980067429692096204e-02
-7.981070523542910244e-02
-7.977195036582326870e-02
-7.974826828362178988e-02
-7.980228163295177701e-02
-7.984493572375891968e-02
-7.984074321504001925e-02
-7.977350001140917635e-02
-7.983283818098674267e-02
-7.976726182847825031e-02
-7.989694033544511576e-02
-7.974907331409052114e-02
-7.977059058978730466e-02
-7.977375360540961413e-02
-7.978064532465367620e-02
-7.984103644807624689e-02
-7.984488433812420016e-02
-7.981460523368286153e-02
-7.980957804044272463e-02
-7.977842177351224251e-02
-7.978629166038363196e-02
-7.978641421813167933e-02
-7.977823471514415565e-02
-7.972236091104169253e-02
-7.974118977844786571e-02
-7.979752309504027641e-02
-7.977926141389928005e-02
-7.980406446071500182e-02
-7.983085399726376485e-02
-7.980587130467751977e-02
-7.984930541358160883e-02
-7.981196293210349180e-02
-7.978617986760505598e-02
-7.978470613907738540e-02
-7.986955836078368787e-02
-7.976777699134933453e-02
-7.983230080823851271e-02
-7.993672502943960367e-02
-7.975266853770650310e-02
-7.980563336324353330e-02
-7.976597889470500580e-02
-7.971788646496336117e-02
-7.970955901239992758e-02
-7.974750662153011482e-02
-7.983776476022073909e-02
-7.986890568435425775e-02
-7.994640296386516798e-02
-7.976837218299381860e-02
-7.981860183394327846e-02
-7.980537054175582123e-02
-7.985805045436467076e-02
-7.986562980240766163e-02
-7.993208689158463887e-02
-7.963630484354947137e-02
-7.973239709842573630e-02
-7.978534640547758905e-02
-7.976431757055284233e-02
-7.981239371775715463e-02
-7.976290939609145814e-02
-7.984399539814278357e-02
-7.975324926718958818e-02
-7.989708443232289292e-02
-7.976949660737500669e-02
-7.985924405162506123e-02
-7.975509388548769618e-02
-7.979479339207580513e-02
-7.968534437915573976e-02
-7.990668359621366790e-02
-7.967138386469319045e-02
-7.986034276810578814e-02
-7.981408957682223360e-02
-7.978545637906085675e-02
-7.977343373913736713e-02
-7.974215921879114488e-02
-7.984475233833918106e-02
-7.984749054301087945e-02
-7.976092180284734268e-02
-7.985899339444922640e-02
-7.990604609667041613e-02
-7.977505683547825299e-02
-7.983710121012466132e-02
-7.974774365645166674e-02
-7.984651543706641763e-02
-7.980216473008075462e-02
-7.980340996898470374e-02
-7.986203676114668470e-02
-7.983933892113810604e-02
-7.976425195836615856e-02
-7.977540475164089651e-02
-7.976290305855784912e-02
-7.985513345285844000e-02
-7.970038898628210855e-02
-7.982104643752666040e-02
-7.977188555875273923e-02
-7.980989090134925357e-02
-7.969664572445800399e-02
-7.976477810759088904e-02
-7.970115974434255346e-02
-7.971797152344269055e-02
-7.975044305362846697e-02
-7.981481343485787028e-02
-7.972600120673334345e-02
-7.973667338392577408e-02
-7.973768643817076562e-02
-7.983863446248662399e-02
-7.973353484630854582e-02
-7.969483714250133466e-02
-7.983256460616396100e-02
-7.982702710091979514e-02
-7.977313384530269891e-02
-7.975090596057544945e-02
-7.975152272220308036e-02
-7.976638883868801544e-02
-7.979059239786855107e-02
-7.956048531774666255e-02
-7.972923541312389173e-02
-7.985409167570063638e-02
-7.985246177636330656e-02
-7.979885733866938502e-02
-7.978387150523534588e-02
-7.980532360655548385e-02
-7.963209141980906458e-02
-7.990613722337121250e-02
-7.972629813294838941e-02
-7.987075672085323930e-02
-7.984442430978296035e-02
-7.986170920157843744e-02
-7.965834094667927079e-02
-7.980024441424268811e-02
-7.989805552886619644e-02
-7.969354735983984195e-02
-7.974864791570850098e-02
-7.976369933159295489e-02
-7.983820200038187209e-02
-7.984224842661687138e-02
-7.977604510632638202e-02
-7.972248725658540036e-02
-7.974002388742516823e-02
-7.978579232132118615e-02
-7.983979414927479257e-02
-7.982491844493229405e-02
-7.968616702177848399e-02
-7.984862179904608781e-02
-7.996377562644592374e-02
-7.984679368025986157e-02
-7.976314162519769491e-02
-7.981763345311544688e-02
-7.986524857349623641e-02
-7.975324953690783591e-02
-7.971781493766096072e-02
-7.975544362177880431e-02
-7.982250070375965234e-02
-7.974408174533434424e-02
-7.974037356987050129e-02
-7.970918619092837165e-02
-7.983963525654734494e-02
-7.979520332330124199e-02
-7.979176946486998823e-02
-7.980211929967240270e-02
-7.981362813868453365e-02
-7.984905051626170480e-02
-7.981713444102297994e-02
-7.968370476000929958e-02
-7.966956179684532569e-02
-7.975163832532082553e-02
-7.984382311141982602e-02
-7.982027875245707726e-02
-7.986083734186476268e-02
-7.997788865977217831e-02
-7.975517619713830275e-02
-7.984606518849053647e-02
-7.977258310048826462e-02
-7.985470896011889752e-02
-7.974987287343311693e-02
-7.989275802651089886e-02
-7.975476017605546974e-02
-7.985877000217393717e-02
-7.980165461252079762e-02
-7.983596108677716574e-02
-7.996160780877979712e-02
-7.983584813659165558e-02
-7.973898579680215037e-02
-7.979118331464771230e-02
-7.979676864105754441e-02
-7.977999139306926613e-02
-8.000012353634100570e-02
-7.978835116729673937e-02
-7.976784982475700059e-02
-7.989859431267344603e-02
-7.981827071821553932e-02
-7.989387162068418979e-02
-7.979338188500784135e-02
-7.980451200633049968e-02
-7.975863567357861783e-02
-7.975751533296511486e-02
-7.968172738341529338e-02
-7.977188875837296078e-02
-7.971327603266284423e-02
-7.996133455721689265e-02
-7.968773194126700654e-02
-7.980896958074411296e-02
-7.979310522424001850e-02
-7.985435469405573194e-02
-7.977092597678296648e-02
-7.979360000697625910e-02
-7.978918246214747323e-02
-7.978739733949972990e-02
-7.981079431099537269e-02
-7.984401119631068244e-02
-7.981159937026556517e-02
