-1.973006738873360824e-02
-1.971579108360973706e-02
-1.969996451056304013e-02
-1.967738315945571914e-02
-1.965651255899570141e-02
-1.964641381877782131e-02
-1.964252366359251975e-02
-1.965710162545384124e-02
-1.964933394477936732e-02
-1.966301663456964527e-02
-1.967074025141214363e-02
-1.967132534020837181e-02
-1.968004536559678913e-02
-1.968936080034743713e-02
-1.968805404155959254e-02
-1.969829809421471886e-02
-1.970077353879898588e-02
-1.970636351680413526e-02
-1.970628087426642625e-02
-1.971143016805358347e-02
-1.971919904889007230e-02
-1.972151337073652783e-02
-1.971463008449955701e-02
-1.971759420584127606e-02
-1.971842242498535527e-02
-1.971953545517361392e-02
-1.972203615004203617e-02
-1.971933265470358562e-02
-1.971950306748002438e-02
-1.972354535724099578e-02
-1.972220861910639611e-02
-1.973167960928565515e-02
-1.972611656856577272e-02
-1.972604732368429120e-02
-1.972681548053043660e-02
-1.973315107847303101e-02
-1.973286908068840745e-02
-1.972747310868791168e-02
-1.973195232688760778e-02
-1.973264233025564737e-02
-1.973509240027337963e-02
-1.973638501431216816e-02
-1.973921085294532904e-02
-1.973730615732658886e-02
-1.973919519902299011e-02
-1.973789164668013699e-02
-1.974017406527038207e-02
-1.974159707518638104e-02
-1.974180828204748911e-02
-1.974139981908712774e-02
-1.974317079389146384e-02
-1.973873268813068280e-02
-1.974450319506094315e-02
-1.974289100657729626e-02
-1.974418827662938886e-02
-1.974347975951384893e-02
-1.974055492022219055e-02
-1.974261585507344416e-02
-1.974993263742116575e-02
-1.974134931063417295e-02
-1.974763071271599599e-02
-1.974468738308515076e-02
-1.974426505728996140e-02
-1.974677836234785613e-02
-1.974511901190800778e-02
-1.975133069531405730e-02
-1.975072057175520160e-02
-1.975165893293038058e-02
-1.974550414746214719e-02
-1.975032004438931343e-02
-1.974778165578255917e-02
-1.974575566737430538e-02
-1.974701575053015509e-02
-1.974625283601881207e-02
-1.974488866770737414e-02
-1.974961795229520853e-02
-1.974514881481580914e-02
-1.974451424869763314e-02
-1.975183029866367859e-02
-1.975096231747529990e-02
-1.975069666701099666e-02
-1.975514934453553861e-02
-1.975539938961867747e-02
-1.975178013813699840e-02
-1.975321061481091767e-02
-1.975134991043436816e-02
-1.975518408720107824e-02
-1.974962699081768067e-02
-1.975373760552767699e-02
-1.975298395168622462e-02
-1.975629845138084789e-02
-1.975656755828905306e-02
-1.975166881222414558e-02
-1.975292327415327162e-02
-1.975325232268843045e-02
-1.975689641379948028e-02
-1.975566344102169802e-02
-1.975552978054451528e-02
-1.975958065395540600e-02
-1.975669733549790738e-02
-1.975476504940207670e-02
-1.975129211733408011e-02
-1.975559577699564570e-02
-1.975372182158567289e-02
-1.975286009021085323e-02
-1.975358096054522297e-02
-1.975675321004515331e-02
-1.975332157469667643e-02
-1.974897056843361032e-02
-1.975782582112498367e-02
-1.975501145773133488e-02
-1.975358683093215648e-02
-1.975374355193407552e-02
-1.975625731469662916e-02
-1.975695884073414704e-02
-1.975568106840944194e-02
-1.975331226258937936e-02
-1.975619349091819674e-02
-1.975739335006615471e-02
-1.975747279939809448e-02
-1.976034901452410411e-02
-1.975756969790667603e-02
-1.975693654301514599e-02
-1.975275524549717152e-02
-1.975595564227700801e-02
-1.975624444281292788e-02
-1.975660953056596059e-02
-1.975937963857827759e-02
-1.975733854842527323e-02
-1.975880979112433836e-02
-1.976045982304502208e-02
-1.975734509676442888e-02
-1.975358985789319247e-02
-1.975805777108458755e-02
-1.975527324597449799e-02
-1.976010802461693541e-02
-1.976213679815636004e-02
-1.975630633761623137e-02
-1.975668621049083210e-02
-1.976410452945702098e-02
-1.975836485705771001e-02
-1.975676431872164240e-02
-1.975407458619340972e-02
-1.975503253283652713e-02
-1.975543301389402415e-02
-1.975906905230134097e-02
-1.975931686938857054e-02
-1.975725213709756192e-02
-1.975647329912356628e-02
-1.976153053206215066e-02
-1.976035305161966821e-02
-1.975485420065021397e-02
-1.976090821536645795e-02
-1.975396901903702165e-02
-1.976081660606285317e-02
-1.976148225515406490e-02
-1.975930395331431527e-02
-1.975629274061800264e-02
-1.975716904776675387e-02
-1.975903898716391272e-02
-1.976120222359716364e-02
-1.975737650224159217e-02
-1.975743601580512779e-02
-1.975597250561739529e-02
-1.975947501430405998e-02
-1.975688107585846578e-02
-1.975705622892505106e-02
-1.975964157946637559e-02
-1.976127994326705786e-02
-1.976167119434475011e-02
-1.976138279254035721e-02
-1.975820800024705171e-02
-1.975612350338089990e-02
-1.975933774576438262e-02
-1.975729726536392186e-02
-1.976298521841465469e-02
-1.976469009765128085e-02
-1.976096721139143988e-02
-1.976074211388362950e-02
-1.975585293688099028e-02
-1.975722318354347640e-02
-1.976024792154317325e-02
-1.975742960272693777e-02
-1.975865544128612220e-02
-1.976179464665974578e-02
-1.976314928422978623e-02
-1.976080623721083313e-02
-1.976046062523923591e-02
-1.975854683658103891e-02
-1.976071951206613206e-02
-1.975895462958754054e-02
-1.975967259673276286e-02
-1.976239988777086024e-02
-1.976125704545795073e-02
-1.976297231631473500e-02
-1.975892489319285364e-02
-1.976360556017663778e-02
-1.976181658074540465e-02
-1.976201854342648362e-02
-1.976122266640065184e-02
-1.976103051692945992e-02
-1.975748282979739034e-02
-1.976446260092071597e-02
-1.976570827931550464e-02
-1.976383108013442594e-02
-1.975924370486124154e-02
-1.975915119187139982e-02
-1.976434303767255624e-02
-1.976564608085564292e-02
-1.976079116400940999e-02
-1.976031919989894997e-02
-1.976338052695001887e-02
-1.976268021259610860e-02
-1.976494772629856442e-02
-1.975883329775359951e-02
-1.976378077475788447e-02
-1.976065524588779473e-02
-1.975981927781463379e-02
-1.976303122620152661e-02
-1.976494878228294075e-02
-1.976374782226109419e-02
-1.976486616046023784e-02
-1.976430194675523125e-02
-1.976295817269120222e-02
-1.976268336048357319e-02
-1.976696101867233407e-02
-1.976359756186502753e-02
-1.976328021925521927e-02
-1.976604395042221365e-02
-1.976419657772357161e-02
-1.976495420011923840e-02
-1.976837671514583214e-02
-1.976428120005577563e-02
-1.976282326009570420e-02
-1.975858977352092441e-02
-1.976187131192267896e-02
-1.976319352655595343e-02
-1.976226090595684451e-02
-1.976791915606113809e-02
-1.976372174884605259e-02
-1.976043640472519708e-02
-1.976817874643556697e-02
-1.976396046052257896e-02
-1.976614827019330251e-02
-1.976177503516218792e-02
-1.976073514836291373e-02
-1.976365364439108818e-02
-1.976458624263454159e-02
-1.976497690915995226e-02
-1.976779829933299898e-02
-1.976391290877852619e-02
-1.976249571074286532e-02
-1.976753060646581003e-02
-1.976220980051698189e-02
-1.976484091817739749e-02
-1.976391182672432995e-02
-1.976317080469690984e-02
-1.976698834684897585e-02
-1.976510271036285155e-02
-1.976675654648996777e-02
-1.976394249173143644e-02
-1.976300292408019257e-02
-1.976571953219419947e-02
-1.976676999925935582e-02
-1.976602101485685006e-02
-1.976291039926241638e-02
-1.977008921797740112e-02
-1.976262153952845421e-02
-1.976392833208628214e-02
-1.976409151705019532e-02
-1.976286741528917451e-02
-1.976550343067583898e-02
-1.976511945011965449e-02
-1.976592015422959717e-02
-1.976490859883011514e-02
-1.976658554370630538e-02
-1.976982577719518103e-02
-1.976717972047492555e-02
-1.976342080965400386e-02
-1.976068344944073574e-02
-1.976625529888794905e-02
-1.976682950354657908e-02
-1.976381683081502444e-02
-1.976389148428501705e-02
-1.976769807288236702e-02
-1.976699694175401353e-02
-1.976286714864022853e-02
-1.976874012625506188e-02
-1.976150591048619898e-02
-1.976431959251499088e-02
-1.976464684547280665e-02
-1.976314713940091616e-02
-1.976681535107255305e-02
-1.976869588025578425e-02
-1.976484048854514758e-02
-1.976562538512389305e-02
-1.976212504254742236e-02
-1.976781762013058580e-02
-1.976310848404753615e-02
-1.976286941403902417e-02
-1.976225551630051563e-02
-1.976514852975130160e-02
-1.976722169813146732e-02
-1.976061047634971451e-02
-1.976458652755381032e-02
-1.976515067934745892e-02
-1.976144001695076882e-02
-1.976907974793612466e-02
-1.976552789542839611e-02
-1.976622529457853009e-02
-1.976906661811431501e-02
-1.976794899046035656e-02
-1.976592156147557316e-02
-1.976401848176935830e-02
-1.976614971201861443e-02
-1.976228100273869775e-02
-1.976529272891177844e-02
-1.976357023136032787e-02
-1.976675740729894742e-02
-1.976670446305670362e-02
-1.976849869660324971e-02
-1.976488770757710983e-02
-1.976678006654183570e-02
-1.976369251685752837e-02
-1.976252571747733403e-02
-1.977080220827915832e-02
-1.976597849972626039e-02
-1.976280056930212331e-02
-1.976226403810923613e-02
-1.976481176422418759e-02
-1.976529478771607562e-02
-1.976624587376340364e-02
-1.976482050443742824e-02
-1.976865951067968696e-02
-1.977116650322203323e-02
-1.976750998518575150e-02
-1.976568668305339616e-02
-1.976647662428853217e-02
-1.976954558622292038e-02
-1.976341290979832452e-02
-1.976611159086710812e-02
-1.976488844312703982e-02
-1.976306862205452070e-02
-1.976517743037022393e-02
-1.976761732506062200e-02
-1.976848674540006637e-02
-1.976732328687427764e-02
-1.976766091921581744e-02
-1.976602207049703991e-02
-1.976842138624816322e-02
-1.976468176715493602e-02
-1.976602753029030324e-02
-1.976235886951125884e-02
-1.976468614682524300e-02
-1.976836839756924286e-02
-1.976580403509957048e-02
-1.976449104066626411e-02
-1.976642889053015911e-02
-1.976754967512437886e-02
-1.976464950649121574e-02
-1.976534153233971275e-02
-1.976539186443284149e-02
-1.976337928891859150e-02
-1.976757014757283062e-02
-1.976493908667922503e-02
-1.976599744449728316e-02
-1.976228630926070776e-02
-1.977151171381886369e-02
-1.976841734521150862e-02
-1.976536401289546302e-02
-1.976594319629998431e-02
-1.976775630082608370e-02
-1.976516542661750989e-02
-1.976494382487571297e-02
-1.976366935795917032e-02
-1.976275418883101723e-02
-1.976538538691980859e-02
-1.976779191475367195e-02
-1.976351123369055746e-02
-1.976475089903577051e-02
-1.977046242589748995e-02
-1.976742510424891672e-02
-1.976290774352232674e-02
-1.976698793853511396e-02
-1.976983442013886122e-02
-1.976751730896587206e-02
-1.976330699992536258e-02
-1.976581022018727637e-02
-1.976434682941037232e-02
-1.976895916163232472e-02
-1.976739273058594759e-02
-1.976662702387261411e-02
-1.976842016479090150e-02
-1.976905618222938796e-02
-1.976568595814301790e-02
-1.976608210556313888e-02
-1.976313739722374355e-02
-1.976492147843593797e-02
-1.976939399241728346e-02
-1.976632906976610871e-02
-1.976665642101962592e-02
-1.976480489203048460e-02
-1.976803665239504348e-02
-1.976687885999809172e-02
-1.976360445750830613e-02
-1.976935907042257426e-02
-1.976769115943085436e-02
-1.976486793700065261e-02
-1.976642154748699601e-02
-1.977033695663426779e-02
-1.977190593196375551e-02
-1.976573500459727351e-02
-1.976840262095804976e-02
-1.976702655637547004e-02
-1.976491480370856646e-02
-1.976863044700852626e-02
-1.976560226392209962e-02
-1.976865790370343698e-02
-1.976546011025072033e-02
-1.976787808257194842e-02
-1.976738822785567909e-02
-1.976843610522179343e-02
-1.976710295066107931e-02
-1.977048431411009694e-02
-1.976536632656491696e-02
-1.976754160446511643e-02
-1.977020787153822151e-02
-1.976960072801990306e-02
-1.976490538785315859e-02
-1.976944930927314673e-02
-1.976605417829748607e-02
-1.976921423829453017e-02
-1.977026916444226887e-02
-1.976802649969555681e-02
-1.977320851596396298e-02
-1.976905468615527267e-02
-1.976578319880232040e-02
-1.977204211385084204e-02
-1.976916116754515174e-02
-1.976907891932433436e-02
-1.976753144529023662e-02
-1.976762013335644011e-02
-1.976709227041201916e-02
-1.976406107292900255e-02
-1.976645282463362907e-02
-1.977113960565089409e-02
-1.976841058753003866e-02
-1.976463071522065879e-02
-1.976508974556322878e-02
-1.976678129230033040e-02
-1.977218918109694204e-02
-1.976497690568167903e-02
-1.976805208634652491e-02
-1.976808802029866516e-02
-1.976841079986659672e-02
-1.976971779304220050e-02
-1.976811452740197608e-02
-1.976682639247574064e-02
-1.976790214950832625e-02
-1.976868305205690610e-02
-1.977136512373961139e-02
-1.976816532708563015e-02
-1.976658892769953685e-02
-1.976808579057079060e-02
-1.976748105850624146e-02
-1.976878034953580623e-02
-1.976576947801049824e-02
-1.976732927672009144e-02
-1.976945271689617770e-02
-1.976404858645680607e-02
-1.976539812572544394e-02
-1.977075159911533334e-02
-1.976860877759542903e-02
-1.977158739583029928e-02
-1.977085235935561666e-02
-1.976811762639687012e-02
-1.976662727765889430e-02
-1.976905985217912096e-02
-1.976449647575901497e-02
-1.977096446315785433e-02
-1.977138399030800228e-02
-1.977231733003323097e-02
-1.977170603555107944e-02
-1.976743233346339723e-02
-1.976642857708621470e-02
-1.977192499908508178e-02
-1.976990605090142225e-02
-1.976630959679507096e-02
-1.976533086479336648e-02
-1.976350611187518633e-02
-1.976323308644849924e-02
-1.976749021549723678e-02
-1.977089629199820647e-02
-1.977225691751810510e-02
-1.976667067170015737e-02
-1.976925551020434699e-02
-1.976634254966977075e-02
-1.976575112131479656e-02
-1.976804543416211396e-02
-1.976643133495686183e-02
-1.976827163476552185e-02
-1.976702766153136046e-02
-1.976785785139198795e-02
-1.976298558276422951e-02
-1.977185137771444653e-02
-1.977002983001092604e-02
-1.976363458908704865e-02
-1.976725511569174878e-02
-1.976706202151095118e-02
-1.977144229389019014e-02
-1.976421823070439315e-02
-1.976864219571677211e-02
-1.976318111863251126e-02
-1.976723698698189605e-02
-1.976194680003042284e-02
-1.976849514531558993e-02
-1.976971256275547248e-02
-1.976843696539930945e-02
-1.976901152319963245e-02
-1.976391469520615701e-02
-1.976631033825704264e-02
-1.976838121616264488e-02
-1.976980132271299873e-02
-1.976861031624506729e-02
-1.976330629308247974e-02
-1.976904968885206601e-02
-1.976887763443883547e-02
-1.977023196319905793e-02
-1.976908598606511719e-02
-1.976758602506012083e-02
-1.977166805200593694e-02
-1.976745373211791570e-02
-1.976296061785496466e-02
-1.976793871127418417e-02
-1.976897530990315635e-02
-1.976906980576990241e-02
-1.976722167483536616e-02
-1.976585679393239384e-02
-1.976941692209916931e-02
-1.976941635182025148e-02
-1.976627418502848940e-02
-1.976551337594013164e-02
-1.976428392095289088e-02
-1.976857919931552382e-02
-1.976780966161380618e-02
-1.976976882937647034e-02
-1.976971462278074784e-02
-1.976731286957491077e-02
-1.976934337773500125e-02
-1.976579980744300885e-02
-1.976725576326346726e-02
-1.977146866003053408e-02
-1.977108096963875808e-02
-1.977401265063593455e-02
-1.976795876163490312e-02
-1.977160738794353501e-02
-1.976711339896985650e-02
-1.976756183480812487e-02
-1.977053199719261065e-02
-1.976651163620610566e-02
-1.976377161910522484e-02
-1.976958487859669517e-02
-1.976904092524780707e-02
-1.976918193566373078e-02
-1.976817615787716462e-02
-1.977115109776320795e-02
-1.976797563156785023e-02
-1.976695325193440073e-02
-1.976440039713223823e-02
-1.976606808930039469e-02
-1.976515226374627940e-02
-1.976576625390309011e-02
-1.976525019481610232e-02
-1.976672778197186009e-02
-1.976485892665885008e-02
-1.976463354118890986e-02
-1.976668897298507893e-02
-1.976610600410084323e-02
-1.976488509192072737e-02
-1.977107943661176800e-02
-1.976920805753168420e-02
-1.976899315024868015e-02
-1.976768270476878669e-02
-1.976688729236541001e-02
-1.976673849542579312e-02
-1.976598468834606451e-02
-1.976942682113729671e-02
-1.976645713891236542e-02
-1.976960630009925307e-02
-1.977158872211658494e-02
-1.976880922132811386e-02
-1.976702717487587371e-02
-1.977050410372652514e-02
-1.976865117564682514e-02
-1.976841788786865006e-02
-1.976959017855842160e-02
-1.976826099809928308e-02
-1.977292069393024945e-02
-1.976871355574668504e-02
-1.976675680082567305e-02
-1.976975932494801080e-02
-1.977193656059001922e-02
-1.976792971387538594e-02
-1.976271886289934429e-02
-1.976799768439513327e-02
-1.976663757326240639e-02
-1.976504565593955459e-02
-1.976672903188884597e-02
-1.976642178321562707e-02
-1.976504371122441914e-02
-1.977220248966931465e-02
-1.976851017633109858e-02
-1.977380857186113519e-02
-1.977011163305334579e-02
-1.976855896595657372e-02
-1.976749188469048221e-02
-1.976180615695820666e-02
-1.976899681776796841e-02
-1.976885711466683238e-02
-1.976552697085713281e-02
-1.976535309374711016e-02
-1.976324873213027369e-02
-1.976850203330899822e-02
-1.976797267089510507e-02
-1.976850770251702485e-02
-1.976468096093798171e-02
-1.976908111761279882e-02
-1.976620576545327565e-02
-1.976462349381966771e-02
-1.976638762788552467e-02
-1.976967178668054964e-02
-1.976765268774224177e-02
-1.976841567408058400e-02
-1.976874231200596160e-02
-1.976832537829625175e-02
-1.977010027394399821e-02
-1.976853979474115300e-02
-1.976867883548990082e-02
-1.977158703669442200e-02
-1.976616845806776143e-02
-1.976724592106720441e-02
-1.976864897167580210e-02
-1.977095524472625293e-02
-1.977118256266557905e-02
-1.976747462832608229e-02
-1.976775678850547710e-02
-1.976830715087976240e-02
-1.976794554045354160e-02
-1.976873011959754886e-02
-1.976961086868047127e-02
-1.977133479444607642e-02
-1.977178884013900892e-02
-1.977030843445093736e-02
-1.977321567710917452e-02
-1.976890257112749391e-02
-1.977106609477480986e-02
-1.977279263150666377e-02
-1.976884247017688528e-02
-1.976946713083900867e-02
-1.977312862611233998e-02
-1.976955926521306237e-02
-1.977027001805256243e-02
-1.977141536844669381e-02
-1.976836505027665045e-02
-1.977184789143661067e-02
-1.977319078408035224e-02
-1.976747927590148321e-02
-1.976570880372866684e-02
-1.976822265365035108e-02
-1.976659671496332552e-02
-1.976722223973951045e-02
-1.976928684313948234e-02
-1.976741312576004925e-02
-1.976911563520490980e-02
-1.976848066047995692e-02
-1.976804343781997722e-02
-1.976881607336575253e-02
-1.977092093317826468e-02
-1.977031798679264665e-02
-1.977014103071655232e-02
-1.976571478621499608e-02
-1.976507214932960582e-02
-1.976881533932159027e-02
-1.977126778836011886e-02
-1.976952561176859718e-02
-1.976934764994529165e-02
-1.977341048944406335e-02
-1.976665942315590160e-02
-1.977043288754454925e-02
-1.977038834273972881e-02
-1.977284280125713584e-02
-1.976937306892293314e-02
-1.976801053067666139e-02
-1.977279046819413813e-02
-1.976848488510875648e-02
-1.977172292587889291e-02
-1.976838408349530438e-02
-1.977018859971041431e-02
-1.976930727533473056e-02
-1.976673383125001834e-02
-1.977262180512731268e-02
-1.977225104893438196e-02
-1.977201763893070979e-02
-1.976799095334972473e-02
-1.976798656959507031e-02
-1.977319405800177440e-02
-1.977076113069620167e-02
-1.977028057360587579e-02
-1.976817334166069973e-02
-1.977068885523335443e-02
-1.976683524974295544e-02
-1.976905199467322502e-02
-1.976921755029280650e-02
-1.976601224011821298e-02
-1.976911800961886692e-02
-1.976953007297957074e-02
-1.977018937654602751e-02
-1.977025964192767257e-02
-1.976954839654492674e-02
-1.977210173681264241e-02
-1.977467697276619890e-02
-1.976872007253383662e-02
-1.976979832057416259e-02
-1.977032523318598620e-02
-1.977060640326434512e-02
-1.976946675855647748e-02
-1.976813690383030092e-02
-1.976923581919032280e-02
-1.977470621366685458e-02
-1.977064063133020938e-02
-1.977266142289154510e-02
-1.976973421651668367e-02
-1.977154605516227501e-02
-1.977123602925918294e-02
-1.977243958455220801e-02
-1.977168532181753161e-02
-1.977172027889671432e-02
-1.977064250916823682e-02
-1.977285903456391450e-02
-1.977258645309889692e-02
-1.977447330480609083e-02
-1.977113911528037907e-02
-1.977097512996435144e-02
-1.977038620299529162e-02
-1.976724402028768451e-02
-1.977147766384886388e-02
-1.977150608164346748e-02
-1.977260704458710938e-02
-1.976860109816177061e-02
-1.977015763395774742e-02
-1.977542780824605509e-02
-1.977047105894825380e-02
-1.976963889132199795e-02
-1.976799406340173232e-02
-1.976746019726679723e-02
-1.976872224837600278e-02
-1.977080104475113093e-02
-1.976629222100786953e-02
-1.976980259199700996e-02
-1.976965358188794222e-02
-1.977504473978498184e-02
-1.977032313169150082e-02
-1.977677731584391238e-02
-1.977081570643775613e-02
-1.977605890721778267e-02
-1.976777055582328718e-02
-1.977152873607205055e-02
-1.976846443776045931e-02
-1.977276691249902490e-02
-1.976928386042229105e-02
-1.976840200543335604e-02
-1.977025064893669221e-02
-1.976966775948241217e-02
-1.977109302049822465e-02
-1.976961016467666116e-02
-1.976794359999839087e-02
-1.977035167783811401e-02
-1.977143398427623142e-02
-1.976702723375770368e-02
-1.977239978746158852e-02
-1.977145132115321058e-02
-1.977034087243927790e-02
-1.976769959290099882e-02
-1.976640371662932369e-02
-1.977372599653173454e-02
-1.977082010117500732e-02
-1.976836076873198997e-02
-1.976924995319548004e-02
-1.976988978493645494e-02
-1.977063821351658299e-02
-1.977089348685592829e-02
-1.977063492811936135e-02
-1.977233876063215837e-02
-1.976968390485183899e-02
-1.977016820189292368e-02
-1.977081930494090783e-02
-1.977128981025286572e-02
-1.976837064001775793e-02
-1.976797523705309603e-02
-1.977311950685512604e-02
-1.977318955672308087e-02
-1.977013154277525858e-02
-1.977153888383137090e-02
-1.977037986436661413e-02
-1.976850821090248012e-02
-1.977139542914516795e-02
-1.976980187052441301e-02
-1.977274143249098740e-02
-1.977158898781716800e-02
-1.977286940306552734e-02
-1.976869948358475626e-02
-1.976842937647402612e-02
-1.977134912928519422e-02
-1.977403141778558485e-02
-1.977372899022682845e-02
-1.976980718679720653e-02
-1.976989608415843577e-02
-1.977121127951766630e-02
-1.977058408722817684e-02
-1.977284850391198071e-02
-1.977675884554323457e-02
-1.977112165343389641e-02
-1.977277724283954888e-02
-1.977522744139158586e-02
-1.977111487362431808e-02
-1.976987446318509770e-02
-1.977422129304139478e-02
-1.977177276629792785e-02
-1.976922991164597326e-02
-1.976799947414978678e-02
-1.976886131097917512e-02
-1.976447502964076564e-02
-1.976944507285360864e-02
-1.977025240952117596e-02
-1.976833385956450195e-02
-1.977322454154890191e-02
-1.977448686485106660e-02
-1.976943621486897812e-02
-1.977034270724419701e-02
-1.977168611487247277e-02
-1.976833434022459007e-02
-1.977426385460992822e-02
-1.977399828808157345e-02
-1.977310819838647496e-02
-1.977178261781646282e-02
-1.976947737283959311e-02
-1.977095940741372196e-02
-1.976958547581975784e-02
-1.977219699764367483e-02
-1.976862162359345823e-02
-1.976879532706355899e-02
-1.976917859105345107e-02
-1.976453542947349123e-02
-1.976896648217477126e-02
-1.976636027987896740e-02
-1.977248328146658657e-02
-1.977262483059441175e-02
-1.976954478038332394e-02
-1.976912330544059251e-02
-1.976790954572931608e-02
-1.976906159812541822e-02
-1.976451770530449417e-02
-1.976703388936734695e-02
-1.977345847464646172e-02
-1.977175186069145968e-02
-1.977196978324712376e-02
-1.976748441137532453e-02
-1.977121144111467638e-02
-1.976780806891484735e-02
-1.977203723615653108e-02
-1.977272878935076167e-02
-1.976997919236903392e-02
-1.977177316080700950e-02
-1.976975466046467650e-02
-1.977459100728800462e-02
-1.977496266941776784e-02
-1.977310202171552941e-02
-1.977338372365868360e-02
-1.976999913704853909e-02
-1.977382466643392428e-02
-1.977058135492626434e-02
-1.977087554421033330e-02
-1.977059129140001578e-02
-1.977149034966257587e-02
-1.976988178738096555e-02
-1.977365387647050596e-02
-1.977098839265959210e-02
-1.976951159121681512e-02
-1.977114252793655061e-02
-1.977407790832954107e-02
-1.976968435492125128e-02
-1.976966777024871322e-02
-1.976936137507398147e-02
-1.977303259766517024e-02
-1.977057570354109547e-02
-1.976786801671293059e-02
-1.976809718355336185e-02
-1.976795774015742066e-02
-1.976646520927448705e-02
-1.976941767023215890e-02
-1.977264313462184092e-02
-1.977107530245310676e-02
-1.976982198077817734e-02
-1.976916031432332868e-02
-1.977142887285652031e-02
-1.977109820537955101e-02
-1.976979931461263912e-02
-1.977114375001140165e-02
-1.977528695906021622e-02
-1.976971693108265510e-02
-1.976983311316462752e-02
-1.976865446862197118e-02
-1.977260425280645204e-02
-1.977086654248560310e-02
-1.976987058002587644e-02
-1.976905221230307319e-02
-1.977192631743673185e-02
-1.976879998516446052e-02
-1.977238934221364069e-02
-1.977166241719121101e-02
-1.977346285132441928e-02
-1.976843412774939579e-02
-1.977432319005466982e-02
-1.977495673526729475e-02
-1.977220105953395035e-02
-1.977530083347106213e-02
-1.977144817549547975e-02
-1.977116355192497579e-02
-1.977192479997600186e-02
-1.977416590500944912e-02
-1.977331604661595674e-02
-1.977167455572814703e-02
-1.976785377832205801e-02
-1.976732917087651795e-02
-1.977063233676986526e-02
-1.977079626241626947e-02
-1.977211896094143925e-02
-1.977632063946212562e-02
-1.977035185512147214e-02
-1.977020971205044678e-02
-1.977172821161476274e-02
-1.977347092330132908e-02
-1.977374979572748756e-02
-1.977664355083601916e-02
-1.976730222483538343e-02
-1.977051974169100404e-02
-1.977260692350826105e-02
-1.977292406164557828e-02
-1.977237206630223440e-02
-1.977275125387507188e-02
-1.977086922298706625e-02
-1.976924876406818340e-02
-1.977528244504117919e-02
-1.977467964820618998e-02
-1.977264330301736414e-02
-1.977297678664829278e-02
-1.977705574078557002e-02
-1.977280445712253573e-02
-1.977523081786985298e-02
-1.977307880941379242e-02
-1.977564369406900613e-02
-1.977164111438791186e-02
-1.977231976760840393e-02
-1.977492446480089150e-02
-1.977501968773923841e-02
-1.977171692466870787e-02
-1.977177695336111360e-02
-1.977138461583737711e-02
-1.977461739916877223e-02
-1.977199438667539763e-02
-1.976896572412966194e-02
-1.977328810345546986e-02
-1.977628614442536112e-02
-1.977746286573457343e-02
-1.977700625491920702e-02
-1.977368223899163627e-02
-1.977650120466201838e-02
-1.977220254724795442e-02
-1.977408842785325499e-02
-1.977584854407843373e-02
-1.977614733369635266e-02
-1.977402781786500793e-02
-1.977055380305742932e-02
-1.977036536771180006e-02
-1.977312373522580394e-02
-1.977013516276510119e-02
-1.977183504544964207e-02
-1.977171526852586694e-02
-1.977348420700327306e-02
-1.977050176824676764e-02
-1.977454635385544196e-02
-1.977108274584705311e-02
-1.977093629220625509e-02
-1.977106687248822783e-02
-1.977317344467693916e-02
-1.977275110981335446e-02
-1.977282050209953207e-02
-1.977275772402348197e-02
-1.977447668638123920e-02
-1.977647766061651352e-02
