-7.585826362356049186e-03
-7.594330064440443263e-03
-7.595177590308067016e-03
-7.601299954065569332e-03
-7.580546422113767190e-03
-7.591129718819422667e-03
-7.597364832641259440e-03
-7.587318042836617080e-03
-7.608609967957341569e-03
-7.591547281660389161e-03
-7.598150429319986375e-03
-7.606384667721867270e-03
-7.612086188553442503e-03
-7.599674782794278889e-03
-7.610506858799386161e-03
-7.616300201092722662e-03
-7.622144989496181140e-03
-7.622540660664385744e-03
-7.607830527266401001e-03
-7.612946560080246713e-03
-7.614999893613951833e-03
-7.608287739835617285e-03
-7.616025131243160662e-03
-7.621102637035898249e-03
-7.624857650376409487e-03
-7.629514935974726110e-03
-7.632127377811916136e-03
-7.642116599154984320e-03
-7.637880636966974494e-03
-7.652666535256606208e-03
-7.649221818157129170e-03
-7.651399819830171332e-03
-7.643556943085498719e-03
-7.650781507741693035e-03
-7.661646052980704280e-03
-7.663848972620421716e-03
-7.659348336480490890e-03
-7.654822154414943867e-03
-7.663929916343034318e-03
-7.659623604738581212e-03
-7.663492048718069556e-03
-7.658291535059744137e-03
-7.667057173489083034e-03
-7.660651705375268704e-03
-7.664634363817499595e-03
-7.664748269111136894e-03
-7.665084415307494951e-03
-7.665292111607199810e-03
-7.672238784987225023e-03
-7.666945413929883955e-03
-7.676148543745891020e-03
-7.667922190423496175e-03
-7.666686297560888937e-03
-7.665234416575935142e-03
-7.673277252879313025e-03
-7.667718468512296250e-03
-7.671080704038195190e-03
-7.674764966348663134e-03
-7.673933949450448787e-03
-7.672311435250336008e-03
-7.679348932683328043e-03
-7.678820367301203605e-03
-7.672274047158820012e-03
-7.669191847192881502e-03
-7.673254477913268867e-03
-7.678132465546994023e-03
-7.672924383380182005e-03
-7.668423965627092775e-03
-7.671209016879558529e-03
-7.673526900217059708e-03
-7.677287264854716804e-03
-7.679116534448014210e-03
-7.681340759155207490e-03
-7.672155358444571714e-03
-7.671372225367767070e-03
-7.677303056359397956e-03
-7.676992336680253659e-03
-7.676965439140961446e-03
-7.680970853885546110e-03
-7.682315053566513528e-03
-7.676565292454372129e-03
-7.673821337836954533e-03
-7.676634647174928119e-03
-7.679724951277512243e-03
-7.675849250724086671e-03
-7.684817654058095915e-03
-7.690632267011309961e-03
-7.676107526797123007e-03
-7.683291102870671262e-03
-7.677512516358270429e-03
-7.685344912685244424e-03
-7.681916630299777220e-03
-7.682856822518303527e-03
-7.682792565018016669e-03
-7.680238928238908303e-03
-7.675096089662438240e-03
-7.675913309174385232e-03
-7.679088706138120779e-03
-7.683523357202968855e-03
-7.685854856127008472e-03
-7.679656176561161507e-03
-7.687080238370633777e-03
-7.683223791177195248e-03
-7.680792041796155600e-03
-7.681301122735579266e-03
-7.682250571299782498e-03
-7.686260559712554397e-03
-7.681979699670776415e-03
-7.679128636298140388e-03
-7.689109209489164258e-03
-7.681702250096812505e-03
-7.686479335303570901e-03
-7.683123974048833814e-03
-7.686775981415435756e-03
-7.683695605131663463e-03
-7.688158619892374035e-03
-7.683305378165384072e-03
-7.675704172217685632e-03
-7.680763850392610670e-03
-7.683759803657472243e-03
-7.688994786574433402e-03
-7.682228145812343249e-03
-7.687389683763233734e-03
-7.682883320282564085e-03
-7.690067752494025508e-03
-7.686904480765510347e-03
-7.686625552385618031e-03
-7.687467164582640830e-03
-7.686861638733969056e-03
-7.687794630159019982e-03
-7.688877825367366678e-03
-7.680003467581900632e-03
-7.688807039299120141e-03
-7.685624620461660624e-03
-7.690080229492797341e-03
-7.686598099924377148e-03
-7.689348404850994238e-03
-7.694853778915202065e-03
-7.690916122414502912e-03
-7.686766826694686923e-03
-7.683675453309983354e-03
-7.693754060825096393e-03
-7.695424839295274093e-03
-7.692012573658783478e-03
-7.685152402176001485e-03
-7.687400398021943144e-03
-7.693026618488918444e-03
-7.690979970962575664e-03
-7.693373970270790674e-03
-7.688567162887204043e-03
-7.686323236305127489e-03
-7.686077638528936683e-03
-7.694170144764341315e-03
-7.689600114197349054e-03
-7.691960913449809138e-03
-7.684963859525182316e-03
-7.693673764478307746e-03
-7.696213546146027200e-03
-7.696375160329904826e-03
-7.700965902523231217e-03
-7.689561102977270947e-03
-7.695624431996813189e-03
-7.695068901839221577e-03
-7.695336016156105637e-03
-7.692228601428784986e-03
-7.697326105664921252e-03
-7.699624339948507243e-03
-7.696050537395074040e-03
-7.694645653311277429e-03
-7.698479113872522782e-03
-7.694596978019843658e-03
-7.697871451228082904e-03
-7.699936652330274973e-03
-7.699306931745405168e-03
-7.699379148389753728e-03
-7.705556827987923574e-03
-7.695753711090947899e-03
-7.700060391017858608e-03
-7.696519737250531214e-03
-7.702014397672464485e-03
-7.697516984322618806e-03
-7.702248496323229124e-03
-7.696395218723278177e-03
-7.699669541857120068e-03
-7.698026142141586869e-03
-7.701607064841561011e-03
-7.701862854011341970e-03
-7.695150931822982050e-03
-7.700307734999840489e-03
-7.702867717881464737e-03
-7.700607055835281649e-03
-7.704522953472189330e-03
-7.702252359769068413e-03
-7.698036855066083158e-03
-7.705269002758793027e-03
-7.705976948982971864e-03
-7.705910709999065460e-03
-7.702404209643609265e-03
-7.706202897645877438e-03
-7.706041907739330163e-03
-7.700352384534909708e-03
-7.708922850574288950e-03
-7.710626845341325523e-03
-7.699600890167309676e-03
-7.702611677077915268e-03
-7.701752231768553211e-03
-7.707069159798720683e-03
-7.698938848269830035e-03
-7.704252920013789953e-03
-7.701741389791119316e-03
-7.707209970010476911e-03
-7.708784983958455288e-03
-7.708897074111036897e-03
-7.702964194401344493e-03
-7.705309360816483058e-03
-7.704071343970659083e-03
-7.703154251414941200e-03
-7.706747324055581751e-03
-7.706011296296516426e-03
-7.704051656005901465e-03
-7.704410052147046307e-03
-7.702633820835456425e-03
-7.706667280551701173e-03
-7.706122135532491625e-03
-7.710435726475833342e-03
-7.702896356307266552e-03
-7.708284506056454696e-03
-7.702631984293156243e-03
-7.707645582423717709e-03
-7.704612806062273792e-03
-7.707207952636195396e-03
-7.707851931072762230e-03
-7.711227814941377587e-03
-7.707690420226078441e-03
-7.703762787958918883e-03
-7.706196671829966885e-03
-7.710226538941913378e-03
-7.706421297435124898e-03
-7.706121644192323421e-03
-7.704771245789892795e-03
-7.707244642293222328e-03
-7.711743513555828142e-03
-7.703069853315626381e-03
-7.710386541765532238e-03
-7.704830223629792821e-03
-7.705874412812767187e-03
-7.709869754264467127e-03
-7.705185867522828559e-03
-7.709560782303459710e-03
-7.706983818155962833e-03
-7.709441701557787595e-03
-7.707317996604102182e-03
-7.712116189956293513e-03
-7.701336688472760171e-03
-7.705690048820013419e-03
-7.708473235495753514e-03
-7.712585868263964299e-03
-7.707715433611576732e-03
-7.706383911298413276e-03
-7.710491722274233350e-03
-7.708708216203270444e-03
-7.709368608760101653e-03
-7.714566631975177009e-03
-7.707064469338179014e-03
-7.709047074098009968e-03
-7.712337517533072485e-03
-7.707823117182159740e-03
-7.711098037047105398e-03
-7.705521917288138574e-03
-7.708555838447593220e-03
-7.710451095213254925e-03
-7.709599041874705232e-03
-7.712542835257998365e-03
-7.709112342789580311e-03
-7.713318085249118786e-03
-7.709288237921126281e-03
-7.711455437757024078e-03
-7.711413183524242973e-03
-7.712091281657019667e-03
-7.710070498664388719e-03
-7.707427486642597948e-03
-7.709651128910742848e-03
-7.708057622533469148e-03
-7.710035401478400503e-03
-7.712311232563248513e-03
-7.707678379232966136e-03
-7.709413035955467799e-03
-7.705157092902694023e-03
-7.709103816140035030e-03
-7.709252899911795895e-03
-7.710550494425897836e-03
-7.711270709626931973e-03
-7.707932328457313235e-03
-7.709558400996851212e-03
-7.711859417195340502e-03
-7.712930187335647648e-03
-7.710057293239498850e-03
-7.709930463201374214e-03
-7.706938369421410980e-03
-7.712209343351069182e-03
-7.710716493043380700e-03
-7.706360721230705139e-03
-7.710058546500263114e-03
-7.707240233080716804e-03
-7.707367667633443879e-03
-7.709010814193363419e-03
-7.710149950752716481e-03
-7.710235067828092280e-03
-7.708765869071649950e-03
-7.710848428437062918e-03
-7.710771823423862893e-03
-7.709492069488376939e-03
-7.711492765165710653e-03
-7.715609703394281198e-03
-7.713442589606727198e-03
-7.710085992375957653e-03
-7.708322583916392759e-03
-7.710232374003931147e-03
-7.710618292513037042e-03
-7.715909270902333514e-03
-7.712637444018831737e-03
-7.712232816766755213e-03
-7.707355458727224544e-03
-7.711241037528683041e-03
-7.707732533034412740e-03
-7.707914993711844319e-03
-7.711955245628306262e-03
-7.709782802411330183e-03
-7.710136775137062422e-03
-7.708889457392766910e-03
-7.706666487285221759e-03
-7.708271018689437197e-03
-7.712340007764517148e-03
-7.708627863783213373e-03
-7.712620297217494432e-03
-7.713470108841376065e-03
-7.708547209158986627e-03
-7.715845630711921747e-03
-7.712330507618837469e-03
-7.713680326396600388e-03
-7.706594920497823568e-03
-7.708701258567415837e-03
-7.710527013255241528e-03
-7.712790669890501327e-03
-7.710921715597482233e-03
-7.707517010367743657e-03
-7.708415221383998518e-03
-7.713486930797057786e-03
-7.711365606459010154e-03
-7.710568137209462651e-03
-7.718036424274798621e-03
-7.712361168188240287e-03
-7.711982155544755933e-03
-7.712793120033153461e-03
-7.707524959334245175e-03
-7.713187831880012613e-03
-7.711740813005740769e-03
-7.715512813337201299e-03
-7.713913728278988524e-03
-7.712371759742292499e-03
-7.711885055255197040e-03
-7.712682333340443140e-03
-7.713235569885364303e-03
-7.712104806490478574e-03
-7.716716543904991558e-03
-7.715778881819792059e-03
-7.708679777653955519e-03
-7.713042336223946936e-03
-7.709341510232247709e-03
-7.716265287813871623e-03
-7.710407199235963516e-03
-7.711279756520666995e-03
-7.716783658930282362e-03
-7.715241060107109680e-03
-7.709110420477467869e-03
-7.712580120659552792e-03
-7.714588854416228395e-03
-7.708152218884113324e-03
-7.711844883358429624e-03
-7.711933891586609906e-03
-7.711238808542961350e-03
-7.711326105389993725e-03
-7.712239310821920359e-03
-7.711845379406596576e-03
-7.710870040865275450e-03
-7.710266599864908088e-03
-7.709660338402562173e-03
-7.710146438890928995e-03
-7.711402009452523847e-03
-7.712401155281142784e-03
-7.714411131358923750e-03
-7.709698195928859146e-03
-7.709445326501976163e-03
-7.715299896205382590e-03
-7.714119514692419077e-03
-7.716843347058306712e-03
-7.710779388230175509e-03
-7.713393443053035911e-03
-7.714693402506358003e-03
-7.712880291822351957e-03
-7.711987467387214877e-03
-7.710523310677811978e-03
-7.714696621090057042e-03
-7.714224116812708372e-03
-7.711565976376962873e-03
-7.713740976057518843e-03
-7.717680540624588699e-03
-7.711502360482997906e-03
-7.705608379204539372e-03
-7.710730384831628210e-03
-7.712268961344260695e-03
-7.710770769776498224e-03
-7.707590229768912504e-03
-7.712639817825568851e-03
-7.710499575235353273e-03
-7.708537263482128157e-03
-7.710507459519873666e-03
-7.710796005147664209e-03
-7.711630317975845007e-03
-7.710914054961950925e-03
-7.716295236620919658e-03
-7.710209961634185462e-03
-7.711165419803650035e-03
-7.715485712331805745e-03
-7.714392596371184678e-03
-7.711412412372174556e-03
-7.710959844135318805e-03
-7.711852492372851635e-03
-7.714111870077556068e-03
-7.710642076264513992e-03
-7.710590518323967753e-03
-7.711376390899887801e-03
-7.710448690608602378e-03
-7.711396286469519683e-03
-7.712355524884396962e-03
-7.715181790225403118e-03
-7.713300659177831434e-03
-7.712789781479545415e-03
-7.712791704029401708e-03
-7.710506224512698147e-03
-7.711378236939141553e-03
-7.714906676227424424e-03
-7.713562554894180280e-03
-7.711087817762573085e-03
-7.713939420479517042e-03
-7.709075183563884708e-03
-7.712044414464854294e-03
-7.709260201325250639e-03
-7.711237503188301048e-03
-7.712428209099251274e-03
-7.710870953853801377e-03
-7.711258906687334068e-03
-7.712082131252360855e-03
-7.712013023756320029e-03
-7.711100197452515521e-03
-7.711737068059935918e-03
-7.713400412050944177e-03
-7.712913337576704498e-03
-7.714572920268542196e-03
-7.715609534997646020e-03
-7.713971468637879393e-03
-7.714696939649073881e-03
-7.712218324631062334e-03
-7.712244627404873758e-03
-7.714197177693220275e-03
-7.711093063781130144e-03
-7.711437324339437058e-03
-7.710828370926597897e-03
-7.710709865540225916e-03
-7.713576374516627546e-03
-7.713606371287723244e-03
-7.715424561316223777e-03
-7.712933057681623308e-03
-7.714480664084164517e-03
-7.714092608502981160e-03
-7.710852854292751801e-03
-7.712644837951842733e-03
-7.712334336272873639e-03
-7.709721339609781378e-03
-7.710056114852556139e-03
-7.713005162730521107e-03
-7.710658749111075697e-03
-7.711961599005293100e-03
-7.713930075999664814e-03
-7.714074107103543500e-03
-7.718079081144155716e-03
-7.712266095116126520e-03
-7.714506662764015858e-03
-7.711143643939007315e-03
-7.709442494875345941e-03
-7.714280268526226871e-03
-7.715770947932263334e-03
-7.713454343136420983e-03
-7.712049579929801564e-03
-7.710337129747765750e-03
-7.712443290198503498e-03
-7.709598196296431165e-03
-7.711598052788743926e-03
-7.713329950828640320e-03
-7.713763230206878083e-03
-7.713750172502251319e-03
-7.713167305444952257e-03
-7.713760217088532108e-03
-7.713051366565631430e-03
-7.711309913514677490e-03
-7.713237626092811668e-03
-7.712356712948472900e-03
-7.714358674913712743e-03
-7.713176412153399490e-03
-7.714434138055299879e-03
-7.714751841672222096e-03
-7.709754782415189148e-03
-7.713841160011961073e-03
-7.718339397138371076e-03
-7.715068688290407581e-03
-7.712468229277545835e-03
-7.714684196408265818e-03
-7.714105715733459226e-03
-7.710419679582651044e-03
-7.713085311116863775e-03
-7.711436454746829934e-03
-7.709792433950853584e-03
-7.714545116077250846e-03
-7.716264337120820431e-03
-7.718945936422653455e-03
-7.714278078799453701e-03
-7.713839960985823148e-03
-7.714025776380404632e-03
-7.715714643530866869e-03
-7.717872937831035673e-03
-7.715811030093134952e-03
-7.716948911799702097e-03
-7.713581237013693130e-03
-7.716144041503322781e-03
-7.711961521308021740e-03
-7.716107779294213188e-03
-7.713772187307195612e-03
-7.711303776701699565e-03
-7.715931712026784413e-03
-7.713154922152428046e-03
-7.717774642558011301e-03
-7.714802045704835520e-03
-7.711413265093391110e-03
-7.713503037429955862e-03
-7.714618564098004762e-03
-7.713342618115233244e-03
-7.712504118598047416e-03
-7.713997611776189818e-03
-7.711354529377103043e-03
-7.712223647311145479e-03
-7.713420574991046441e-03
-7.713605406761440617e-03
-7.711144086891037405e-03
-7.711962625930035391e-03
-7.714802272000247617e-03
-7.712563108059180064e-03
-7.713292205151408079e-03
-7.712152394932339332e-03
-7.714169080500794286e-03
-7.715981037631650628e-03
-7.715099824744999293e-03
-7.716088744424094703e-03
-7.713291802244517936e-03
-7.712596726554029128e-03
-7.716536159471627278e-03
-7.713173554175631851e-03
-7.712593345146367442e-03
-7.716284793260821950e-03
-7.715740096346714906e-03
-7.714548432484548066e-03
-7.717414192242364086e-03
-7.712588722457969573e-03
-7.718091897717595413e-03
-7.714600235279748218e-03
-7.712144299901647557e-03
-7.712497858885675704e-03
-7.712580203613261798e-03
-7.709892950342509856e-03
-7.712895866930935887e-03
-7.717042333893026421e-03
-7.711177423649119740e-03
-7.713982261190840961e-03
-7.711723542288840758e-03
-7.713521804925628847e-03
-7.717589059004840470e-03
-7.715449368374345876e-03
-7.715362585451824955e-03
-7.712198831369932069e-03
-7.715844458482293278e-03
-7.715433531305430914e-03
-7.712847568994879964e-03
-7.714398372417303508e-03
-7.710281251502549942e-03
-7.715688741910729960e-03
-7.715820975711175020e-03
-7.714393486669731369e-03
-7.716549278658245414e-03
-7.716117969165746555e-03
-7.716077246332942764e-03
-7.715068334246540441e-03
-7.716452692190854494e-03
-7.714983486625094297e-03
-7.715447099028168755e-03
-7.712880411284325256e-03
-7.715420269819387063e-03
-7.716042060559033695e-03
-7.713992919860058160e-03
-7.715080320522445419e-03
-7.718457980921326553e-03
-7.716334097648118798e-03
-7.714998092127052336e-03
-7.714099682846565186e-03
-7.716483332116329773e-03
-7.717106820113717007e-03
-7.714279978586627631e-03
-7.714477742434646713e-03
-7.715808639847485106e-03
-7.715120492942854728e-03
-7.714828453851366175e-03
-7.716696916491396115e-03
-7.716850552528099587e-03
-7.716705763402362077e-03
-7.715508957428706023e-03
-7.714195217085219672e-03
-7.712389347806517144e-03
-7.715147068604951038e-03
-7.714308235677890847e-03
-7.713624884657252490e-03
-7.712550591215527364e-03
-7.714057513535647025e-03
-7.710101224368127830e-03
-7.714308094096659733e-03
-7.714669456877870125e-03
-7.718357347841783497e-03
-7.714550805905474005e-03
-7.712197346396458021e-03
-7.713637906675430665e-03
-7.717121573661657637e-03
-7.714852211127528128e-03
-7.713310893034945603e-03
-7.713003921523976444e-03
-7.717407123695146920e-03
-7.720218780166146141e-03
-7.715960613252246733e-03
-7.713401077503280641e-03
-7.710612312157065322e-03
-7.717457620182756328e-03
-7.714249707248535190e-03
-7.716775270601716752e-03
-7.713161560174328427e-03
-7.716722570147513914e-03
-7.712449476652907809e-03
-7.717367623470301578e-03
-7.717032894192447923e-03
-7.714926998257608075e-03
-7.714600927724322987e-03
-7.715897232189935021e-03
-7.714843664246482345e-03
-7.718832941874200285e-03
-7.716689378638327823e-03
-7.711919689309412740e-03
-7.715554587986307548e-03
-7.715087163690862761e-03
-7.715747206669481238e-03
-7.712606311835658313e-03
-7.720204445463198055e-03
-7.717513442071203926e-03
-7.715819852078181947e-03
-7.714645682088748339e-03
-7.716944221109493449e-03
-7.715344229325028433e-03
-7.715432726963842788e-03
-7.718119951468782082e-03
-7.718328836086929719e-03
-7.715154178435541625e-03
-7.713115886089644789e-03
-7.713861058369466187e-03
-7.715917745657162839e-03
-7.714694140478724378e-03
-7.715346431959440969e-03
-7.711319610336252357e-03
-7.713442273254748731e-03
-7.712278654868335269e-03
-7.719391221330658588e-03
-7.720043957229279566e-03
-7.713655220084117414e-03
-7.713071988161428715e-03
-7.712102891157883791e-03
-7.714887897419029847e-03
-7.720106167886027146e-03
-7.715130369978870188e-03
-7.715691076261561518e-03
-7.715881213039803635e-03
-7.713879037647088446e-03
-7.714001705441078660e-03
-7.712535236693891447e-03
-7.714783837181812820e-03
-7.717306566475856840e-03
-7.713960763467244026e-03
-7.714216394534934539e-03
-7.716300400187428056e-03
-7.716875905917955879e-03
-7.714938784567156212e-03
-7.718882172149261686e-03
-7.712847633727910532e-03
-7.718704621482497252e-03
-7.717123513418799874e-03
-7.719264895524604111e-03
-7.718058251008415305e-03
-7.715760782778384105e-03
-7.714128015653604065e-03
-7.717581385383969796e-03
-7.718112199643182257e-03
-7.714458340697596429e-03
-7.711234121088876743e-03
-7.715504409699759127e-03
-7.719601599341196878e-03
-7.720999514645499918e-03
-7.717272322437464596e-03
-7.716360527732410955e-03
-7.715601726918979754e-03
-7.712833281163776825e-03
-7.719997786363873467e-03
-7.716175573185248861e-03
-7.716393084117748567e-03
-7.716523129069238242e-03
-7.715778948694111510e-03
-7.712284096291076481e-03
-7.717531183886519423e-03
-7.711971844649959107e-03
-7.716756165439639381e-03
-7.715842437828625451e-03
-7.717906313698942762e-03
-7.714826711514003246e-03
-7.715211529251612618e-03
-7.717729462598466907e-03
-7.713411252753585301e-03
-7.720000004394135529e-03
-7.714513051589768147e-03
-7.715315665835692505e-03
-7.718031207609600715e-03
-7.716568298117144724e-03
-7.714675758125540475e-03
-7.719226654810965038e-03
-7.714518234951922571e-03
-7.714281034096580510e-03
-7.717964852427742009e-03
-7.714180584283576551e-03
-7.715733062887563873e-03
-7.717366478969131527e-03
-7.713178802725846953e-03
-7.714142039418178144e-03
-7.717360401361579754e-03
-7.715845916966141728e-03
-7.715845859880375926e-03
-7.717837182595083112e-03
-7.716227354442064222e-03
-7.717109197081866226e-03
-7.714754560702250137e-03
-7.716357416309938856e-03
-7.717527019145039788e-03
-7.715804024163818234e-03
-7.714069182679909008e-03
-7.717252720664340669e-03
-7.719646583928546288e-03
-7.715646452265426114e-03
-7.714151739328618980e-03
-7.717622880864376603e-03
-7.718437069039642794e-03
-7.713928858272709084e-03
-7.715428211091696076e-03
-7.715661194734650674e-03
-7.715642825900855505e-03
-7.716092210119076568e-03
-7.714297946591897048e-03
-7.716770375862191597e-03
-7.721040649293353653e-03
-7.716535621677130842e-03
-7.720394732858409589e-03
-7.719520255971737410e-03
-7.714532230757888999e-03
-7.716034104704108318e-03
-7.716142886216910239e-03
-7.717457498648611601e-03
-7.717794300085393210e-03
-7.720729840345721788e-03
-7.719979245664123670e-03
-7.716095826670557600e-03
-7.718167005327035424e-03
-7.723002484355637708e-03
-7.716782799877378030e-03
-7.719081490520483639e-03
-7.711964225540294746e-03
-7.714536395664163895e-03
-7.719196619537150965e-03
-7.717557402517227771e-03
-7.716411228254523198e-03
-7.720329161648335943e-03
-7.717053610450038369e-03
-7.719438387536785122e-03
-7.714564348984790862e-03
-7.716937806762082588e-03
-7.718395633952102042e-03
-7.718241000736657080e-03
-7.717196182915463977e-03
-7.717879177330205613e-03
-7.715436525913772596e-03
-7.718025638609632075e-03
-7.715677291938233782e-03
-7.716503820062203464e-03
-7.719329024133306065e-03
-7.716106977677730794e-03
-7.715103414383959503e-03
-7.714966024277922739e-03
-7.721117796987079195e-03
-7.716141142394076710e-03
-7.718134119470171361e-03
-7.715704388611637973e-03
-7.719477055158759267e-03
-7.714269905627499369e-03
-7.718162004257141280e-03
-7.713362885280282757e-03
-7.714212049012935876e-03
-7.714399727458638722e-03
-7.719476842613503566e-03
-7.711727425889205664e-03
-7.714877377882318511e-03
-7.718265983154772199e-03
-7.715755057855637304e-03
-7.715288162528993569e-03
-7.716810953373836636e-03
-7.717556689557015202e-03
-7.714672170446890652e-03
-7.714068869759305516e-03
-7.716018441970062813e-03
-7.715957316885661658e-03
-7.718989506454805062e-03
-7.717140434899044665e-03
-7.717137399095190704e-03
-7.716648046782996311e-03
-7.716245246727585459e-03
-7.715017632480268041e-03
-7.717418081644125682e-03
-7.717026602345625728e-03
-7.713117456788215996e-03
-7.715787256586529794e-03
-7.719063796757875788e-03
-7.717692498103280799e-03
-7.718269326813651486e-03
-7.715848962651561740e-03
-7.718530686376985119e-03
-7.717535737913596740e-03
-7.715435398795191836e-03
-7.713881267191498650e-03
-7.714985166395389379e-03
-7.717599972460094555e-03
-7.718414329709209418e-03
-7.716808254431432867e-03
-7.713052294814792993e-03
-7.717979821404439070e-03
-7.716659453695802993e-03
-7.715183787437333678e-03
-7.719033173460297485e-03
-7.719547297738991662e-03
-7.715018987174361922e-03
-7.714425258013957003e-03
-7.715297338355378738e-03
-7.715541345319788628e-03
-7.717916967782913716e-03
-7.718887309728353005e-03
-7.714595247167652971e-03
-7.713743802308833421e-03
-7.719682328344563624e-03
-7.718997612105980496e-03
-7.718431471229224468e-03
-7.718481394809908851e-03
-7.715126070419351008e-03
-7.717827822963216691e-03
-7.716310042013427122e-03
-7.722782834652170379e-03
-7.717164068324446242e-03
-7.719389245388143077e-03
-7.719818875917917010e-03
-7.714705263047704799e-03
-7.716899270845537992e-03
-7.715135898315767828e-03
-7.717684354658465619e-03
-7.716280926207230544e-03
-7.715390051010149151e-03
-7.717101070422431423e-03
-7.719218212536248062e-03
-7.718734712963275756e-03
-7.718615054349342586e-03
-7.718870365388886753e-03
-7.718060985971031927e-03
-7.714315390753082036e-03
-7.716797718522933058e-03
-7.721426165495912965e-03
-7.716730467215836102e-03
-7.715719087805168741e-03
-7.716463108642544408e-03
-7.717947914280271458e-03
-7.716076934710541270e-03
-7.713501875020977762e-03
-7.721028183161247026e-03
-7.715900558295247201e-03
-7.719197040861394687e-03
-7.715024233074465124e-03
-7.714448064849869884e-03
-7.718469719262779048e-03
-7.713016758723328578e-03
-7.717831672451485638e-03
-7.718378481517877351e-03
-7.719079204698549128e-03
-7.714029904565425019e-03
-7.716624611302476573e-03
-7.718862284183216835e-03
-7.717461299194298789e-03
-7.716611340595536106e-03
-7.717072255278294331e-03
-7.716436634924546227e-03
-7.712257572494619559e-03
-7.718401127494680346e-03
-7.717431016927081555e-03
-7.717754343317883084e-03
-7.715447889468195555e-03
-7.718690857838383934e-03
-7.715702491833988964e-03
-7.715931511511642596e-03
-7.719502336941824749e-03
-7.716381965326528369e-03
-7.717024274072907877e-03
-7.714464871657921927e-03
-7.717804780490369367e-03
-7.714701647490642723e-03
-7.715879339610966225e-03
-7.718044161439056861e-03
-7.718655507225948356e-03
-7.718932409258902339e-03
-7.719880033480403490e-03
-7.714636440798659268e-03
-7.717646415492080726e-03
-7.717926064816697969e-03
-7.716017495281978986e-03
-7.716398822400884552e-03
-7.716897748458790944e-03
-7.714158389291121513e-03
-7.719576721421287854e-03
-7.720230097602831000e-03
-7.715534351935959996e-03
-7.716720530642287752e-03
-7.714951690581039676e-03
-7.715256228264606199e-03
-7.717698157409560479e-03
-7.715735438071825818e-03
-7.718333274561264314e-03
-7.715739476391694426e-03
-7.715526604253284890e-03
-7.716766599359340707e-03
-7.715145612428400169e-03
-7.717067083824251557e-03
-7.718769313605039831e-03
-7.716360027890054214e-03
-7.721351210315101701e-03
-7.716976624746731302e-03
-7.718855498928561820e-03
-7.716985074311669655e-03
-7.717167725482463637e-03
-7.717009214512447236e-03
-7.716520743658516861e-03
-7.716505006607037205e-03
-7.714644537393108847e-03
-7.713075540952984456e-03
-7.718049837235564994e-03
-7.716602015638487390e-03
-7.714503763585027832e-03
-7.718586270972203379e-03
-7.717519689951861210e-03
-7.714946402315076522e-03
-7.717422423843737708e-03
-7.719836649235966089e-03
-7.718115535148869881e-03
-7.716496231059889743e-03
-7.718890898238017773e-03
-7.718671691664234433e-03
-7.715739319131253646e-03
-7.718261934072490928e-03
-7.716002847094624063e-03
-7.713625992832996367e-03
-7.714990615010721732e-03
-7.717375120167761435e-03
-7.715422897032646506e-03
-7.717658219860137545e-03
-7.715038381682989485e-03
-7.717626032746178165e-03
-7.719896639896792201e-03
-7.716624474163373548e-03
-7.717450862828539350e-03
-7.717294387721273033e-03
-7.718383279760034250e-03
-7.716231035294492634e-03
-7.718135626964201142e-03
-7.717314781504149013e-03
-7.713505969137585995e-03
-7.720142460675519583e-03
-7.715704575951279169e-03
-7.718223009275467297e-03
-7.716642520487226355e-03
-7.714303989959610426e-03
-7.715637196360332524e-03
-7.721413745398896140e-03
-7.717478257345394832e-03
-7.716336342608529943e-03
-7.718928549794461594e-03
-7.716537609689856636e-03
-7.715160256265242954e-03
-7.719459338748021517e-03
-7.717075474139806733e-03
-7.721733198452984670e-03
-7.719712123751133574e-03
-7.717911469012813004e-03
-7.716836563482615090e-03
-7.715620662535475557e-03
-7.717704938969406278e-03
-7.717534950747405136e-03
-7.715118286644199672e-03
-7.717779058066156182e-03
-7.718254023641041295e-03
-7.711046708700404831e-03
-7.720731496136592521e-03
-7.716399954216724387e-03
-7.715395434216321645e-03
-7.715347453400188057e-03
-7.718866477906142186e-03
-7.715912058818093743e-03
-7.717516936607971521e-03
-7.718383414445821947e-03
-7.717669047363117686e-03
-7.717235497493597773e-03
-7.719209499028390972e-03
-7.715589758511734453e-03
-7.718928891440770060e-03
-7.715321739160750647e-03
-7.717825555758335392e-03
-7.720597273495788566e-03
-7.715511564816692966e-03
-7.718696928284684948e-03
-7.717658266617773502e-03
-7.720064266544238510e-03
-7.714597309896071599e-03
-7.715958325923256457e-03
-7.716663099753283232e-03
-7.718698178225688947e-03
-7.719972633988732465e-03
-7.715851803630778376e-03
-7.720160704124279065e-03
-7.718793187526366666e-03
-7.717114288097229845e-03
-7.721588726772999137e-03
-7.718389093497326180e-03
-7.718373374477115710e-03
-7.719432390457504900e-03
-7.720035569446543830e-03
-7.719079086203066604e-03
-7.714871886961134628e-03
-7.719643679910617382e-03
-7.717612856946785664e-03
-7.713813338536048073e-03
-7.716875654362620289e-03
-7.718430281783194083e-03
-7.716907720648018103e-03
-7.718301923403321149e-03
-7.719601142288361195e-03
-7.715695019419704405e-03
-7.718758531380621839e-03
-7.719164907133003843e-03
-7.719333862907597037e-03
-7.717329217685211205e-03
-7.717920736694638961e-03
-7.718433669788368236e-03
-7.722522039056226029e-03
-7.713079313695054597e-03
-7.715766290990818885e-03
-7.717137407385902571e-03
-7.717896343576114739e-03
-7.717668081989732289e-03
-7.719305562206195750e-03
-7.717294646986653898e-03
-7.720080722119495101e-03
-7.715553325174364860e-03
-7.718996965849563192e-03
-7.713379643629356651e-03
-7.717020053407045062e-03
-7.718921270448251583e-03
-7.719563497035655288e-03
-7.719598273915838187e-03
-7.720891367680536750e-03
-7.718999380511093814e-03
-7.714563305040856959e-03
-7.715651185885495818e-03
-7.719661850112903741e-03
-7.719872012637304416e-03
-7.715922434774569703e-03
-7.719202067546722217e-03
-7.716681156133142414e-03
-7.720307617475976637e-03
-7.720862713332770667e-03
-7.719076257449703979e-03
-7.719443157079748825e-03
-7.717549805561863506e-03
-7.719756949600904347e-03
-7.716548878411504282e-03
-7.717096899123603373e-03
-7.718869217226251474e-03
-7.717742980419566370e-03
-7.714978429600858299e-03
-7.719282865468554515e-03
-7.720604554558409445e-03
-7.718591576438287201e-03
-7.719664570816154106e-03
-7.718672034442829004e-03
-7.716904731640239837e-03
-7.721391979109830730e-03
-7.720606406122660324e-03
-7.719923986879687408e-03
-7.721294832593318148e-03
-7.719959889943942520e-03
-7.720554796842505306e-03
-7.720668934953335213e-03
-7.717502368193895727e-03
-7.719479817039571860e-03
-7.719222984740202118e-03
-7.717838303906454991e-03
-7.716849145125309790e-03
-7.718713322328671876e-03
-7.719426056892839116e-03
-7.719327166289902641e-03
-7.718310127561166419e-03
-7.719943954418441792e-03
-7.719969621522445626e-03
-7.715068748320676531e-03
-7.716071248897640907e-03
-7.719360593404912645e-03
-7.718530063957194064e-03
-7.717790606301520688e-03
-7.717545423596600639e-03
-7.716970692404599881e-03
-7.714422521367260421e-03
-7.718131219394892481e-03
-7.716153581328992657e-03
-7.716997355589796936e-03
-7.719750120174696632e-03
-7.719607435287634788e-03
-7.717071913856968224e-03
-7.716068871609955623e-03
-7.716062365191904589e-03
-7.720281332991358290e-03
-7.719952429280647031e-03
-7.714974782520478414e-03
-7.718418730917023414e-03
-7.722252793466687082e-03
-7.720518429542670528e-03
-7.714984998037269399e-03
-7.721456691026188333e-03
-7.720765484335655009e-03
-7.719278874349888922e-03
-7.717943900127148711e-03
-7.716762738053971511e-03
-7.720379746043617812e-03
-7.720094609146551171e-03
-7.719478753153927349e-03
-7.720800090046582055e-03
-7.719414192828022610e-03
-7.721517320129099235e-03
-7.722451718651146373e-03
-7.720382024772516963e-03
-7.718190958744117723e-03
-7.720222099294281673e-03
-7.717702087996305450e-03
-7.719307215514858468e-03
-7.716815127007690955e-03
-7.720016855702608281e-03
-7.719410973569226439e-03
-7.718647768265285945e-03
-7.718284298814639434e-03
-7.723228094955154367e-03
-7.715160844066678951e-03
-7.724660235538014820e-03
-7.716412755110329050e-03
-7.720679983069708360e-03
-7.717162818073491394e-03
-7.719180531311996100e-03
-7.718936311530320664e-03
-7.719409743471717343e-03
-7.719900468045423625e-03
-7.718456747095062305e-03
-7.720688361769983618e-03
-7.718573947398897454e-03
-7.716700134756051752e-03
-7.716516011720549531e-03
-7.720744494121927273e-03
-7.720320922938375165e-03
-7.721815918712268516e-03
-7.720649592902291067e-03
-7.715714151027540553e-03
-7.724831349121881290e-03
-7.718356638176564546e-03
-7.722171413433011680e-03
-7.720989902453905158e-03
-7.718559559422541114e-03
-7.719120200342254393e-03
-7.722880571079831537e-03
-7.715954384349864130e-03
-7.721399658629412611e-03
-7.719597482373612325e-03
-7.720977188649052504e-03
-7.719393457494844700e-03
-7.721255983653212487e-03
-7.722007292659060530e-03
-7.713395363275249786e-03
-7.716812803755064218e-03
-7.719594386374653387e-03
-7.715816530046965861e-03
-7.717179652616025683e-03
-7.720380188307092786e-03
-7.720456314837157753e-03
-7.723084904652025885e-03
-7.722327069474217362e-03
-7.717110191071974330e-03
-7.718900455163110221e-03
-7.718413540085360472e-03
-7.722665794619117986e-03
-7.719144292092200953e-03
-7.719353779934184923e-03
-7.716285414212433261e-03
-7.722383440447276072e-03
-7.718265484745241538e-03
-7.719415284327529707e-03
-7.719527063350729509e-03
-7.717955242821142835e-03
-7.722555222563507425e-03
-7.718234662011201966e-03
-7.720026781013080222e-03
-7.719389056520519279e-03
-7.719510633443190870e-03
-7.718148861794417274e-03
-7.716095698691299333e-03
-7.721152779684434427e-03
-7.721998430397744237e-03
-7.722166277716470406e-03
-7.719710855737201873e-03
-7.722618797385735236e-03
-7.721942004047331783e-03
-7.720352160306699976e-03
-7.718111192037849753e-03
-7.719220236605525698e-03
-7.717273674238639934e-03
-7.723939615604700007e-03
-7.715852103128590343e-03
-7.714066588681985429e-03
-7.721900294695836602e-03
-7.718853357039564059e-03
-7.716684633373782805e-03
-7.717311641084624758e-03
-7.719450217827098469e-03
-7.719483019857822058e-03
-7.717950368034467816e-03
-7.717657675218683212e-03
-7.716954686768906328e-03
-7.721030184486334449e-03
-7.716318761065222784e-03
-7.720494352641111245e-03
-7.720461400915749027e-03
-7.719271101047515612e-03
-7.719389122365311572e-03
-7.718127282208324391e-03
-7.717836129422911244e-03
-7.720509977229450538e-03
-7.723610178347157032e-03
-7.718460713001563077e-03
-7.720582808939147577e-03
-7.716489355280371949e-03
-7.720847906398846036e-03
-7.719593232837359056e-03
-7.714633739075707139e-03
-7.719706218631526735e-03
-7.718223582309007187e-03
-7.717866241120369640e-03
-7.722336489094693349e-03
-7.723366463412499952e-03
-7.718366564898411844e-03
-7.721173097520647385e-03
-7.720045807315408133e-03
-7.719848511253989305e-03
-7.723429894688586643e-03
-7.721180048855671475e-03
-7.722284809528066375e-03
-7.719412995641980468e-03
-7.718851795512565207e-03
-7.717133218577522553e-03
-7.717327948169376735e-03
-7.719747094611034179e-03
-7.718915692044067689e-03
-7.719656549286942407e-03
-7.718439495780303646e-03
-7.720773385364874779e-03
-7.716855579268135958e-03
-7.721452275217480059e-03
-7.721429239041992069e-03
-7.718105901240353457e-03
-7.718484141940902023e-03
-7.719321720966366811e-03
-7.717203850544522570e-03
-7.722310560831008829e-03
-7.719847520459643432e-03
-7.718726738549335810e-03
-7.719193575051602751e-03
-7.724304812784520656e-03
-7.719604377570838880e-03
-7.718607983355165250e-03
-7.720169607719192494e-03
-7.716231713729107544e-03
-7.717068345777257192e-03
-7.718857356660066907e-03
-7.717167996985094779e-03
-7.720462376737074681e-03
-7.719504674576836527e-03
-7.718753244017049694e-03
-7.720258912626273839e-03
-7.721238924123604089e-03
-7.721904194434190891e-03
-7.721682708886489117e-03
-7.721607576804221697e-03
-7.718237258486933434e-03
-7.717202504644407254e-03
-7.722355429753982592e-03
-7.716939333485149134e-03
-7.717226604317123893e-03
-7.719348319020184410e-03
-7.722270992791315132e-03
-7.720679866611522384e-03
-7.722179078371486406e-03
-7.718606482830856277e-03
-7.717706901826847099e-03
-7.722443441700249135e-03
-7.717378659115212494e-03
-7.720775373562383317e-03
-7.717005857937686043e-03
-7.722556471962367837e-03
-7.720023928720792447e-03
-7.720874763703975893e-03
-7.721278945313632749e-03
-7.719614211223710040e-03
-7.719824287844587705e-03
-7.718172485777234117e-03
-7.721456223997441061e-03
-7.718088028150660307e-03
-7.720130598877183482e-03
-7.721805163261428670e-03
-7.717471273919008189e-03
-7.717884809223016229e-03
-7.715992019570514990e-03
-7.716587453106846760e-03
-7.717656173386162020e-03
-7.721157487168008385e-03
-7.717812092933744143e-03
-7.719568635783613693e-03
-7.721442271236851791e-03
-7.721021343840150583e-03
-7.719499604501019012e-03
-7.718771362301200464e-03
-7.721839904195752433e-03
-7.721133852061223476e-03
-7.715381522470916680e-03
-7.720144929792941389e-03
-7.715642272558940681e-03
-7.720418474689123671e-03
-7.718866700981335920e-03
-7.718636777942869918e-03
-7.721255383858096136e-03
-7.718305035684465756e-03
-7.719555894650848536e-03
-7.721257118539584866e-03
-7.720785058822349743e-03
-7.715929558277238517e-03
-7.719452848135076838e-03
-7.719331113566671974e-03
-7.720402913430271866e-03
-7.720312162865354023e-03
-7.720804257243488178e-03
-7.720758692580374435e-03
-7.720041085926225739e-03
-7.722417282365815275e-03
-7.719336515613269348e-03
-7.720118466547937208e-03
-7.717025728409450565e-03
-7.717597851492876727e-03
-7.718403021593876409e-03
-7.721470270384332354e-03
-7.721501120208913542e-03
-7.718932997267261356e-03
-7.722013691578548562e-03
-7.724366014360268921e-03
-7.717773047433298429e-03
-7.719985141331801685e-03
-7.721812698148646306e-03
-7.719762660011855737e-03
-7.721888694061310697e-03
-7.718793187153879035e-03
-7.719554073036490917e-03
-7.719911113220478439e-03
-7.718539122677552100e-03
-7.719025165550187292e-03
-7.715621564261908663e-03
-7.714978919881839044e-03
-7.719247073390610690e-03
-7.720035360471109651e-03
-7.717897856327256105e-03
-7.720558781540931559e-03
-7.720438060480755427e-03
-7.720923986009460907e-03
-7.718636854478197473e-03
-7.719314145888650676e-03
-7.723157244877760889e-03
-7.719424597810107744e-03
-7.721416005866088041e-03
-7.723590938937490054e-03
-7.719929676039674268e-03
-7.718466199968536737e-03
-7.720520728291475551e-03
-7.718857437132149897e-03
-7.720365258430678633e-03
-7.725036007025952098e-03
-7.721402543988021769e-03
-7.720324251917968887e-03
-7.723367492369154208e-03
-7.718386835569630670e-03
-7.720915207828171409e-03
-7.721320418007751943e-03
-7.715249506311331815e-03
-7.717949666625927192e-03
-7.718429069407394504e-03
-7.718559331145638525e-03
-7.719430753468824007e-03
-7.720039250635571046e-03
-7.720309313137121987e-03
-7.719330205741594710e-03
-7.721090450894828316e-03
-7.717771331878944471e-03
-7.718112507176128415e-03
-7.721033928603372558e-03
-7.718789249524260834e-03
-7.720176188273523109e-03
-7.718205325246849102e-03
-7.722028566059232178e-03
-7.718976439595146531e-03
-7.720051950323296094e-03
-7.720285845189035420e-03
-7.721329166306918623e-03
-7.721725546869730519e-03
-7.717200013227856759e-03
-7.719609106310190358e-03
-7.721006357175473969e-03
-7.720804668675054945e-03
-7.719506375690008727e-03
-7.718651301092534570e-03
-7.721784464832512525e-03
-7.720295705598795820e-03
-7.721113534658890012e-03
-7.716264021627417327e-03
-7.721076540813115972e-03
-7.718622207985905911e-03
-7.722552634435618339e-03
-7.717818405032539179e-03
-7.720489902439667783e-03
-7.720356500199024828e-03
-7.723365628758485646e-03
-7.720652521742270638e-03
-7.720315305617700581e-03
-7.723613977034935428e-03
-7.716948169253342628e-03
-7.718932452686678471e-03
-7.720824304861652679e-03
-7.721930526690197645e-03
-7.719873176166796788e-03
-7.719132833022794918e-03
-7.719337382702926367e-03
-7.718738267087551889e-03
-7.719703085541503203e-03
-7.721691760487800482e-03
-7.721147875040973961e-03
-7.719934794843861213e-03
-7.723502113952891539e-03
-7.720721852081737467e-03
-7.720551912337393977e-03
-7.721265004282082227e-03
-7.720079320217932382e-03
-7.719271315101273838e-03
-7.717080141194402818e-03
-7.715783471581256180e-03
-7.720825047938183541e-03
-7.715227770055672722e-03
-7.718679373379561635e-03
-7.718060374773019587e-03
-7.721007273982844442e-03
-7.725612783148788631e-03
-7.722030752121356034e-03
-7.722942738187798216e-03
-7.719110840297909761e-03
-7.719590929694745800e-03
-7.718379516328871190e-03
-7.721093657686752335e-03
-7.720765697266041006e-03
-7.721111880274101127e-03
-7.723085376134797113e-03
-7.720054006449835089e-03
-7.720807988355593218e-03
-7.722095629582777405e-03
-7.720811080831428523e-03
-7.718554677145614620e-03
-7.721732569770019608e-03
-7.721234406649838365e-03
-7.722617214299866244e-03
-7.718274716515895022e-03
-7.720942113555915275e-03
-7.720433069470751704e-03
-7.722526884751031509e-03
-7.720442475061648976e-03
-7.720095015704452231e-03
-7.717672310279310131e-03
-7.720798089018244235e-03
-7.712999621729672850e-03
-7.718417291081772387e-03
-7.720651607103772886e-03
-7.721283677889177743e-03
-7.722579101687235270e-03
-7.724147882923480639e-03
-7.722142330380877585e-03
-7.720318447215661524e-03
-7.721401310214317040e-03
-7.720015147489489582e-03
-7.722231408724764511e-03
-7.717752353404351388e-03
-7.722543907927830256e-03
-7.721025348081061654e-03
-7.719870915523125397e-03
-7.716385476836599804e-03
-7.721905723199260288e-03
-7.717734443314025645e-03
-7.721427077981413319e-03
-7.719982876743606767e-03
-7.721399460374319713e-03
-7.721754390847426416e-03
-7.719749898666646015e-03
-7.719358576693103810e-03
-7.716193546834658815e-03
-7.716652904462293315e-03
-7.720046427014410316e-03
-7.718073265637569007e-03
-7.720971398103085304e-03
-7.722078093287771013e-03
-7.720839729760074592e-03
-7.720178644516048454e-03
-7.719131197283564221e-03
-7.723067752775610202e-03
-7.719183629504126030e-03
-7.720783253707723393e-03
-7.721880845059749150e-03
-7.720790999252269415e-03
-7.722916464693926376e-03
-7.721742330776875697e-03
-7.722017029723001261e-03
-7.723562304492934127e-03
-7.717391553516022608e-03
-7.719680430154844501e-03
-7.720076615012575784e-03
-7.721168071587672897e-03
-7.722180517983480257e-03
-7.721128126804617867e-03
-7.720942991779390988e-03
-7.721033607322471369e-03
-7.719950262622643847e-03
-7.718789615084402020e-03
-7.722009398751425273e-03
-7.718934594240604852e-03
-7.722454300197289893e-03
-7.720033059310577560e-03
-7.716446470874327446e-03
-7.722232782026149447e-03
-7.719091806087540440e-03
-7.720394506747952842e-03
-7.720239513988703429e-03
-7.715493275931815075e-03
-7.719364048853445855e-03
-7.720576095863752528e-03
-7.721614180414766368e-03
-7.716919791288140949e-03
-7.722452731709373089e-03
-7.719064627763783104e-03
-7.722145363042922685e-03
-7.719810957529078289e-03
-7.720840026060891807e-03
-7.723087378963646929e-03
-7.721385125194039911e-03
-7.720192864141417997e-03
-7.720104136568667168e-03
-7.724525162333364947e-03
-7.720753682325181069e-03
-7.721270152397567352e-03
-7.723211288799969841e-03
-7.720820119622566827e-03
-7.722281244373047950e-03
-7.722405521244109401e-03
-7.720209422140829683e-03
-7.719407355836691020e-03
-7.722194480053944446e-03
-7.722331555555987312e-03
-7.721472867237346230e-03
-7.719226475686923050e-03
-7.722935789707154053e-03
-7.720897227087463420e-03
-7.718867280127448931e-03
-7.718482500181486974e-03
-7.721614398312876514e-03
-7.725237986035513905e-03
-7.722584375874171417e-03
-7.719468049820953949e-03
-7.720346655210051472e-03
-7.723952141538949039e-03
-7.719956090986026045e-03
-7.722818872744989342e-03
-7.720754622037086581e-03
-7.721531847758061028e-03
-7.718453522045208397e-03
-7.719539533936618965e-03
-7.720886860277607552e-03
-7.719664282141761556e-03
-7.721465147287008383e-03
-7.718436111014297975e-03
-7.722617900847265036e-03
-7.720317315123647640e-03
-7.719656845491890129e-03
-7.722848809847243125e-03
-7.723272103630131162e-03
-7.720963682106981966e-03
-7.719121482360332027e-03
-7.720024447564884269e-03
-7.720471602939660456e-03
-7.722427112866956690e-03
-7.715705856324370573e-03
-7.719736926249227971e-03
-7.718254118952500541e-03
-7.719484392826514788e-03
-7.723600640295391097e-03
-7.722182160104818470e-03
-7.720929670371223449e-03
-7.720234644944972725e-03
-7.722275089928255613e-03
-7.718698064379706826e-03
-7.721460719069349506e-03
-7.719845469147139025e-03
-7.721955495192404408e-03
-7.722084187942229207e-03
-7.720991918132647999e-03
-7.721976950512388603e-03
-7.720969920783593739e-03
-7.720925097554789777e-03
-7.719386980531752970e-03
-7.720415427360906649e-03
-7.722184389593564867e-03
-7.720616164216952126e-03
-7.721266084629109343e-03
-7.717365777662630807e-03
-7.721546101390330298e-03
-7.718522931243751613e-03
-7.716835852010953123e-03
-7.720723105981117627e-03
-7.718589673020108052e-03
-7.718746420585731460e-03
-7.720273651239566333e-03
-7.720921837092220574e-03
-7.719853656694082404e-03
-7.722399984763888073e-03
-7.723013953381892456e-03
-7.719490008815103020e-03
-7.718367673609691747e-03
-7.720937141591109262e-03
-7.720251911875953242e-03
-7.720134732718241140e-03
-7.721627460793384357e-03
-7.717625035030417462e-03
-7.721293769903486183e-03
-7.720631701135390566e-03
-7.721769987504358522e-03
-7.720366008567036177e-03
-7.723402673049472797e-03
-7.718559949432564522e-03
-7.719146838597419451e-03
-7.721055475934859337e-03
-7.719066423794121445e-03
-7.720205506641946228e-03
-7.719292304905327542e-03
-7.720092454273450033e-03
-7.719564136245147916e-03
-7.719055496472328366e-03
-7.721060317402920863e-03
-7.717693321433770522e-03
-7.719534343606121972e-03
-7.719136392132149374e-03
-7.722745347286781407e-03
-7.720560173391901107e-03
-7.718339815747779498e-03
-7.717616299683418765e-03
-7.718704778917372285e-03
-7.720025180977918566e-03
-7.720696544540546317e-03
-7.720744207117366531e-03
-7.716996167966568877e-03
-7.718933357535823735e-03
-7.719890820154651744e-03
-7.718846214428963862e-03
-7.721464711623059023e-03
-7.719714359520422030e-03
-7.720320798364176985e-03
-7.719819659184714786e-03
-7.720383788828384490e-03
-7.721440898017551367e-03
-7.722429404845493339e-03
-7.718828853279339174e-03
-7.721635671092083077e-03
-7.719827958910098313e-03
-7.718526722866248489e-03
-7.717974311739136950e-03
-7.720626337176695816e-03
-7.721178082239843823e-03
-7.720262051852874730e-03
-7.718064818772375595e-03
-7.719223392966145618e-03
-7.721812425087676637e-03
-7.719652146540003680e-03
-7.721099372440343687e-03
-7.719726193010397267e-03
-7.722968971741577156e-03
-7.721550258263583030e-03
-7.718815090632413431e-03
-7.720214846083943774e-03
-7.722682409328898712e-03
-7.719135914973277932e-03
-7.721564608699309044e-03
-7.721541187941651126e-03
-7.716978591597369388e-03
-7.725292048191586929e-03
-7.717940972776401488e-03
-7.719250338442852286e-03
-7.720553972417796250e-03
-7.723422981043589000e-03
-7.724779104034061941e-03
-7.725597092863834524e-03
-7.720379558893701588e-03
-7.721764972259683238e-03
-7.718802544613313950e-03
-7.719549922809822509e-03
-7.719713820588986093e-03
-7.719367865001313181e-03
-7.721296945399219736e-03
-7.722837244672078362e-03
-7.719541350712851024e-03
-7.715463122772680572e-03
-7.718886407842674886e-03
-7.721629035953902001e-03
-7.716746000594235620e-03
-7.720420697407336282e-03
-7.716662902899364650e-03
-7.719853394845942011e-03
-7.724138892791306346e-03
-7.720630635238164181e-03
-7.720359422290426141e-03
-7.722439088731343666e-03
-7.719018162542007865e-03
-7.721903705384692944e-03
-7.721326338022521142e-03
-7.715382820499912600e-03
-7.725580391099512272e-03
-7.721374174916987611e-03
-7.718453718204522016e-03
-7.720669710780440897e-03
-7.720381210559459743e-03
-7.720971346173865699e-03
-7.720247446775993332e-03
-7.718919156216074232e-03
-7.721066268270563270e-03
-7.719786771753418299e-03
-7.723630703154944419e-03
-7.721812902357974573e-03
-7.717522947946400293e-03
-7.720860023851136740e-03
-7.721554922586097193e-03
-7.720083475609311463e-03
-7.716870145231960812e-03
-7.720593129587606691e-03
-7.718430212061580184e-03
-7.723344145826088226e-03
-7.721411142319457507e-03
-7.720878079564112706e-03
-7.720735229386713021e-03
-7.722558760857124727e-03
-7.719798080667895045e-03
-7.718184830465232502e-03
-7.721343881907511732e-03
-7.721862772702666952e-03
-7.720214000857511527e-03
-7.722087109743888331e-03
-7.717690647240803628e-03
-7.723023348525722039e-03
-7.716868673950614925e-03
-7.719832716271926576e-03
-7.722189979198062874e-03
-7.720707414424436872e-03
-7.722587606378888449e-03
-7.718634124429183362e-03
-7.722107748470857964e-03
-7.721165523384934670e-03
-7.720955630027326148e-03
-7.718280788421453230e-03
-7.719119112912891691e-03
-7.717509094062388088e-03
-7.718716774447624551e-03
-7.723305397818160979e-03
-7.718513077622910466e-03
-7.715662914254795002e-03
-7.722539780658336205e-03
-7.717955267428236975e-03
-7.718845141947571972e-03
-7.719541708137035892e-03
-7.719914787895645891e-03
-7.720089011662338921e-03
-7.718921201027999050e-03
-7.722283209830112412e-03
-7.718696149329339409e-03
-7.722607374104449064e-03
-7.721471078928849284e-03
-7.719477810665817223e-03
-7.719810105775158290e-03
-7.719836050139977125e-03
-7.721911557784071241e-03
-7.720028720003858057e-03
-7.720423194319349369e-03
-7.720025285342663711e-03
-7.719713274077322045e-03
-7.721934529507598101e-03
-7.721289630095741312e-03
-7.719523842248111369e-03
-7.720619777161501565e-03
-7.720206962496922731e-03
-7.722201485194687097e-03
-7.719639761760869155e-03
-7.724592909341508953e-03
-7.717400037318432326e-03
-7.716981342381517596e-03
-7.720067347024925884e-03
-7.720542292091596946e-03
-7.723104646634245014e-03
-7.720200540583184966e-03
-7.719469861207107868e-03
-7.721193153959851271e-03
-7.722595970884177374e-03
-7.719882284832700788e-03
-7.721010721062287509e-03
-7.718261976033135956e-03
-7.725256175339111943e-03
-7.720870963726434930e-03
-7.721125152115331305e-03
-7.718196858191061702e-03
-7.720360923456399786e-03
-7.718516078032621082e-03
-7.719143163063173566e-03
-7.721478002462504528e-03
-7.722046342768153042e-03
-7.722615087396792442e-03
-7.718364107743963184e-03
-7.721464658908121573e-03
-7.719937317493237930e-03
-7.721424196312879316e-03
-7.716267235297252780e-03
-7.722192775356401598e-03
-7.719331737011937873e-03
-7.718648241673021701e-03
-7.723216216735846913e-03
-7.719978132379064044e-03
-7.723248798633355026e-03
-7.719050266435804712e-03
-7.722132136861604990e-03
-7.717977072391990837e-03
-7.716907694218282966e-03
-7.719989575811487918e-03
-7.717405896508160341e-03
-7.721491685498534270e-03
-7.718976001732388327e-03
-7.722290153685877970e-03
-7.718868882886409204e-03
-7.721484998643236494e-03
-7.721534493008134700e-03
-7.722021897986012726e-03
-7.719130631913885196e-03
-7.718701654005142264e-03
-7.718926027009372255e-03
-7.720937544250745799e-03
-7.720498903801638682e-03
-7.720707640385480151e-03
-7.723028148859935500e-03
-7.722418783827904483e-03
-7.718843140633640555e-03
-7.719303847609475071e-03
-7.717804317417616480e-03
-7.717826802500246490e-03
-7.717367566325828397e-03
-7.723336117235171140e-03
-7.720927122977737193e-03
-7.719124828472458989e-03
-7.721022158085948106e-03
-7.718915123633017690e-03
-7.717671555475776220e-03
-7.720405341321985061e-03
-7.719514796427404298e-03
-7.721118132354908188e-03
-7.716556413464849447e-03
-7.721866683347898205e-03
-7.721630862743467105e-03
-7.713482040410697162e-03
-7.722693346899894319e-03
-7.721972575060924784e-03
-7.717938948814561349e-03
-7.719798149126968524e-03
-7.720996885469262085e-03
-7.718979085637669643e-03
-7.719892430035078627e-03
-7.725269259199862848e-03
-7.722011589476197868e-03
-7.716921845730832438e-03
-7.718182808264056026e-03
-7.717926754289999337e-03
-7.721154283113569085e-03
-7.719569195890121742e-03
-7.720120052708255749e-03
-7.722061199983309976e-03
-7.718303451248543882e-03
-7.717288662301773419e-03
-7.721810958806745763e-03
-7.719912901748509845e-03
-7.718828864729084839e-03
-7.722675467943953577e-03
-7.721365427421873935e-03
-7.720988226558957168e-03
-7.725202431915391063e-03
-7.721835855973635532e-03
-7.717189513134970445e-03
-7.717860145125947716e-03
-7.716672072309450903e-03
-7.720117401316240087e-03
-7.721890379991825683e-03
-7.724163526438196023e-03
-7.716740784697522816e-03
-7.721559290706639551e-03
-7.720955317728030350e-03
-7.719646274966446460e-03
-7.722049952485010062e-03
-7.718464160271989657e-03
-7.720974054216359073e-03
-7.717042884233177476e-03
-7.718070842123412288e-03
-7.723449322396646125e-03
-7.717872965979922541e-03
-7.719872078767402342e-03
-7.722847316935966752e-03
-7.719590738056671467e-03
-7.717618365405192089e-03
-7.720238210684527910e-03
-7.723045293664383172e-03
-7.723255084577339107e-03
-7.717600093551692242e-03
-7.718314220435520089e-03
-7.717514623004555034e-03
-7.721483283588241771e-03
-7.721743389167597116e-03
-7.722671169556854197e-03
-7.724354247215879828e-03
-7.719220891791409543e-03
-7.720864571369130853e-03
-7.716697696521212894e-03
-7.721197574444808517e-03
-7.722944262661531230e-03
-7.720938436123898387e-03
-7.723372400793175607e-03
-7.719925667976247977e-03
-7.718578364329570229e-03
-7.718337450992913615e-03
-7.721278239194091439e-03
-7.722650782025049059e-03
-7.723219787181427598e-03
-7.722336127456976181e-03
