5.674638802331942733e-01
5.697153907173675425e-01
5.694851395520326154e-01
5.688828485818974157e-01
5.706101791240968391e-01
5.700593641491347174e-01
5.687992384105090560e-01
5.692410161691605630e-01
5.697936233850111609e-01
5.683276507458128179e-01
5.684889860752875279e-01
5.683811673699811218e-01
5.685714453978553129e-01
5.692872072456464094e-01
5.692915634112847290e-01
5.697395958776090286e-01
5.699781679736612983e-01
5.685460813427313242e-01
5.686732097583023782e-01
5.691143763076994544e-01
5.704502744280449678e-01
5.688576454016097683e-01
5.677114757844282655e-01
5.689481560960730766e-01
5.686105096977184248e-01
5.705224920332321314e-01
5.690674534482725866e-01
5.687260715030276748e-01
5.682986070150655156e-01
5.688975648215008896e-01
5.700186149448053241e-01
5.695152057353897179e-01
5.703827301725867827e-01
5.691678089220034709e-01
5.694626014038204342e-01
5.694928309273039613e-01
5.701182296909750313e-01
5.677307323758621349e-01
5.689777305266032759e-01
5.697391284071383621e-01
5.692122650131322681e-01
5.701259850083735259e-01
5.690834651215687101e-01
5.681101089877051979e-01
5.678622838640982051e-01
5.689038457756241396e-01
5.688912312889146117e-01
5.698254419452308817e-01
5.682051627607475064e-01
5.696516372339619494e-01
5.690578100237625447e-01
5.683361634224876058e-01
5.686355843723651660e-01
5.705180308224419017e-01
5.692021376055768078e-01
5.692702273768520671e-01
5.683944374692027068e-01
5.694794519212540429e-01
5.692453294710787537e-01
5.688970628581863087e-01
5.693674057200655003e-01
5.696436215990129392e-01
5.688610700040529489e-01
5.699869371101480287e-01
5.697759061696036076e-01
5.708965454646200977e-01
5.699111522511566275e-01
5.694514538751661581e-01
5.672416780320759244e-01
5.695926904015392589e-01
5.710216915476592492e-01
5.708533705047037499e-01
5.710674257761950701e-01
5.699443316806734883e-01
5.702041697168250822e-01
5.703277561849738886e-01
5.688995327450171446e-01
5.700562483423193827e-01
5.706027270869193924e-01
5.708673152689113239e-01
5.694076650394620520e-01
5.681458444263143281e-01
5.687777897518695447e-01
5.686682547739015936e-01
5.692011855113655594e-01
5.710163823848740661e-01
5.699048046526327127e-01
5.707651670121202114e-01
5.695393186813725306e-01
5.688942284558498041e-01
5.702278828371012409e-01
5.700186348685362114e-01
5.702932947674608233e-01
5.693210269646135080e-01
5.680670234883782310e-01
5.696507608795293720e-01
5.682973527634157529e-01
5.675781947098877955e-01
5.673747487242247756e-01
5.669167512798034547e-01
5.706246595805355426e-01
5.684251840054236338e-01
5.690389849997052885e-01
5.680874269319763359e-01
5.685829455386234299e-01
5.681825974922075639e-01
5.674438211545579369e-01
5.689923996217436386e-01
5.698947514779529877e-01
5.679006645325835878e-01
5.679818560635876423e-01
5.713418484662349250e-01
5.687222685365235231e-01
5.691875106684032293e-01
5.688844291693297972e-01
5.679709448452049392e-01
5.674322641506897025e-01
5.697695644204113785e-01
5.689660854185540906e-01
5.703899036739935591e-01
5.690313008388270255e-01
5.695591577082076418e-01
5.704644389178148423e-01
5.692327506525532987e-01
5.693511532072006442e-01
5.688404434776268559e-01
5.698024355101826144e-01
5.694209937093189788e-01
5.707842064835343399e-01
5.694717113538720898e-01
5.656439726107386212e-01
5.682954202868853999e-01
5.690705592689725423e-01
5.678027736324166019e-01
5.693982071443776105e-01
5.675152545851479546e-01
5.680043495054390990e-01
5.682716528125041355e-01
5.695413129540993769e-01
5.691326258748627964e-01
5.685795383962991556e-01
5.701212467229156422e-01
5.697650096818087651e-01
5.689317783426043329e-01
5.691093360068648632e-01
5.685765290846195308e-01
5.699696435878265355e-01
5.696993572574652331e-01
5.683163295355805333e-01
5.675645965787593505e-01
5.688653310032121269e-01
5.705064375421395884e-01
5.701509310791580409e-01
5.711118637205617743e-01
5.702698905176869504e-01
5.690304186149375276e-01
5.696488960749351849e-01
5.697445063146681088e-01
5.694102490177218590e-01
5.683364043171589275e-01
5.693184845174872333e-01
5.707018505246936879e-01
5.688874619275080535e-01
5.698722803354961952e-01
5.697670613102133741e-01
5.684232921706577901e-01
5.691899138543996539e-01
5.693201864607262408e-01
5.683286712722759315e-01
5.674989224068308635e-01
5.695332935763094406e-01
5.693092638683131534e-01
5.686339337307954045e-01
5.694102666877286500e-01
5.691273263031030316e-01
5.690964580147011009e-01
5.694493988611777358e-01
5.692740286581955411e-01
5.694499080522276158e-01
5.691714929517228683e-01
5.681733029750808406e-01
5.681526586454669348e-01
5.682080367270476717e-01
5.681428520875677624e-01
5.690424447214867953e-01
5.692875720494859904e-01
5.691243755311916619e-01
5.693812580291270908e-01
5.694904413071870675e-01
5.683026729409418332e-01
5.693946898898241127e-01
5.707298617521420203e-01
5.710619516913387761e-01
5.710687637958139495e-01
5.702652663904302921e-01
5.692928819850218147e-01
5.688385429179448893e-01
5.693233542578812756e-01
5.697817550908442774e-01
5.695753588884864271e-01
5.693139452084854391e-01
5.686193234577016087e-01
5.693032240152072765e-01
5.695808773563710847e-01
5.697095097045011824e-01
5.694309946851218163e-01
5.695284165699298073e-01
5.691798071163151063e-01
5.715923301101627496e-01
5.709532142863450455e-01
5.686001466950292293e-01
5.704052184238384005e-01
5.688663492206231798e-01
5.703942765630516387e-01
5.686337893384366682e-01
5.683560554183629820e-01
5.690553973280810807e-01
5.694867969974614086e-01
5.705849263115408965e-01
5.695546715114240266e-01
5.685712331446415302e-01
5.694331612343173088e-01
5.711163936613373737e-01
5.679625348060963752e-01
5.690135785709715677e-01
5.690034250755717782e-01
5.691927553578831622e-01
5.686211946850739940e-01
5.698191199167478294e-01
5.700751249683403410e-01
5.691491799430221654e-01
5.696693859187847986e-01
5.689431704748194596e-01
5.690153164310324252e-01
5.699230293103287881e-01
5.684326655540340445e-01
5.690711937118645425e-01
5.685381956181138063e-01
5.695945721267716699e-01
5.689106773253803651e-01
5.693031346195420728e-01
5.695585792560337035e-01
5.694600459117163949e-01
5.701442455447111035e-01
5.697746378956126678e-01
5.691533985220206260e-01
5.681696065811601137e-01
5.691428741356097110e-01
5.694753571073772891e-01
5.684878240045607711e-01
5.683056437494885538e-01
5.688203253859314135e-01
5.692512293986132788e-01
5.694337414707548728e-01
5.676715671552284848e-01
5.698288534898449109e-01
5.685697720487078444e-01
5.698475927329809121e-01
5.693083121258079027e-01
5.670702565690284302e-01
5.699180378602626273e-01
5.678499177371164608e-01
5.702250521025800101e-01
5.683097692164642556e-01
5.687570112572075676e-01
5.687157882304433310e-01
5.680715535918520187e-01
5.686410496903725464e-01
5.692815549109926376e-01
5.689862366077268474e-01
5.692764708676056884e-01
5.690126555398788977e-01
5.702568470775598586e-01
5.686081198871385523e-01
5.696338176491742011e-01
5.683555354869126441e-01
5.690265065356399088e-01
5.706489153893425925e-01
5.686015337656977753e-01
5.697335115717403475e-01
5.695338758884580521e-01
5.706358604220734820e-01
5.693214547344798149e-01
5.689525438194908968e-01
5.683191449635850434e-01
5.696264603086945710e-01
5.701452009897635120e-01
5.694430249385434850e-01
5.688034162888305767e-01
5.697852601196099487e-01
5.685841827992702546e-01
5.692638345495689700e-01
5.693727474730182481e-01
5.695468937421251931e-01
5.694151356901387961e-01
5.686428678786175084e-01
5.699465360633698685e-01
5.694289285046246762e-01
5.696870170287907653e-01
5.691866440902180191e-01
5.688014424118916779e-01
5.697320343757835692e-01
5.708033722032508361e-01
5.692054901412892942e-01
5.679042174054316217e-01
5.687777210861256760e-01
5.686978182834713236e-01
5.694482149570003759e-01
5.699401616120995939e-01
5.694871906584720866e-01
5.684219172048268209e-01
5.698887678160927672e-01
5.690104790563819126e-01
5.685369264588532312e-01
5.692545946977607407e-01
5.698162305751700574e-01
5.689314765169953825e-01
5.694300546319737144e-01
5.681922440835380783e-01
5.685048544514169633e-01
5.685895251595624034e-01
5.682438889269969540e-01
5.695732369796979722e-01
5.709497755176465850e-01
5.703392017108985801e-01
5.692387344069932409e-01
5.692553510581263021e-01
5.687509166828926821e-01
5.678117750080533543e-01
5.687701615758273821e-01
5.687738488254444613e-01
5.699211157820918139e-01
5.690240168307391100e-01
5.664037651050046751e-01
5.686963333464776227e-01
5.690351251172721669e-01
5.683664304533108114e-01
5.687149401790041470e-01
5.692290362483251043e-01
5.693628276654282283e-01
5.698063222975235931e-01
5.684751291266493256e-01
5.697301884841884378e-01
5.695271470779250667e-01
5.698734970074080808e-01
5.685554530012923991e-01
5.697306903920854593e-01
5.689097931645654693e-01
5.696500664822203852e-01
5.701296071945100019e-01
5.699147883778076240e-01
5.692125302958429556e-01
5.694031220120562287e-01
5.688402691610682238e-01
5.688292005552424424e-01
5.697109356653805579e-01
5.693797408123666415e-01
5.692400240555360869e-01
5.693485902666890475e-01
5.692054265946400182e-01
5.683780850919113448e-01
5.683222047056087911e-01
5.685730627527075809e-01
5.686855349039803276e-01
5.692672716860905924e-01
5.695903514378566346e-01
5.698720475519190032e-01
5.695633715599334179e-01
5.685934020142585643e-01
5.697950237880337054e-01
5.683134797523800019e-01
5.685989084270338667e-01
5.693043287795116481e-01
5.697030915062136769e-01
5.692911711328125790e-01
5.693566910314993290e-01
5.697824035905335593e-01
5.697600972315058909e-01
5.691546385896908422e-01
5.692803098742735823e-01
5.695493337929781186e-01
5.694972741264230365e-01
5.692200831413097850e-01
5.699410376993320204e-01
5.699001595409838306e-01
5.693013771946375812e-01
5.698468132833633959e-01
5.681104557266791755e-01
5.691050316681781629e-01
5.690515449241414503e-01
5.703803753753943218e-01
5.707313476340312164e-01
5.692914162171245351e-01
5.707354009581859788e-01
5.696217870633560887e-01
5.696007420107551678e-01
5.692926027263565114e-01
5.694643862724635408e-01
5.698060988546224115e-01
5.694616229476902047e-01
5.701964582850430618e-01
5.677343588590199053e-01
5.690975598517644674e-01
5.693972663945444657e-01
5.689649339169114972e-01
5.695276585141666459e-01
5.673887810950205557e-01
5.696498951223195606e-01
5.696138866799207445e-01
5.697957379384851473e-01
5.699325030385591351e-01
5.688717870869755000e-01
5.689937933827932115e-01
5.689402972431426564e-01
5.695336598727871458e-01
5.701985406237254361e-01
5.694659996376326694e-01
5.705851593876778427e-01
5.680077215906927934e-01
5.689934735084135609e-01
5.687783235957114547e-01
5.693245848049978131e-01
5.699522637062921504e-01
5.692660221300330781e-01
5.705147108180977922e-01
5.695250809729709429e-01
5.699479358675237917e-01
5.686257152386976488e-01
5.692126616649009208e-01
5.686160536070349325e-01
5.694987860313712735e-01
5.692489183218647497e-01
5.693627052468840377e-01
5.693309474518940538e-01
5.694059490741659735e-01
5.692513038496836986e-01
5.701625048006728758e-01
5.695290901726488553e-01
5.700218868935927885e-01
5.707123705739937103e-01
5.697689622338303339e-01
5.686007809286358627e-01
5.691059862455493112e-01
5.696887246972347496e-01
5.688472659466254910e-01
5.683181174286945359e-01
5.678013425288938043e-01
5.695245758395837132e-01
5.696961356655442232e-01
5.693578253345360496e-01
5.692750050088111191e-01
5.688013745844427982e-01
5.700243673339133732e-01
5.683364252835165775e-01
5.688745557667823638e-01
5.687249848383063577e-01
5.703680277307870972e-01
5.695002423175183903e-01
5.690971647777330888e-01
5.688288009260685785e-01
5.694013380977096528e-01
5.691013295311914133e-01
5.681651767040203360e-01
5.684364549037771441e-01
5.707531209844834974e-01
5.691537579183181261e-01
5.698063251776523952e-01
5.690351905275994326e-01
5.687855338021723384e-01
5.698063122106933331e-01
5.683796645295730032e-01
5.689114986672522134e-01
5.682399366915064087e-01
5.698748072048820390e-01
5.686055285908866441e-01
5.698001955384982553e-01
5.688858257267970231e-01
5.685366648829364156e-01
5.694312457338476241e-01
5.695868393628903403e-01
5.699544525902627834e-01
5.694193319843124934e-01
5.689179308114731271e-01
5.694163864745088732e-01
5.702794584702054470e-01
5.704054724918611319e-01
5.698851132352078519e-01
5.693020223494154042e-01
5.689923170043192924e-01
5.696370188916951571e-01
5.684681673609603969e-01
5.693783307892817946e-01
5.701884643855760215e-01
5.673604701598918831e-01
5.691089782601331803e-01
5.686477821547050171e-01
5.695058413879008352e-01
5.689223254750592762e-01
5.688583978014519760e-01
5.700451187801800490e-01
5.677485077569185412e-01
5.696540653375344876e-01
5.699452959096674709e-01
5.692352518185977983e-01
5.694073590986411526e-01
5.692135134750683223e-01
5.685530663265289109e-01
5.689967038644272446e-01
5.678256865317489188e-01
5.689931057457960906e-01
5.686324052600463252e-01
5.684559831850787281e-01
5.692460363031728310e-01
5.689539499393175825e-01
5.684331293508056993e-01
5.704065927564954119e-01
5.693951027593838754e-01
5.696177016500711954e-01
5.696915820023533694e-01
5.684249360785635918e-01
5.687815024843280165e-01
5.687483600634749559e-01
5.696627974727034305e-01
5.687679327218581049e-01
5.693162528731777750e-01
5.687508773824918595e-01
5.679333751288254684e-01
5.691937121632910657e-01
5.695702679569533133e-01
5.687091923062241872e-01
5.683112763538179513e-01
5.690195833610501852e-01
5.692540694854100192e-01
5.696922476593071494e-01
5.701719447713580191e-01
5.693163863270752634e-01
5.684434990977446089e-01
5.691173157575056818e-01
5.699024396143878013e-01
5.693131466225270776e-01
5.684789080628865898e-01
5.696419593309789420e-01
5.677430018847351434e-01
5.691036233466971739e-01
5.696383741098259845e-01
5.690829998078570373e-01
5.689150567942079517e-01
5.686748862770578672e-01
5.690630609436205800e-01
5.694248129941811287e-01
5.691961137666765591e-01
5.702451377544843769e-01
5.702206185097822289e-01
5.698741463339759283e-01
5.689087491249172901e-01
5.688019036195567368e-01
5.682599337171352349e-01
5.688589952684774964e-01
5.695685904016346557e-01
5.695408631771898822e-01
5.688655659207303428e-01
5.695957242245481833e-01
5.687578855808881340e-01
5.695304452609643020e-01
5.688141316596172503e-01
5.681105311699600202e-01
5.692859812627616423e-01
5.697631351033138891e-01
5.703766732124628813e-01
5.694588472732367013e-01
5.683621065860567922e-01
5.685483976473548751e-01
5.700958974898233667e-01
5.701129891700952301e-01
5.690556140089357839e-01
5.694940218690064393e-01
5.681548476265216863e-01
5.697670832988780409e-01
5.697609195850895647e-01
5.698308819028685690e-01
5.697836758950064473e-01
5.693354634305503037e-01
5.685935404075065369e-01
5.695525599650260729e-01
5.689529130465807993e-01
5.685118635036415791e-01
5.701705916330951363e-01
5.681039205894030664e-01
5.686645460570288746e-01
5.695922734245455477e-01
5.686730236341807077e-01
5.692175746321537222e-01
5.696078799328451181e-01
5.686687307934183977e-01
5.693140939758115637e-01
5.692935639767220390e-01
5.682139317479750762e-01
5.691338636624422298e-01
5.691225635795523763e-01
5.695402096886358345e-01
5.690122446624074071e-01
5.686115554184307808e-01
5.696066826614336609e-01
5.686753755318019188e-01
5.674463163626141116e-01
5.687099593125870545e-01
5.705194282121816007e-01
5.692740350842887542e-01
5.691813778020218262e-01
5.694830170967190019e-01
5.695366115026988529e-01
5.694846481967198448e-01
5.688840085741320163e-01
5.693495756193980295e-01
5.683918273617056816e-01
5.695719629412074880e-01
5.692189824290204703e-01
5.696982647812642853e-01
5.695033192079289597e-01
5.683750127988457246e-01
5.687300300437286849e-01
5.696648670882761278e-01
5.688246205712668147e-01
5.706304892163489573e-01
5.689597821815354228e-01
5.688499343493905736e-01
5.690856480160240150e-01
5.697389156706010871e-01
5.700094244336245675e-01
5.688057740625908076e-01
5.686548240484446959e-01
5.683329077566992016e-01
5.690497348367256070e-01
5.689524075910515899e-01
5.694830932410404056e-01
5.691608315303570143e-01
5.695935123791714405e-01
5.692755800922054688e-01
5.702725632126242061e-01
5.686354620907001500e-01
5.689787805327368719e-01
5.684807367461702787e-01
5.695521352710982699e-01
5.698870079025744051e-01
5.689491412556180183e-01
5.684982515346244103e-01
5.685487216984415060e-01
5.684513175923819883e-01
5.703675557105335470e-01
5.683300528206878255e-01
5.697364602253774946e-01
5.696747080670310215e-01
5.683469477163114458e-01
5.689904302384710677e-01
5.680635294598517238e-01
5.686248154665781707e-01
5.701348290171137645e-01
5.709339824642294392e-01
5.693787363695657078e-01
5.689828336325161162e-01
5.686681994031362875e-01
5.677129407377127235e-01
5.696053077947291765e-01
5.699698441811872351e-01
5.694867400302445759e-01
5.704239877369294831e-01
5.691281200714267685e-01
5.706350060129602442e-01
5.688763292706874308e-01
5.697058999220427911e-01
5.700193552566299449e-01
5.698616350972818267e-01
5.702862642509384239e-01
5.681259838987222643e-01
5.698591948007724062e-01
5.697067248857778932e-01
5.696586416559717980e-01
5.688183174530185848e-01
5.696374186806056894e-01
5.691195749408426430e-01
5.685098273556321580e-01
5.686574545330586039e-01
5.695496431711617458e-01
5.690017042739646813e-01
5.680545355824236919e-01
5.674546314562314286e-01
5.689135985552301600e-01
5.678235284859241006e-01
5.701731755541528113e-01
5.697386864984539390e-01
5.693358549690282766e-01
5.696414233339630595e-01
5.684018980077385486e-01
5.701064735073704259e-01
5.693747550809870051e-01
5.694184540454033661e-01
5.681204210329092730e-01
5.691403677811097683e-01
5.692711142376116751e-01
5.689257458188764494e-01
5.690593555912231150e-01
5.692113754332972508e-01
5.690731203894605628e-01
5.696650975447782317e-01
5.697757393415142646e-01
5.684045918697708810e-01
5.692243026873508027e-01
5.691436912441726337e-01
5.696651313783469561e-01
5.689507602702191802e-01
5.682183370801366928e-01
5.694563753601814549e-01
5.700884519726555633e-01
5.700389345059082569e-01
5.692962672328528706e-01
5.698043945910116204e-01
5.690069870818083020e-01
5.698298901673408690e-01
5.696537725940949981e-01
5.682643286647923730e-01
5.680447521537089761e-01
5.699468844669235423e-01
5.683597894846045273e-01
5.670717973191611305e-01
5.683766445239140097e-01
5.686106516106204101e-01
5.687794492694446813e-01
5.693990282956444826e-01
5.698112157350880835e-01
5.689771378784274081e-01
5.700607008622472494e-01
5.686213864856780598e-01
5.702633000479504499e-01
5.697012987098134529e-01
5.692854629546612033e-01
5.694445447178015929e-01
5.694977807833423444e-01
5.695849615866491744e-01
5.685705179959746891e-01
5.689652772419139248e-01
5.690353422568860120e-01
5.695608793858379926e-01
5.702567811774331696e-01
5.703211990840074685e-01
5.696297550933273612e-01
5.697968742737199443e-01
5.689547119786392271e-01
5.692761935491863490e-01
5.696784935047175535e-01
5.692700326933801680e-01
5.700833311759101463e-01
5.703172403637534194e-01
5.702233198372755885e-01
5.691204296214767977e-01
5.693835343782633895e-01
5.689758208543097551e-01
5.691015438793282089e-01
5.698215604370736598e-01
5.688132918258711479e-01
5.689867547042094520e-01
5.694145315046850175e-01
5.694538004822679023e-01
5.698248585632951224e-01
5.697583036823437030e-01
5.694326499882707004e-01
5.686856893070180163e-01
5.682313318637658428e-01
5.684439372734151341e-01
5.692939953237684536e-01
5.695412518793705470e-01
5.694564318152028903e-01
5.658770295871725642e-01
5.687470111652247473e-01
5.683353071177064120e-01
5.689560849831515332e-01
5.687506590187249023e-01
5.697243373920484188e-01
5.692613385999761855e-01
5.682845646702769926e-01
5.695701154624859264e-01
5.692649203419467563e-01
5.698097934896487748e-01
5.671859391997775557e-01
5.702149806356195949e-01
5.683056357211472287e-01
5.697375906671039436e-01
5.698910149579782258e-01
5.691584169818738603e-01
5.687581911958919934e-01
5.692349808641939957e-01
5.692755450121710359e-01
5.696061672499902473e-01
5.700850749362746939e-01
5.686936462186751307e-01
5.691860550346093950e-01
5.695346485093152333e-01
5.699709916287399869e-01
5.700485609132944775e-01
5.687201642991456252e-01
5.691666086972672067e-01
5.693977565206437275e-01
5.690607454913634289e-01
5.688523163438904406e-01
5.692829668656040898e-01
5.698863442983895800e-01
5.690744500276926354e-01
5.707138698708564828e-01
5.681596826918878795e-01
5.683372842961800231e-01
5.689428728452912143e-01
5.693206214149826305e-01
5.700586026701474074e-01
5.690590003998219348e-01
5.687439660024097288e-01
5.689307805915998495e-01
5.690934946319284871e-01
5.690829556152782187e-01
5.686580621039045713e-01
5.695360746929245543e-01
5.681579634898051845e-01
5.688068924590724551e-01
5.695957198971078883e-01
5.693570512688149732e-01
5.692324410220006570e-01
5.683559248324157043e-01
5.697523503490736774e-01
5.682114989330221411e-01
5.697945813435819629e-01
5.691504040934768360e-01
5.686751526462454631e-01
5.702524641642245928e-01
5.686166306980309226e-01
5.691850359801746695e-01
5.687521457161642813e-01
5.689802087393391883e-01
5.697438112473720562e-01
5.692130106218005192e-01
5.697126878730918165e-01
5.692791870443121294e-01
5.693649847731586666e-01
5.684976815541911144e-01
5.691647481815589327e-01
5.693866227145155667e-01
5.699851044421146984e-01
5.687338790263272159e-01
5.693924661436551293e-01
5.694061895274745710e-01
5.694365140618516952e-01
5.705134371970824736e-01
5.685574288074779492e-01
5.688201646250863330e-01
5.695492853499893871e-01
5.686817315866151690e-01
5.691783179297622564e-01
5.684609849835247086e-01
5.697994716320453623e-01
5.698353844815781111e-01
5.693138151956423920e-01
5.697243757186188917e-01
5.698051525657719107e-01
5.700482022587273212e-01
5.676660566919687900e-01
5.667167620040344245e-01
5.687956043345100410e-01
5.688760391207133837e-01
5.696754386028516359e-01
5.694901403834113918e-01
5.693498952644462374e-01
5.692697820222717420e-01
5.697844500102472454e-01
5.696584854480816196e-01
5.690756344197068772e-01
5.697159883575882988e-01
5.694186989063909632e-01
5.680247121511258213e-01
5.699222092580484844e-01
5.699224102096395184e-01
5.693767357687795627e-01
5.692668039037761529e-01
5.686379570817122753e-01
5.695459140811565124e-01
5.692614665998034784e-01
5.706721663720853988e-01
5.694078064042898957e-01
5.690000329726387918e-01
5.699695255292002161e-01
5.682955191864699218e-01
5.697591141708490126e-01
5.694333849818544735e-01
5.687077984719232093e-01
5.680605289831666127e-01
5.683931256112541019e-01
5.684804738688403747e-01
5.696781266734239901e-01
5.686368833343324880e-01
5.684492173678551419e-01
5.695589674193292096e-01
5.689924567240515207e-01
5.685899193194634549e-01
5.698001903497510456e-01
5.685978522610825037e-01
5.693693312459886524e-01
5.687696472061746222e-01
5.689789401803179159e-01
5.687149264667172854e-01
5.679133705216889982e-01
5.694297052003326476e-01
5.683801540259559859e-01
5.686759976316121401e-01
5.700375351436017812e-01
5.686778219045809379e-01
5.677690562458196366e-01
5.695438435618596085e-01
5.696814705889469144e-01
5.689450364622790079e-01
5.687174328761640529e-01
5.691907033660893456e-01
5.675893682529749018e-01
5.694718752112596372e-01
5.686426218186034776e-01
5.692505980003362831e-01
5.689141324153986767e-01
5.699429411035025206e-01
5.698407176390457574e-01
5.685144987474363143e-01
5.694424510282810603e-01
5.688923099201163014e-01
5.684464184161612810e-01
5.693439743883349502e-01
5.682141976664952798e-01
5.692501076628087020e-01
5.682861989824349314e-01
5.684466579702154299e-01
5.697465975443838371e-01
5.696005598079826315e-01
5.686304414198817270e-01
5.695332748450917526e-01
5.684727510452434185e-01
5.699562473624901759e-01
5.684611741581967470e-01
5.696218931476869640e-01
5.691867342168231980e-01
5.682514360395630737e-01
5.695224688174775896e-01
5.699413803789613597e-01
5.702594752564804637e-01
5.700654012074244381e-01
5.704298315210353243e-01
5.689641059109652454e-01
5.686631846607396179e-01
5.696107943189273604e-01
5.689023357946272341e-01
5.683786069344545222e-01
5.679523594606964432e-01
5.694686642691969558e-01
5.692201077625629324e-01
5.691613401644870507e-01
5.685376128729510148e-01
5.698942586319396542e-01
5.697309610203650232e-01
5.687461675469651645e-01
5.693418895734143614e-01
5.685594880582948152e-01
5.687131226346731072e-01
5.678570511195804027e-01
5.692318638207545245e-01
5.694113999033686424e-01
5.697647681169311085e-01
5.694155976237199601e-01
5.699600394633727030e-01
5.683518657927374429e-01
5.685555694941690774e-01
5.690142640016910835e-01
5.681667301371793322e-01
5.692894365858652828e-01
5.688860008884938368e-01
5.682275409524784049e-01
5.689045515132562514e-01
5.691482921198064426e-01
5.687770978029703661e-01
5.698935629419530358e-01
5.688146163764027374e-01
5.700067979570440091e-01
5.684947124097893267e-01
5.696309139185249393e-01
5.696006364893694274e-01
5.695675951393911474e-01
5.696201028672254196e-01
5.674742311714509047e-01
5.688946458659893679e-01
5.688804581858469822e-01
5.697647396543372711e-01
5.688657417799076743e-01
5.697779336224402247e-01
5.695825418414456331e-01
5.697010848957606566e-01
5.697234395975503407e-01
5.693736032450693596e-01
5.686437888187464429e-01
5.703181844593151473e-01
5.686566986099105270e-01
5.685191221676861861e-01
5.698753256314287308e-01
5.686905595007025749e-01
5.692218928687954316e-01
5.687616550144406480e-01
5.689841370616518512e-01
5.688698242076956069e-01
5.695498782516074110e-01
5.689093290746197740e-01
5.697291605562547767e-01
5.704847185073292914e-01
5.692377462340161287e-01
5.686463626530816606e-01
5.689248755198813567e-01
5.692299053830959243e-01
5.686776361321400630e-01
5.696582804657408516e-01
5.688530047905002718e-01
5.688373959823588288e-01
5.684905156981847618e-01
5.696969606171352618e-01
5.690296472501287228e-01
5.692128992334100079e-01
5.668519503393386616e-01
5.693382066694026022e-01
5.680672629859034872e-01
5.686954351308741717e-01
5.689628614836780285e-01
5.695549615380616215e-01
5.698620512611813904e-01
5.691829166803239470e-01
5.691660655626412657e-01
5.698602195826393269e-01
5.682569022064613007e-01
5.684061567990770225e-01
5.683683137117687689e-01
5.699038649880633356e-01
5.695712989330125042e-01
5.693134823029513125e-01
5.683654446186509057e-01
5.694148754333072660e-01
5.684116061966474343e-01
5.679778398656570859e-01
5.686514285271434543e-01
5.696842520625183814e-01
5.688576918898016199e-01
5.686864087572544024e-01
5.696260937590100770e-01
5.700096578633664368e-01
5.683414062929966759e-01
5.683534370168968897e-01
5.692053444757576575e-01
5.692977951161294348e-01
5.684708498237711627e-01
5.700363976254966270e-01
5.685454296290972653e-01
5.680762288323197851e-01
5.700968303851724484e-01
5.692322047112906569e-01
5.701041482484378031e-01
5.699460346681713974e-01
5.687279765541866094e-01
5.683980407804322121e-01
5.694979497609303776e-01
5.684815088199712818e-01
5.696165990976549409e-01
5.681313507568834797e-01
5.692338907471397036e-01
5.698469779344981223e-01
5.686413331224436929e-01
5.685693593586940153e-01
5.681766754853995183e-01
5.689038651615787590e-01
5.682185184837618142e-01
5.694483350935087840e-01
5.691280270473989544e-01
5.695419488908876060e-01
5.691158600948710289e-01
5.679230427585847396e-01
5.694478540846963366e-01
5.685425626579837521e-01
5.703770072247402734e-01
5.691902757079105868e-01
5.699487610774296442e-01
5.686073253659776894e-01
5.682108198063136051e-01
5.683731019849578292e-01
5.696687772382956760e-01
5.685216447186779432e-01
5.692928101002728836e-01
5.697140327747893807e-01
5.670181732422187038e-01
5.698691007180126666e-01
5.693072151745014464e-01
5.689494115834383692e-01
5.693621268911519540e-01
5.700908835474008951e-01
5.692260499644868910e-01
5.684783563113900984e-01
5.683883641309172008e-01
5.683593516383964594e-01
5.686233926943417005e-01
5.687873074391883721e-01
5.689328269046066699e-01
5.687609200334790005e-01
5.696733476996189705e-01
5.681694896826449126e-01
5.694505858252602026e-01
5.695435251578777613e-01
5.690493044713369475e-01
5.692285145308063621e-01
5.696874979275323714e-01
5.691768789876300305e-01
5.700094181921558922e-01
5.690009414794201525e-01
5.688147253127462388e-01
5.696431348163911723e-01
5.683907695132727200e-01
5.695818797495173502e-01
5.693530647186211269e-01
5.695813159829874461e-01
5.684455506682171144e-01
5.684206900387535066e-01
5.711556016910959155e-01
5.690623200013587013e-01
5.690587141529909188e-01
5.691129059091547537e-01
5.687053575071533418e-01
5.688446743569753883e-01
5.703111447160148506e-01
5.708612424870096458e-01
5.704994578233512081e-01
5.689176206424180204e-01
5.690312043941789799e-01
5.693314746869944099e-01
5.696139535591472347e-01
5.691634976940581625e-01
5.695498962473187765e-01
5.698203539783229798e-01
5.691474315975449949e-01
5.690165747144733110e-01
5.684559337090681064e-01
5.687515638363297432e-01
5.692497466865253930e-01
5.679362444363250662e-01
5.697684419348510998e-01
5.700106579159226472e-01
5.690821592866547318e-01
5.693787709787868634e-01
5.688093291053829548e-01
5.697495027181616045e-01
5.695166259108234152e-01
5.682247452872885018e-01
5.692281475258701429e-01
5.685418784312429308e-01
5.700020920013846304e-01
5.686856375863642565e-01
5.694025126942892090e-01
5.686129653783112969e-01
5.698848496077441039e-01
5.697589430345155748e-01
5.671709269688770538e-01
5.687461982765370516e-01
5.670449338483410928e-01
5.693175250007244115e-01
5.693688760135379168e-01
5.687549747531321920e-01
5.685803064219518976e-01
5.699648121910707577e-01
5.689338380802938522e-01
5.688573469687940865e-01
5.696994439443778813e-01
5.690255813817892694e-01
5.699249227673606200e-01
5.697191368867544625e-01
5.693124543732591691e-01
5.693225789382727609e-01
5.692125378468371188e-01
5.692910113912887926e-01
5.693479245359192031e-01
5.688189070302630546e-01
5.693991524090433742e-01
5.699399326776558583e-01
5.677245257494348829e-01
5.693900757752450303e-01
5.689063777000588074e-01
5.684575183182088987e-01
5.705456442779773818e-01
5.682885519504183858e-01
5.684040276622950305e-01
5.693135017835961875e-01
5.695115380525802573e-01
5.680341484537704266e-01
5.690055183191501387e-01
5.688715112537504615e-01
5.689735189677954663e-01
5.698327202190560659e-01
5.693344754787584838e-01
5.683201224209138980e-01
5.694283769350489965e-01
5.683973386186597088e-01
5.694453515665659493e-01
5.695386101518841171e-01
5.701214269557690617e-01
5.693972413739453176e-01
5.687521703993454469e-01
5.697244206967806424e-01
5.690993193478891543e-01
5.695085006743617617e-01
5.672592664076185898e-01
5.675076238929659400e-01
5.682335387685598649e-01
5.696033174071332139e-01
5.696411863836875478e-01
5.688277035758957378e-01
5.704744203581463280e-01
5.689957822552872413e-01
5.685366233227755473e-01
5.694232646844776813e-01
5.693486546130255288e-01
5.694346840007369348e-01
5.683436291662435913e-01
5.689665481352367271e-01
5.694040212259565692e-01
5.688401471575719182e-01
5.690723309100119698e-01
5.693067152781376983e-01
5.705137514273850297e-01
5.686316585928481437e-01
5.686417538344791245e-01
5.694308715876497118e-01
5.691312429545399842e-01
5.688795225355237628e-01
5.685774467157036494e-01
5.687158582702402931e-01
5.693076446457107087e-01
5.677682102999280778e-01
5.697194963239055054e-01
5.693702714528739994e-01
5.682382272456130146e-01
5.675764453323507430e-01
5.694343082258022104e-01
5.692098862851660002e-01
5.692673708510662678e-01
5.685803916107728950e-01
5.681421966494988318e-01
5.692248840002176458e-01
5.695872127780444716e-01
5.694849231428021907e-01
5.692812661490616044e-01
5.702158307385902791e-01
5.693813037287721590e-01
5.691853666892752184e-01
5.695566455835848751e-01
5.696558376242487620e-01
5.692987297656115775e-01
5.693851328767226549e-01
5.686622838529976631e-01
5.690857832980815711e-01
5.692529794207423777e-01
5.689127315723018219e-01
5.692471310158256914e-01
5.688271275980267827e-01
5.688943415611706911e-01
5.678900267738130614e-01
5.677630744458640466e-01
5.700685831772267509e-01
5.688196093767142747e-01
5.694394595605495324e-01
5.697550704897441642e-01
5.693690122869130565e-01
5.693637369241005830e-01
5.696269259884160219e-01
5.688616418732491686e-01
5.689965209807660296e-01
5.687347784699345876e-01
5.690685155444288323e-01
5.686012625355022498e-01
5.700143055502802092e-01
5.688644068360598771e-01
5.683969972916934621e-01
5.696571573993937099e-01
5.691710484018236427e-01
5.687485546585949736e-01
5.688066905709855403e-01
5.689080632092223810e-01
5.682707117131282626e-01
5.682870284790625393e-01
5.698093130589554356e-01
5.691489757311476438e-01
5.692115456173080235e-01
5.703864011863712946e-01
5.683960286941408535e-01
5.694016690284667837e-01
5.691987435350837066e-01
5.689326412276877187e-01
5.700887906087631629e-01
5.691530288009085670e-01
5.693662649252743124e-01
5.694299541682987797e-01
5.700162191950800539e-01
5.690663275361222961e-01
5.689641143962216319e-01
5.698638101337129003e-01
5.696711285194268060e-01
5.695491475009192284e-01
5.683195559258298335e-01
5.681218471489174471e-01
5.696462727247516566e-01
5.694916960774215609e-01
5.691123445804844305e-01
5.679809856960339465e-01
5.703104172388694382e-01
5.695985552790089335e-01
5.694416042869941963e-01
5.693685603306360976e-01
5.672107128975008017e-01
5.700842030557048412e-01
5.694458256700763998e-01
5.692132725811288596e-01
5.686452601791055494e-01
5.695051832520442447e-01
5.696448039880942504e-01
5.694310151210091320e-01
5.693759285047355068e-01
5.687035656103304193e-01
5.691116863060743380e-01
5.689328806622196977e-01
5.689769157376460829e-01
5.688862162572791981e-01
5.682185863306068452e-01
5.691297059583728668e-01
5.682008143144184897e-01
5.693198769053077202e-01
5.689106139859921862e-01
5.698279161436393681e-01
5.690365563403159133e-01
5.698330211650769472e-01
5.690854035051885473e-01
5.695053972957773158e-01
5.683762160840926114e-01
5.686536490889453344e-01
5.691096811638663988e-01
5.682088487898572238e-01
5.691471906828755589e-01
5.695530721942123620e-01
5.687055645460874498e-01
5.681950435687573853e-01
5.682084090498350504e-01
5.684870602423561792e-01
5.684609420815593950e-01
5.698150417558887071e-01
5.688198239941965051e-01
5.696333310422252438e-01
5.689221622683013901e-01
5.697174595332172853e-01
5.694261896962123926e-01
5.677845791923398222e-01
5.689696900188981887e-01
5.698113323048987766e-01
5.700308184398247269e-01
5.692308465408906226e-01
5.679483645212066723e-01
5.680263100388815989e-01
5.699510474100174529e-01
5.688089465339785100e-01
5.685633345644602876e-01
5.698483868051721357e-01
5.685379383262139097e-01
5.697276590322800649e-01
5.677517269431715530e-01
5.688428830126174285e-01
5.689767931266027645e-01
5.691872758036248259e-01
5.692916912539779384e-01
5.687993955812017388e-01
5.689179710753069497e-01
5.688813483551308225e-01
5.686969152804882688e-01
5.698038669594175376e-01
5.686922421412192730e-01
5.688850404494102397e-01
5.696472794513567361e-01
5.694073977035518652e-01
5.684507590167270363e-01
5.687366649597319634e-01
5.682279524460271958e-01
5.681444728937057320e-01
5.690570524216760351e-01
5.697169223896485502e-01
5.703925183411850952e-01
5.685823809499982451e-01
5.679181585764297990e-01
5.688511974691532469e-01
5.693391750108409699e-01
5.689559475743746209e-01
5.699210386937402228e-01
5.693625804774000709e-01
5.694029521197188082e-01
5.692139544600168799e-01
5.698998669293363628e-01
5.691920409669153358e-01
5.700740159529654738e-01
5.692367881753119807e-01
5.689346256178507977e-01
5.696608239832035014e-01
5.692344840752716628e-01
5.693727196016836745e-01
5.693869431076314935e-01
5.694177088364119621e-01
5.689466974711905323e-01
5.686808013167575782e-01
5.698991867554743518e-01
5.687477615147750187e-01
5.705525157909052680e-01
5.692908234338057705e-01
5.685639882387416577e-01
5.699204428209456719e-01
5.686192844165414151e-01
5.686078310162940852e-01
5.690014100427999155e-01
5.694626392156386663e-01
5.688552530092870763e-01
5.688495900308453423e-01
5.691417477037442607e-01
5.693165790949555882e-01
5.683639510226227154e-01
5.697153258511090668e-01
5.686968512551662247e-01
5.694067967797640240e-01
5.688483444134206923e-01
5.695324731423901943e-01
5.700915924145653069e-01
5.689027818244413170e-01
5.693603550287205106e-01
5.686044326823136430e-01
5.680097358901613491e-01
5.697178534708997599e-01
5.686853362740972306e-01
5.693020387672399485e-01
5.696266405121868104e-01
5.693935739270800100e-01
5.691571836614361946e-01
5.686069567490757981e-01
5.699627851841396753e-01
5.677854756581599549e-01
5.703023891460907713e-01
5.695088048243260870e-01
5.695046121088152002e-01
5.698990607602982816e-01
5.691265213227703068e-01
5.688498769286576273e-01
5.693739268282173027e-01
5.691698627796786258e-01
5.687823500827595691e-01
5.690616455263144413e-01
5.694684218623283778e-01
5.692862871137095437e-01
5.689712153481462087e-01
5.683984922436081666e-01
5.696008975661396301e-01
5.692460971349614374e-01
5.677518575995613714e-01
5.686930973836236136e-01
5.697141173979565210e-01
5.692355588673958522e-01
5.696938339757415815e-01
5.700557192610407053e-01
5.691748728952817915e-01
5.699207785873250387e-01
5.691882594961542585e-01
5.685468315515089799e-01
5.689909256484372291e-01
5.686714234027876458e-01
5.689444265589923555e-01
5.680206502470260821e-01
5.678813988452208195e-01
5.692806891625887822e-01
5.687024923892732842e-01
5.690279112000439232e-01
5.693991830965267065e-01
5.684173518609199061e-01
5.692153252352405435e-01
5.694073515374630245e-01
5.700670241801647498e-01
5.687720191483869314e-01
5.687022309286127175e-01
5.694772866070848538e-01
5.689122242584325750e-01
5.698065304964942124e-01
5.694044908127798843e-01
5.702779578425225537e-01
5.694367230126479162e-01
5.700887942857371105e-01
5.690956799222177676e-01
5.692073838139879438e-01
5.691186880668178683e-01
5.692267917432827229e-01
5.697990160565274964e-01
5.690470288374634977e-01
5.683085690055504902e-01
5.689493628440555062e-01
5.688631525713738757e-01
5.685584756820164509e-01
5.684347666157194556e-01
5.691795786991239448e-01
5.698160438185481125e-01
5.686719408110832985e-01
5.685797090340712900e-01
5.701043225042764506e-01
5.697254116774167487e-01
5.690881982487118185e-01
5.697077937493749689e-01
5.694395361308081105e-01
5.687520770511304002e-01
5.685942537546988529e-01
5.696514602564405338e-01
5.692744791627238898e-01
5.689266430878386904e-01
5.689783300347083239e-01
5.698072438492984837e-01
5.697356249068682432e-01
5.684843129812248153e-01
5.696090854137995096e-01
5.693699370093152634e-01
5.686587721187434941e-01
5.682394794894370937e-01
5.691393779659758012e-01
5.693765874775593705e-01
5.690755556772095769e-01
5.686778242921258775e-01
5.688230434132378610e-01
5.696722914833898255e-01
5.691026721688039469e-01
5.686911270953962649e-01
5.685826450600592885e-01
5.687070187919605058e-01
5.694819396358823393e-01
5.688481135426863844e-01
5.699313515505689542e-01
5.691835992158360558e-01
5.695060082269185475e-01
5.691503863296033527e-01
5.691728697405740167e-01
5.693422409208590551e-01
5.689003187910499637e-01
5.688524192104577049e-01
5.683663201825691624e-01
5.691957151094664269e-01
5.689515026650109331e-01
5.683170181813658184e-01
5.679776524369868351e-01
5.687824228701369167e-01
5.678995231694073942e-01
5.690948985497651380e-01
5.682819042792383035e-01
5.686459899605622592e-01
5.690273005056109001e-01
5.657419922819072466e-01
5.688337200778936786e-01
5.697724467266962467e-01
5.693434868561052520e-01
5.695625257629068905e-01
5.692348554261659199e-01
5.687515301348154972e-01
5.691431575138135024e-01
5.698332448594699562e-01
5.693402030919525458e-01
5.693671975595333556e-01
5.695229185964071350e-01
5.684694748183810598e-01
5.682476362891027977e-01
5.690793032847205613e-01
5.696777004824291613e-01
5.697979151460421665e-01
5.692003910836739289e-01
5.693564070857534132e-01
5.683927342037077279e-01
5.688299740136731897e-01
5.684725295503552100e-01
5.692951333528827318e-01
5.695281347244403047e-01
5.695156677522292821e-01
5.695509368778476356e-01
5.692406715739163348e-01
5.687396931541444101e-01
5.689510330379573544e-01
5.695066562089058371e-01
5.690209494038295235e-01
5.688691010473836407e-01
5.684876476871537632e-01
5.692834966167444888e-01
5.689004273259120614e-01
5.690440722599283685e-01
5.679399595494866171e-01
5.684258282299586851e-01
5.684171559383417449e-01
5.688468782416392644e-01
5.695555305524755418e-01
5.688442638232382720e-01
5.691827305030295880e-01
5.688416369748267032e-01
5.688628308645313769e-01
5.687293011146828947e-01
5.688158788406573185e-01
5.698318943639105738e-01
5.694337948784863324e-01
5.701434737744259795e-01
5.691067127068684117e-01
5.695066073164248843e-01
5.695332250784584938e-01
5.689035865203655451e-01
5.690082423430729008e-01
5.687928926416565556e-01
5.683863310130762292e-01
5.688972645919363469e-01
5.678096161666225106e-01
5.688068178624463567e-01
5.682192303988663484e-01
5.695290004037741882e-01
5.693874860783878500e-01
5.692512600533176093e-01
5.692610914120220800e-01
5.697097555732395513e-01
5.700119134495152950e-01
5.701707985987986005e-01
5.697373748628309365e-01
5.689480220709187686e-01
5.688068337245920647e-01
5.695437352492737082e-01
5.696586335288199576e-01
5.700764975384272626e-01
5.698751587000182584e-01
5.692025075065438866e-01
5.699461389695564817e-01
5.687949515031783809e-01
5.689146154804837208e-01
5.698446980781749494e-01
5.696981983355199342e-01
5.693263781824954295e-01
5.694152584189030586e-01
5.687680823176571865e-01
5.687239281575242611e-01
5.699810275350762900e-01
5.695645992036022509e-01
5.693137792451282708e-01
5.700541442934951020e-01
5.686113820869242996e-01
5.693525929716624079e-01
5.695950296979400695e-01
5.690698417632061856e-01
5.698274619605395719e-01
5.692367767206836238e-01
5.684868109961419558e-01
5.698049148962976984e-01
5.680104880429583947e-01
5.684801277093788352e-01
5.690029429771005232e-01
5.694136843232755485e-01
5.697292903392480179e-01
5.681060280677919794e-01
5.690130752577245987e-01
5.692150348698021833e-01
5.688217394151819928e-01
5.685912299341423504e-01
5.685939931782184598e-01
5.688720557407375145e-01
5.686079343632639560e-01
5.701459169616439615e-01
5.696043266990334919e-01
5.697238730633369386e-01
5.681017424721369613e-01
5.688028060043394118e-01
5.685819969188455891e-01
5.684639872910046687e-01
5.698052783392093534e-01
5.686276344660787796e-01
5.703967061261192573e-01
5.692184234241314256e-01
5.693321402352015115e-01
5.681778331842527452e-01
5.698339778288741275e-01
5.687629033877817930e-01
5.704318587120741357e-01
5.698839438323363149e-01
5.695399071596300988e-01
5.691969927015128050e-01
5.686872164015153164e-01
5.692956977827994258e-01
5.701019697016856957e-01
5.694434945450149721e-01
5.696986930814541550e-01
5.677991443697265606e-01
5.696049026167521179e-01
5.690221449891311734e-01
5.696548932107305951e-01
5.689969509818456617e-01
5.692254370549836295e-01
5.697924217421588278e-01
5.686061635658327118e-01
5.688518876388550805e-01
5.697232523669120141e-01
5.684940491753263103e-01
5.695222517712238419e-01
5.692422069780537219e-01
5.683880857729947111e-01
5.694592530057686064e-01
5.700113797497489143e-01
5.690294100254490450e-01
5.689439301487771994e-01
5.691059449613341537e-01
5.692325938733417967e-01
5.692906526083746366e-01
5.680471735548749956e-01
5.692920329764030729e-01
5.694929195440033842e-01
5.702246269982891302e-01
5.693033033441727842e-01
5.693976185284457259e-01
5.694521171307057594e-01
5.692985327822428498e-01
5.681300611098935027e-01
5.699086902973574675e-01
5.695629176709477992e-01
5.694988744570899097e-01
5.699164986896888552e-01
5.686896734445661128e-01
5.697641921917119268e-01
5.696319842886560236e-01
5.692018009652618504e-01
5.684355982504455396e-01
5.697145040439181018e-01
5.686818897889034385e-01
5.690163429374724968e-01
5.691522368039860780e-01
5.691803123135955600e-01
5.702595516718942381e-01
5.681691451876049737e-01
5.690341099498198441e-01
5.691619135627657977e-01
5.699083592593712222e-01
5.703052752576679429e-01
5.689949752695335761e-01
5.692968626784501440e-01
5.690622989539144694e-01
5.690843283707122113e-01
5.686119334587979024e-01
5.697941100296720629e-01
5.694214277755936804e-01
5.692334275815407185e-01
5.688473265670100920e-01
5.692106808965023967e-01
5.690103655513099046e-01
5.681489307813066825e-01
5.688473756514251800e-01
5.688662396547722322e-01
5.689581159148615619e-01
5.694915010546544032e-01
5.688624943625760766e-01
5.699943348149590916e-01
5.696016853156711246e-01
5.690507145340474304e-01
5.701332505670608786e-01
5.694729651436312157e-01
5.686713009990933543e-01
5.687642405366817311e-01
5.691233982370754729e-01
5.696359474138431578e-01
5.695383443245128907e-01
5.689199705413531261e-01
5.702173751255710243e-01
5.685546858868442133e-01
5.681956849708259538e-01
5.695282385489047750e-01
5.695993039599845931e-01
5.703288214673564172e-01
5.688774341937608003e-01
5.697829845292829987e-01
5.690261297195828849e-01
5.699639257535731307e-01
5.689032096453056075e-01
5.685131330562595009e-01
5.695024848523884131e-01
5.677201414913867206e-01
5.689303317095851797e-01
5.692768001591239635e-01
5.691714749280707419e-01
5.677936408778337940e-01
5.701947023730651321e-01
5.680620826240760923e-01
5.687000052010623419e-01
5.682905896434954363e-01
5.693340923778019702e-01
5.703570706876213148e-01
5.689848772164594060e-01
5.707846554775095615e-01
5.693041864705681299e-01
5.691637648441579822e-01
5.687977488601675402e-01
5.696837534281355975e-01
5.698047317239673948e-01
5.694678513177630075e-01
5.700065992066939424e-01
5.696353117977684954e-01
5.688988343957893656e-01
5.687702665412729397e-01
5.688934261107195800e-01
5.694588041362658171e-01
5.689893023422429863e-01
5.686238828705845183e-01
5.683108578884710216e-01
5.692803950537134172e-01
5.694915448197407359e-01
5.686265082714626606e-01
5.693158627896249824e-01
5.677116336607561653e-01
5.681114474779231927e-01
5.696843949893898307e-01
5.690861795134455337e-01
5.691549501540347222e-01
5.692474526947437496e-01
5.689767747072586035e-01
5.693653431840577372e-01
5.694362188462572805e-01
5.695733296935134859e-01
5.690543143724139385e-01
5.699956183267779197e-01
5.692952753105080532e-01
5.687865439157213654e-01
5.693075685626037830e-01
5.696132290894835304e-01
5.690444133228390600e-01
5.694112668642469233e-01
5.692837508258614676e-01
5.691883110509713406e-01
5.688256821701987986e-01
5.689557264673678061e-01
5.683926205972176238e-01
5.680268982534115718e-01
5.690508766575094191e-01
5.691195271742683914e-01
5.695786626054052393e-01
5.696081575748221937e-01
5.688276691253002504e-01
5.688073203981414139e-01
5.690897639028061894e-01
5.704017574281403657e-01
5.688502475344885401e-01
5.691763440549747477e-01
5.692880579879673331e-01
5.689290845879180214e-01
5.692909332539318745e-01
5.684137812256943034e-01
5.691985584206654680e-01
5.705043591314016282e-01
5.681690719524318256e-01
5.692693929903027694e-01
5.681634712254722830e-01
5.704061126766790668e-01
5.691585415321560593e-01
5.695765891343055332e-01
5.705237764129917899e-01
5.696166789658265728e-01
5.686839622861808996e-01
5.697593297949490321e-01
5.694190008943975645e-01
5.689817852801821729e-01
5.689085768825073997e-01
5.695675747460003935e-01
5.693537595234102744e-01
5.673407079190849744e-01
5.700080151231574632e-01
5.698932075089472304e-01
5.699330468046048814e-01
5.697115523077028731e-01
5.690483612061738583e-01
5.683210880071172255e-01
5.677611745935523535e-01
5.678867661685590429e-01
5.689864168031920633e-01
5.690381069224293986e-01
5.697470447888292044e-01
5.692022459451493432e-01
5.701220269417205389e-01
5.685126372309843301e-01
5.697802836992261755e-01
5.692156238975162319e-01
5.692661285350169020e-01
5.696008985252367651e-01
5.696058714243180665e-01
5.689489450423511618e-01
5.686766402810118359e-01
5.680976813535328906e-01
5.685306029034126185e-01
5.692454380169166273e-01
5.698601796375781792e-01
5.694107049706735868e-01
5.692546861907779032e-01
5.690188702971135104e-01
5.686082772275057318e-01
5.690527088592137739e-01
5.697544003475171204e-01
5.684349677169232562e-01
5.690969595209935949e-01
5.697836386353237748e-01
5.688652627060352129e-01
5.685726365454936149e-01
5.688005309129833265e-01
5.697676033738899859e-01
5.695943603324526983e-01
5.686054879438289245e-01
5.693614227925840598e-01
5.697927958883434174e-01
5.683765796376696322e-01
5.693070191782670930e-01
5.692917688078196203e-01
5.681615423997045111e-01
5.679543264399723457e-01
5.690070796692977551e-01
5.695251117101981508e-01
5.704867422211303829e-01
5.693628231433698339e-01
5.701009315303682268e-01
5.684023443055673530e-01
5.688788305152309155e-01
5.698276214349279334e-01
5.694420813695574290e-01
5.690493095948008229e-01
5.678471125796353824e-01
5.686049123771493852e-01
5.685888023365491817e-01
5.698124025048769692e-01
5.691133594979251864e-01
5.700624299176341170e-01
5.694018974268678646e-01
5.684380299257875135e-01
5.689788200815063535e-01
5.689565926755041358e-01
5.685703885087824982e-01
5.691698219624855559e-01
5.688190004374673592e-01
5.687392222859009028e-01
5.685942647454328425e-01
5.686050131440459898e-01
5.687796422672670715e-01
5.693774680071336247e-01
5.695647784696724614e-01
5.691048948474606295e-01
5.694823558515401674e-01
5.697917369856666525e-01
5.693254782256167434e-01
5.688780006185121252e-01
5.688541092194056015e-01
5.697584255102116080e-01
5.687876951619160737e-01
5.691960826545013896e-01
5.695196259975230380e-01
5.695012260973139062e-01
5.693980406206918810e-01
5.687507168951273506e-01
5.689465311665184988e-01
5.687332360950347887e-01
5.699064509675946244e-01
5.686174115192580425e-01
5.690571958410728381e-01
5.688848634385746950e-01
5.702945634300361499e-01
5.691009818832378775e-01
5.686112128642307750e-01
5.697229549653924918e-01
5.688738015591165986e-01
5.688922347869429519e-01
5.677272089722236181e-01
5.689711145695416361e-01
5.697734556058952071e-01
5.684018427448317423e-01
5.690701576158760933e-01
5.694429589705251038e-01
5.687000065559184581e-01
5.689193086886106254e-01
5.686259788900408507e-01
5.695118687995419648e-01
5.698832768427960493e-01
5.682829330946576052e-01
5.678243478909207331e-01
5.687305978005942064e-01
5.699328971143643452e-01
5.682907068844889054e-01
5.693724138920295275e-01
5.689099293448981465e-01
5.698617593126724667e-01
5.702157710623645404e-01
5.688999140821556777e-01
5.696900455456216372e-01
5.705672847820979499e-01
5.683542255160611845e-01
5.686151931500550427e-01
5.704801743071107323e-01
5.691708832882673708e-01
