-3.168141131765735835e-02
-3.168306668614382510e-02
-3.169311437796743652e-02
-3.168237753492215286e-02
-3.169330878063839757e-02
-3.169491806403733347e-02
-3.168749026143951458e-02
-3.169932039721466699e-02
-3.167887713642743991e-02
-3.168379519395242427e-02
-3.170018786007840900e-02
-3.168385270564844786e-02
-3.169684747124904695e-02
-3.168926196359186237e-02
-3.167906976147881470e-02
-3.168730959831946026e-02
-3.168539736715110522e-02
-3.169149521910881451e-02
-3.169261717568766512e-02
-3.169515819435840542e-02
-3.168895827441743640e-02
-3.167603058367433888e-02
-3.168248697966857819e-02
-3.168796668388641768e-02
-3.169064573403333751e-02
-3.169699763531776127e-02
-3.169828273230767407e-02
-3.168580587526571152e-02
-3.168313906222620935e-02
-3.169117523796508018e-02
-3.169832079548783738e-02
-3.168455968406545809e-02
-3.169169278894559683e-02
-3.169270170239180118e-02
-3.169729055799026807e-02
-3.168304386348592960e-02
-3.168185094428099119e-02
-3.168882300923897555e-02
-3.168815929464768866e-02
-3.169058320261648742e-02
-3.169600353440614471e-02
-3.168126748446787461e-02
-3.167564016490481693e-02
-3.167737048072006428e-02
-3.168009248676016687e-02
-3.168319279982685643e-02
-3.168985369345002356e-02
-3.169565569297709551e-02
-3.169177805833302969e-02
-3.168644569631283436e-02
-3.168857960147514197e-02
-3.168629243414503027e-02
-3.169085733217037737e-02
-3.168067624447120506e-02
-3.169386272373549140e-02
-3.168538565499501997e-02
-3.168755235242005919e-02
-3.169309475028515843e-02
-3.168754520576725492e-02
-3.169572434127373994e-02
-3.167981431062418668e-02
-3.168986693914616071e-02
-3.168906014191263942e-02
-3.167575370137735991e-02
-3.167675569007737807e-02
-3.167976253850920271e-02
-3.168312592262537836e-02
-3.168632036598785506e-02
-3.168518233781727339e-02
-3.169323800763266391e-02
-3.167447856864209071e-02
-3.169156183493507944e-02
-3.168676579058768428e-02
-3.168861570322843019e-02
-3.167771769965298245e-02
-3.168753942026703713e-02
-3.169133498498310358e-02
-3.168370624768730714e-02
-3.168778964275854176e-02
-3.166493948685912552e-02
-3.168383532970253658e-02
-3.168956022311920223e-02
-3.169149787995944462e-02
-3.169000516642318799e-02
-3.168773132434721251e-02
-3.168587833451813607e-02
-3.167050155407320072e-02
-3.168890399814127540e-02
-3.168910547329136657e-02
-3.169742153650341454e-02
-3.167333000501664636e-02
-3.169055820147631541e-02
-3.169790657129791661e-02
-3.169038785876036185e-02
-3.168131805144449448e-02
-3.168642398414378558e-02
-3.168734838472134219e-02
-3.169166868873659476e-02
-3.168942341008020719e-02
-3.169012754185916020e-02
-3.168718689012102463e-02
-3.169388659439782013e-02
-3.169637100384491840e-02
-3.168852152309679232e-02
-3.168283922722374413e-02
-3.169475681177615078e-02
-3.168598771217905757e-02
-3.167313877117104021e-02
-3.169892298886550080e-02
-3.168131113340744848e-02
-3.169456025335630478e-02
-3.168273753713164720e-02
-3.169209781813838583e-02
-3.169331628406028833e-02
-3.170266462851579342e-02
-3.169079337993611911e-02
-3.167126753351746926e-02
-3.167329844354440510e-02
-3.168363488771473030e-02
-3.169049819579959626e-02
-3.169646893386455361e-02
-3.169608980821202182e-02
-3.169741252100212459e-02
-3.168915825723515878e-02
-3.169079375348767685e-02
-3.168335962343690054e-02
-3.168725513217365147e-02
-3.169257035593229382e-02
-3.168856341959603445e-02
-3.167955070378729310e-02
-3.168110560949761317e-02
-3.168630756824683536e-02
-3.169379385869157406e-02
-3.168807710210662376e-02
-3.169462721492876528e-02
-3.169093670950816344e-02
-3.169156673863927215e-02
-3.168148174049126992e-02
-3.169847747224078388e-02
-3.168729238720142949e-02
-3.169051641748688725e-02
-3.168524238518066749e-02
-3.168903441356483303e-02
-3.169620353853037226e-02
-3.168027579486787371e-02
-3.168624552445220566e-02
-3.168441522364971036e-02
-3.169654591675134109e-02
-3.168404437642947241e-02
-3.168790275469903633e-02
-3.168538935205938295e-02
-3.168563617693506695e-02
-3.168962371987338322e-02
-3.169096662853104762e-02
-3.167442632702002075e-02
-3.168154751599958074e-02
-3.168761846808017257e-02
-3.168116643908166358e-02
-3.168372447752043630e-02
-3.167665944958791835e-02
-3.169049964790082025e-02
-3.169051997408499355e-02
-3.169676125437270037e-02
-3.169147332357707958e-02
-3.167953308899925519e-02
-3.168818824752999558e-02
-3.168002157809211156e-02
-3.169606070063558240e-02
-3.168845593967107438e-02
-3.168626293225465518e-02
-3.167765966271526151e-02
-3.167930942399888733e-02
-3.168413171535122003e-02
-3.168872383779767349e-02
-3.168007230983278799e-02
-3.169911008233801397e-02
-3.168349989069216971e-02
-3.168832790428443430e-02
-3.167562585095952399e-02
-3.169495469390323089e-02
-3.169849555188868767e-02
-3.169458666197718516e-02
-3.170142015644331762e-02
-3.168980187987591179e-02
-3.168028226616308174e-02
-3.167867144483293984e-02
-3.168770296373437517e-02
-3.168190344224460636e-02
-3.169354328360351331e-02
-3.168369717548268072e-02
-3.169593056410911769e-02
-3.168548462908314656e-02
-3.169453745690634788e-02
-3.168914566073999239e-02
-3.168575246689878805e-02
-3.169370184575665689e-02
-3.169241677138277813e-02
-3.167518497924805970e-02
-3.169798897639225510e-02
-3.168685243400454904e-02
-3.169491779778921964e-02
-3.168870241649020258e-02
-3.167725981900752774e-02
-3.169572967053295443e-02
-3.169409178788124698e-02
-3.169205470287831533e-02
-3.168426361692729815e-02
-3.169401377008023574e-02
-3.169605198513660710e-02
-3.169062047866476328e-02
-3.168736208173401209e-02
-3.168535904604970893e-02
-3.169250003266609744e-02
-3.169362216017033301e-02
-3.168509077950995567e-02
-3.168348449980724901e-02
-3.167558866436361031e-02
-3.167459845792475887e-02
-3.168014777034636187e-02
-3.168146031623213232e-02
-3.167561098546262111e-02
-3.169062706482987657e-02
-3.168714065787836542e-02
-3.169345911837263136e-02
-3.169648374847442579e-02
-3.167969161714144499e-02
-3.167583486585006519e-02
-3.168252782272006768e-02
-3.168651513575040241e-02
-3.168363467859219157e-02
-3.169510748029554653e-02
-3.169787268584416812e-02
-3.169298324465157080e-02
-3.169140882001621889e-02
-3.167774380401088691e-02
-3.168235927701405774e-02
-3.168936063569764011e-02
-3.169292075035941986e-02
-3.169258937802858778e-02
-3.169027162952577775e-02
-3.169861110223184258e-02
-3.169791091457784676e-02
-3.167903640605858329e-02
-3.167994014135796371e-02
-3.169200801415965330e-02
-3.169531166863204935e-02
-3.169466536832371562e-02
-3.169201495944252989e-02
-3.169386680339604523e-02
-3.168900586408671810e-02
-3.168590771838798031e-02
-3.168134318445914310e-02
-3.168850502856122853e-02
-3.168476103505987046e-02
-3.168542500187190858e-02
-3.168685403919158788e-02
-3.168701230262715995e-02
-3.168462885470790802e-02
-3.169072351268687610e-02
-3.168425588002189014e-02
-3.168199192107123974e-02
-3.168897347984005186e-02
-3.169338186606486529e-02
-3.170116609975069666e-02
-3.167905824351701510e-02
-3.169161152219358152e-02
-3.170253866777118790e-02
-3.169180301122261761e-02
-3.168610775208877822e-02
-3.168236077663226513e-02
-3.169560289996829761e-02
-3.169876706273019179e-02
-3.168376645291355598e-02
-3.168944049007151736e-02
-3.168854702268223550e-02
-3.169342892196894829e-02
-3.167904534965333696e-02
-3.167334897698777935e-02
-3.168064936496930301e-02
-3.168327585101776006e-02
-3.168567879225990536e-02
-3.168786534955370798e-02
-3.168153262241450024e-02
-3.169605686348033607e-02
-3.166983486307117790e-02
-3.168463810166340794e-02
-3.168118595966477186e-02
-3.169292860238240306e-02
-3.168736520353850061e-02
-3.168010075991602170e-02
-3.169183394870524889e-02
-3.169030390101671563e-02
-3.168384973151090050e-02
-3.168585217804525261e-02
-3.167973555770636079e-02
-3.167856360283012596e-02
-3.169347485524848240e-02
-3.170266191163304687e-02
-3.169710746510275706e-02
-3.168851007036831841e-02
-3.170189401364158222e-02
-3.169619582768325172e-02
-3.169176812008430572e-02
-3.169034723898030148e-02
-3.167121549379255108e-02
-3.169593475283789819e-02
-3.169164932614584179e-02
-3.169128906154476677e-02
-3.169029403675752837e-02
-3.169933737094377674e-02
-3.167849476926130892e-02
-3.167925523534152743e-02
-3.167397483345137099e-02
-3.170071169226923447e-02
-3.168974322308888009e-02
-3.169234971826513647e-02
-3.169027633525749871e-02
-3.168730122175464348e-02
-3.168758965779941428e-02
-3.170008740778165746e-02
-3.168023998619701881e-02
-3.168010189531622611e-02
-3.169597065908909966e-02
-3.168786936946287047e-02
-3.167658329569088271e-02
-3.168689868668628923e-02
-3.169468235760106861e-02
-3.168142869109124432e-02
-3.168377213971747264e-02
-3.169329799651380425e-02
-3.167820970330028491e-02
-3.168461046773193152e-02
-3.168557443422316544e-02
-3.169378608684194493e-02
-3.168838015004817737e-02
-3.168236823019254800e-02
-3.169577386861115176e-02
-3.168875732601052209e-02
-3.169671404721857710e-02
-3.167989838740263575e-02
-3.169302876595583157e-02
-3.169188265309607483e-02
-3.168004553156312381e-02
-3.168222198162871928e-02
-3.169576740626899036e-02
-3.169898020126283439e-02
-3.168206054130127264e-02
-3.169331072540108873e-02
-3.169213496934471935e-02
-3.168007393261859650e-02
-3.167845939269631900e-02
-3.168138783194686392e-02
-3.169202717102431732e-02
-3.167691264504828713e-02
-3.168771408845536680e-02
-3.168681145033506313e-02
-3.168320626555092695e-02
-3.168077052196522497e-02
-3.169707904520513431e-02
-3.168633238695182930e-02
-3.167209791773796523e-02
-3.169883211366789771e-02
-3.168784132182884961e-02
-3.169222643581274396e-02
-3.169513663564892114e-02
-3.168610136394204441e-02
-3.169692400580260278e-02
-3.169239113552850540e-02
-3.169752432322021224e-02
-3.168377730486850868e-02
-3.168996688513896903e-02
-3.169698305986067693e-02
-3.168327811790769277e-02
-3.167911810342382423e-02
-3.168809091492757329e-02
-3.168570102997254195e-02
-3.167824004055124626e-02
-3.168822272547094226e-02
-3.167703792153320208e-02
-3.166563468313832175e-02
-3.168787391423723288e-02
-3.168158458531656479e-02
-3.168790594271068267e-02
-3.169196346724275498e-02
-3.168023055025551843e-02
-3.169504225207466636e-02
-3.168266462209252260e-02
-3.169061769696041725e-02
-3.168187879178158833e-02
-3.168629999253660262e-02
-3.168907198815008180e-02
-3.167655223473225812e-02
-3.169064288485635983e-02
-3.168766517383182768e-02
-3.168107889544102135e-02
-3.168557424473279066e-02
-3.169306577564083571e-02
-3.167564141985186599e-02
-3.168168670211318066e-02
-3.167290615911943358e-02
-3.167793658911656485e-02
-3.169272823024376490e-02
-3.169210679957197574e-02
-3.168334698681497114e-02
-3.168860181093013928e-02
-3.169653386718166571e-02
-3.167613338093689529e-02
-3.168367852514403227e-02
-3.168500736239067417e-02
-3.169228475344877671e-02
-3.168539377014617520e-02
-3.169636535862817295e-02
-3.169490526316597057e-02
-3.168163380832797471e-02
-3.169957052380389939e-02
-3.168638977193354717e-02
-3.168607222680037971e-02
-3.169742656488892113e-02
-3.169747857514616796e-02
-3.169151834740159546e-02
-3.168849478431483985e-02
-3.168522138125199478e-02
-3.169163269237147001e-02
-3.168914162564814146e-02
-3.168785600656524176e-02
-3.168874325391332625e-02
-3.168365429592460980e-02
-3.168366371095049372e-02
-3.168827053094997598e-02
-3.168309262526203957e-02
-3.167982361002440878e-02
-3.168449857971228356e-02
-3.168970423317612334e-02
-3.169501333484103095e-02
-3.168692850500486047e-02
-3.168807057456204251e-02
-3.167780929252470706e-02
-3.168450561682562006e-02
-3.168426938903118328e-02
-3.167933004868606073e-02
-3.168213518645009857e-02
-3.168537035473155405e-02
-3.168697772315360456e-02
-3.168544538422419371e-02
-3.168924528497930881e-02
-3.168193562845113970e-02
-3.168451878014021811e-02
-3.168623309605012039e-02
-3.167575780686337356e-02
-3.167369539012872964e-02
-3.168092107137639862e-02
-3.167992090748568412e-02
-3.167090668740475679e-02
-3.168616519492959555e-02
-3.168016667640604495e-02
-3.168889249574276257e-02
-3.169245667105324848e-02
-3.168487678059221657e-02
-3.169041605294203173e-02
-3.167148207759875461e-02
-3.168537229678550921e-02
-3.168593001163044071e-02
-3.168020542542917400e-02
-3.168233934992974871e-02
-3.168435787767103634e-02
-3.169123640764006516e-02
-3.168948539495667488e-02
-3.169206935145813669e-02
-3.168869000614127351e-02
-3.167678225493629485e-02
-3.167167489260434843e-02
-3.167260533077314449e-02
-3.167353544359043788e-02
-3.166787974611971757e-02
-3.167879014243509678e-02
-3.169399242259639260e-02
-3.168863498839651072e-02
-3.168037940194232821e-02
-3.169136628624769775e-02
-3.169418826836318398e-02
-3.169313178244530238e-02
-3.168386845615904501e-02
-3.168807118016398611e-02
-3.168031607240528319e-02
-3.169094582626112711e-02
-3.169266798714258371e-02
-3.168656749292680930e-02
-3.169351377891783256e-02
-3.168814468543058871e-02
-3.168316692230474518e-02
-3.168561374322791807e-02
-3.169361932391746850e-02
-3.169365713886059671e-02
-3.170362164588748366e-02
-3.169079861596265507e-02
-3.168778514989571693e-02
-3.167990932905997287e-02
-3.169095349703765496e-02
-3.168469172855552241e-02
-3.169401301121939352e-02
-3.168073191355585960e-02
-3.169096905571407163e-02
-3.168158452380549772e-02
-3.167712365411258502e-02
-3.167681225696677288e-02
-3.168506401661531913e-02
-3.168916213897312456e-02
-3.169776401276214878e-02
-3.168458232017306447e-02
-3.169617492005022408e-02
-3.168795443570244369e-02
-3.168971372213512383e-02
-3.169357116036327499e-02
-3.170096802187379048e-02
-3.168597938313199441e-02
-3.169016201614056200e-02
-3.168055949929093201e-02
-3.167830263968735710e-02
-3.168475626471572298e-02
-3.169091963082072694e-02
-3.169114825399192703e-02
-3.168962101001775167e-02
-3.168095989789814632e-02
-3.168326537196949205e-02
-3.168041258389581172e-02
-3.168067706415660101e-02
-3.169977811736355428e-02
-3.168114677935512241e-02
-3.168728266950492783e-02
-3.169139982666956817e-02
-3.168918638619379335e-02
-3.168167682873911095e-02
-3.169059958303677149e-02
-3.168819253159598642e-02
-3.167408898122221761e-02
-3.167991204621505019e-02
-3.168455182638463263e-02
-3.167764455437929033e-02
-3.166752262879448526e-02
-3.167672754651444655e-02
-3.168861644926506543e-02
-3.168515945781526927e-02
-3.168705048358351484e-02
-3.168369493741812065e-02
-3.169199908204032440e-02
-3.168288070252783806e-02
-3.168801732808328164e-02
-3.168651984533190497e-02
-3.170136282754269091e-02
-3.169245513549093923e-02
-3.169628235246448739e-02
-3.169592019822979612e-02
-3.167943006362908959e-02
-3.168204289864286205e-02
-3.169666479596710412e-02
-3.168882058626729809e-02
-3.168792461503473767e-02
-3.168370284192393443e-02
-3.168651032845144766e-02
-3.169252163427283692e-02
-3.169410859069944630e-02
-3.168557820793672236e-02
-3.168506793051392018e-02
-3.168003069294418605e-02
-3.169892653645785263e-02
-3.169619785958258801e-02
-3.169147656049514650e-02
-3.169772060381131212e-02
-3.169789509265941163e-02
-3.168669243141299108e-02
-3.168562055968791175e-02
-3.169117937617876857e-02
-3.167699037046734639e-02
-3.168908412105099492e-02
-3.168006722342082276e-02
-3.168101457929182324e-02
-3.169174261674417153e-02
-3.167944401014621825e-02
-3.168639191772908842e-02
-3.168849047325661417e-02
-3.169709364713313438e-02
-3.169694350648657316e-02
-3.170021316613071127e-02
-3.168279097017050183e-02
-3.168138363799465063e-02
-3.168193963632568583e-02
-3.169316996283953053e-02
-3.168450282082817954e-02
-3.167707367257549533e-02
-3.168816882107610561e-02
-3.169271345550487423e-02
-3.169398794303660699e-02
-3.167864842054513713e-02
-3.168419952674600415e-02
-3.168439981241848169e-02
-3.167928019185709682e-02
-3.168111008370023962e-02
-3.168557600573375377e-02
-3.169229457092907765e-02
-3.168257741627365093e-02
-3.168228262868555412e-02
-3.169084230302036953e-02
-3.169459890127809126e-02
-3.169401786511368002e-02
-3.168369813336645302e-02
-3.168717234020126949e-02
-3.168739548520937976e-02
-3.168393819021558810e-02
-3.168766783537184384e-02
-3.169445635186832200e-02
-3.170607520695158110e-02
-3.168953209547673705e-02
-3.168550555051326267e-02
-3.169236669934719780e-02
-3.168957047938995158e-02
-3.169350426478122901e-02
-3.167477316441626861e-02
-3.168063893324785801e-02
-3.169628625592691568e-02
-3.168181446959118103e-02
-3.167472059210565960e-02
-3.168812611041222499e-02
-3.168834665359532982e-02
-3.168875519681117747e-02
-3.167830362274651895e-02
-3.167395707608933186e-02
-3.169036381892374049e-02
-3.168471225172708738e-02
-3.168315817901751902e-02
-3.170022385720283609e-02
-3.169240563713866810e-02
-3.169482599891091518e-02
-3.168553584386706728e-02
-3.168732911969934091e-02
-3.168742868325705869e-02
-3.168082042402261406e-02
-3.168097611053059121e-02
-3.168483669408884290e-02
-3.169786589930979198e-02
-3.168537775154094821e-02
-3.169011830898638138e-02
-3.168458027850799136e-02
-3.169065205035748872e-02
-3.169274578102811157e-02
-3.168882300909707517e-02
-3.169912153870992066e-02
-3.169087283768511759e-02
-3.168816901441161987e-02
-3.168178429935814000e-02
-3.169674106376419581e-02
-3.169431015500331905e-02
-3.168557136845704530e-02
-3.168213100424029094e-02
-3.167971091229172809e-02
-3.168525396531139682e-02
-3.169080470277390454e-02
-3.168245916505731813e-02
-3.169184381662736721e-02
-3.169580011464852992e-02
-3.168921322415572256e-02
-3.169066514043789723e-02
-3.168183973102869228e-02
-3.168935892489733314e-02
-3.168673539709351145e-02
-3.168085325769861432e-02
-3.168211748112257503e-02
-3.167796877441014791e-02
-3.168984683914766176e-02
-3.168075879424907954e-02
-3.168441359653179773e-02
-3.168891715071207177e-02
-3.168770595499266485e-02
-3.168797607130913879e-02
-3.168960499418346094e-02
-3.168895092095317528e-02
-3.168017106673163413e-02
-3.168844142585781898e-02
-3.168884058681930432e-02
-3.167709785484719431e-02
-3.166922119070482433e-02
-3.170161765083481104e-02
-3.169459815864462959e-02
-3.169008152813719559e-02
-3.167509297721212563e-02
-3.169683863828954423e-02
-3.168765296091205497e-02
-3.168185580630435844e-02
-3.168117998533607343e-02
-3.168428941080325689e-02
-3.167033263534523718e-02
-3.168088714721113697e-02
-3.168190024053233605e-02
-3.169071415513384504e-02
-3.168612212698011799e-02
-3.169394436441991258e-02
-3.169235100564114088e-02
-3.169129542145420614e-02
-3.169590283052593771e-02
-3.168683916882779339e-02
-3.168217196957514442e-02
-3.168459158571337170e-02
-3.168807552601543565e-02
-3.166937998716518043e-02
-3.169006787794408087e-02
-3.167796085405958501e-02
-3.170029003639714127e-02
-3.168543679957315506e-02
-3.169348590031748070e-02
-3.166921396556866136e-02
-3.168276003080729847e-02
-3.169031522460607347e-02
-3.167929929787701576e-02
-3.168674900408457312e-02
-3.168105440239069731e-02
-3.168873708202372269e-02
-3.167244337550378930e-02
-3.168530699897902786e-02
-3.168226039848299341e-02
-3.168572416585809653e-02
-3.166524133852103434e-02
-3.168044729101331114e-02
-3.168091505154130988e-02
-3.168986371141835345e-02
-3.169347004668776613e-02
-3.170003111895676462e-02
-3.170072136286083975e-02
-3.168486005506815362e-02
-3.167880824963600211e-02
-3.169790261578836477e-02
-3.168684017709055140e-02
-3.169783896369000875e-02
-3.168444166618777230e-02
-3.169049789573916143e-02
-3.168540832623824993e-02
-3.167520543025723057e-02
-3.169152797920431197e-02
-3.168270986680981477e-02
-3.168541161082467916e-02
-3.168785568825702170e-02
-3.168947594673181267e-02
-3.169165595549772174e-02
-3.169533646133310817e-02
-3.169303139162686633e-02
-3.168366331671234465e-02
-3.167874308949227696e-02
-3.167720864903854350e-02
-3.168717509260610132e-02
-3.168851632489449316e-02
-3.168629911613579653e-02
-3.168891647351307350e-02
-3.168756646324884241e-02
-3.167817867249959896e-02
-3.167254198990566288e-02
-3.167978487238572172e-02
-3.168235335779272244e-02
-3.167694831574729974e-02
-3.167438777992295090e-02
-3.169336141591510420e-02
-3.169211021299330605e-02
-3.167688183458819418e-02
-3.167557003842337571e-02
-3.168600377114184907e-02
-3.168407876849323873e-02
-3.168406422298665481e-02
-3.169520432126843312e-02
-3.169078900505519630e-02
-3.167153207838676460e-02
-3.169473626406676958e-02
-3.168316513716292609e-02
-3.169288453713491743e-02
-3.169404067322725838e-02
-3.167956321541394449e-02
-3.168590789673107755e-02
-3.169059781783217095e-02
-3.168240191667607425e-02
-3.169113127234703120e-02
-3.167927578615774287e-02
-3.170091559458761837e-02
-3.169022331528952713e-02
-3.169187082787585513e-02
-3.169290748318944612e-02
-3.169128127919663279e-02
-3.168102898374500903e-02
-3.169111071386745276e-02
-3.168141194308771863e-02
-3.168627990900479280e-02
-3.168893035181026552e-02
-3.168689437072998161e-02
-3.168152844847918481e-02
-3.169099900614085613e-02
-3.168425176390671921e-02
-3.169046355660001119e-02
-3.170001542835138020e-02
-3.168865767710791342e-02
-3.169634059075184668e-02
-3.168686793225194975e-02
-3.168293631387090331e-02
-3.168484125530537932e-02
-3.168867232112657778e-02
-3.168720069585678062e-02
-3.168349547306335834e-02
-3.168346758129426260e-02
-3.168434510044140090e-02
-3.168448973407216041e-02
-3.169505435505264729e-02
-3.168267469979107326e-02
-3.169487702322938000e-02
-3.169529071707107015e-02
-3.168353128364190946e-02
-3.169363226035872699e-02
-3.168568277211456646e-02
-3.167850933195665714e-02
-3.168173856526505794e-02
-3.167805366864532429e-02
-3.168361734153150172e-02
-3.168151896200747247e-02
-3.169164039995469445e-02
-3.166739818114357174e-02
-3.168705299192001862e-02
-3.168981383440792193e-02
-3.167650446167820377e-02
-3.168692225693194725e-02
-3.169197448624325869e-02
-3.169863030939699955e-02
-3.168723053619072055e-02
-3.170998527140000967e-02
-3.168606579253391980e-02
-3.168604261029373675e-02
-3.167861819333347290e-02
-3.169108127580836515e-02
-3.167800154632807036e-02
-3.167504122938307604e-02
-3.170287686133638205e-02
-3.168860257403331715e-02
-3.168614244859762480e-02
-3.167437628484522788e-02
-3.169631376945984680e-02
-3.170076781957813922e-02
-3.167771344192300831e-02
-3.166887852578554458e-02
-3.169090784356782403e-02
-3.168678472024238219e-02
-3.169440392288484787e-02
-3.168734917011929719e-02
-3.169420728129852816e-02
-3.168721856120686881e-02
-3.169025822458236552e-02
-3.169576924539865836e-02
-3.168518371275296647e-02
-3.169094775302814387e-02
-3.168398282177025543e-02
-3.168134899142686922e-02
-3.167143299700119624e-02
-3.169426135075727874e-02
-3.168446499966365987e-02
-3.168412478828989270e-02
-3.169451625211176793e-02
-3.168485875864227724e-02
-3.168183589810969619e-02
-3.169292025951217506e-02
-3.168552700160436747e-02
-3.169094536725066552e-02
-3.168895049401475317e-02
-3.167923854010076118e-02
-3.169388781861347260e-02
-3.168902102140706140e-02
-3.167776227031040420e-02
-3.167347702264379505e-02
-3.167327037137974977e-02
-3.167606697111480241e-02
-3.168950991959546687e-02
-3.169094369537107242e-02
-3.169511369380688393e-02
-3.168341255604262274e-02
-3.168365963171335814e-02
-3.168096506622016667e-02
-3.166533662177922759e-02
-3.169312585437449037e-02
-3.169165660325252293e-02
-3.168000712242081268e-02
-3.170113653375104812e-02
-3.168971614010190896e-02
-3.168002535420926663e-02
-3.168971234973612383e-02
-3.168153706520924345e-02
-3.169074032512531058e-02
-3.167611832542852751e-02
-3.169140660002683907e-02
-3.167091473833714282e-02
-3.168846809537698844e-02
-3.167835629250645435e-02
-3.167788622161597095e-02
-3.169037664452344083e-02
-3.168299704532798883e-02
-3.168075405373351611e-02
-3.169037345062859778e-02
-3.167617218458512740e-02
-3.169241853679194421e-02
-3.167798988526850101e-02
-3.167920008566477846e-02
-3.167633625550120291e-02
-3.167300630291690344e-02
-3.170211666726524546e-02
-3.169294560793473048e-02
-3.169196422964441068e-02
-3.167412916085460967e-02
-3.170091598751064582e-02
-3.168476069965182190e-02
-3.168577817477733621e-02
-3.169091111414667344e-02
-3.168877843092895996e-02
-3.168657879364713409e-02
-3.168513092005222076e-02
-3.170157186451883630e-02
-3.168936735631577156e-02
-3.169035101964984974e-02
-3.168793508063824649e-02
-3.169855340933171867e-02
-3.168860129653293389e-02
-3.168547624989016820e-02
-3.168892720176803152e-02
-3.166200398060909499e-02
-3.167379013421378620e-02
-3.167636545854995295e-02
-3.167104268702451014e-02
-3.168336049562775480e-02
-3.168884591749598217e-02
-3.169130705808231863e-02
-3.168619991760943805e-02
-3.168061150704668677e-02
-3.169033113668220242e-02
-3.169129680646092656e-02
-3.167993591447119950e-02
-3.166946365372606820e-02
-3.168664579287883143e-02
-3.169190902392215320e-02
-3.169236235241121996e-02
-3.169074119175931126e-02
-3.168085552293261470e-02
-3.167898607306065401e-02
-3.168843889727023660e-02
-3.167838774209370822e-02
-3.168042775363904412e-02
-3.168011190749118328e-02
-3.168573163967519646e-02
-3.168782737414742312e-02
-3.167454809143656347e-02
-3.168547308649864030e-02
-3.168601390483830743e-02
-3.168801039608568765e-02
-3.168634376614611753e-02
-3.168246786701980205e-02
-3.168142555651236314e-02
-3.168322450458661149e-02
-3.168862457296230117e-02
-3.169815602345594369e-02
-3.169313068340745554e-02
-3.168238976537847418e-02
-3.169003061345430916e-02
-3.168853551253678069e-02
-3.168275666620364028e-02
-3.169651970854988482e-02
-3.168949453019342249e-02
-3.168696309938241057e-02
-3.168099316866714033e-02
-3.168761302034831667e-02
-3.169427321262130448e-02
-3.167985064606246987e-02
-3.168862550023434504e-02
-3.169121063639550318e-02
-3.167860419446600490e-02
-3.168581991775841489e-02
-3.167915572767809884e-02
-3.168260137446304164e-02
-3.168915626234925648e-02
-3.167925024722147848e-02
-3.168591044085031921e-02
-3.167337527157170624e-02
-3.168156994160533507e-02
-3.169499759339848566e-02
-3.168744614760383299e-02
-3.168559497446946094e-02
-3.169557803360977671e-02
-3.168459289043446675e-02
-3.169702066931321532e-02
-3.167819263735384416e-02
-3.169826584513727591e-02
-3.168879126023276677e-02
-3.169791559225181021e-02
-3.167605623672784670e-02
-3.169179616610889871e-02
-3.169515482053751609e-02
-3.169037644300162077e-02
-3.167656362193923408e-02
-3.169775510803562318e-02
-3.167948660251812543e-02
-3.168156639553171283e-02
-3.168828834841824760e-02
-3.168061582852799152e-02
-3.169460186237314792e-02
