-7.614226458236436623e-02
-7.571269921225809441e-02
-7.663256929143462404e-02
-7.587680637326399413e-02
-7.597294027513219750e-02
-7.625663939261492774e-02
-7.628607727581690479e-02
-7.606797301126977384e-02
-7.661697919205986973e-02
-7.633801150134240932e-02
-7.639745276398349216e-02
-7.722678579581757075e-02
-7.734442601045583843e-02
-7.728124308550236854e-02
-7.786363899957529644e-02
-7.803541361003307752e-02
-7.852049389238517640e-02
-7.794900387208170134e-02
-7.809672835469509689e-02
-7.825640427708646651e-02
-7.833932301706782175e-02
-7.824065608334861144e-02
-7.781265394558523063e-02
-7.838333842654124362e-02
-7.826859715833792142e-02
-7.856599849217241194e-02
-7.882490885426800264e-02
-7.887157699102186059e-02
-7.876726724164266613e-02
-7.891508509656497417e-02
-7.870154677321813952e-02
-7.889333096130261846e-02
-7.918075528357433612e-02
-7.933092127427951445e-02
-7.935630282213550213e-02
-7.932778260990323849e-02
-7.934274350857076219e-02
-7.943846328261187917e-02
-7.938335732090963381e-02
-7.961055658479390673e-02
-7.943712011076886625e-02
-7.935932111543124445e-02
-7.951626451714814692e-02
-7.928039998030185498e-02
-7.943001938106321325e-02
-7.949910457139629238e-02
-7.943783804674552085e-02
-7.952303851132483392e-02
-7.951390095944228797e-02
-7.947801071297633246e-02
-7.955396772968073571e-02
-7.954460363845214377e-02
-7.957812500254604626e-02
-7.958198844803157646e-02
-7.962193301468122042e-02
-7.935508426485607392e-02
-7.956148826340338209e-02
-7.964936854191211058e-02
-7.956126235113915313e-02
-7.974948011151281047e-02
-7.955914557065155157e-02
-7.970860726693750065e-02
-7.962793620077211754e-02
-7.960496400295634378e-02
-7.985354062332845893e-02
-7.983539545434061024e-02
-7.964911359467673202e-02
-7.958849399142535475e-02
-7.951852988582608361e-02
-7.951967753065239397e-02
-7.981782464090504681e-02
-7.959203188509721139e-02
-7.962047816284290036e-02
-7.969239501415859017e-02
-7.962355545321865569e-02
-7.978468570740655796e-02
-7.950626031915654368e-02
-7.958852185944312319e-02
-7.987605607437066324e-02
-7.965569428051180734e-02
-7.954445510261638763e-02
-7.967403529039314425e-02
-7.959146622203953914e-02
-7.971184888773701072e-02
-7.971425030981008075e-02
-7.978200572073654295e-02
-7.963235260762495382e-02
-7.959149723193321979e-02
-7.965482500405907107e-02
-7.963032164331836082e-02
-7.969816341655786007e-02
-7.966291773566770706e-02
-7.964021746585858708e-02
-7.967220117165130233e-02
-7.967063851636166372e-02
-7.970420636930726499e-02
-7.956515453050656828e-02
-7.965915343736686138e-02
-7.964178269322316761e-02
-7.980259784151873259e-02
-7.950168838452706388e-02
-7.985629758655184152e-02
-7.955237110227254826e-02
-7.959166013472322720e-02
-7.966227071800877080e-02
-7.973888305509481411e-02
-7.961915008682164674e-02
-7.957715085818690970e-02
-7.976683075847408599e-02
-7.985771743737700434e-02
-7.961804578664007093e-02
-7.965208514770827364e-02
-7.976913635484732257e-02
-7.977683147180540668e-02
-7.979082328888395526e-02
-7.974368647416914258e-02
-7.960941795884483863e-02
-7.990405282920888530e-02
-7.956888145631355047e-02
-7.949495098835779316e-02
-7.978857011855343406e-02
-7.963038866093390122e-02
-7.968846927631159649e-02
-7.983630833211903532e-02
-7.980626354885943241e-02
-7.955373699536716359e-02
-7.976029177281164506e-02
-7.973606525871172745e-02
-7.983177829177488805e-02
-7.973710078506687782e-02
-7.976057001141272085e-02
-7.970300732236837438e-02
-7.971624700125357066e-02
-7.976575943343296171e-02
-7.976503976205370772e-02
-7.970430483776304309e-02
-7.965871698749360519e-02
-7.965989629697881047e-02
-7.985205534365777402e-02
-7.972016597290350337e-02
-7.974294915073668055e-02
-7.967288582400791630e-02
-7.969718555049587483e-02
-7.989879508963815269e-02
-7.961262311554448412e-02
-7.969562140796497551e-02
-7.966452863484341229e-02
-7.961432081498782953e-02
-7.978178413318533224e-02
-7.976604941803885906e-02
-7.965949292916427171e-02
-7.966613426997493086e-02
-7.966746692822192222e-02
-7.973900335010002116e-02
-7.967973593356773854e-02
-7.981559356654543969e-02
-7.967390105572218217e-02
-7.982014687619196081e-02
-7.965958690146880683e-02
-7.961206317656192855e-02
-7.987664174327216426e-02
-7.969012839793047920e-02
-7.973406379757208562e-02
-7.969917842451987311e-02
-7.969567325426288318e-02
-7.972965864086042909e-02
-7.979061819790669863e-02
-7.979034800401545169e-02
-7.974875927341772142e-02
-7.971505069097828411e-02
-7.972770594439385072e-02
-7.973640474847318305e-02
-7.972440762245877610e-02
-7.983222471824305555e-02
-7.979527966485508439e-02
-7.977114451378500282e-02
-7.966553882159457811e-02
-7.967460325350798900e-02
-7.979240830657094441e-02
-7.977720502811694314e-02
-7.976472685087636350e-02
-7.981861602685304258e-02
-7.979583758930922088e-02
-7.968572871022153170e-02
-7.977580571903074291e-02
-7.982027931293700362e-02
-7.969299741398647163e-02
-7.976346007198931165e-02
-7.970293392874137905e-02
-7.966969534012031950e-02
-7.965342631744805335e-02
-7.966374387101567145e-02
-7.967918318535348321e-02
-7.983641651830448993e-02
-7.981427534146615099e-02
-7.966786046173759961e-02
-7.985585875660017319e-02
-7.984124286342367260e-02
-7.966164348008608620e-02
-7.978801619754974372e-02
-7.969210835662658698e-02
-7.977159078339059184e-02
-7.982423026007674782e-02
-7.966201690009119818e-02
-7.968742507920202611e-02
-7.970433508871191397e-02
-7.982082803422715922e-02
-7.974949174502472815e-02
-7.979389035215546377e-02
-7.975177094083170382e-02
-7.976816771863450006e-02
-7.978619596005283310e-02
-7.972185537043323389e-02
-7.963270963601416785e-02
-7.974048987647770759e-02
-7.973101491588001355e-02
-7.972928621917572956e-02
-7.979067863411208605e-02
-7.970820083495132324e-02
-7.970496683216619915e-02
-7.978248477838841002e-02
-7.976066578681005603e-02
-7.969227804668854720e-02
-7.982713124917426017e-02
-7.970071790249586008e-02
-7.978819510297589790e-02
-7.974808775740080402e-02
-7.973434433727796811e-02
-7.991942117163475245e-02
-7.977917402977807715e-02
-7.970249655908293041e-02
-7.989111092414183379e-02
-7.971680323018746905e-02
-7.984200178549685778e-02
-7.965685652174987752e-02
-7.978136266207980221e-02
-7.975482707442249630e-02
-7.975038231678091560e-02
-7.973033668670295726e-02
-7.975298340010816833e-02
-7.981096799516158857e-02
-7.983644741128503863e-02
-7.965504770493003761e-02
-7.968218127047459187e-02
-7.987396791637103866e-02
-7.972516094731886549e-02
-7.975059241095068530e-02
-7.969239847085383965e-02
-7.984679224205373793e-02
-7.974874616998584020e-02
-7.970057636936067613e-02
-7.971211313169522528e-02
-7.981537630091281588e-02
-7.976992820700960773e-02
-7.981505021378744458e-02
-7.984585099635546634e-02
-7.975659834295914519e-02
-7.984611157378583568e-02
-7.985836022039440041e-02
-7.979406023405719028e-02
-7.970534000272448683e-02
-7.984988192402799057e-02
-7.964507415921436018e-02
-7.985365737000957309e-02
-7.970353424532269915e-02
-7.976692067420955434e-02
-7.982358933204783402e-02
-7.963838473275812457e-02
-7.981477959368710184e-02
-7.980016859161999376e-02
-7.976892339589435055e-02
-7.980739624396727960e-02
-7.969951446833752062e-02
-7.973655684181826797e-02
-7.976893243758288732e-02
-7.957102301515910081e-02
-7.976248360235180246e-02
-7.967674834616332580e-02
-7.985331878200756239e-02
-7.990992071169815414e-02
-7.967733516257556603e-02
-7.976561457551512024e-02
-7.977183986749070144e-02
-7.975808977971642066e-02
-7.972677713566130031e-02
-7.972507074447264530e-02
-8.017558780716139977e-02
-7.949038237461859835e-02
-7.968255103021670838e-02
-7.981506937002989799e-02
-7.976739478637753789e-02
-7.974006485912513154e-02
-7.969373393765244451e-02
-7.979313331521689645e-02
-7.968863837368564407e-02
-7.980136522292843870e-02
-7.974920911643064436e-02
-7.974895353337911608e-02
-7.975988410105526449e-02
-7.980598955761909752e-02
-7.977274438450850103e-02
-7.978389077983627509e-02
-7.977332859985694635e-02
-7.977672178537667524e-02
-7.971273399452882824e-02
-7.970810225929381154e-02
-7.978584873139826783e-02
-7.970765290085661536e-02
-7.981193078588985634e-02
-7.980463684966911109e-02
-7.983075457019365995e-02
-7.961435241336999036e-02
-7.965582267504880964e-02
-7.968678865805897682e-02
-7.962435056091481111e-02
-7.980301154703053901e-02
-7.978111905354585975e-02
-7.977032798896289967e-02
-7.968469241679501658e-02
-7.973193358468481928e-02
-7.976970532189896212e-02
-7.974479207188434060e-02
-7.960255661159246210e-02
-7.985881570765769599e-02
-7.978621351367262693e-02
-7.981526419637434422e-02
-7.975690973849672294e-02
-7.976727246508670544e-02
-7.982927758988492273e-02
-7.972341594318591018e-02
-7.972667927109867991e-02
-7.976261176834868738e-02
-7.966517642356375772e-02
-7.977107173269194773e-02
-7.971201402170306760e-02
-7.972522250990828063e-02
-7.968975034055746087e-02
-7.977091834234210921e-02
-7.960960412359871508e-02
-7.972660485050885038e-02
-7.975227991446841302e-02
-7.966679832657204419e-02
-7.973742287116943050e-02
-7.975305842969701575e-02
-7.972733211268986930e-02
-7.991784103325870470e-02
-7.970533464926342349e-02
-7.996043517012421664e-02
-7.961245340677915172e-02
-7.979806906016187473e-02
-7.963403823091330658e-02
-7.978859677844567233e-02
-7.975614334558568663e-02
-7.975109679521683037e-02
-7.971820322398433245e-02
-7.969119534036198105e-02
-7.981361216373746015e-02
-7.983586115422816598e-02
-7.979085278360621702e-02
-7.997160466770734943e-02
-7.964570110878596565e-02
-7.969826967739015999e-02
-7.990741951840717172e-02
-7.974940288248835718e-02
-7.982790881474900735e-02
-7.987092628554390283e-02
-7.973870933300096497e-02
-7.976318377362455470e-02
-7.984524877609848470e-02
-7.981150293446261090e-02
-7.983964606768624572e-02
-7.972425787531621511e-02
-7.965696092869258005e-02
-7.973966980147939587e-02
-7.978217803737829017e-02
-7.978034168272633841e-02
-7.986322793060492142e-02
-7.990752217637060728e-02
-7.976690124644700286e-02
-7.980143170453166124e-02
-7.980632620628015650e-02
-7.964614709637662937e-02
-7.982849967768593236e-02
-7.989282466401313731e-02
-7.979490108403188009e-02
-7.975304619233170023e-02
-7.980998898603200442e-02
-7.986442031308123302e-02
-7.982105092269284330e-02
-7.981495924037659839e-02
-7.982175734285261448e-02
-7.978224517856168096e-02
-7.974111699368378881e-02
-7.984686100075118198e-02
-7.971192494117983196e-02
-7.973964308427339276e-02
-7.979799224661940360e-02
-7.981939357263670431e-02
-7.976303937691765766e-02
-7.970899913121547165e-02
-7.981496903767469620e-02
-7.976045018400197695e-02
-7.984415015001052052e-02
-7.974014906295666394e-02
-7.971515652309658917e-02
-7.974722363681920057e-02
-7.985829676858487158e-02
-7.985014786414890153e-02
-7.988021835719069652e-02
-7.975525970261242159e-02
-7.988062116981783922e-02
-7.969960948798915368e-02
-7.978039125679206589e-02
-7.975888560804467176e-02
-7.960075309816048994e-02
-7.964209072942819712e-02
-7.981536389985453839e-02
-7.982962817261725352e-02
-7.987452589258650648e-02
-7.980619500555598267e-02
-7.981052908090205400e-02
-7.994405767780475569e-02
-7.979589327725007675e-02
-7.978866834889473958e-02
-7.974510675842205742e-02
-7.972839984009402747e-02
-7.981220106976041895e-02
-7.962464697933424596e-02
-7.980536441482959098e-02
-7.973515972610044356e-02
-7.997378020062284598e-02
-7.979265575669554356e-02
-7.978582811080361936e-02
-7.974235765804661702e-02
-7.981421230394802890e-02
-7.989494901589373754e-02
-7.973042720776732373e-02
-7.974675768448256929e-02
-7.961056176165005882e-02
-7.982039823478677409e-02
-7.983398645644319835e-02
-7.986637840949002698e-02
-7.974243772332391400e-02
-7.979135513568236249e-02
-7.983372872380997687e-02
-7.971391478162506705e-02
-7.977099706173833293e-02
-7.966009175728704095e-02
-7.962204575162380726e-02
-7.967476814716500932e-02
-7.972726489374405701e-02
-7.969781446442603112e-02
-7.962911230353533765e-02
-7.980703132760061380e-02
-7.978468874154767687e-02
-7.966966013465608121e-02
-7.984902455580944469e-02
-7.979992137594348056e-02
-7.975257419233384992e-02
-7.976660974327536013e-02
-7.976933007155022348e-02
-7.974830288223490327e-02
-7.976964820444641668e-02
-7.964339286837805731e-02
-7.964438985362695678e-02
-7.968098048580136983e-02
-7.962756625895384133e-02
-7.977088860802447612e-02
-7.970377386737362291e-02
-7.974809135979314678e-02
-7.988110202554928041e-02
-7.979202163660960301e-02
-7.982718933307471343e-02
-7.984051199098275708e-02
-7.974528891057978963e-02
-7.966537805905025971e-02
-7.984855150154825110e-02
-7.971105168431071031e-02
-7.978547751791895126e-02
-7.988006849473183735e-02
-7.977781852819150477e-02
-7.961450528348497369e-02
-7.977519194265690616e-02
-7.970229915654478137e-02
-7.978471009275119041e-02
-7.988534635314714638e-02
-7.974723105956409153e-02
-7.976500199941265190e-02
-7.985543417614558714e-02
-7.981459548200908749e-02
-7.975682737434461322e-02
-7.979279201233323293e-02
-7.972127764068594191e-02
-7.970526598015438557e-02
-7.990775966502090821e-02
-7.980734932970559581e-02
-7.997491193297870393e-02
-7.978021038764973594e-02
-7.980043942861432538e-02
-7.978998472596179892e-02
-7.981340131593295251e-02
-7.979928827247355361e-02
-7.981833008815222841e-02
-7.981525549927979968e-02
-7.982635516305756906e-02
-7.966350258969881470e-02
-7.984858855611322304e-02
-7.984134466145850761e-02
-7.975981216922714556e-02
-7.984696487883061189e-02
-7.969803448944887125e-02
-7.981670655540443193e-02
-7.968683237559839871e-02
-7.977482304052806172e-02
-7.988345723063103310e-02
-7.970148762719379831e-02
-7.973703500841351766e-02
-7.973696562294294021e-02
-7.989991556540447515e-02
-7.978715655415370700e-02
-7.986662001818120582e-02
-7.976955873371428807e-02
-7.983259477203666354e-02
-7.976663706373329776e-02
-7.970695128939407625e-02
-7.973544254822338695e-02
-7.967315319118077610e-02
-7.975602528507953759e-02
-7.988186224345816822e-02
-7.977108518003737936e-02
-7.963884462644209294e-02
-7.984378502728528559e-02
-7.974901182935503763e-02
-7.982378482991601965e-02
-7.973927205070427404e-02
-7.982409796324549389e-02
-7.976329554713221248e-02
-7.973595082236697995e-02
-7.981050291170752042e-02
-7.970832573520626740e-02
-7.977926669782840763e-02
-7.981343727459869197e-02
-7.979723872734176271e-02
-7.981051707577194176e-02
-7.978720888243087672e-02
-7.987449205751866177e-02
-7.974318066964390661e-02
-7.977608370098122903e-02
-7.972499194382752508e-02
-7.974957973231368291e-02
-7.986434746499340709e-02
-7.984867021748458249e-02
-7.971517063347278997e-02
-7.976088005079036425e-02
-7.964167640673971982e-02
-7.982082472506593640e-02
-7.983329111208370410e-02
-7.982144605345596611e-02
-7.979780562661639709e-02
-7.979370908605683266e-02
-7.969775023114653023e-02
-7.999540115081280045e-02
-7.981010748764019724e-02
-7.972769514419933423e-02
-7.980339802689087603e-02
-7.976091622725177410e-02
-7.972599865400205321e-02
-7.977482369484582836e-02
-7.973798981633797855e-02
-7.970295626432469249e-02
-7.987134494424084907e-02
-7.979097404626098178e-02
-7.973762213035924529e-02
-7.978889500976059368e-02
-7.977915200804816531e-02
-7.970024294611133264e-02
-7.971175282859500888e-02
-7.989559294800177569e-02
-7.972718088958712090e-02
-7.981725625423238824e-02
-7.973443876968713817e-02
-7.961580386146195620e-02
-7.965866803876697766e-02
-7.979579907563098817e-02
-7.978826873622442417e-02
-7.966060135422733945e-02
-7.965971752886792656e-02
-7.970850759048718481e-02
-7.978304840830253986e-02
-7.977521424098443781e-02
-7.982230663913333912e-02
-7.991337056540852302e-02
-7.970164701932604123e-02
-7.962589413434285890e-02
-7.982349373814476290e-02
-7.979008050965405441e-02
-7.972708583248934444e-02
-7.986647026753276868e-02
-7.978990498340736426e-02
-7.984019944350291553e-02
-7.972380798259186274e-02
-7.973856996196630742e-02
-7.982035961580911942e-02
-7.982634050727518971e-02
-7.972138886465580943e-02
-7.971364427756466586e-02
-7.981912647675905303e-02
-7.960804040283826766e-02
-7.973538512793479360e-02
-7.994556033289745844e-02
-7.992988296010354599e-02
-7.979765733922095094e-02
-7.976504095112368908e-02
-7.971402756712508975e-02
-7.977422231987614520e-02
-7.965233109106160947e-02
-7.973821763702153287e-02
-7.977950321798321642e-02
-7.981199590831897228e-02
-7.978796306891847157e-02
-7.975780516473840454e-02
-7.985989513323309141e-02
-7.970234288119902588e-02
-7.978772894970347085e-02
-7.978157590397029486e-02
-7.973535222667625655e-02
-7.980733115489513363e-02
-7.985939705200836847e-02
-7.972217641722324777e-02
-7.980497229009006488e-02
-7.975545258745782295e-02
-7.979858903665970615e-02
-7.984336108329552484e-02
-7.992552005427755457e-02
-7.973461218595945255e-02
-7.981297710282023172e-02
-7.980225459348042061e-02
-7.980607033775624637e-02
-7.982086817740736973e-02
-7.967467853625391505e-02
-7.969964492003685230e-02
-7.977217212872281249e-02
-7.986866763194244712e-02
-7.988927034863045618e-02
-7.971407014568769600e-02
-7.981978918383492161e-02
-7.977508911994075913e-02
-7.981262252542467572e-02
-7.992519038546293253e-02
-7.974598605231733583e-02
-7.984702565525558793e-02
-7.982054276207713184e-02
-7.987375330774246218e-02
-7.980146740994001342e-02
-7.974156845358636170e-02
-7.983646518805599668e-02
-7.984845924949338092e-02
-7.972384001342709692e-02
-7.977810489359533908e-02
-7.970078896416654679e-02
-7.981585387329435954e-02
-7.983179056102909787e-02
-7.960689368564397017e-02
-7.970227882258835994e-02
-7.986695475459883176e-02
-7.968841112703657636e-02
-7.971165261312936068e-02
-7.966993566786272074e-02
-7.988837429651891864e-02
-7.984898492674882831e-02
-7.972146079174881328e-02
-7.974336262047827806e-02
-7.974173189758228253e-02
-7.972230794368488638e-02
-7.975362325186249879e-02
-7.978648455184941812e-02
-7.976206260694167216e-02
-7.974723213274478861e-02
-7.970713490341342633e-02
-7.978435260318232636e-02
-7.990260583765418367e-02
-7.967310571837890598e-02
-7.980578287075343336e-02
-7.969650535869458874e-02
-7.985743370930922791e-02
-7.987442446323944623e-02
-7.986161543474283586e-02
-7.979272334679642087e-02
-7.979035266724388009e-02
-7.976086221916310615e-02
-7.974071937744367511e-02
-7.978910954009453549e-02
-7.964579551294427573e-02
-7.982684169878991043e-02
-7.975237743562701986e-02
-7.983978837533757533e-02
-7.980710953366579319e-02
-7.981013042071685715e-02
-7.975517861810273168e-02
-7.971258557795619926e-02
-7.980812457492593437e-02
-7.973047405120202435e-02
-7.973033513203574285e-02
-7.971310485250247824e-02
-7.980062626947827253e-02
-7.974501689295319939e-02
-7.989645450356151757e-02
-7.981342027091505031e-02
-7.978005867232480786e-02
-7.982803514612384077e-02
-7.974532875775242058e-02
-7.983840733565049363e-02
-7.986049547940878013e-02
-7.976283535152577098e-02
-7.978362147637688140e-02
-7.960924596472689074e-02
-7.982773816089132335e-02
-7.984230116587405501e-02
-7.968675927354813837e-02
-7.976701584217450736e-02
-7.964694228691911182e-02
-7.991349474978773348e-02
-7.979469812009054586e-02
-7.985970640782309726e-02
-7.990046698593829266e-02
-7.979662925694033793e-02
-7.975257931104406950e-02
-7.986080700197846494e-02
-7.980695511062814440e-02
-7.980649365286270058e-02
-7.982978882706562307e-02
-7.982311079257785325e-02
-7.972972975196869483e-02
-7.977197519814507864e-02
-7.989529849573250020e-02
-7.967550660009867225e-02
-7.967464035650632936e-02
-7.975724054863708723e-02
-7.984834423929378089e-02
-7.980093726503022233e-02
-7.984213068390270951e-02
-7.978787218357104305e-02
-7.984032968275488196e-02
-7.983075246350493370e-02
-7.980093051011197258e-02
-7.972021387219462019e-02
-7.988241000189211238e-02
-7.979983787769587278e-02
-7.979657149760467638e-02
-7.981529474211448982e-02
-7.981301785135944127e-02
-7.981482783547619309e-02
-7.973695061617736002e-02
-7.977951879775392607e-02
-7.985398588922469620e-02
-7.987117003300299445e-02
-7.986465675350395976e-02
-7.976699636285658479e-02
-7.986673277269666638e-02
-7.980102422131360451e-02
-7.975818100934244093e-02
-7.975831509023505184e-02
-7.965755234279359165e-02
-7.958462385873639466e-02
-7.959362561649348244e-02
-7.969138067807020331e-02
-7.983629472248157666e-02
-7.987098579567361578e-02
-7.985315905154842520e-02
-7.982123220939504882e-02
-7.982939036256200827e-02
-7.982909702903333293e-02
-7.977928426660661765e-02
-7.990987797397200443e-02
-7.970575038428753811e-02
-7.968205344001569324e-02
-7.970517347942547570e-02
-7.976773036783371684e-02
-7.974023567289166559e-02
-7.963559021243958591e-02
-7.983941322144734454e-02
-7.965580815112487112e-02
-7.978876795936537536e-02
-7.976973014217333957e-02
-7.977830780529114596e-02
-7.969970183708038891e-02
-7.970508524213770762e-02
-7.978279671252828942e-02
-7.966850139281281273e-02
-7.989145769947667008e-02
-7.982579039343155880e-02
-7.967794218924799388e-02
-7.967669546766530109e-02
-7.984376455961640640e-02
-7.971400852580869112e-02
-7.980357152195900750e-02
-7.990471012646663262e-02
-7.969758729545077525e-02
-7.978496179450490777e-02
-7.975851231983575873e-02
-7.980430720052937577e-02
-7.988115239261969758e-02
-7.976864100841200844e-02
-7.989523984026489223e-02
-7.981499853815694767e-02
-7.975419023046495526e-02
-7.989585231956460032e-02
-7.978311293578829733e-02
-7.977913606958859927e-02
-7.976037918024679596e-02
-7.979206354413578839e-02
-7.993641182705586712e-02
-7.973959573762402775e-02
-7.974008769971126231e-02
-7.975428197100090100e-02
-7.967528491432415705e-02
-7.990173549165928424e-02
-7.973514407152888783e-02
-7.969861635012313872e-02
-7.991837178658466045e-02
-7.991727594704509108e-02
-7.973483118264172720e-02
-7.968100737002156708e-02
-7.991190879752789467e-02
-7.984265592728571892e-02
-7.977779957812321243e-02
-7.985254194365157265e-02
-7.977740902786482902e-02
-7.977031013345807497e-02
-7.969193340729363584e-02
-7.970084507593674927e-02
-7.975232803777224100e-02
-8.007342653388216380e-02
-7.988553589138594480e-02
-7.966164649859557023e-02
-7.975943623682633932e-02
-7.970632943388047953e-02
-7.973106613096106465e-02
-7.982181914995156724e-02
-7.982440325555087424e-02
-7.971889757528456688e-02
-7.982815137981071063e-02
-7.986324703811274739e-02
-7.985479058167428701e-02
-7.977002505842437086e-02
-7.981929707550963760e-02
-7.982443682071670155e-02
-7.983792154156292564e-02
-7.989144037169719492e-02
-7.988105240918898231e-02
-7.975140990152065901e-02
-7.992040366341990332e-02
-7.986732461785553405e-02
-7.990132677194507205e-02
-7.984750591974958123e-02
-7.980953535779414243e-02
-7.977334204454979150e-02
-7.983009446171199230e-02
-7.974721999014659779e-02
-7.972900639253301114e-02
-7.990983795404031642e-02
-7.977974011202397520e-02
-7.974996045483005724e-02
-7.979230114488322645e-02
-7.974013265619286916e-02
-7.983861660006610905e-02
-7.980872174444263167e-02
-7.984687951387817173e-02
-7.973425181421457675e-02
-7.981635148609729502e-02
-7.975303418442765413e-02
-7.980866943962841575e-02
-7.978455735580169961e-02
-7.984344700659616600e-02
-7.977394426458477017e-02
-7.982031943486833647e-02
-7.984750852740485350e-02
-7.980948340291227350e-02
-7.981903656337351050e-02
-7.967612147076849616e-02
-7.975479855468166346e-02
-7.964743761421889945e-02
-7.982936155643560738e-02
-7.969724247484626101e-02
-7.980205921946270653e-02
-7.970418955223046442e-02
-7.979054017708853141e-02
-7.986627082788815002e-02
-7.966341166138561636e-02
-7.972483115206117910e-02
-7.974915194987831912e-02
-7.979944091971218068e-02
-7.986086325242927608e-02
-7.979476319941913864e-02
-7.972232718279033403e-02
-7.981988444097666557e-02
-7.979526814232140719e-02
-7.985113388044115523e-02
-7.982796035683474567e-02
-7.987819286222608284e-02
-7.977162938792876912e-02
-7.972414410822777076e-02
-7.977233842118755525e-02
-8.002650318606829849e-02
-7.971958182027957807e-02
-7.977653020099484404e-02
-7.984599946409491611e-02
-7.975991108511738814e-02
-7.973786916716386897e-02
-7.975718385153864054e-02
-7.980995385800195019e-02
-7.970879093092464451e-02
-7.980871508960467320e-02
-7.967454561299677773e-02
-7.981840600241395245e-02
-7.986007853292502456e-02
-7.971466643951032049e-02
-7.982220184566876653e-02
-7.994262855462849759e-02
-7.981246409605900760e-02
-7.991856899074425979e-02
-7.977837298818203637e-02
-7.982661156430972960e-02
-7.976636005162249243e-02
-7.977069078348299203e-02
-7.974765195540471641e-02
-7.975830755723542498e-02
-7.976632413323557491e-02
-7.975884747454628498e-02
-7.980794542516576884e-02
-7.975739531711768804e-02
-7.982053009279674316e-02
-7.978472236956642150e-02
-7.978403856339304212e-02
-7.989254270498766242e-02
-7.984778337188067066e-02
-7.982862876750138059e-02
-7.977406183190885458e-02
-7.985445436137096620e-02
-7.989490999928160198e-02
-7.979757308559325135e-02
-7.974485356464791619e-02
-7.968994652235640574e-02
-7.972997331491069040e-02
-7.978100124234703550e-02
-7.982408883102246056e-02
-7.977820495119128386e-02
-7.981608293814169974e-02
-7.981468587412102189e-02
-7.979855910597334623e-02
-7.994018507214271929e-02
-7.977029551059398871e-02
-7.990213773949661480e-02
-7.976321580240394726e-02
-7.964502749320752362e-02
-7.982316193537908333e-02
-7.977502893953809793e-02
-7.976664376469923268e-02
-7.976741718203309017e-02
-7.979551408422717873e-02
-7.973379415414257043e-02
-7.978980210049997635e-02
-7.971866886572499811e-02
-7.973332589064711928e-02
-7.976990213131296414e-02
-7.971971758776873196e-02
-7.971494967192534198e-02
-7.983712002205248237e-02
-7.976770456764240014e-02
-7.976212933951910833e-02
-7.984464245650693681e-02
-7.983943925602297875e-02
-7.978211062761696171e-02
-7.980243099195304113e-02
-7.976374952816522867e-02
-7.970646980722687069e-02
-7.980671479850186267e-02
-7.982951805253887811e-02
-7.980094090074515978e-02
-7.970100594559803575e-02
-7.988913697945963788e-02
-7.986927590120962428e-02
-7.979359407479935662e-02
-7.987883797737461988e-02
-7.981152900820442930e-02
-7.977276833086177632e-02
-7.975781688220824617e-02
-7.978708421360636294e-02
-7.968472599590604999e-02
-7.979736213867216765e-02
-7.975994034589577175e-02
-7.989870015373112810e-02
-7.973773436356770827e-02
-7.975600331008611543e-02
-7.977328499906431725e-02
-7.980761031338287625e-02
-7.987776839145377394e-02
-7.969883650244792561e-02
-7.985238315653793439e-02
-7.975757769016962595e-02
-7.982174692623238144e-02
-8.000705042226441410e-02
-7.986790032399508632e-02
-7.968264105019429167e-02
-7.973786632431120736e-02
-7.977779952367165806e-02
-7.980239118459708791e-02
-7.979273176510133514e-02
-7.976089182253513765e-02
-7.982560476447027320e-02
-7.962904572453625984e-02
-7.979007508371263602e-02
-7.986670396483590284e-02
-7.982516962381039360e-02
-7.986256810432942888e-02
-7.978486715055670142e-02
-8.002515518112020276e-02
-7.981328899941628197e-02
-7.988135904566859291e-02
-7.988375012255954921e-02
-7.976409447836471656e-02
-7.981561232452072385e-02
-7.990244386201068860e-02
-7.970824589759763212e-02
-7.980212630728335255e-02
-7.983799976408043064e-02
-7.987014804618959574e-02
-7.978823908739317294e-02
-7.984175924404038338e-02
-7.980917134175316563e-02
-7.991850022485648408e-02
-7.980769987284201672e-02
-7.988898881324289769e-02
-7.973652901831422557e-02
-7.973113649857532792e-02
-7.983071617971886080e-02
-7.978492507423178004e-02
-7.984215700634147983e-02
-7.984627000946191433e-02
-7.982859135904209202e-02
-7.978692820237753835e-02
-7.976783476576609910e-02
-7.984430601289635443e-02
-7.982983932115587933e-02
-7.978648286924568123e-02
-7.997535280491545329e-02
-7.979544813499350742e-02
-7.979940653292463826e-02
-7.980054687531067115e-02
-7.975609398365664238e-02
-7.976482209366229925e-02
-7.966552323478029440e-02
-7.975225960881744680e-02
-7.985934417879761438e-02
-7.988805482315196327e-02
-7.977379155483317608e-02
-7.975949293555480157e-02
-7.981829511963740853e-02
-7.974723472225815624e-02
-7.982601419656132347e-02
-7.973086189407729840e-02
-7.974485664256394934e-02
-7.984946638084859660e-02
-7.976025186897985064e-02
-7.982076024059854558e-02
-7.976466965047217250e-02
-7.990743567364723410e-02
-7.976743361071100824e-02
-7.971441407711180038e-02
-7.976834568470285436e-02
-7.978420438652321367e-02
-7.981481331513957944e-02
-7.983286680019176240e-02
-7.978491471045187633e-02
-7.987548956526703547e-02
-7.985767953324963975e-02
-7.981442124332642496e-02
-7.978900739276535703e-02
-7.975352450266028070e-02
-7.984614936694478526e-02
-7.967985138356772912e-02
-7.993574363631535118e-02
-7.968407995006285272e-02
-7.965330471266221513e-02
-7.975981605308235523e-02
-7.979784157566416347e-02
-7.985519119559368606e-02
-7.983463474429344786e-02
-7.977504747612267078e-02
-7.978770137315639721e-02
-7.986081917720636025e-02
-7.974767863636286758e-02
-7.974214665424109172e-02
-7.978261285805852976e-02
-7.976035991850975726e-02
-7.984497602539712691e-02
-7.977338716195570001e-02
-7.983407599003229660e-02
-7.992819260546671356e-02
-7.990681655200480848e-02
-7.985265347155737214e-02
-7.971371595117328346e-02
-7.974793148208503268e-02
-7.970676283634445247e-02
-7.985093109805181666e-02
-7.979376119724679306e-02
-7.988285308388962114e-02
-7.993217345544656460e-02
-7.974998171412558956e-02
-7.976621080711712719e-02
-7.980533377215347224e-02
-7.976190754268722150e-02
-7.975969731715303046e-02
-7.974547374593675408e-02
-7.981638549037858854e-02
-7.972436210197300643e-02
-7.990406402137727182e-02
-7.974843940498789474e-02
-7.984901887627923744e-02
-7.977358815660509639e-02
-7.970018704093202733e-02
-7.981162501781467744e-02
-7.983442568421626750e-02
-7.979142078885634315e-02
-7.975225346807422733e-02
-7.985402782498229879e-02
-7.968251475934626238e-02
-7.979824195560993039e-02
-7.978348733133271142e-02
-7.971240632054342468e-02
-7.970895772173790250e-02
-7.984840509320290103e-02
-7.976361679523355508e-02
-7.980225573331116429e-02
-7.969308153130634509e-02
-7.980595683353090830e-02
-7.983090555034655367e-02
-7.985341156801008256e-02
-7.986199276007333037e-02
-7.980689578459314315e-02
-7.988230105621006716e-02
-7.986680759211109426e-02
-7.975349819608898438e-02
-7.973204136625318406e-02
-7.983716193610243539e-02
-7.988715236972668277e-02
-7.984401261805962324e-02
-7.979104896596360408e-02
-7.971832877509488213e-02
-7.982216564393027070e-02
-7.978678799245431108e-02
-7.991517855205557130e-02
-7.975972187635371746e-02
-7.980754393012857995e-02
-7.972727411271127163e-02
-7.984653920856289722e-02
-7.987756483164143440e-02
-7.984829373487713211e-02
-7.985839754343389274e-02
-7.994692097697485289e-02
-7.977657539096116857e-02
-7.967669133262202108e-02
-7.982394665592200400e-02
-7.984740460356906655e-02
-7.994498052547603650e-02
-7.981797244189148266e-02
-7.985658800970921178e-02
-7.983127467208407657e-02
-7.981519027131034338e-02
-7.984974227881228015e-02
-7.982457780082492793e-02
-7.982207712721878234e-02
-7.987819925424001488e-02
-7.976911174661435733e-02
-7.998916941072521658e-02
-7.976643500109494023e-02
-7.975496002393912820e-02
-7.990768534936083800e-02
-7.969725057312482264e-02
-7.985266907843999173e-02
-7.977864525155207998e-02
-7.988088998858791645e-02
-7.984243107447193399e-02
-7.982852598564550706e-02
-7.969390376025921319e-02
-7.987670955053956245e-02
-7.977203678496203043e-02
-7.985420229661437108e-02
-7.980875593920709610e-02
-7.971958025375920631e-02
-7.959044104293989952e-02
-7.988408515586439829e-02
-7.982613693720742865e-02
-7.978139859940426570e-02
-7.981360527051530040e-02
-7.977494259654105413e-02
-7.994738250434599292e-02
-7.985709568153225024e-02
-7.975786055792209728e-02
-7.985337802106341754e-02
-7.979241446946956640e-02
-7.986321129468078317e-02
-7.974210441138245009e-02
-7.978367045479488329e-02
-7.992754158365832085e-02
-7.992480899965125063e-02
-7.967594592548395138e-02
-7.984844786953811113e-02
-7.972541410557862362e-02
-7.967312037442771111e-02
-7.979326945374966285e-02
-7.968022478009428866e-02
-7.984634525736532262e-02
-7.976586837055110735e-02
-8.006285447741613714e-02
-7.996156458873975026e-02
-7.985786123087731947e-02
-7.997031756135117297e-02
-7.978800175150722873e-02
-7.973837890433328746e-02
-7.985261411057227587e-02
-7.970326524683794822e-02
-7.977344380125477030e-02
-7.978691317929269278e-02
-7.979926088292943476e-02
-8.003027675502470684e-02
-7.979885171650612230e-02
-7.982556067983390125e-02
-7.975371001080043543e-02
-7.974123520626814898e-02
-7.980054615719232858e-02
-7.984308646912394170e-02
-7.978033150270250062e-02
-7.970311497421299352e-02
-7.989009446727357577e-02
-7.979279201785163811e-02
-7.971555510217487317e-02
-7.972338407334904342e-02
-7.975253598501895469e-02
-7.982351190354863846e-02
-7.969026590535401022e-02
-7.984981350324234228e-02
-7.983240201157795757e-02
-7.986957333354308131e-02
-7.993358004120505733e-02
-7.976655113460094648e-02
-7.979939585070645880e-02
-7.975498979809124422e-02
-7.988026339649659247e-02
-7.972482995909609127e-02
-7.974242228093650353e-02
-7.981672273993897782e-02
-7.975933893461768787e-02
-7.984770931640358671e-02
-7.987758518337181868e-02
-7.990354668484569989e-02
-7.992404417102286218e-02
-7.983531945807852137e-02
-7.980588431854288012e-02
-7.975719167556280520e-02
-7.974129641156613157e-02
-7.967813207065237158e-02
-7.985256795269242425e-02
-7.983749725470715153e-02
-7.983768540064464792e-02
-7.986721274253417990e-02
-7.981607010586563855e-02
-7.984825097478738531e-02
-7.986544668213514664e-02
-7.984679952035822481e-02
-7.985521210552751215e-02
-7.970077031171461657e-02
-7.974714490395513888e-02
-7.979447413480114659e-02
-7.970481650638493176e-02
-7.980531074910166001e-02
-7.972581754046760560e-02
-7.972355823205404257e-02
-7.972764022363316994e-02
-7.987589476651305032e-02
-7.974356607192900626e-02
-7.991354403191507083e-02
-7.967457917885124863e-02
-7.978952010275422446e-02
-7.982819716178821134e-02
-7.978602377470313256e-02
-7.978993660993642656e-02
-7.978059154040358092e-02
-7.980682532103726412e-02
-7.979340936381565386e-02
-7.981652458696078534e-02
-7.986047775729075704e-02
-7.987167654043360321e-02
-7.997176608084492766e-02
-7.989070261908616521e-02
-7.994375200589955155e-02
-7.972647039876963604e-02
-7.984446537558989587e-02
-7.969352450483462025e-02
-7.997356941179097067e-02
-7.972432014674724066e-02
-7.980148107415244163e-02
-7.972514827832737072e-02
-7.973368329379025565e-02
-7.980598442114164581e-02
-7.973478500512860834e-02
-7.966129668110395745e-02
-7.977299966138493015e-02
-7.980404075327229840e-02
-7.987262077061593746e-02
-7.986783555400002454e-02
-7.992834094749702578e-02
-7.979698890211930906e-02
-7.983670410873015821e-02
-7.969800197848307677e-02
-7.987141437380895770e-02
-7.980042824368838161e-02
-7.985957241094128467e-02
-7.975569143375803305e-02
-7.980548869558949654e-02
-8.000409063059900350e-02
-7.977269138891726619e-02
-7.972343692998411224e-02
-7.975772445876214145e-02
-7.986068618277296360e-02
-7.981841193806400725e-02
-7.987477623307144559e-02
-8.000596132311299513e-02
-7.974533666641472895e-02
-7.978069989687855412e-02
-8.002355600226082610e-02
-7.992444383276794961e-02
-7.984928259504764370e-02
-7.976980590983163977e-02
-7.978404201134203788e-02
-7.991112435903165168e-02
-7.980286489249872883e-02
-7.990979605201434244e-02
-7.980080155897881222e-02
-7.973102728691208729e-02
-7.967805004731022545e-02
-7.978387542388284959e-02
-7.974579923494089229e-02
-7.997976765426537127e-02
-7.980634444625221702e-02
-7.960653939647369115e-02
-7.976927359157362507e-02
-7.980705739862600789e-02
-7.988123881428618733e-02
-7.976527072354321068e-02
-7.993635948313208839e-02
-7.981713190107120326e-02
-7.984680481142537867e-02
-7.979256738093239154e-02
-7.982374497751618114e-02
-7.986708381504999121e-02
-7.977670483955048852e-02
-7.974271642817229444e-02
-7.984758670504125966e-02
-7.980704285498911588e-02
-7.985887533003725725e-02
-7.985581145011452775e-02
-7.972313864376215364e-02
-8.002416276748676449e-02
-7.977297984332153147e-02
-7.975862275756148700e-02
-7.975830086008962871e-02
-7.986992369145383408e-02
-7.982153621277945921e-02
-7.974002427943253923e-02
-7.994757896433170308e-02
-7.977964237427344341e-02
-7.976696538314663465e-02
-7.982949265056883681e-02
-7.971225959361702418e-02
-7.991794046773732785e-02
-7.982916397163029865e-02
-7.986160883545499745e-02
-7.972416443505385419e-02
-7.986075979980768180e-02
-7.973046181073960292e-02
-7.978503451086502163e-02
-7.990166101046278224e-02
-7.982215651953876445e-02
-7.982996346880112670e-02
-7.979904467792964251e-02
-7.991335736559057601e-02
-7.974203600162867167e-02
-7.991195228312110432e-02
-7.975429675151517184e-02
-7.984101847436850252e-02
-7.974520289603459489e-02
-7.983568848881497648e-02
-7.977987420899437798e-02
-7.974308309984967646e-02
-7.968944152525207769e-02
-7.980735181520730304e-02
-7.973889308391955699e-02
-7.982007074067543062e-02
-7.973428935273041418e-02
-7.977205303074275111e-02
-7.977586028514241367e-02
-7.978684280850838195e-02
-7.985527260203142963e-02
-7.977409036072306836e-02
-7.984249419387172420e-02
-7.991701386427452203e-02
-7.980469561648972920e-02
-7.975586058860104077e-02
-7.995071370327604121e-02
-7.960449803884742104e-02
-7.980278238902181742e-02
-7.980338625963213917e-02
-7.989965873831413046e-02
-7.987969848758702529e-02
-7.972686061340764074e-02
-7.982586542423944498e-02
-7.977300278303807446e-02
-7.991629832432926850e-02
-7.984109018864114782e-02
-7.983464539334148014e-02
-7.974796023544968027e-02
-7.989647968175024595e-02
-7.989344116581412192e-02
-7.974185105980281796e-02
-7.977817766944239608e-02
-7.980676026531598188e-02
-7.985681405652103604e-02
-7.975927049128019031e-02
-7.982559397507960064e-02
-7.993335760685538194e-02
-7.969666174546360948e-02
-7.976554334969623850e-02
-7.976694793020984442e-02
-7.979805179830841422e-02
-7.986033203421553928e-02
-7.991924799674447744e-02
-7.981936249282273188e-02
-7.975531910648336886e-02
-7.979823947157831110e-02
-7.983030589430960278e-02
-7.983538417593395720e-02
-7.992300908631286283e-02
-7.979053456112324139e-02
-7.986488106214019445e-02
-7.975293959116991349e-02
-7.978249329565426096e-02
-7.985758752973597108e-02
-7.986436393997221883e-02
-7.994915506896851931e-02
-7.981055403972471540e-02
-7.984055610104677514e-02
-7.984567489193504508e-02
-7.971890464949971111e-02
-7.978270930828805507e-02
-7.976616318412675655e-02
-7.983973647890563186e-02
-7.982689775591371439e-02
-7.983431234059941428e-02
-7.986471457578793454e-02
-7.974315893984526560e-02
-7.985639297293835315e-02
-7.982612796199395344e-02
-7.978218493632102670e-02
-7.986000194601021451e-02
-7.985257836652512320e-02
-7.988571256045282065e-02
-7.979732794025659603e-02
-7.982091723588193022e-02
-7.982564048116744249e-02
-7.976998093028396519e-02
-7.978575276354955836e-02
-7.982438714438158667e-02
-7.971850798831907337e-02
-7.980291823019489139e-02
-7.977645398465463278e-02
-7.982288566726651602e-02
-7.976489323232935358e-02
-7.980235841352358028e-02
-7.986257092018853032e-02
-7.984592749060250017e-02
-7.969283156029738358e-02
-7.981248391116746443e-02
-7.980949760273135796e-02
-7.973375512936811682e-02
-7.978393088277353773e-02
-7.974491415897509705e-02
-7.990133601406408659e-02
-7.987595889641142810e-02
-7.986068255189147924e-02
-7.977212066875920271e-02
-7.982563982187755591e-02
-7.977086419564037578e-02
-7.970235271484146788e-02
-7.981017397462000784e-02
-7.973985127351290725e-02
-7.991953196940186632e-02
-7.980962468569201274e-02
-7.976721241013857988e-02
-7.973954260138504946e-02
-8.000917773262601618e-02
-7.983215817493248545e-02
-7.981120122742597911e-02
-7.974193080536481903e-02
-7.982748595691306626e-02
-7.979900969226867702e-02
-7.985368530980577195e-02
-7.983381082192446410e-02
-7.975161899294354317e-02
-7.980334723232099248e-02
-7.982013747090624389e-02
-7.980004119272583740e-02
-7.985498262756698939e-02
-7.985271519264967865e-02
-7.992054315627121486e-02
-7.974534687748355277e-02
-7.977726062998101442e-02
-7.987359215789334443e-02
-7.988333120049646852e-02
-7.985228711871908414e-02
-7.990934084879361410e-02
-7.976613118570242966e-02
-7.980836963489161551e-02
-7.983213660777457865e-02
-7.988220562298499472e-02
-7.972134509104929212e-02
-7.985740832589102722e-02
-7.977539208266522242e-02
-7.982837905809958556e-02
-7.975868704926362962e-02
-7.990797472289286330e-02
-7.979000948972909957e-02
-7.978539061484950234e-02
-7.975567070241020018e-02
-7.981152841825786548e-02
-7.977376333460080293e-02
-7.987374250121612174e-02
-7.979334167454692206e-02
-7.976904925232138066e-02
-7.976998234862812953e-02
-7.971942299592130188e-02
-7.993204671260613348e-02
-7.978469656229648932e-02
-7.976798053981679071e-02
-7.982095109861317428e-02
-7.982523311462709492e-02
-7.980016491324019856e-02
-7.969927274606657119e-02
-7.973110831486382444e-02
-7.983246644998927277e-02
-7.983515786286629612e-02
-7.961706994910049129e-02
-7.985097100081442467e-02
-7.982713726918609642e-02
-7.981890715263595393e-02
-7.984752024108035529e-02
-7.980274842166593108e-02
-7.996929221068822813e-02
-7.982467771717731420e-02
-7.976442671096302395e-02
-7.993779685546716085e-02
-7.981572364975768330e-02
-7.978811891725896832e-02
-7.995704235116106451e-02
-7.973555674307711283e-02
-7.980512879415542493e-02
-7.983806797215388384e-02
-7.980249435754968590e-02
-7.974701164828659761e-02
-7.989562804117426864e-02
-7.981033563855412238e-02
-7.967825532640879227e-02
-7.989242598554764652e-02
-7.984697394493792122e-02
-7.990868605160154903e-02
-7.980792785960597047e-02
-7.980630263334097252e-02
-7.981028087123621939e-02
-7.986889440470532064e-02
-7.985222313883347245e-02
-7.971750407273543726e-02
-7.982643096395551641e-02
-7.971895707580209378e-02
-7.977313092595531008e-02
-7.983798247549842020e-02
-7.977661792338051894e-02
-7.991417019854565873e-02
-7.976703518863008380e-02
-7.983145917781388212e-02
-7.974491334786566743e-02
-7.988804669726620733e-02
-7.976586101480934166e-02
-7.974088413515527385e-02
-7.981400734714870493e-02
-7.975318221508663485e-02
-7.984755020137813963e-02
-7.984499924149471295e-02
-7.981828986108412127e-02
-7.971757350285635368e-02
-7.978957412196940879e-02
-7.976330081727242560e-02
-7.971030098086677451e-02
-7.987882226717722689e-02
-7.979672626638456556e-02
-7.977707724294146041e-02
-7.989813132819813257e-02
-7.984763302879931135e-02
-7.978249312205264177e-02
-7.968203122010643347e-02
-7.984908835075556210e-02
-7.990632636078362494e-02
-7.995070153751360209e-02
-7.980508360054128225e-02
-7.970106745869798281e-02
-7.977420936891388425e-02
-7.974901604783542208e-02
-7.976067784681670214e-02
-7.982822407608385074e-02
-7.997045576020010704e-02
-7.977170827393031960e-02
-7.989045730860389050e-02
-7.974661778757988206e-02
-7.990817981356132527e-02
-7.975794284544947266e-02
-7.983710563586692011e-02
-7.983924963511959683e-02
-7.979552226745353916e-02
-7.977376088803793397e-02
-7.974469037300337126e-02
-7.977030385985020566e-02
-7.977119109396473007e-02
-7.976877711983677843e-02
-7.988969338648635454e-02
-7.976705173837934926e-02
-7.986768528834617409e-02
-7.997708800731162526e-02
-7.993024269300211260e-02
-7.992432454144880738e-02
-7.980130005390413672e-02
-7.982749874458228145e-02
-7.972959745185541347e-02
-7.973947647960225038e-02
-8.023309570652460698e-02
-7.981357820930878866e-02
-7.960825934736534548e-02
-7.976478278354486029e-02
-7.976482843739537976e-02
-7.976327179726708239e-02
-7.977794712110893027e-02
-7.986758560502507653e-02
-7.987997697166952793e-02
-7.989938131129244170e-02
-7.983553414613339672e-02
-7.996693837172175190e-02
-7.983908963057236019e-02
-7.990299542367093610e-02
-7.974235357641847044e-02
-7.988128782244412196e-02
-7.984099023794546945e-02
-7.970393888516369429e-02
-7.970392221597880078e-02
-7.984901277616253401e-02
-7.988210457788010033e-02
-7.991820677867493561e-02
-7.990237201005838397e-02
-7.996455180186765044e-02
-7.981231420874419780e-02
-7.986454820713641267e-02
-7.976443167605336282e-02
-7.982775104857320336e-02
-7.979604888069531665e-02
-7.989301959544994891e-02
-7.979596633384426763e-02
-7.984364259654437579e-02
-7.979693113774587176e-02
-7.984775139151532863e-02
-7.990593616201059624e-02
-7.977124701683131758e-02
-7.979756459174372485e-02
-7.984861607283326446e-02
-7.972047848220130406e-02
-7.976600249841540868e-02
-7.981638307023904144e-02
-7.982058681539190570e-02
-7.975790699913500037e-02
-7.974921994271978731e-02
-7.981287205006622198e-02
-7.984530733234231070e-02
-7.982396632748908760e-02
-7.983025939768981227e-02
-7.997240079484839448e-02
-7.981396100342059985e-02
-7.984446902949045299e-02
-7.980492408963948958e-02
-7.978815795929326826e-02
-7.980482866860061364e-02
-7.987845863288174642e-02
-7.988428656746339451e-02
-7.983441106168573387e-02
-7.983730589935585098e-02
-7.975038961396684056e-02
-7.980337480608686029e-02
-7.977851280691250491e-02
-7.981660430494305625e-02
-7.979657791030635161e-02
-7.974894022666209614e-02
-7.979065625354721247e-02
-7.985978380532229859e-02
-7.972744617305145554e-02
-7.978457617289534676e-02
-7.985692665397316203e-02
-7.986329745656742252e-02
-7.980060183695582288e-02
-7.975457813520923922e-02
-7.980421281342475748e-02
-7.980581471766175217e-02
-7.981302139264070949e-02
-7.988462642180071960e-02
-7.984095391354081861e-02
-7.988651011512024058e-02
-7.979465166820411126e-02
-7.987906261289669241e-02
-7.972983249429768660e-02
-7.981473272297789912e-02
-7.981061768513368626e-02
-7.982575247980117084e-02
-7.978285609355227626e-02
-7.975652509203705331e-02
-7.981688325346682211e-02
-7.984217664934177561e-02
-7.982513818677938744e-02
-7.979661945312120641e-02
-7.979379759452263909e-02
-7.982400461170564843e-02
-7.985907754274855497e-02
-7.980208906123487100e-02
-7.983913317452359659e-02
-7.977085116399311449e-02
-7.980662785087562494e-02
-7.985367625540876202e-02
-7.978196903125563122e-02
-7.988587163781631084e-02
-7.975505223346344985e-02
-7.988147957164556945e-02
-7.984670237475834098e-02
-7.979149583972246218e-02
-7.982650942239474801e-02
-7.976011324820768411e-02
-7.989035236448824295e-02
-7.976656943025865754e-02
-7.982988467774286556e-02
-7.987490122820953276e-02
-7.967813024183681425e-02
-7.979789785443644479e-02
-7.987020249539462935e-02
-7.972824351322994885e-02
-7.968364360090382514e-02
-7.981976592679125571e-02
-7.978949503625878958e-02
-7.974349139455305657e-02
-7.993301811266059764e-02
-7.984234208509678743e-02
-7.984449247056200905e-02
-7.970179006954929146e-02
-7.991805819909972297e-02
-7.990004299952853384e-02
-7.987228442121799277e-02
-7.984684331984133465e-02
-7.978088390237668415e-02
-7.986712584363553358e-02
-7.972545730723724910e-02
-7.982078493958841281e-02
-7.971288560607588114e-02
-7.987297878204349666e-02
-7.978465023026169722e-02
-7.981803652117618053e-02
-7.981230746499336226e-02
-7.984155353654855125e-02
-7.981346386621042399e-02
-7.973190875719139703e-02
-7.975420505672478622e-02
-7.981652176386797026e-02
-7.977869926306932480e-02
-7.987387441230693608e-02
-7.978042630526147039e-02
-7.975054043382714952e-02
-7.979963930176071918e-02
-7.981230996698066016e-02
-7.972463440032015458e-02
-7.975878207531295061e-02
-7.969978754140187582e-02
-7.966770505015048631e-02
-7.987299751852172669e-02
-7.973805731238101102e-02
-7.977244265005703494e-02
-7.992290118018037515e-02
-7.990149868514231923e-02
-7.992284137282605616e-02
-7.985625568069698588e-02
-7.983907648855738393e-02
-7.985638814439721678e-02
-7.975135210277202458e-02
-7.984666205624291191e-02
-7.982525090366800191e-02
-7.990890935195919809e-02
-7.998113809499428351e-02
-7.985246688591170205e-02
-7.985323084292732243e-02
-7.976826364394004609e-02
-7.982968419915062452e-02
-7.972031759308854937e-02
-7.977504188423331644e-02
-7.986303025299679170e-02
-7.976553466764843559e-02
-7.970478331611301204e-02
-7.984699064246472688e-02
-7.962777526559190744e-02
-7.975386169249243373e-02
-7.986253343567246976e-02
-7.977899002499944103e-02
-7.974662270421870036e-02
-7.970627027321509905e-02
-7.982130215020624697e-02
-7.991972853915806085e-02
-7.979444284583345204e-02
-7.978388636896228958e-02
-7.970750143102556251e-02
-7.972931363792494508e-02
-7.977520053838881020e-02
-7.980040412598210509e-02
-7.975022055238910335e-02
-7.983729619079742157e-02
-7.987908424551348752e-02
-7.980910071552756169e-02
-7.983757768120021414e-02
-7.977400999392569858e-02
-7.990403347202357232e-02
-7.991106818604445938e-02
-7.979702746372664690e-02
-7.979027947083650041e-02
-7.977549588815750770e-02
-7.986396078576241120e-02
-7.976006634895914382e-02
-7.978572484439862278e-02
-7.981854564438287114e-02
-7.961154621205610016e-02
-7.976420079568471988e-02
-7.983354992597979649e-02
-7.996998234338403844e-02
-7.977429549500118788e-02
-7.983555974153568047e-02
-7.983466330592743632e-02
-7.981774546968621598e-02
-7.981440637795730875e-02
-7.970082002607632721e-02
-7.977505071139188997e-02
-7.973000484930868603e-02
-7.983320102071722602e-02
-7.975695104791302725e-02
-7.975885461341165883e-02
-7.985027235448265148e-02
-7.993543721018468717e-02
-7.987583643931038535e-02
-7.979741154700430161e-02
-7.989294381181788474e-02
-7.976441010890740479e-02
-7.986586726023084393e-02
-7.989693772775889602e-02
-7.970930838259428219e-02
-7.971251146497758400e-02
-7.993309827501400566e-02
-7.972477169313232914e-02
-7.979317166439206521e-02
-7.982505106375452353e-02
-7.983865037931806019e-02
-7.990066467150493124e-02
-7.980785114993481366e-02
-7.980879593794595883e-02
-7.980607126411795593e-02
-7.986377800558977502e-02
-7.973980075180032989e-02
-7.990778343196866529e-02
-7.977093967812075304e-02
-7.981211475101999964e-02
-7.991156465538994114e-02
-7.979216762601662460e-02
-7.986655620670322919e-02
-7.988350579229135107e-02
-7.985445299206271608e-02
-7.974876476766974698e-02
-7.980807058202007975e-02
-7.977618875241929142e-02
-7.979898901476466244e-02
-7.982406960071318502e-02
-7.983536593533926973e-02
-7.986263024716737380e-02
-7.984500637870529938e-02
-7.981571685323765597e-02
-7.980268621125040374e-02
-7.975375064975662176e-02
-7.979609920738607587e-02
-7.983524725380709841e-02
-7.988048374258374662e-02
-7.986234790227378366e-02
-7.984527114308322127e-02
-7.987652169832999693e-02
-7.982288340020675388e-02
-7.978841210001220985e-02
-7.982636754180745531e-02
-7.981535886790627754e-02
-7.982655539343197493e-02
-7.975333259185539425e-02
-7.984409962625024781e-02
-7.979835269714606605e-02
-7.982628180745668378e-02
-7.985456196649765026e-02
-7.982400924497372319e-02
-7.986602596123308639e-02
-7.980587674550010391e-02
-7.990235909329582165e-02
-7.985798753964025443e-02
-7.975068400258036871e-02
-7.980196933037840556e-02
-7.973249881924471261e-02
-7.984726909019208840e-02
-7.984946546674846768e-02
-7.998269180178776971e-02
-7.985112081562537045e-02
-7.982870259785213030e-02
-7.982319400131331066e-02
-7.989698861907514049e-02
-7.980016727434646739e-02
-7.981560588215162733e-02
-7.987478342237468165e-02
-7.981205470708681304e-02
-7.977025724799921558e-02
-7.988490453375420020e-02
-7.981324078187042315e-02
-7.981989470202097148e-02
-7.977215158188347144e-02
-7.989347170177027446e-02
-7.982173203355190372e-02
-7.981969608520504689e-02
-7.980513995167214103e-02
-7.975479313682476423e-02
-7.981488469308146982e-02
-7.982672011870103890e-02
-7.969052249977502667e-02
-7.986655280058792272e-02
-7.979204246395805999e-02
-7.976499173105368323e-02
-7.991061092565833468e-02
-7.982486820353650037e-02
-7.978324893995594747e-02
-7.971376391049649068e-02
-7.968065824774218930e-02
-7.991813497268464295e-02
-7.985487202477700719e-02
-7.984575655641316938e-02
-7.987699073625977031e-02
-7.988104892096999088e-02
-7.972126530553709511e-02
-7.971953723045589746e-02
-7.983895419293467188e-02
-7.996575557576435234e-02
-7.971411048133854316e-02
-7.972190076735527486e-02
-7.981835540568570087e-02
-7.980698444811493153e-02
-7.989218653849117224e-02
-7.982468454889853071e-02
-7.979282343825654100e-02
-7.988158559274592674e-02
-7.978404333979279006e-02
-7.985762387939887574e-02
-7.982519000747057003e-02
-7.978129881525118650e-02
-7.979885347414494845e-02
-7.974723175235107209e-02
-7.990406423518034429e-02
-7.975253985532371193e-02
-7.981671453174413178e-02
-7.984132585287480322e-02
-7.978791958742680046e-02
-7.972689706135487053e-02
-7.984147752999425085e-02
-7.973458785782316927e-02
-7.984165468386301978e-02
-7.975987927997062188e-02
-7.983275464419654910e-02
-7.983253177360796760e-02
-7.986884432907281894e-02
-7.992092831891807470e-02
-7.972445912006108359e-02
-7.991060559888883696e-02
-7.990977205061440547e-02
-7.961632034027081584e-02
-7.987033628540311792e-02
-7.993224211466129492e-02
-7.981175313815615235e-02
