-5.752727761864662170e-02
-5.746145918965339661e-02
-5.773754045367240906e-02
-5.761149898171424866e-02
-5.777834728360176086e-02
-5.786969140172004700e-02
-5.782310664653778076e-02
-5.806242302060127258e-02
-5.834389105439186096e-02
-5.808712169528007507e-02
-5.824560672044754028e-02
-5.829957127571105957e-02
-5.823016539216041565e-02
-5.833287909626960754e-02
-5.837336927652359009e-02
-5.865662544965744019e-02
-5.851229280233383179e-02
-5.870080366730690002e-02
-5.865997448563575745e-02
-5.898143723607063293e-02
-5.889839306473731995e-02
-5.866550654172897339e-02
-5.879050493240356445e-02
-5.898420512676239014e-02
-5.917780101299285889e-02
-5.919172242283821106e-02
-5.920178070664405823e-02
-5.929657816886901855e-02
-5.950439348816871643e-02
-5.947293713688850403e-02
-5.943148583173751831e-02
-5.956708267331123352e-02
-5.967102199792861938e-02
-5.955225601792335510e-02
-5.976435542106628418e-02
-5.973123386502265930e-02
-5.977869406342506409e-02
-5.997985601425170898e-02
-5.994234979152679443e-02
-5.992846935987472534e-02
-6.001053005456924438e-02
-6.025968492031097412e-02
-6.034166738390922546e-02
-6.033483520150184631e-02
-6.037238985300064087e-02
-6.016150116920471191e-02
-6.043251231312751770e-02
-6.053090095520019531e-02
-6.051919609308242798e-02
-6.059523299336433411e-02
-6.067865341901779175e-02
-6.072047725319862366e-02
-6.071205064654350281e-02
-6.078858301043510437e-02
-6.083045899868011475e-02
-6.093295663595199585e-02
-6.092435494065284729e-02
-6.095802038908004761e-02
-6.094922497868537903e-02
-6.138059496879577637e-02
-6.122135370969772339e-02
-6.148404255509376526e-02
-6.155800074338912964e-02
-6.142520159482955933e-02
-6.159051135182380676e-02
-6.157685443758964539e-02
-6.168765574693679810e-02
-6.198776885867118835e-02
-6.190331652760505676e-02
-6.196650862693786621e-02
-6.200115010142326355e-02
-6.204624101519584656e-02
-6.207544729113578796e-02
-6.212006509304046631e-02
-6.227811053395271301e-02
-6.226689368486404419e-02
-6.202283501625061035e-02
-6.238023191690444946e-02
-6.249086558818817139e-02
-6.254706531763076782e-02
-6.265386939048767090e-02
-6.274887174367904663e-02
-6.275621056556701660e-02
-6.275969743728637695e-02
-6.273829191923141479e-02
-6.297467648983001709e-02
-6.288626044988632202e-02
-6.296348571777343750e-02
-6.318780034780502319e-02
-6.311884522438049316e-02
-6.317596882581710815e-02
-6.320940703153610229e-02
-6.333694607019424438e-02
-6.331141293048858643e-02
-6.359620392322540283e-02
-6.366228312253952026e-02
-6.376017630100250244e-02
-6.381382048130035400e-02
-6.382768601179122925e-02
-6.387453526258468628e-02
-6.392171233892440796e-02
-6.400419771671295166e-02
-6.413471698760986328e-02
-6.403063237667083740e-02
-6.426941603422164917e-02
-6.421253085136413574e-02
-6.444646418094635010e-02
-6.449479609727859497e-02
-6.465162336826324463e-02
-6.447904556989669800e-02
-6.450127065181732178e-02
-6.477712839841842651e-02
-6.452316045761108398e-02
-6.487544625997543335e-02
-6.481380760669708252e-02
-6.507280468940734863e-02
-6.504198163747787476e-02
-6.507690250873565674e-02
-6.514855474233627319e-02
-6.507393717765808105e-02
-6.531615555286407471e-02
-6.553703546524047852e-02
-6.565739959478378296e-02
-6.557187438011169434e-02
-6.589742749929428101e-02
-6.574905663728713989e-02
-6.579249352216720581e-02
-6.586869060993194580e-02
-6.600421667098999023e-02
-6.617503613233566284e-02
-6.627108901739120483e-02
-6.613954156637191772e-02
-6.645997613668441772e-02
-6.625507026910781860e-02
-6.648389250040054321e-02
-6.648024916648864746e-02
-6.650583446025848389e-02
-6.678207218647003174e-02
-6.667653471231460571e-02
-6.694673746824264526e-02
-6.686134636402130127e-02
-6.711339950561523438e-02
-6.715235114097595215e-02
-6.717336177825927734e-02
-6.730265915393829346e-02
-6.750565022230148315e-02
-6.757201999425888062e-02
-6.759783625602722168e-02
-6.761281192302703857e-02
-6.774553656578063965e-02
-6.801046431064605713e-02
-6.805656105279922485e-02
-6.817926466464996338e-02
-6.816375255584716797e-02
-6.823032349348068237e-02
-6.827997416257858276e-02
-6.835310161113739014e-02
-6.851236522197723389e-02
-6.849408149719238281e-02
-6.864546239376068115e-02
-6.888289749622344971e-02
-6.875654309988021851e-02
-6.893702596426010132e-02
-6.907414644956588745e-02
-6.934143602848052979e-02
-6.924742460250854492e-02
-6.915198266506195068e-02
-6.946013867855072021e-02
-6.929727643728256226e-02
-6.946714967489242554e-02
-6.970898061990737915e-02
-6.982064247131347656e-02
-6.974983215332031250e-02
-6.975116580724716187e-02
-6.997296959161758423e-02
-6.997878849506378174e-02
-6.996421515941619873e-02
-7.012119144201278687e-02
-7.024058699607849121e-02
-7.036148011684417725e-02
-7.036690413951873779e-02
-7.043826580047607422e-02
-7.058319449424743652e-02
-7.060743868350982666e-02
-7.065971940755844116e-02
-7.087455689907073975e-02
-7.092379778623580933e-02
-7.093291729688644409e-02
-7.108434289693832397e-02
-7.150229811668395996e-02
-7.116585969924926758e-02
-7.139657437801361084e-02
-7.148229330778121948e-02
-7.143256068229675293e-02
-7.153551280498504639e-02
-7.174549996852874756e-02
-7.170870900154113770e-02
-7.179082930088043213e-02
-7.193234562873840332e-02
-7.183945178985595703e-02
-7.195539772510528564e-02
-7.209332287311553955e-02
-7.198485732078552246e-02
-7.224460691213607788e-02
-7.226060330867767334e-02
-7.242929935455322266e-02
-7.245210558176040649e-02
-7.251428812742233276e-02
-7.250602543354034424e-02
-7.262882590293884277e-02
-7.264243066310882568e-02
-7.280733436346054077e-02
-7.280011475086212158e-02
-7.287613302469253540e-02
-7.294008880853652954e-02
-7.299151271581649780e-02
-7.288368046283721924e-02
-7.294487953186035156e-02
-7.307049632072448730e-02
-7.316997647285461426e-02
-7.317322492599487305e-02
-7.332199811935424805e-02
-7.337456196546554565e-02
-7.346458733081817627e-02
-7.336463779211044312e-02
-7.338986545801162720e-02
-7.361500710248947144e-02
-7.377511262893676758e-02
-7.360462099313735962e-02
-7.367657124996185303e-02
-7.367433607578277588e-02
-7.369942963123321533e-02
-7.376359403133392334e-02
-7.386584579944610596e-02
-7.386779785156250000e-02
-7.390831410884857178e-02
-7.401981949806213379e-02
-7.416637241840362549e-02
-7.420985400676727295e-02
-7.415565848350524902e-02
-7.411570847034454346e-02
-7.420276850461959839e-02
-7.417142391204833984e-02
-7.429787516593933105e-02
-7.430489361286163330e-02
-7.438162714242935181e-02
-7.442305982112884521e-02
-7.446680217981338501e-02
-7.451716065406799316e-02
-7.447877526283264160e-02
-7.450275868177413940e-02
-7.459172606468200684e-02
-7.465723156929016113e-02
-7.475663721561431885e-02
-7.473671436309814453e-02
-7.467418164014816284e-02
-7.475839555263519287e-02
-7.468347996473312378e-02
-7.476828247308731079e-02
-7.495070993900299072e-02
-7.496546208858489990e-02
-7.505371421575546265e-02
-7.512363046407699585e-02
-7.516841590404510498e-02
-7.508078962564468384e-02
-7.511832565069198608e-02
-7.519152015447616577e-02
-7.504060119390487671e-02
-7.517472654581069946e-02
-7.530663907527923584e-02
-7.534936815500259399e-02
-7.529348134994506836e-02
-7.538380473852157593e-02
-7.531443983316421509e-02
-7.544216513633728027e-02
-7.540255039930343628e-02
-7.548415660858154297e-02
-7.550643384456634521e-02
-7.553853839635848999e-02
-7.555934786796569824e-02
-7.564554363489151001e-02
-7.561806589365005493e-02
-7.558354735374450684e-02
-7.572679221630096436e-02
-7.566483318805694580e-02
-7.576070725917816162e-02
-7.588199526071548462e-02
-7.585155218839645386e-02
-7.573276758193969727e-02
-7.573828101158142090e-02
-7.586338371038436890e-02
-7.590898126363754272e-02
-7.602771371603012085e-02
-7.607947289943695068e-02
-7.602722942829132080e-02
-7.605933398008346558e-02
-7.606140524148941040e-02
-7.603414356708526611e-02
-7.609498500823974609e-02
-7.609939575195312500e-02
-7.624554634094238281e-02
-7.621713727712631226e-02
-7.626104354858398438e-02
-7.635604590177536011e-02
-7.633029669523239136e-02
-7.631998509168624878e-02
-7.655274122953414917e-02
-7.634939998388290405e-02
-7.644107192754745483e-02
-7.640695571899414062e-02
-7.654752582311630249e-02
-7.656356692314147949e-02
-7.663765549659729004e-02
-7.660617679357528687e-02
-7.648800313472747803e-02
-7.661959528923034668e-02
-7.677320390939712524e-02
-7.674145698547363281e-02
-7.672284543514251709e-02
-7.687679678201675415e-02
-7.674266397953033447e-02
-7.685334980487823486e-02
-7.669036090373992920e-02
-7.679958641529083252e-02
-7.688754051923751831e-02
-7.681629061698913574e-02
-7.687744498252868652e-02
-7.701846957206726074e-02
-7.692666351795196533e-02
-7.703944295644760132e-02
-7.711172103881835938e-02
-7.705946266651153564e-02
-7.707282900810241699e-02
-7.721321284770965576e-02
-7.699695974588394165e-02
-7.720901072025299072e-02
-7.722954452037811279e-02
-7.729096710681915283e-02
-7.730145752429962158e-02
-7.729627937078475952e-02
-7.737672328948974609e-02
-7.733711600303649902e-02
-7.739229500293731689e-02
-7.727125287055969238e-02
-7.745041698217391968e-02
-7.740660011768341064e-02
-7.740505039691925049e-02
-7.742670178413391113e-02
-7.747521996498107910e-02
-7.740607112646102905e-02
-7.759891450405120850e-02
-7.752987742424011230e-02
-7.754041999578475952e-02
-7.752847671508789062e-02
-7.772921025753021240e-02
-7.765698432922363281e-02
-7.768181711435317993e-02
-7.764726132154464722e-02
-7.771853357553482056e-02
-7.770249247550964355e-02
-7.797026634216308594e-02
-7.784259319305419922e-02
-7.779639214277267456e-02
-7.795952260494232178e-02
-7.799136638641357422e-02
-7.798340171575546265e-02
-7.801628112792968750e-02
-7.805740833282470703e-02
-7.806777954101562500e-02
-7.801353186368942261e-02
-7.798782736063003540e-02
-7.800959050655364990e-02
-7.808406651020050049e-02
-7.801972329616546631e-02
-7.807472348213195801e-02
-7.810774445533752441e-02
-7.805589586496353149e-02
-7.823816686868667603e-02
-7.831583917140960693e-02
-7.814279943704605103e-02
-7.835071533918380737e-02
-7.833510637283325195e-02
-7.836975157260894775e-02
-7.834658771753311157e-02
-7.830555737018585205e-02
-7.832503318786621094e-02
-7.826001942157745361e-02
-7.840672880411148071e-02
-7.840798050165176392e-02
-7.841974496841430664e-02
-7.844434678554534912e-02
-7.860121876001358032e-02
-7.855892181396484375e-02
-7.851701229810714722e-02
-7.862343639135360718e-02
-7.861595600843429565e-02
-7.861514389514923096e-02
-7.863064110279083252e-02
-7.862560451030731201e-02
-7.858899235725402832e-02
-7.881411910057067871e-02
-7.872585207223892212e-02
-7.874915003776550293e-02
-7.867424935102462769e-02
-7.882104814052581787e-02
-7.879029214382171631e-02
-7.879566401243209839e-02
-7.893571257591247559e-02
-7.890548557043075562e-02
-7.876759022474288940e-02
-7.882367074489593506e-02
-7.888820022344589233e-02
-7.901127636432647705e-02
-7.891115546226501465e-02
-7.901711761951446533e-02
-7.899731397628784180e-02
-7.899502664804458618e-02
-7.895886152982711792e-02
-7.910679280757904053e-02
-7.913904637098312378e-02
-7.909731566905975342e-02
-7.915262132883071899e-02
-7.923578470945358276e-02
-7.916231453418731689e-02
-7.915158569812774658e-02
-7.909051328897476196e-02
-7.918282598257064819e-02
-7.918212562799453735e-02
-7.917939126491546631e-02
-7.932443916797637939e-02
-7.933514565229415894e-02
-7.927680015563964844e-02
-7.936864346265792847e-02
-7.937210053205490112e-02
-7.941164821386337280e-02
-7.944528013467788696e-02
-7.938632369041442871e-02
-7.947247475385665894e-02
-7.955042272806167603e-02
-7.942914962768554688e-02
-7.951784133911132812e-02
-7.952968776226043701e-02
-7.951740175485610962e-02
-7.961450517177581787e-02
-7.967625558376312256e-02
-7.954591512680053711e-02
-7.952857017517089844e-02
-7.954251766204833984e-02
-7.958159595727920532e-02
-7.962545752525329590e-02
-7.967814803123474121e-02
-7.967109978199005127e-02
-7.972690463066101074e-02
-7.979609072208404541e-02
-7.965198159217834473e-02
-7.979433983564376831e-02
-7.974367588758468628e-02
-7.979529350996017456e-02
-7.980442047119140625e-02
-7.994802296161651611e-02
-7.994239777326583862e-02
-7.985596358776092529e-02
-8.004537224769592285e-02
-7.998149842023849487e-02
-7.996848225593566895e-02
-7.994505017995834351e-02
-8.010307699441909790e-02
-8.002177625894546509e-02
-8.002939075231552124e-02
-8.004222810268402100e-02
-8.009277284145355225e-02
-8.013930171728134155e-02
-8.009231090545654297e-02
-8.020348846912384033e-02
-8.011245727539062500e-02
-8.010045439004898071e-02
-8.014091849327087402e-02
-8.020316064357757568e-02
-8.016874641180038452e-02
-8.019995689392089844e-02
-8.019080013036727905e-02
-8.008551597595214844e-02
-8.023708313703536987e-02
-8.018592745065689087e-02
-8.022017776966094971e-02
-8.018448948860168457e-02
-8.036295324563980103e-02
-8.025078475475311279e-02
-8.036920428276062012e-02
-8.035224676132202148e-02
-8.043329417705535889e-02
-8.050697296857833862e-02
-8.042494952678680420e-02
-8.032599836587905884e-02
-8.045976608991622925e-02
-8.045075833797454834e-02
-8.035810291767120361e-02
-8.046599477529525757e-02
-8.053229004144668579e-02
-8.056709170341491699e-02
-8.052906394004821777e-02
-8.054418861865997314e-02
-8.063586056232452393e-02
-8.060590922832489014e-02
-8.052931725978851318e-02
-8.052557706832885742e-02
-8.046511560678482056e-02
-8.063171803951263428e-02
-8.066394925117492676e-02
-8.066769689321517944e-02
-8.058959245681762695e-02
-8.064547926187515259e-02
-8.066394180059432983e-02
-8.068289607763290405e-02
-8.072896301746368408e-02
-8.073264360427856445e-02
-8.070074021816253662e-02
-8.079271763563156128e-02
-8.076232671737670898e-02
-8.081506192684173584e-02
-8.082697540521621704e-02
-8.075692504644393921e-02
-8.082006871700286865e-02
-8.090559393167495728e-02
-8.087919652462005615e-02
-8.087082207202911377e-02
-8.090213686227798462e-02
-8.086912333965301514e-02
-8.106509596109390259e-02
-8.099060505628585815e-02
-8.099360764026641846e-02
-8.104249835014343262e-02
-8.097143471240997314e-02
-8.106204867362976074e-02
-8.095298707485198975e-02
-8.104553073644638062e-02
-8.109807968139648438e-02
-8.115138858556747437e-02
-8.102293312549591064e-02
-8.106366544961929321e-02
-8.103381097316741943e-02
-8.118825405836105347e-02
-8.111373335123062134e-02
-8.114924281835556030e-02
-8.115330338478088379e-02
-8.119641244411468506e-02
-8.118054270744323730e-02
-8.113088458776473999e-02
-8.127638697624206543e-02
-8.118827641010284424e-02
-8.121594041585922241e-02
-8.122148364782333374e-02
-8.125801384449005127e-02
-8.128270506858825684e-02
-8.122037351131439209e-02
-8.126536756753921509e-02
-8.131264895200729370e-02
-8.130787312984466553e-02
-8.128699660301208496e-02
-8.131420612335205078e-02
-8.137934654951095581e-02
-8.131249248981475830e-02
-8.141414076089859009e-02
-8.140596747398376465e-02
-8.136720955371856689e-02
-8.145349472761154175e-02
-8.142924308776855469e-02
-8.145558089017868042e-02
-8.146482706069946289e-02
-8.153946697711944580e-02
-8.155172318220138550e-02
-8.154907077550888062e-02
-8.149757236242294312e-02
-8.153435587882995605e-02
-8.154921978712081909e-02
-8.149668574333190918e-02
-8.155726641416549683e-02
-8.152639865875244141e-02
-8.154153078794479370e-02
-8.159671723842620850e-02
-8.160455524921417236e-02
-8.161779493093490601e-02
-8.162496984004974365e-02
-8.168891817331314087e-02
-8.171188831329345703e-02
-8.169125020503997803e-02
-8.163433521986007690e-02
-8.166231960058212280e-02
-8.174232393503189087e-02
-8.176013827323913574e-02
-8.166894316673278809e-02
-8.173333108425140381e-02
-8.165960758924484253e-02
-8.169169723987579346e-02
-8.176298439502716064e-02
-8.173855394124984741e-02
-8.173820376396179199e-02
-8.184247463941574097e-02
-8.181022852659225464e-02
-8.183512836694717407e-02
-8.184476196765899658e-02
-8.183401823043823242e-02
-8.178191632032394409e-02
-8.176657557487487793e-02
-8.180782198905944824e-02
-8.179435133934020996e-02
-8.189387619495391846e-02
-8.182464540004730225e-02
-8.188971132040023804e-02
-8.187980949878692627e-02
-8.188419044017791748e-02
-8.197350800037384033e-02
-8.189485967159271240e-02
-8.193232119083404541e-02
-8.201381564140319824e-02
-8.193564414978027344e-02
-8.195916563272476196e-02
-8.194062113761901855e-02
-8.196008205413818359e-02
-8.201497793197631836e-02
-8.198364078998565674e-02
-8.192967623472213745e-02
-8.197164535522460938e-02
-8.196292817592620850e-02
-8.202218264341354370e-02
-8.204648643732070923e-02
-8.196425437927246094e-02
-8.203263580799102783e-02
-8.200991153717041016e-02
-8.207752555608749390e-02
-8.205381780862808228e-02
-8.214234560728073120e-02
-8.210998028516769409e-02
-8.209326118230819702e-02
-8.212403208017349243e-02
-8.216766268014907837e-02
-8.220294862985610962e-02
-8.211421221494674683e-02
-8.214467018842697144e-02
-8.221759647130966187e-02
-8.217841386795043945e-02
-8.223978430032730103e-02
-8.220468461513519287e-02
-8.218566328287124634e-02
-8.221139758825302124e-02
-8.221631497144699097e-02
-8.221124112606048584e-02
-8.222476392984390259e-02
-8.217701315879821777e-02
-8.231226354837417603e-02
-8.226232975721359253e-02
-8.224196732044219971e-02
-8.225877583026885986e-02
-8.227340131998062134e-02
-8.232186734676361084e-02
-8.233197033405303955e-02
-8.227565884590148926e-02
-8.239942789077758789e-02
-8.234570920467376709e-02
-8.238780498504638672e-02
-8.236777782440185547e-02
-8.236171305179595947e-02
-8.240532875061035156e-02
-8.241664618253707886e-02
-8.240574598312377930e-02
-8.238521963357925415e-02
-8.242426067590713501e-02
-8.241363614797592163e-02
-8.243995904922485352e-02
-8.241899311542510986e-02
-8.246834576129913330e-02
-8.239859342575073242e-02
-8.246348053216934204e-02
-8.246725052595138550e-02
-8.246758580207824707e-02
-8.241769671440124512e-02
-8.243840932846069336e-02
-8.241013437509536743e-02
-8.248185366392135620e-02
-8.248527348041534424e-02
-8.247895538806915283e-02
-8.248379081487655640e-02
-8.250267803668975830e-02
-8.251842856407165527e-02
-8.253900706768035889e-02
-8.255966007709503174e-02
-8.257888257503509521e-02
-8.255811780691146851e-02
-8.245928585529327393e-02
-8.254473656415939331e-02
-8.253078162670135498e-02
-8.256478607654571533e-02
-8.255171775817871094e-02
-8.256386220455169678e-02
-8.255857229232788086e-02
-8.258775621652603149e-02
-8.257593959569931030e-02
-8.265440911054611206e-02
-8.258843421936035156e-02
-8.260271698236465454e-02
-8.265218883752822876e-02
-8.257088065147399902e-02
-8.261802047491073608e-02
-8.264187723398208618e-02
-8.270516246557235718e-02
-8.267582952976226807e-02
-8.264105021953582764e-02
-8.265974372625350952e-02
-8.260633796453475952e-02
-8.266170322895050049e-02
-8.267114311456680298e-02
-8.269809186458587646e-02
-8.272904157638549805e-02
-8.267432451248168945e-02
-8.277983963489532471e-02
-8.268761634826660156e-02
-8.270497620105743408e-02
-8.269608020782470703e-02
-8.272919803857803345e-02
-8.278557658195495605e-02
-8.269160985946655273e-02
-8.276082575321197510e-02
-8.271488547325134277e-02
-8.274947106838226318e-02
-8.268848806619644165e-02
-8.273082226514816284e-02
-8.277872949838638306e-02
-8.280184119939804077e-02
-8.280305564403533936e-02
-8.284176886081695557e-02
-8.281806856393814087e-02
-8.282225579023361206e-02
-8.280377835035324097e-02
-8.277772367000579834e-02
-8.284674584865570068e-02
-8.282120525836944580e-02
-8.281238377094268799e-02
-8.284226059913635254e-02
-8.283729851245880127e-02
-8.280484378337860107e-02
-8.290348947048187256e-02
-8.287983387708663940e-02
-8.290636539459228516e-02
-8.288512378931045532e-02
-8.281028270721435547e-02
-8.284529298543930054e-02
-8.285032212734222412e-02
-8.290696144104003906e-02
-8.289867639541625977e-02
-8.289501070976257324e-02
-8.288768678903579712e-02
-8.288794755935668945e-02
-8.296614140272140503e-02
-8.287665992975234985e-02
-8.291252702474594116e-02
-8.290263265371322632e-02
-8.291669189929962158e-02
-8.288240432739257812e-02
-8.288593590259552002e-02
-8.289432525634765625e-02
-8.294890075922012329e-02
-8.293728530406951904e-02
-8.300064504146575928e-02
-8.300884068012237549e-02
-8.302730321884155273e-02
-8.298188447952270508e-02
-8.297435194253921509e-02
-8.293814957141876221e-02
-8.292610943317413330e-02
-8.292702585458755493e-02
-8.291874825954437256e-02
-8.294866979122161865e-02
-8.294875919818878174e-02
-8.301018178462982178e-02
-8.305548876523971558e-02
-8.297978341579437256e-02
-8.294427394866943359e-02
-8.297343552112579346e-02
-8.296518027782440186e-02
-8.299727737903594971e-02
-8.300157636404037476e-02
-8.304190635681152344e-02
-8.303704112768173218e-02
-8.299945294857025146e-02
-8.297522366046905518e-02
-8.308696746826171875e-02
-8.302324265241622925e-02
-8.307974040508270264e-02
-8.296965062618255615e-02
-8.307113498449325562e-02
-8.307690918445587158e-02
-8.303479105234146118e-02
-8.309316635131835938e-02
-8.298921585083007812e-02
-8.308819681406021118e-02
-8.311989158391952515e-02
-8.313755691051483154e-02
-8.309517800807952881e-02
-8.310326188802719116e-02
-8.304165303707122803e-02
-8.312373608350753784e-02
-8.307567238807678223e-02
-8.312480151653289795e-02
-8.307443559169769287e-02
-8.309088647365570068e-02
-8.312392234802246094e-02
-8.314022421836853027e-02
-8.310672640800476074e-02
-8.317134529352188110e-02
-8.314116299152374268e-02
-8.312675356864929199e-02
-8.308881521224975586e-02
-8.313206583261489868e-02
-8.313497900962829590e-02
-8.317101001739501953e-02
-8.309271186590194702e-02
-8.317144215106964111e-02
-8.313780277967453003e-02
-8.314105123281478882e-02
-8.318521827459335327e-02
-8.317036926746368408e-02
-8.317547291517257690e-02
-8.320429176092147827e-02
-8.317404240369796753e-02
-8.314844220876693726e-02
-8.320920914411544800e-02
-8.311922848224639893e-02
-8.315539360046386719e-02
-8.319845795631408691e-02
-8.317597955465316772e-02
-8.318068087100982666e-02
-8.320310711860656738e-02
-8.320121467113494873e-02
-8.321354538202285767e-02
-8.319835364818572998e-02
-8.323507010936737061e-02
-8.323824405670166016e-02
-8.325701206922531128e-02
-8.320724964141845703e-02
-8.325258642435073853e-02
-8.321745693683624268e-02
-8.318363875150680542e-02
-8.314929902553558350e-02
-8.320661634206771851e-02
-8.324491977691650391e-02
-8.325999230146408081e-02
-8.326737582683563232e-02
-8.330139517784118652e-02
-8.327464759349822998e-02
-8.322651684284210205e-02
-8.325330168008804321e-02
-8.331516385078430176e-02
-8.329947292804718018e-02
-8.325140923261642456e-02
-8.330859988927841187e-02
-8.325934410095214844e-02
-8.329605311155319214e-02
-8.332102745771408081e-02
-8.329693973064422607e-02
-8.327138423919677734e-02
-8.333187550306320190e-02
-8.331735432147979736e-02
-8.331932872533798218e-02
-8.329080790281295776e-02
-8.320112526416778564e-02
-8.324746042490005493e-02
-8.329188823699951172e-02
-8.335253596305847168e-02
-8.334267884492874146e-02
-8.331290632486343384e-02
-8.331982791423797607e-02
-8.331680297851562500e-02
-8.331866562366485596e-02
-8.338972926139831543e-02
-8.339662104845046997e-02
-8.336880058050155640e-02
-8.337274193763732910e-02
-8.338437974452972412e-02
-8.332766592502593994e-02
-8.338639140129089355e-02
-8.338531106710433960e-02
-8.337313681840896606e-02
-8.337561041116714478e-02
-8.337290585041046143e-02
-8.343576639890670776e-02
-8.342722803354263306e-02
-8.342661708593368530e-02
-8.338722586631774902e-02
-8.341290801763534546e-02
-8.340049535036087036e-02
-8.339843899011611938e-02
-8.336418122053146362e-02
-8.343058079481124878e-02
-8.340980112552642822e-02
-8.342757821083068848e-02
-8.344221860170364380e-02
-8.342596143484115601e-02
-8.342469483613967896e-02
-8.341317623853683472e-02
-8.340490609407424927e-02
-8.344582468271255493e-02
-8.345897495746612549e-02
-8.347361534833908081e-02
-8.346309512853622437e-02
-8.341784775257110596e-02
-8.348110318183898926e-02
-8.345828205347061157e-02
-8.346935361623764038e-02
-8.349872380495071411e-02
-8.348818123340606689e-02
-8.346661180257797241e-02
-8.344817906618118286e-02
-8.346448838710784912e-02
-8.347571641206741333e-02
-8.348851650953292847e-02
-8.345476537942886353e-02
-8.347726613283157349e-02
-8.348838239908218384e-02
-8.352012932300567627e-02
-8.350995928049087524e-02
-8.341897279024124146e-02
-8.347850292921066284e-02
-8.350543677806854248e-02
-8.351754397153854370e-02
-8.349539339542388916e-02
-8.352884650230407715e-02
-8.356329798698425293e-02
-8.353313058614730835e-02
-8.353913575410842896e-02
-8.351982384920120239e-02
-8.351071923971176147e-02
-8.349595963954925537e-02
-8.354301005601882935e-02
-8.357222378253936768e-02
-8.355232328176498413e-02
-8.357233554124832153e-02
-8.347182720899581909e-02
-8.358691632747650146e-02
-8.361364156007766724e-02
-8.356969803571701050e-02
-8.357651531696319580e-02
-8.353913575410842896e-02
-8.357956260442733765e-02
-8.357414603233337402e-02
-8.353853970766067505e-02
-8.354999125003814697e-02
-8.351285755634307861e-02
-8.350609242916107178e-02
-8.356540650129318237e-02
-8.357139676809310913e-02
-8.353017270565032959e-02
-8.357938379049301147e-02
-8.353762328624725342e-02
-8.355900645256042480e-02
-8.351934701204299927e-02
-8.355744183063507080e-02
-8.357432484626770020e-02
-8.356044441461563110e-02
-8.357746899127960205e-02
-8.357875794172286987e-02
-8.357251435518264771e-02
-8.355175703763961792e-02
-8.354272693395614624e-02
-8.352240920066833496e-02
-8.358584344387054443e-02
-8.351207524538040161e-02
-8.354900777339935303e-02
-8.353517949581146240e-02
-8.354771882295608521e-02
-8.357390761375427246e-02
-8.354397118091583252e-02
-8.357208222150802612e-02
-8.358676731586456299e-02
-8.353904634714126587e-02
-8.355086296796798706e-02
-8.355221152305603027e-02
-8.351195603609085083e-02
-8.359291404485702515e-02
-8.354495465755462646e-02
-8.366261422634124756e-02
-8.360304683446884155e-02
-8.359536528587341309e-02
-8.354950696229934692e-02
-8.354081213474273682e-02
-8.363470435142517090e-02
-8.357509970664978027e-02
-8.358543366193771362e-02
-8.360426872968673706e-02
-8.363788574934005737e-02
-8.359558880329132080e-02
-8.358230441808700562e-02
-8.364083617925643921e-02
-8.356460928916931152e-02
-8.357305824756622314e-02
-8.360064774751663208e-02
-8.357577025890350342e-02
-8.361005038022994995e-02
-8.357794582843780518e-02
-8.360923081636428833e-02
-8.360407501459121704e-02
-8.356348425149917603e-02
-8.358886092901229858e-02
-8.361480385065078735e-02
-8.357625454664230347e-02
-8.356956392526626587e-02
-8.356846123933792114e-02
-8.354952186346054077e-02
-8.360832184553146362e-02
-8.355544507503509521e-02
-8.356314152479171753e-02
-8.353970199823379517e-02
-8.357615768909454346e-02
-8.351911604404449463e-02
-8.358833193778991699e-02
-8.356942981481552124e-02
-8.358426392078399658e-02
-8.357974886894226074e-02
-8.355239778757095337e-02
-8.361742645502090454e-02
-8.358823508024215698e-02
-8.357467502355575562e-02
-8.356590569019317627e-02
-8.359272778034210205e-02
-8.349671214818954468e-02
-8.355072885751724243e-02
-8.352570235729217529e-02
-8.356297761201858521e-02
-8.348359912633895874e-02
-8.347330242395401001e-02
-8.347047865390777588e-02
-8.347651362419128418e-02
-8.343200385570526123e-02
-8.344651758670806885e-02
-8.349344134330749512e-02
-8.342035859823226929e-02
-8.343823254108428955e-02
-8.340435475111007690e-02
-8.345622569322586060e-02
-8.338208496570587158e-02
-8.338853716850280762e-02
-8.343715220689773560e-02
-8.339316397905349731e-02
-8.334310352802276611e-02
-8.332064002752304077e-02
-8.328726887702941895e-02
-8.318674564361572266e-02
-8.316793292760848999e-02
-8.316979557275772095e-02
-8.320769667625427246e-02
-8.316554874181747437e-02
-8.318646252155303955e-02
-8.309202641248703003e-02
-8.306317031383514404e-02
-8.316411823034286499e-02
-8.309467136859893799e-02
-8.308525383472442627e-02
-8.306425064802169800e-02
-8.301346749067306519e-02
-8.304935693740844727e-02
-8.304645866155624390e-02
-8.302724361419677734e-02
-8.297723531723022461e-02
-8.296313136816024780e-02
-8.299078792333602905e-02
-8.298923820257186890e-02
-8.297109603881835938e-02
-8.296682685613632202e-02
-8.297818154096603394e-02
-8.297919481992721558e-02
-8.291520178318023682e-02
-8.295410871505737305e-02
-8.291983604431152344e-02
-8.296992629766464233e-02
-8.291047066450119019e-02
-8.294317126274108887e-02
-8.294606208801269531e-02
-8.295425772666931152e-02
-8.298327773809432983e-02
-8.292607963085174561e-02
-8.291245996952056885e-02
-8.294983208179473877e-02
-8.291783183813095093e-02
-8.289812505245208740e-02
-8.292092382907867432e-02
-8.283250778913497925e-02
-8.282496780157089233e-02
-8.288696408271789551e-02
-8.288618177175521851e-02
-8.282169699668884277e-02
-8.284536749124526978e-02
-8.286975324153900146e-02
-8.281932771205902100e-02
-8.288702368736267090e-02
-8.289422839879989624e-02
-8.286558091640472412e-02
-8.287040144205093384e-02
-8.291226625442504883e-02
-8.289062976837158203e-02
-8.285900950431823730e-02
-8.281465619802474976e-02
-8.291379362344741821e-02
-8.282892405986785889e-02
-8.282910287380218506e-02
-8.282630890607833862e-02
-8.289662748575210571e-02
-8.288576453924179077e-02
-8.287380635738372803e-02
-8.289204537868499756e-02
-8.286166191101074219e-02
-8.291812986135482788e-02
-8.281348645687103271e-02
-8.275926113128662109e-02
-8.287273347377777100e-02
-8.279860019683837891e-02
-8.279766142368316650e-02
-8.276957273483276367e-02
-8.286397904157638550e-02
-8.284261077642440796e-02
-8.279131352901458740e-02
-8.278870582580566406e-02
-8.273760229349136353e-02
-8.285534381866455078e-02
-8.280233293771743774e-02
-8.280813694000244141e-02
-8.281539380550384521e-02
-8.282176405191421509e-02
-8.276635408401489258e-02
-8.281197398900985718e-02
-8.283219486474990845e-02
-8.284822851419448853e-02
-8.280764520168304443e-02
-8.285388350486755371e-02
-8.285199105739593506e-02
-8.284250646829605103e-02
-8.279545605182647705e-02
-8.274684846401214600e-02
-8.284455537796020508e-02
-8.288273215293884277e-02
-8.280115574598312378e-02
-8.278375118970870972e-02
-8.279725909233093262e-02
-8.282534033060073853e-02
-8.285545557737350464e-02
-8.285500854253768921e-02
-8.283796161413192749e-02
-8.283298462629318237e-02
-8.285617083311080933e-02
-8.280013501644134521e-02
-8.283928036689758301e-02
-8.288668096065521240e-02
-8.281049132347106934e-02
-8.277875185012817383e-02
-8.277042955160140991e-02
-8.273266255855560303e-02
-8.267455548048019409e-02
-8.273795992136001587e-02
-8.276917785406112671e-02
-8.272763341665267944e-02
-8.268699795007705688e-02
-8.278306573629379272e-02
-8.270855247974395752e-02
-8.276997506618499756e-02
-8.268258720636367798e-02
-8.260981738567352295e-02
-8.266875892877578735e-02
-8.262032270431518555e-02
-8.267544209957122803e-02
-8.264844864606857300e-02
-8.269165456295013428e-02
-8.263746649026870728e-02
-8.270955085754394531e-02
-8.269786834716796875e-02
-8.263610303401947021e-02
-8.274970948696136475e-02
-8.263440430164337158e-02
-8.264930546283721924e-02
-8.268561214208602905e-02
-8.256592601537704468e-02
-8.267910778522491455e-02
-8.266897499561309814e-02
-8.269964158535003662e-02
-8.265417069196701050e-02
-8.262632042169570923e-02
-8.262634277343750000e-02
-8.253321051597595215e-02
-8.269194513559341431e-02
-8.260690420866012573e-02
-8.259019255638122559e-02
-8.261182159185409546e-02
-8.261524140834808350e-02
-8.264304697513580322e-02
-8.268759399652481079e-02
-8.258046209812164307e-02
-8.254840970039367676e-02
-8.263107389211654663e-02
-8.261883258819580078e-02
-8.257668465375900269e-02
-8.263476938009262085e-02
-8.258082717657089233e-02
-8.265958726406097412e-02
-8.258506655693054199e-02
-8.262585848569869995e-02
-8.256661891937255859e-02
-8.257504552602767944e-02
-8.255210518836975098e-02
-8.259028196334838867e-02
-8.251181989908218384e-02
-8.252690732479095459e-02
-8.253792673349380493e-02
-8.254496008157730103e-02
-8.253435790538787842e-02
-8.248799294233322144e-02
-8.249071985483169556e-02
-8.250267803668975830e-02
-8.253303915262222290e-02
-8.251171559095382690e-02
-8.254638314247131348e-02
-8.255374431610107422e-02
-8.242354542016983032e-02
-8.253438770771026611e-02
-8.250912278890609741e-02
-8.249279856681823730e-02
-8.249245584011077881e-02
-8.248555660247802734e-02
-8.248348534107208252e-02
-8.243192732334136963e-02
-8.240002393722534180e-02
-8.233055472373962402e-02
-8.241524547338485718e-02
-8.244061470031738281e-02
-8.239416033029556274e-02
-8.244642615318298340e-02
-8.246698975563049316e-02
-8.235894143581390381e-02
-8.235629647970199585e-02
-8.239964395761489868e-02
-8.241585642099380493e-02
-8.240270614624023438e-02
-8.235713094472885132e-02
-8.242000639438629150e-02
-8.238305896520614624e-02
-8.237008005380630493e-02
-8.239295333623886108e-02
-8.239077031612396240e-02
-8.235162496566772461e-02
-8.232641220092773438e-02
-8.231993764638900757e-02
-8.225534111261367798e-02
-8.220538496971130371e-02
-8.223943412303924561e-02
-8.230960369110107422e-02
-8.222603052854537964e-02
-8.226218074560165405e-02
-8.219993114471435547e-02
-8.233612030744552612e-02
-8.227899670600891113e-02
-8.232042193412780762e-02
-8.224882930517196655e-02
-8.231195807456970215e-02
-8.225623518228530884e-02
-8.226999640464782715e-02
-8.235321938991546631e-02
-8.231385052204132080e-02
-8.228051662445068359e-02
-8.231912553310394287e-02
-8.224962651729583740e-02
-8.228269964456558228e-02
-8.236606419086456299e-02
-8.225660771131515503e-02
-8.228222280740737915e-02
-8.228132128715515137e-02
-8.225610107183456421e-02
-8.223865926265716553e-02
-8.226402103900909424e-02
-8.236483484506607056e-02
-8.223974704742431641e-02
-8.213551342487335205e-02
-8.223324269056320190e-02
-8.228134363889694214e-02
-8.225259184837341309e-02
-8.229794353246688843e-02
-8.223702758550643921e-02
-8.224860578775405884e-02
-8.236539363861083984e-02
-8.225212991237640381e-02
-8.221791684627532959e-02
-8.228997886180877686e-02
-8.220330625772476196e-02
-8.221306651830673218e-02
-8.216109871864318848e-02
-8.224233239889144897e-02
-8.217965066432952881e-02
-8.220902830362319946e-02
-8.214735239744186401e-02
-8.218077570199966431e-02
-8.220075070858001709e-02
-8.225592970848083496e-02
-8.213329315185546875e-02
-8.217231929302215576e-02
-8.215292543172836304e-02
-8.219021558761596680e-02
-8.218698948621749878e-02
-8.205702155828475952e-02
-8.207193762063980103e-02
-8.207742124795913696e-02
-8.218561112880706787e-02
-8.216132223606109619e-02
-8.220603317022323608e-02
-8.212672173976898193e-02
-8.217372745275497437e-02
-8.220293372869491577e-02
-8.218090981245040894e-02
-8.204469084739685059e-02
-8.209606260061264038e-02
-8.206572383642196655e-02
-8.222503960132598877e-02
-8.206748962402343750e-02
-8.211477100849151611e-02
-8.212649077177047729e-02
-8.209147304296493530e-02
-8.207914978265762329e-02
-8.210097253322601318e-02
-8.208139240741729736e-02
-8.210172504186630249e-02
-8.212944120168685913e-02
-8.212490379810333252e-02
-8.213203400373458862e-02
-8.208831399679183960e-02
-8.207412064075469971e-02
-8.205854892730712891e-02
-8.206339180469512939e-02
-8.208198845386505127e-02
-8.210446685552597046e-02
-8.200220018625259399e-02
-8.213400840759277344e-02
-8.210795372724533081e-02
-8.217910677194595337e-02
-8.206211775541305542e-02
-8.208723366260528564e-02
-8.203442394733428955e-02
-8.208371698856353760e-02
-8.211772888898849487e-02
-8.210173994302749634e-02
-8.199809491634368896e-02
-8.208183199167251587e-02
-8.201459050178527832e-02
-8.206763863563537598e-02
-8.206538856029510498e-02
-8.210180699825286865e-02
-8.216057717800140381e-02
-8.206187188625335693e-02
-8.199278265237808228e-02
-8.208476752042770386e-02
-8.206275850534439087e-02
-8.206205070018768311e-02
-8.210173994302749634e-02
-8.209381997585296631e-02
-8.208879828453063965e-02
-8.208266645669937134e-02
-8.211764693260192871e-02
-8.216318488121032715e-02
-8.212955296039581299e-02
-8.216103166341781616e-02
-8.214683830738067627e-02
-8.207563310861587524e-02
-8.215664327144622803e-02
-8.204179257154464722e-02
-8.202977478504180908e-02
-8.200963586568832397e-02
-8.209925144910812378e-02
-8.199480921030044556e-02
-8.206920325756072998e-02
-8.209734410047531128e-02
-8.203874528408050537e-02
-8.202067762613296509e-02
-8.206772804260253906e-02
-8.206120133399963379e-02
-8.200696855783462524e-02
-8.199840784072875977e-02
-8.203169703483581543e-02
-8.195804059505462646e-02
-8.205914497375488281e-02
-8.203450590372085571e-02
-8.197458088397979736e-02
-8.204822987318038940e-02
-8.207188546657562256e-02
-8.207544684410095215e-02
-8.208420127630233765e-02
-8.198656141757965088e-02
-8.191003650426864624e-02
-8.194168657064437866e-02
-8.193597197532653809e-02
-8.202677220106124878e-02
-8.200053125619888306e-02
-8.208578079938888550e-02
-8.199118822813034058e-02
-8.205399662256240845e-02
-8.201783150434494019e-02
-8.194646984338760376e-02
-8.206462860107421875e-02
-8.191423863172531128e-02
-8.201255649328231812e-02
-8.202740550041198730e-02
-8.192054182291030884e-02
-8.203750103712081909e-02
-8.195326477289199829e-02
-8.198340982198715210e-02
-8.200904726982116699e-02
-8.197152614593505859e-02
-8.205095678567886353e-02
-8.196612447500228882e-02
-8.200050890445709229e-02
-8.204066008329391479e-02
-8.198253810405731201e-02
-8.190523087978363037e-02
-8.187369257211685181e-02
-8.190695196390151978e-02
-8.193670958280563354e-02
-8.192782849073410034e-02
-8.197104930877685547e-02
-8.210607618093490601e-02
-8.187827467918395996e-02
-8.191833645105361938e-02
-8.195571601390838623e-02
-8.204245567321777344e-02
-8.193314075469970703e-02
-8.191739022731781006e-02
-8.193877339363098145e-02
-8.191197365522384644e-02
-8.191689103841781616e-02
-8.181934803724288940e-02
-8.190146088600158691e-02
-8.188234269618988037e-02
-8.192633092403411865e-02
-8.185477554798126221e-02
-8.182382583618164062e-02
-8.185686916112899780e-02
-8.190116286277770996e-02
-8.188541233539581299e-02
-8.190129697322845459e-02
-8.188937604427337646e-02
-8.187370747327804565e-02
-8.177857846021652222e-02
-8.184853941202163696e-02
-8.177371323108673096e-02
-8.183701336383819580e-02
-8.178373426198959351e-02
-8.178324997425079346e-02
-8.182623237371444702e-02
-8.182944357395172119e-02
-8.173958212137222290e-02
-8.183365315198898315e-02
-8.181958645582199097e-02
-8.183334767818450928e-02
-8.179645240306854248e-02
-8.174722641706466675e-02
-8.180864155292510986e-02
-8.182408660650253296e-02
-8.178678900003433228e-02
-8.173850923776626587e-02
-8.174017816781997681e-02
-8.175662904977798462e-02
-8.183101564645767212e-02
-8.182077854871749878e-02
-8.172287046909332275e-02
-8.186699450016021729e-02
-8.183549344539642334e-02
-8.187799900770187378e-02
-8.184768259525299072e-02
-8.175458759069442749e-02
-8.169758319854736328e-02
-8.174557983875274658e-02
-8.173358440399169922e-02
-8.183573186397552490e-02
-8.178233355283737183e-02
-8.167666196823120117e-02
-8.175759762525558472e-02
-8.175005018711090088e-02
-8.168319612741470337e-02
-8.174911141395568848e-02
-8.176460117101669312e-02
-8.178904652595520020e-02
-8.182971179485321045e-02
-8.175882697105407715e-02
-8.172249794006347656e-02
-8.173767477273941040e-02
-8.171808719635009766e-02
-8.172997832298278809e-02
-8.175155520439147949e-02
-8.175305277109146118e-02
-8.173760771751403809e-02
-8.174970000982284546e-02
-8.176907151937484741e-02
-8.176989853382110596e-02
-8.176097273826599121e-02
-8.166853338479995728e-02
-8.172273635864257812e-02
-8.163845539093017578e-02
-8.170316368341445923e-02
-8.171739429235458374e-02
-8.171217143535614014e-02
-8.165911585092544556e-02
-8.178433030843734741e-02
-8.173730224370956421e-02
-8.169987052679061890e-02
-8.171413838863372803e-02
-8.171085268259048462e-02
-8.172669261693954468e-02
-8.163078129291534424e-02
-8.178660273551940918e-02
-8.165507018566131592e-02
-8.164203166961669922e-02
-8.166238665580749512e-02
-8.166876435279846191e-02
-8.172253519296646118e-02
-8.151708543300628662e-02
-8.168970793485641479e-02
-8.164232969284057617e-02
-8.163256943225860596e-02
-8.174924552440643311e-02
-8.171020448207855225e-02
-8.163332939147949219e-02
-8.164305984973907471e-02
-8.158373832702636719e-02
-8.161444962024688721e-02
-8.151892572641372681e-02
-8.163353055715560913e-02
-8.162777125835418701e-02
-8.153180032968521118e-02
-8.162294328212738037e-02
-8.165424317121505737e-02
-8.158755302429199219e-02
-8.165388554334640503e-02
-8.153665065765380859e-02
-8.159237354993820190e-02
-8.153317123651504517e-02
-8.173745125532150269e-02
-8.171372860670089722e-02
-8.164947479963302612e-02
-8.161278069019317627e-02
-8.164572715759277344e-02
-8.158656209707260132e-02
-8.161591738462448120e-02
-8.168759196996688843e-02
-8.169171214103698730e-02
-8.165820688009262085e-02
-8.167117089033126831e-02
-8.163049072027206421e-02
-8.166431635618209839e-02
-8.163475990295410156e-02
-8.161637187004089355e-02
-8.168207108974456787e-02
-8.162534236907958984e-02
-8.158583939075469971e-02
-8.164785802364349365e-02
-8.162542432546615601e-02
-8.160692453384399414e-02
-8.167926967144012451e-02
-8.161393553018569946e-02
-8.168188482522964478e-02
-8.168213814496994019e-02
-8.162847906351089478e-02
-8.161593973636627197e-02
-8.164646476507186890e-02
-8.157907426357269287e-02
-8.155399560928344727e-02
-8.158258348703384399e-02
-8.162411302328109741e-02
-8.154859393835067749e-02
-8.152425289154052734e-02
-8.161626756191253662e-02
-8.157420158386230469e-02
-8.161371201276779175e-02
-8.163777738809585571e-02
-8.155263960361480713e-02
-8.159255236387252808e-02
-8.157357573509216309e-02
-8.154239505529403687e-02
-8.152406662702560425e-02
-8.163869380950927734e-02
-8.157385885715484619e-02
-8.149488270282745361e-02
-8.158707618713378906e-02
-8.169908821582794189e-02
-8.166413754224777222e-02
-8.160625398159027100e-02
-8.164165169000625610e-02
-8.159102499485015869e-02
-8.162669092416763306e-02
-8.164825290441513062e-02
-8.164951205253601074e-02
-8.166687935590744019e-02
-8.172331005334854126e-02
-8.176334202289581299e-02
-8.172374218702316284e-02
-8.173152804374694824e-02
-8.168198168277740479e-02
-8.172839879989624023e-02
-8.166997134685516357e-02
-8.168601244688034058e-02
-8.168372511863708496e-02
-8.173501491546630859e-02
-8.169169723987579346e-02
-8.165644109249114990e-02
-8.161528408527374268e-02
-8.157306909561157227e-02
-8.166410773992538452e-02
-8.160470426082611084e-02
-8.158789575099945068e-02
-8.163016289472579956e-02
-8.168420195579528809e-02
-8.165867626667022705e-02
-8.161102235317230225e-02
-8.165048062801361084e-02
-8.164339512586593628e-02
-8.168300986289978027e-02
-8.157119899988174438e-02
-8.160000294446945190e-02
-8.162095397710800171e-02
-8.166328072547912598e-02
-8.163552731275558472e-02
-8.161766827106475830e-02
-8.165785670280456543e-02
-8.162968605756759644e-02
-8.164694905281066895e-02
-8.169433474540710449e-02
-8.162267506122589111e-02
-8.153821527957916260e-02
-8.171180635690689087e-02
-8.159278333187103271e-02
-8.154225349426269531e-02
-8.158883452415466309e-02
-8.160600066184997559e-02
-8.156567811965942383e-02
-8.156523108482360840e-02
-8.163829892873764038e-02
-8.162239938974380493e-02
-8.160089701414108276e-02
-8.161600679159164429e-02
-8.163069188594818115e-02
-8.164586871862411499e-02
-8.155935257673263550e-02
-8.146186918020248413e-02
-8.153800666332244873e-02
-8.156243711709976196e-02
-8.147179335355758667e-02
-8.157674223184585571e-02
-8.154659718275070190e-02
-8.160111308097839355e-02
-8.158632367849349976e-02
-8.154433220624923706e-02
-8.163215965032577515e-02
-8.153091371059417725e-02
-8.156077563762664795e-02
-8.155526220798492432e-02
-8.149198442697525024e-02
-8.151631802320480347e-02
-8.164556324481964111e-02
-8.145920187234878540e-02
-8.147296309471130371e-02
-8.149188011884689331e-02
-8.149724453687667847e-02
-8.146884292364120483e-02
-8.155589550733566284e-02
-8.150158822536468506e-02
-8.148258179426193237e-02
-8.154101669788360596e-02
-8.143848180770874023e-02
-8.143260329961776733e-02
-8.144488185644149780e-02
-8.154561370611190796e-02
-8.146233856678009033e-02
-8.157387375831604004e-02
-8.157214522361755371e-02
-8.143690228462219238e-02
-8.157285302877426147e-02
-8.155397325754165649e-02
-8.159747719764709473e-02
-8.147101849317550659e-02
-8.148694038391113281e-02
-8.144576847553253174e-02
-8.157294243574142456e-02
-8.144646137952804565e-02
-8.156763017177581787e-02
-8.160126209259033203e-02
-8.157923817634582520e-02
-8.157682418823242188e-02
-8.151004463434219360e-02
-8.147485554218292236e-02
-8.162435144186019897e-02
-8.153064548969268799e-02
-8.155450969934463501e-02
-8.154860883951187134e-02
-8.149906992912292480e-02
-8.149345219135284424e-02
-8.154266327619552612e-02
-8.149442076683044434e-02
-8.153720200061798096e-02
-8.155210316181182861e-02
-8.157511800527572632e-02
-8.161675930023193359e-02
-8.151435852050781250e-02
-8.159299194812774658e-02
-8.167739212512969971e-02
-8.153030276298522949e-02
-8.163218945264816284e-02
-8.154236525297164917e-02
-8.163248002529144287e-02
-8.159748464822769165e-02
-8.150874078273773193e-02
-8.155165612697601318e-02
-8.163152635097503662e-02
-8.152198791503906250e-02
-8.150719106197357178e-02
-8.164645731449127197e-02
-8.157347887754440308e-02
-8.162909001111984253e-02
-8.162771165370941162e-02
-8.163986355066299438e-02
-8.170281350612640381e-02
-8.158564567565917969e-02
-8.155850321054458618e-02
-8.161523938179016113e-02
-8.159282058477401733e-02
-8.164649456739425659e-02
-8.158277720212936401e-02
-8.160245418548583984e-02
-8.165434002876281738e-02
-8.155873417854309082e-02
-8.166216313838958740e-02
-8.160426467657089233e-02
-8.163298666477203369e-02
-8.170071989297866821e-02
-8.164137601852416992e-02
-8.161421865224838257e-02
-8.165170997381210327e-02
-8.161114901304244995e-02
-8.151008933782577515e-02
-8.155712485313415527e-02
-8.163288980722427368e-02
-8.169153332710266113e-02
-8.162724971771240234e-02
-8.155816048383712769e-02
-8.166053146123886108e-02
-8.161844313144683838e-02
-8.161511272192001343e-02
-8.172913640737533569e-02
-8.169393986463546753e-02
-8.159961551427841187e-02
-8.157233893871307373e-02
-8.153166621923446655e-02
-8.163896948099136353e-02
-8.160004019737243652e-02
-8.163011074066162109e-02
-8.166979253292083740e-02
-8.170649409294128418e-02
-8.163028210401535034e-02
-8.161495625972747803e-02
-8.165977895259857178e-02
-8.161297440528869629e-02
-8.164748549461364746e-02
-8.174695819616317749e-02
-8.177521079778671265e-02
-8.172222226858139038e-02
-8.172326534986495972e-02
-8.172950893640518188e-02
-8.173200488090515137e-02
-8.173437416553497314e-02
-8.162415027618408203e-02
-8.167381584644317627e-02
-8.163278549909591675e-02
-8.170697093009948730e-02
-8.179780840873718262e-02
-8.171711862087249756e-02
-8.175225555896759033e-02
-8.181768655776977539e-02
-8.171153068542480469e-02
-8.177159726619720459e-02
-8.169388771057128906e-02
-8.172719180583953857e-02
-8.161929994821548462e-02
-8.173844218254089355e-02
-8.184453099966049194e-02
-8.165905624628067017e-02
-8.176930248737335205e-02
-8.166352659463882446e-02
-8.174792677164077759e-02
-8.178459107875823975e-02
-8.182115852832794189e-02
-8.175744861364364624e-02
-8.172784745693206787e-02
-8.174928277730941772e-02
-8.181691169738769531e-02
-8.178334683179855347e-02
-8.179775625467300415e-02
-8.183067291975021362e-02
-8.174644410610198975e-02
-8.182543516159057617e-02
-8.176209777593612671e-02
-8.179835975170135498e-02
-8.178273588418960571e-02
-8.176608383655548096e-02
-8.173063397407531738e-02
-8.174089342355728149e-02
-8.172391355037689209e-02
-8.178614079952239990e-02
-8.173052221536636353e-02
-8.177211135625839233e-02
-8.177401870489120483e-02
-8.184380829334259033e-02
-8.181089162826538086e-02
-8.178630471229553223e-02
-8.184528350830078125e-02
-8.178564906120300293e-02
-8.181509375572204590e-02
-8.182577043771743774e-02
-8.179125189781188965e-02
-8.185122907161712646e-02
-8.183881640434265137e-02
-8.181398361921310425e-02
-8.184126764535903931e-02
-8.179926127195358276e-02
-8.187629282474517822e-02
-8.183697611093521118e-02
-8.180385082960128784e-02
-8.188030123710632324e-02
-8.182767778635025024e-02
-8.181583881378173828e-02
-8.185350149869918823e-02
-8.178713172674179077e-02
-8.195868879556655884e-02
-8.188554644584655762e-02
-8.193132281303405762e-02
-8.191034197807312012e-02
-8.189272135496139526e-02
-8.190204948186874390e-02
-8.190140128135681152e-02
-8.196437358856201172e-02
-8.185756206512451172e-02
-8.184961229562759399e-02
-8.192376047372817993e-02
-8.194754272699356079e-02
-8.182723820209503174e-02
-8.185942471027374268e-02
-8.182173222303390503e-02
-8.173840492963790894e-02
-8.196478337049484253e-02
-8.181671053171157837e-02
-8.189950883388519287e-02
-8.181431144475936890e-02
-8.183881640434265137e-02
-8.200122416019439697e-02
-8.184331655502319336e-02
-8.191529661417007446e-02
-8.191294968128204346e-02
-8.178662508726119995e-02
-8.185707032680511475e-02
-8.187969774007797241e-02
-8.191698789596557617e-02
-8.190538734197616577e-02
-8.184009790420532227e-02
-8.179055154323577881e-02
-8.177808672189712524e-02
-8.182686567306518555e-02
-8.182775974273681641e-02
-8.189344406127929688e-02
-8.193353563547134399e-02
-8.197190612554550171e-02
-8.188486099243164062e-02
-8.198193460702896118e-02
-8.187825977802276611e-02
-8.184728026390075684e-02
-8.194946497678756714e-02
-8.186357468366622925e-02
-8.181440085172653198e-02
-8.183857798576354980e-02
-8.189907670021057129e-02
-8.196083456277847290e-02
-8.193871378898620605e-02
-8.182094246149063110e-02
-8.197295665740966797e-02
-8.189979940652847290e-02
-8.193794637918472290e-02
-8.191500604152679443e-02
-8.185875415802001953e-02
-8.193512260913848877e-02
-8.186113834381103516e-02
-8.191572129726409912e-02
-8.199592679738998413e-02
-8.190877735614776611e-02
-8.191035687923431396e-02
-8.189937472343444824e-02
-8.191752433776855469e-02
-8.195773512125015259e-02
-8.198421448469161987e-02
-8.200550079345703125e-02
-8.193045109510421753e-02
-8.188458532094955444e-02
-8.187803626060485840e-02
-8.183836936950683594e-02
-8.192056417465209961e-02
-8.188021183013916016e-02
-8.188167214393615723e-02
-8.185899257659912109e-02
-8.184757083654403687e-02
-8.190391212701797485e-02
-8.186441659927368164e-02
-8.190642297267913818e-02
-8.192578703165054321e-02
-8.197953552007675171e-02
-8.187647163867950439e-02
-8.198215067386627197e-02
-8.192523568868637085e-02
-8.190821111202239990e-02
-8.197267353534698486e-02
-8.193403482437133789e-02
-8.192994445562362671e-02
-8.199977874755859375e-02
-8.189054578542709351e-02
-8.186846971511840820e-02
-8.194874227046966553e-02
-8.187024295330047607e-02
-8.198790997266769409e-02
-8.198976516723632812e-02
-8.196537196636199951e-02
-8.196730911731719971e-02
-8.183839172124862671e-02
-8.196427673101425171e-02
-8.198626339435577393e-02
-8.202681690454483032e-02
-8.191958814859390259e-02
-8.191823959350585938e-02
-8.199600130319595337e-02
-8.189471065998077393e-02
-8.191563934087753296e-02
-8.201787620782852173e-02
-8.189547061920166016e-02
-8.185434341430664062e-02
-8.191066235303878784e-02
-8.195310086011886597e-02
-8.200518041849136353e-02
-8.190580457448959351e-02
-8.195487409830093384e-02
-8.195996284484863281e-02
-8.193764090538024902e-02
-8.187951892614364624e-02
-8.193983137607574463e-02
-8.193614333868026733e-02
-8.186619728803634644e-02
-8.184920251369476318e-02
-8.190523833036422729e-02
-8.183138817548751831e-02
-8.191727101802825928e-02
-8.189353346824645996e-02
-8.187735080718994141e-02
-8.186523616313934326e-02
-8.181028813123703003e-02
-8.179761469364166260e-02
-8.190217614173889160e-02
-8.189129829406738281e-02
-8.189950138330459595e-02
-8.198033273220062256e-02
-8.181414753198623657e-02
-8.193610608577728271e-02
-8.181582391262054443e-02
-8.176010102033615112e-02
-8.181236684322357178e-02
-8.180294930934906006e-02
-8.193548768758773804e-02
-8.177154511213302612e-02
-8.179537206888198853e-02
-8.188462257385253906e-02
-8.184573054313659668e-02
-8.180997520685195923e-02
-8.179014176130294800e-02
-8.190603554248809814e-02
-8.195638656616210938e-02
-8.188422769308090210e-02
-8.190517127513885498e-02
-8.189371973276138306e-02
-8.183714002370834351e-02
-8.195622265338897705e-02
-8.190596103668212891e-02
-8.189986646175384521e-02
-8.185715973377227783e-02
-8.186703175306320190e-02
-8.197906613349914551e-02
-8.192709833383560181e-02
-8.182881027460098267e-02
-8.179731667041778564e-02
-8.166196197271347046e-02
-8.192117512226104736e-02
-8.187607675790786743e-02
-8.193603903055191040e-02
-8.198662102222442627e-02
-8.198777586221694946e-02
-8.183726668357849121e-02
-8.196134865283966064e-02
-8.188044279813766479e-02
-8.196303993463516235e-02
