-3.152537108230952373e-02
-3.147668387287174546e-02
-3.162304037049278732e-02
-3.174050692449259525e-02
-3.191267601541483007e-02
-3.189019560073132892e-02
-3.181860105814593442e-02
-3.196943709240526038e-02
-3.204274122535471364e-02
-3.202602576029002501e-02
-3.219405603385026848e-02
-3.206545254482375679e-02
-3.220213344318049314e-02
-3.222122242390899199e-02
-3.219736650761038932e-02
-3.218589683609075769e-02
-3.223311958280086070e-02
-3.225579441798249319e-02
-3.221759618137007980e-02
-3.227614791261673721e-02
-3.229504452555010535e-02
-3.228249242800028396e-02
-3.229443822046062368e-02
-3.232880164614221341e-02
-3.231713860969368662e-02
-3.232442856885924670e-02
-3.234210459748889516e-02
-3.233533043652310479e-02
-3.232698060590660782e-02
-3.235484653434315960e-02
-3.235182632156521909e-02
-3.238181608829325542e-02
-3.236877365599841877e-02
-3.236485281067778136e-02
-3.236605764069679092e-02
-3.236480353993199249e-02
-3.233674287377875239e-02
-3.232748760001798172e-02
-3.235766730403992486e-02
-3.236039715538970712e-02
-3.234007850674507772e-02
-3.234676885056474160e-02
-3.235320783964518859e-02
-3.236768033214861007e-02
-3.233999160452682986e-02
-3.236280057737363908e-02
-3.233620585451836560e-02
-3.235661582842262740e-02
-3.236287547117261409e-02
-3.235819036413505739e-02
-3.235568768242073900e-02
-3.236651824435825969e-02
-3.236974497497589059e-02
-3.237025914143930316e-02
-3.235736692141653187e-02
-3.238957693332453897e-02
-3.238309006266486267e-02
-3.235562944079147657e-02
-3.236635686328127870e-02
-3.236605442165817886e-02
-3.238356094070277830e-02
-3.240680236208777487e-02
-3.237420855021651278e-02
-3.237386754340913775e-02
-3.240167782869723262e-02
-3.238845603728114642e-02
-3.239639934764785428e-02
-3.237076707463173303e-02
-3.237139946587625633e-02
-3.238311531558737272e-02
-3.238929013514569438e-02
-3.235325417560543093e-02
-3.238008476846324785e-02
-3.235385914657691597e-02
-3.234344976061652444e-02
-3.233369382223723332e-02
-3.234587346943991470e-02
-3.236809912569087178e-02
-3.234418241894102680e-02
-3.234262934786054366e-02
-3.233369594839481664e-02
-3.234060284090820719e-02
-3.234346416044648481e-02
-3.235323473047958115e-02
-3.238255176396404034e-02
-3.235143787119403036e-02
-3.233380777656914146e-02
-3.230761872144605890e-02
-3.234752654359305396e-02
-3.232146859055053806e-02
-3.236608532758399048e-02
-3.234570019802484458e-02
-3.237768927164610261e-02
-3.234959122323969455e-02
-3.240716567568068668e-02
-3.235233017998268013e-02
-3.235716573612194835e-02
-3.234856468517118000e-02
-3.235774730386078296e-02
-3.234181808372119105e-02
-3.233559676913300845e-02
-3.236661020755089019e-02
-3.234551543777582083e-02
-3.232172261192415436e-02
-3.235493524259547282e-02
-3.230468580902336878e-02
-3.232663339251354295e-02
-3.233080352533241469e-02
-3.227350106262302093e-02
-3.229563352150215116e-02
-3.227526632433418835e-02
-3.226386166556702295e-02
-3.229109440161857109e-02
-3.227515022200413281e-02
-3.229737064190706802e-02
-3.232274120742994333e-02
-3.231068357457837076e-02
-3.231824670513171877e-02
-3.233631142185598023e-02
-3.230796290493288814e-02
-3.232275683257478799e-02
-3.232263298606698892e-02
-3.231591840826778667e-02
-3.232091545884917955e-02
-3.231568983469749329e-02
-3.233833546625883987e-02
-3.234170464732921690e-02
-3.232500662901211658e-02
-3.233578956508446206e-02
-3.231635168384795059e-02
-3.234222612168998617e-02
-3.231056535875059810e-02
-3.233464492784918903e-02
-3.234443980690547560e-02
-3.231727990123747091e-02
-3.233073421510375411e-02
-3.236592947485003591e-02
-3.235728223794207686e-02
-3.234741885661147204e-02
-3.236795959639371389e-02
-3.235024145137226081e-02
-3.233466340512124865e-02
-3.234900560625470628e-02
-3.232336386785056997e-02
-3.234505824061269935e-02
-3.235283679239411153e-02
-3.234515178716597383e-02
-3.236684193637948820e-02
-3.235060560681597697e-02
-3.235913557959745751e-02
-3.236053221274741432e-02
-3.234749060251257413e-02
-3.236387848882926743e-02
-3.235215113276986715e-02
-3.237494434232922325e-02
-3.236633637859851614e-02
-3.236865833487289484e-02
-3.236605929429230144e-02
-3.239440898964981302e-02
-3.237374333177799740e-02
-3.239927217264713943e-02
-3.238725660801584222e-02
-3.240020341394801023e-02
-3.237707034795575534e-02
-3.240509599746937280e-02
-3.239339102603982362e-02
-3.236982761735065356e-02
-3.236246545723998197e-02
-3.237300046295728956e-02
-3.240607493959742069e-02
-3.239111729908078496e-02
-3.239610037316097146e-02
-3.240410179354169529e-02
-3.240331584847233604e-02
-3.240412252088398226e-02
-3.237954180602111570e-02
-3.239707715265444793e-02
-3.239601379107235474e-02
-3.239266433361599751e-02
-3.239877135027369182e-02
-3.238707019262747344e-02
-3.237779691813806593e-02
-3.239720147713726767e-02
-3.240195792402435909e-02
-3.241714520465883292e-02
-3.240624717469429289e-02
-3.241686750104205705e-02
-3.240488902461898663e-02
-3.244164013023306120e-02
-3.242489093367188074e-02
-3.241098473950836112e-02
-3.240906982401833142e-02
-3.239025161322702656e-02
-3.239420238003513225e-02
-3.242339558381165249e-02
-3.241001644969313672e-02
-3.242436012768420278e-02
-3.239128858625241886e-02
-3.240129421004599858e-02
-3.241380650037341271e-02
-3.240605821593491032e-02
-3.241296045363463441e-02
-3.241329697912564978e-02
-3.242326357828550359e-02
-3.240778132612533169e-02
-3.240935475567146423e-02
-3.241904620679676025e-02
-3.240617703418375434e-02
-3.242756070767739696e-02
-3.242737590995511260e-02
-3.240975780319631239e-02
-3.242561935299842490e-02
-3.238711155856982549e-02
-3.240385255278126903e-02
-3.240759374966413475e-02
-3.243087121037003390e-02
-3.239608780870358723e-02
-3.240617534155339208e-02
-3.239771173913764263e-02
-3.241415577732564141e-02
-3.242613477313593257e-02
-3.241638171782990074e-02
-3.242709355951632622e-02
-3.241292502187266555e-02
-3.242232048211311085e-02
-3.242125705849851353e-02
-3.242797845237040816e-02
-3.242237526578151813e-02
-3.243061051010075191e-02
-3.241031467230210544e-02
-3.242967536472955020e-02
-3.241402019558349556e-02
-3.243995515300177740e-02
-3.243888156124417194e-02
-3.242775651149841509e-02
-3.245675348840023483e-02
-3.242738608353339103e-02
-3.239778692540021959e-02
-3.242602972718844345e-02
-3.243036310453915883e-02
-3.240745833670398424e-02
-3.240178752579840615e-02
-3.243051589057925621e-02
-3.242494707988689134e-02
-3.242141285933142908e-02
-3.242332866520555162e-02
-3.242892628127460458e-02
-3.242828683464354933e-02
-3.244003357576926566e-02
-3.242305359027657097e-02
-3.241983014705312333e-02
-3.242710840246863790e-02
-3.243312184297085510e-02
-3.242121348319131763e-02
-3.241963628214512144e-02
-3.242996265883395235e-02
-3.242661007823064573e-02
-3.242542032110350830e-02
-3.241796062378653198e-02
-3.241900674303181684e-02
-3.241194835956210524e-02
-3.244343657721234647e-02
-3.243752382773102544e-02
-3.244662623819526137e-02
-3.242379675969269542e-02
-3.243254069723454369e-02
-3.242660412589476460e-02
-3.238632027001354247e-02
-3.243509006571225484e-02
-3.241041679140044957e-02
-3.241372625014878744e-02
-3.241888723144088769e-02
-3.242216632067756316e-02
-3.244873187256878955e-02
-3.241541786176906081e-02
-3.241661321307704596e-02
-3.242803332052266591e-02
-3.243141160644773952e-02
-3.241628962232554617e-02
-3.243148927193795911e-02
-3.242880907613295005e-02
-3.241362785941330482e-02
-3.242329036864848718e-02
-3.243160165972826942e-02
-3.242239250650259114e-02
-3.242932741669462410e-02
-3.241088351589437033e-02
-3.243853104456445591e-02
-3.242786193527854438e-02
-3.242327951264380170e-02
-3.242798568259591674e-02
-3.240682639623226197e-02
-3.241265011953595870e-02
-3.242460162515868605e-02
-3.244499756494997195e-02
-3.242011111365590559e-02
-3.242265598139494609e-02
-3.243642315812663574e-02
-3.243312078998670384e-02
-3.242180145792471907e-02
-3.242565660114443693e-02
-3.241734269069801444e-02
-3.240945386942597345e-02
-3.244243651931157796e-02
-3.241344592848657141e-02
-3.242976587658265991e-02
-3.243622604393577025e-02
-3.242257570113969006e-02
-3.244706291022111250e-02
-3.241927425454572270e-02
-3.241751489904055178e-02
-3.241975095754084241e-02
-3.241393581043066491e-02
-3.241823411264260074e-02
-3.242207385853290019e-02
-3.242099012169667727e-02
-3.243756223227808183e-02
-3.242858904670031794e-02
-3.243087857602110907e-02
-3.243687629821322138e-02
-3.243382854598525489e-02
-3.241803783343853024e-02
-3.243615425190515822e-02
-3.242187358124742902e-02
-3.242331203543787066e-02
-3.245102373139558544e-02
-3.242994322076873243e-02
-3.241763422624197727e-02
-3.242138744328083161e-02
-3.242895892896534293e-02
-3.241908647063102000e-02
-3.242242122086270995e-02
-3.241494934180924603e-02
-3.240487711295757939e-02
-3.242458971839441012e-02
-3.242045081717657984e-02
-3.242373091639309812e-02
-3.242536125472034875e-02
-3.244571941269280141e-02
-3.241861419151494811e-02
-3.243750560909821473e-02
-3.242636481654440767e-02
-3.242373472558573305e-02
-3.242081186700743883e-02
-3.241253210309431171e-02
-3.240226067705762047e-02
-3.241328716792827441e-02
-3.242751507920312026e-02
-3.241796016646263795e-02
-3.243836827713523357e-02
-3.243818374686798650e-02
-3.241528957024607249e-02
-3.240084915422083295e-02
-3.242620936689104977e-02
-3.241715748536416752e-02
-3.240977646636015314e-02
-3.243601901109501029e-02
-3.241168994328232078e-02
-3.245915481360982235e-02
-3.242924106000257684e-02
-3.244254117846299273e-02
-3.241605024563766480e-02
-3.241890252928805033e-02
-3.239257355535732352e-02
-3.241086660442112077e-02
-3.242248620888132232e-02
-3.240369829169934685e-02
-3.242879881436368933e-02
-3.241604651697349571e-02
-3.242017420508480630e-02
-3.242719932448791947e-02
-3.242074287817950373e-02
-3.241355428852221027e-02
-3.241219449438352551e-02
-3.241397351262752247e-02
-3.243430284164076915e-02
-3.242420079580814185e-02
-3.241624514380272298e-02
-3.244538264097290153e-02
-3.239743835204043215e-02
-3.241949101143583312e-02
-3.241392014318057041e-02
-3.239779664068132697e-02
-3.241327350036322247e-02
-3.242242601834587068e-02
-3.242935457819639405e-02
-3.243574146915897960e-02
-3.242590609082239561e-02
-3.242725943476999079e-02
-3.242928039714661204e-02
-3.241953056758731244e-02
-3.243283052074320827e-02
-3.241995267881657428e-02
-3.242682721381388855e-02
-3.242588948507603430e-02
-3.246582076419092522e-02
-3.242951278035342833e-02
-3.241856827389619222e-02
-3.243642288164810122e-02
-3.240891355694127535e-02
-3.241013608477002345e-02
-3.241396142645492501e-02
-3.241405740266931068e-02
-3.243133529960452038e-02
-3.243432610227758167e-02
-3.242697011182921890e-02
-3.239948236216147470e-02
-3.242959121432664737e-02
-3.242395941877846549e-02
-3.243357632786057765e-02
-3.244225945868815103e-02
-3.243696639949872340e-02
-3.241301033882842270e-02
-3.240890595345723851e-02
-3.243735639009918265e-02
-3.242098920092707781e-02
-3.241698086680634694e-02
-3.242161248279037261e-02
-3.242699250227332880e-02
-3.241765912010430295e-02
-3.242331263414869463e-02
-3.242355941985813200e-02
-3.243743887152126387e-02
-3.244756312771083367e-02
-3.243743380384300767e-02
-3.242656703058225537e-02
-3.241962291580938876e-02
-3.244315528440803315e-02
-3.241884565089303560e-02
-3.243145052830344321e-02
-3.244069288624578523e-02
-3.243241134232145717e-02
-3.242384943749110349e-02
-3.241511678659802359e-02
-3.243545582330146365e-02
-3.241010569202990715e-02
-3.244234666513120396e-02
-3.240428667733248613e-02
-3.240953546126260770e-02
-3.241305082536322102e-02
-3.242865938148609128e-02
-3.240886750329969451e-02
-3.241394702485531770e-02
-3.241104297441414761e-02
-3.241051567807591571e-02
-3.240468459535551793e-02
-3.242528340772692086e-02
-3.243321766013285146e-02
-3.240512536354035050e-02
-3.242465257072159324e-02
-3.244299184989089813e-02
-3.242699120804636015e-02
-3.242963007550979382e-02
-3.241900864476469218e-02
-3.243383741382504376e-02
-3.241590254399174392e-02
-3.241702001344164141e-02
-3.242328132007415292e-02
-3.245178479965415280e-02
-3.244369746716239955e-02
-3.241442975002988697e-02
-3.243508791936639685e-02
-3.242460709569838090e-02
-3.242899717986522795e-02
-3.243124614657670601e-02
-3.243314003078250768e-02
-3.243828835714707842e-02
-3.242748053020502036e-02
-3.243600085575363418e-02
-3.244080440425312767e-02
-3.242801755805822111e-02
-3.244142626661721679e-02
-3.242909284992163965e-02
-3.245240901610645795e-02
-3.243102513523255653e-02
-3.242267052524130250e-02
-3.241520970365404514e-02
-3.243330572611332480e-02
-3.242413105064591294e-02
-3.244887000371225738e-02
-3.243198804057789014e-02
-3.245362579227541872e-02
-3.242014320286018547e-02
-3.243218043585662652e-02
-3.243794134233984189e-02
-3.242987571249875828e-02
-3.241328586440560267e-02
-3.243068982789351629e-02
-3.243389366312416505e-02
-3.244330056206708168e-02
-3.241471621684532262e-02
-3.242978694501887083e-02
-3.241798230532615122e-02
-3.242837644459196228e-02
-3.244759984530688063e-02
-3.244266144372871807e-02
-3.242481905958618377e-02
-3.242789692832184073e-02
-3.243940538504456322e-02
-3.243458984052131205e-02
-3.243346453382281447e-02
-3.244422437207866022e-02
-3.243441827318987308e-02
-3.242429002346195605e-02
-3.242419477880139483e-02
-3.243942499366574139e-02
-3.244099981116584097e-02
-3.241977363827914377e-02
-3.243935476932728601e-02
-3.244123237162137990e-02
-3.243341168012687376e-02
-3.243028591246076980e-02
-3.243967434804663486e-02
-3.244628586635679712e-02
-3.241580250139500935e-02
-3.244146723955818740e-02
-3.242748378262103742e-02
-3.244636535766265428e-02
-3.242698232973677958e-02
-3.242716542843799427e-02
-3.243868410171906608e-02
-3.242732765420798524e-02
-3.243472733176203798e-02
-3.244665197791019029e-02
-3.242966024928035929e-02
-3.243630711779234288e-02
-3.242596396506964435e-02
-3.243401603811334882e-02
-3.241889947320588522e-02
-3.244003095595372060e-02
-3.243667165414385739e-02
-3.244218019881920517e-02
-3.241760251760315847e-02
-3.242465064242888023e-02
-3.242585109012318528e-02
-3.243156797953449660e-02
-3.242970496595363322e-02
-3.243992163131474704e-02
-3.241249238606649236e-02
-3.244399033577435171e-02
-3.243183267630622008e-02
-3.241236687263721744e-02
-3.242651802946907441e-02
-3.243835783982141480e-02
-3.242208567878692577e-02
-3.243050490127342977e-02
-3.243048540855315853e-02
-3.243074288139223549e-02
-3.242019784407025595e-02
-3.242525267713951970e-02
-3.242063489305869323e-02
-3.241768805454790792e-02
-3.240629476020639305e-02
-3.241427522213868873e-02
-3.241108439755551601e-02
-3.244823391296463438e-02
-3.242243118787178913e-02
-3.241711886106340978e-02
-3.242954225430440957e-02
-3.243619290646643921e-02
-3.243222325887989282e-02
-3.243154143968196568e-02
-3.243008334287231925e-02
-3.242512509446402597e-02
-3.242159781788876011e-02
-3.244222914864863805e-02
-3.243579952876056438e-02
-3.243088951426616184e-02
-3.241648700655934412e-02
-3.242294244278010745e-02
-3.243815025590456036e-02
-3.242275533306095137e-02
-3.243371614110596851e-02
-3.243602938942615616e-02
-3.244747501093316056e-02
-3.241361028973484271e-02
-3.243111150890825439e-02
-3.243792035994318840e-02
-3.245160566374107047e-02
-3.241870151133501021e-02
-3.244322977503192457e-02
-3.242662583456452224e-02
-3.243502930284879876e-02
-3.244727762497023882e-02
-3.243749520243650875e-02
-3.242794877617458799e-02
-3.242872238348966374e-02
-3.244060983840075379e-02
-3.242571409619462303e-02
-3.244358818897132013e-02
-3.242565583992387118e-02
-3.242291004603543164e-02
-3.243397269349809070e-02
-3.241999782492709786e-02
-3.243755354650926931e-02
-3.242936077928301741e-02
-3.243435060759564809e-02
-3.243933245253421971e-02
-3.242254722030226549e-02
-3.241204702614595978e-02
-3.242343447479775070e-02
-3.244008388708844587e-02
-3.242910380991780722e-02
-3.242711282396225358e-02
-3.242635606826531347e-02
-3.242110569550282761e-02
-3.242992262058303626e-02
-3.241056150948618680e-02
-3.241625492264146868e-02
-3.243916649472487757e-02
-3.241610970498961380e-02
-3.242544835752882160e-02
-3.242208932630423479e-02
-3.243198122286147095e-02
-3.241641791230608777e-02
-3.244130329669295959e-02
-3.244538580541248690e-02
-3.244163308603044416e-02
-3.243125291056456888e-02
-3.242930811234764205e-02
-3.243504582075492498e-02
-3.244473113472143982e-02
-3.243784952572836139e-02
-3.242438103428332136e-02
-3.243860323961340192e-02
-3.244222140633225976e-02
-3.242500535865260047e-02
-3.243152265007377688e-02
-3.241449457065792572e-02
-3.242755336295310292e-02
-3.243942580695252653e-02
-3.243372341103715334e-02
-3.242560404123427664e-02
-3.242768600683563346e-02
-3.243851686975701698e-02
-3.244018183624244184e-02
-3.243645745955951037e-02
-3.241707549114163089e-02
-3.242629658058276271e-02
-3.242487002414513181e-02
-3.243585170945554458e-02
-3.244447274381237478e-02
-3.241619391040222870e-02
-3.242460635800755581e-02
-3.242994729008392973e-02
-3.243890325633792121e-02
-3.243078754025723043e-02
-3.243598338024578781e-02
-3.247137336787950940e-02
-3.242549852103487201e-02
-3.245876619461775248e-02
-3.243162753695667117e-02
-3.244516976962096011e-02
-3.244542193242590938e-02
-3.244474146663215569e-02
-3.242867447226862460e-02
-3.244320544174131293e-02
-3.245208559546138016e-02
-3.243413428317019898e-02
-3.243754864784450381e-02
-3.242894164924137873e-02
-3.243846603368790577e-02
-3.244467573122974263e-02
-3.243842932267126250e-02
-3.242278823296714657e-02
-3.242029475065089789e-02
-3.241063428297358967e-02
-3.244262508695189978e-02
-3.242830838944815025e-02
-3.244414883752023970e-02
-3.241029712298477278e-02
-3.243236162927580490e-02
-3.243206261441479443e-02
-3.242710181342545184e-02
-3.242944829124701916e-02
-3.242996974607911115e-02
-3.243952097288288483e-02
-3.241774344165988808e-02
-3.241589415358676202e-02
-3.243718045822143597e-02
-3.244684052579879102e-02
-3.242826998006332478e-02
-3.243610684502760966e-02
-3.243193416917676541e-02
-3.243289134472328306e-02
-3.240407730055603480e-02
-3.243060296681392340e-02
-3.242614848776441405e-02
-3.243370284442654433e-02
-3.241432920411500829e-02
-3.242314191944101892e-02
-3.244368668610991824e-02
-3.244627046627485828e-02
-3.243927960301900421e-02
-3.245022323064929159e-02
-3.242451705503122950e-02
-3.242783788888899121e-02
-3.244214997684831403e-02
-3.244136728863679375e-02
-3.244175841426456819e-02
-3.242979448861869896e-02
-3.242474970274252660e-02
-3.242483366310231624e-02
-3.243808075572789801e-02
-3.244235266502434184e-02
-3.244350947356888087e-02
-3.244730996498011721e-02
-3.244341838095540081e-02
-3.243884327020987030e-02
-3.243599205976038791e-02
-3.243595247878616750e-02
-3.243903936398039034e-02
-3.242247225814989114e-02
-3.243265627893925085e-02
-3.244845227405564886e-02
-3.243288085982465319e-02
-3.244279296417521691e-02
-3.242719562667833316e-02
-3.243704071958036089e-02
-3.244347453999616576e-02
-3.244606096654954058e-02
-3.242775110245514625e-02
-3.242316628060044198e-02
-3.241499541155359182e-02
-3.244063658643418779e-02
-3.243444677097047368e-02
-3.244180448563476621e-02
-3.242936930021037695e-02
-3.243452612486741327e-02
-3.243389214312381724e-02
-3.244746298033946569e-02
-3.243843047533268714e-02
-3.244806517500552212e-02
-3.244285793467678591e-02
-3.244420394615985664e-02
-3.243918537717804113e-02
-3.244156769790422501e-02
-3.240669397139682439e-02
-3.243141519045152771e-02
-3.242845995234829026e-02
-3.243733425721211094e-02
-3.243635624327742550e-02
-3.244087729838324857e-02
-3.242910596174856247e-02
-3.242528754647862332e-02
-3.244766585055346153e-02
-3.243688760311987107e-02
-3.244647040704619345e-02
-3.242554260257028004e-02
-3.243046980678124247e-02
-3.242634990016100144e-02
-3.241776074539293867e-02
-3.243705412307015118e-02
-3.244193700470469205e-02
-3.243266333130567086e-02
-3.244695701661120396e-02
-3.244056958684834319e-02
-3.241361586404808287e-02
-3.242903200907802652e-02
-3.241829190622982221e-02
-3.243461464829628521e-02
-3.243290637569994084e-02
-3.244004369870500532e-02
-3.242957482526380442e-02
-3.243177033079289867e-02
-3.243957194030237107e-02
-3.244401772698653208e-02
-3.244035071485616706e-02
-3.242348645949044705e-02
-3.243674912378274877e-02
-3.242820367673681509e-02
-3.243074465425870023e-02
-3.241324288180098129e-02
-3.243025234333303530e-02
-3.243118725877337100e-02
-3.243754270513599103e-02
-3.243420035039604188e-02
-3.244017984582882319e-02
-3.242139986412649610e-02
-3.243678631128847634e-02
-3.244298889130707575e-02
-3.244595009967449900e-02
-3.243103020641764644e-02
-3.240896125286348017e-02
-3.244723231593772683e-02
-3.242614119439009984e-02
-3.243621065006830478e-02
-3.242553867355819214e-02
-3.245167468608987915e-02
-3.243971622775969343e-02
-3.244720337090007539e-02
-3.243627003840094530e-02
-3.242363475783488491e-02
-3.241663977406235991e-02
-3.242995274844320125e-02
-3.243494427261214147e-02
-3.242666404090194937e-02
-3.244812463015485371e-02
-3.244100166439368299e-02
-3.243584929217963042e-02
-3.243242447301226267e-02
-3.243247980199339547e-02
-3.244422815091368290e-02
-3.244162111827593453e-02
-3.242085219092030041e-02
-3.243447741440273063e-02
-3.243136564087505114e-02
-3.246070845424506995e-02
-3.242257421347971569e-02
-3.241973843433443997e-02
-3.244019372477573854e-02
-3.242911968052352573e-02
-3.243703684159335299e-02
-3.244623014979166470e-02
-3.243020820620963474e-02
-3.243512166696377319e-02
-3.244021868991263380e-02
-3.243366043232278478e-02
-3.243216389755689683e-02
-3.242821472701108709e-02
-3.243469200508810463e-02
-3.244420414114695256e-02
-3.244350725313264322e-02
-3.244037687603705533e-02
-3.242405364926797401e-02
-3.242536023813719775e-02
-3.243751240108240508e-02
-3.242792030803159226e-02
-3.243361283792550037e-02
-3.242637327384358809e-02
-3.243614081526953463e-02
-3.243611181899123952e-02
-3.244536635017834098e-02
-3.242143981057848956e-02
-3.242209671865864395e-02
-3.244964498021903065e-02
-3.242912442320423916e-02
-3.242090010352376844e-02
-3.243715124148290052e-02
-3.244316616916630147e-02
-3.242917099566182404e-02
-3.243071795737772350e-02
-3.242024822993835181e-02
-3.245237945885826730e-02
-3.243315152838911058e-02
-3.243106708682759465e-02
-3.243139819172001503e-02
-3.244420879377771932e-02
-3.242724695673595420e-02
-3.245548531621078592e-02
-3.242963827913120101e-02
-3.244588896677357698e-02
-3.243195475132461258e-02
-3.244552268550315172e-02
-3.242388161853891615e-02
-3.241799979000527243e-02
-3.241882227912173259e-02
-3.243806075306408104e-02
-3.243844700610777620e-02
-3.245803398023767300e-02
-3.242231039421022282e-02
-3.243494949449243075e-02
-3.243943763745379960e-02
-3.243120214189616074e-02
-3.243757029187697982e-02
-3.245267016470192861e-02
-3.241887609443662444e-02
-3.243743356348811890e-02
-3.242349114244585939e-02
-3.243604692248013704e-02
-3.244354840197554574e-02
-3.243184639202493363e-02
-3.244385949267201974e-02
-3.242122862166158664e-02
-3.243383776165629367e-02
-3.244585949678090858e-02
-3.243679948969351023e-02
-3.243482951295573874e-02
-3.243803171898253929e-02
-3.245334971392651452e-02
-3.243382412529124265e-02
-3.243188324991658211e-02
-3.241218331688883181e-02
-3.242635971870744260e-02
-3.242852457921736181e-02
-3.242407964374721674e-02
-3.243390174924032365e-02
-3.242916252695197260e-02
-3.245361556341277987e-02
-3.243240715583820682e-02
-3.244072547536076129e-02
-3.244858761439693706e-02
-3.242838197310717735e-02
-3.242676379634547995e-02
-3.242521192847829664e-02
-3.244567106041316290e-02
-3.245032259871135499e-02
-3.245371113572118049e-02
-3.244494705647731070e-02
-3.243927708761780437e-02
-3.244170636093502563e-02
-3.243738844269529464e-02
-3.242191332311734897e-02
-3.242001115631649999e-02
-3.244470759229932388e-02
-3.244102781571617938e-02
-3.243158635226462555e-02
-3.243648878848846145e-02
-3.243112917868702649e-02
-3.243796604712994441e-02
-3.245171564600411729e-02
-3.241353176790775364e-02
-3.244742326715772951e-02
-3.243661777882379804e-02
-3.243151087979513625e-02
-3.244294295346582258e-02
-3.241913110655351288e-02
-3.243572942433441825e-02
-3.243450346793028127e-02
-3.244576099880754072e-02
-3.242417666244429980e-02
-3.244378122239143653e-02
-3.245053978730540190e-02
-3.244087006267655504e-02
-3.243776552581078415e-02
-3.242519464421199371e-02
-3.242632741566988525e-02
-3.244053138110861850e-02
-3.243689633529213412e-02
-3.241913539631011143e-02
-3.243000156883001084e-02
-3.244863262256692665e-02
-3.243321157842883606e-02
-3.244759497815728061e-02
-3.244137216206453844e-02
-3.245467248604851085e-02
-3.242617766990402856e-02
-3.245061911591439613e-02
-3.244508413897861931e-02
-3.242244131367297277e-02
-3.244700393692367263e-02
-3.244011534711265660e-02
-3.242148156988178265e-02
-3.243407686386819838e-02
-3.243974246540817091e-02
-3.243338603281298999e-02
-3.243318608913438317e-02
-3.242983770034398028e-02
-3.245044710005169641e-02
-3.243034194708689644e-02
-3.244100487570854979e-02
-3.244826101407415064e-02
-3.243141596268855897e-02
-3.243071206688023789e-02
-3.242614586238724145e-02
-3.245403216412683783e-02
-3.244375357011509281e-02
-3.240946813621642386e-02
-3.241739062478667111e-02
-3.242861611341745637e-02
-3.242472130818680603e-02
-3.241980147961911335e-02
-3.243598556763369750e-02
-3.243164971679773911e-02
-3.242290604298259798e-02
-3.241236433609152867e-02
-3.242665583487513992e-02
-3.243992665270990783e-02
-3.242812732362049949e-02
-3.242972200434901531e-02
-3.242147353504090668e-02
-3.242564179395212437e-02
-3.242168712697864053e-02
-3.244169912646199111e-02
-3.243560938910559216e-02
-3.241715396327260468e-02
-3.243281435723642525e-02
-3.242150582254289815e-02
-3.243067110293455096e-02
-3.241930886474426315e-02
-3.243858445887626979e-02
-3.242873477403031973e-02
-3.243980966976899027e-02
-3.241531823580143939e-02
-3.241392178895177723e-02
-3.242558511010724953e-02
-3.243154344263332600e-02
-3.242756284007324019e-02
-3.242086578887136417e-02
-3.243089033966059520e-02
-3.243680520802579709e-02
-3.242117808079767599e-02
-3.242437936476403465e-02
-3.244599126913162018e-02
-3.241807584155323441e-02
-3.242354231664412029e-02
-3.243590352227759821e-02
-3.242642462445193691e-02
-3.242443186707622688e-02
-3.242352203236467667e-02
-3.242516859483539349e-02
-3.244058683041154550e-02
-3.243221689445979772e-02
-3.244283204967134127e-02
-3.242410895673718957e-02
-3.242241395033418350e-02
-3.243664655570126232e-02
-3.245087349430323537e-02
-3.243610462855373022e-02
-3.241873390659687909e-02
-3.245818775606644502e-02
-3.241589738931067305e-02
-3.242798770174205869e-02
-3.244350810868130291e-02
-3.243535032894152847e-02
-3.244130620793635178e-02
-3.244549165845207056e-02
-3.243017534600260710e-02
-3.243263058438322632e-02
-3.243213137614518737e-02
-3.243225889097116343e-02
-3.242796430943499508e-02
-3.242929390138001022e-02
-3.244080466460174533e-02
-3.243219683951045762e-02
-3.243890190430751691e-02
-3.244371212455660070e-02
-3.242170977251768171e-02
-3.243061837997288088e-02
-3.242602957907043254e-02
-3.244460696560259177e-02
-3.243269342133745653e-02
-3.245152330725204620e-02
-3.244681973893622645e-02
-3.243572175882977748e-02
-3.242708582645504461e-02
-3.242744851655128546e-02
-3.243734735304296818e-02
-3.243327614667902703e-02
-3.243359121790135441e-02
-3.244483338755808910e-02
-3.243189618815225245e-02
-3.242800617845120748e-02
-3.244987521208336778e-02
-3.244393384923645318e-02
-3.242365102347265909e-02
-3.243136382217594316e-02
-3.242194337886340066e-02
-3.242429508793138321e-02
-3.242891111401020876e-02
-3.246210249130743880e-02
-3.244728044500357761e-02
-3.242141529101678910e-02
-3.242029579052637528e-02
-3.242517140849607987e-02
-3.242518812657850524e-02
-3.242950099006790265e-02
-3.244067282296780180e-02
-3.243710905793961013e-02
-3.243438573002663944e-02
-3.243104053732435987e-02
-3.243954442321479031e-02
-3.242377714857631182e-02
-3.244703633628624045e-02
-3.245016039975567174e-02
-3.243285178313635303e-02
-3.244035544694484630e-02
-3.243566277792732377e-02
-3.242322664402120386e-02
-3.242956498556637951e-02
-3.243356692028896704e-02
-3.242665968146802441e-02
-3.242473450226646126e-02
-3.242158801502161708e-02
-3.242822951302903878e-02
-3.242482137821455640e-02
-3.244693847462171155e-02
-3.244739482742130948e-02
-3.243494020164038733e-02
-3.243974951041939808e-02
-3.243078492921953881e-02
-3.243873779031113125e-02
-3.242601831497964743e-02
-3.244811548183389183e-02
-3.243381187221025530e-02
-3.243785837614077822e-02
-3.243351404066214388e-02
-3.244101970022201381e-02
-3.243581712686768176e-02
-3.242344795164957966e-02
-3.246485308343084741e-02
-3.243200145997800904e-02
-3.244488184467293757e-02
-3.243826798596052136e-02
-3.243696639236582496e-02
-3.244149329046270430e-02
-3.242793774176436217e-02
-3.241300579752242478e-02
-3.245328429333171893e-02
-3.243997049112664482e-02
-3.243461275333956589e-02
-3.244710764468087399e-02
-3.245172096636195908e-02
-3.243339847696933426e-02
-3.244661553982491897e-02
-3.243049956852837173e-02
-3.242221470080249718e-02
-3.244936562432697291e-02
-3.244088145279252350e-02
-3.244128702914860635e-02
-3.245202003825379405e-02
-3.245889581555412573e-02
-3.244986739316523677e-02
-3.244837357827767138e-02
-3.242305116598508813e-02
-3.244519792358482174e-02
-3.244091695641619644e-02
-3.243716326278860140e-02
-3.244190737171747524e-02
-3.241949230303044910e-02
-3.241535197676228414e-02
-3.242798651977089192e-02
-3.244187677275268272e-02
-3.241935918493234897e-02
-3.241402140328654424e-02
-3.243074564958004641e-02
-3.242235682860251933e-02
-3.244423534853756175e-02
-3.244067322730316560e-02
-3.244097438097138381e-02
-3.242937163438804060e-02
-3.243413469636239471e-02
-3.245324349277506348e-02
-3.245012535678482718e-02
-3.244341004859620237e-02
-3.243549346083676038e-02
-3.243902829443529728e-02
-3.243778328491724733e-02
-3.242268520129143461e-02
-3.244796870967097541e-02
-3.243390369546185481e-02
-3.245114771139210458e-02
-3.244554710392546365e-02
-3.242222891764110632e-02
-3.242429481139712938e-02
-3.242591820429548133e-02
-3.243047057225070112e-02
-3.243272059795542644e-02
-3.244542164225222569e-02
-3.244935435417135861e-02
-3.242740879544962068e-02
-3.244376412522966685e-02
-3.243071600064177662e-02
-3.244636755594485639e-02
-3.246082136914661687e-02
-3.243226208361645047e-02
-3.242946832693843068e-02
-3.242796415594483006e-02
-3.243343781974428880e-02
-3.243194041276621642e-02
-3.244150987486656146e-02
-3.245003783284650112e-02
-3.242417069388831702e-02
-3.244608678770714155e-02
-3.244483270827019233e-02
-3.242731870596809313e-02
-3.241019376215465569e-02
-3.243900932694773059e-02
-3.241867850195177814e-02
-3.243095108145727101e-02
-3.243926786022867381e-02
-3.241861780648647856e-02
-3.241113867187748326e-02
-3.243256299769756851e-02
-3.243553145966724532e-02
-3.243269763454380977e-02
-3.243319178718163942e-02
-3.241629859616313586e-02
-3.242499271491992158e-02
-3.245042563531603391e-02
-3.243104606330333983e-02
-3.243436652872244697e-02
-3.243578681154054427e-02
-3.242281338725501449e-02
-3.244352139272501517e-02
-3.243353430573168300e-02
-3.245491358092433137e-02
-3.243635472577386519e-02
-3.243867381205432776e-02
-3.242327078486444136e-02
-3.242876726925737751e-02
-3.244035909712688487e-02
-3.243414954337767858e-02
-3.244927731368409118e-02
-3.242532546702698443e-02
-3.242995481228462540e-02
-3.243745080976873779e-02
-3.241676950295007548e-02
-3.242613445817706108e-02
-3.242512986194688585e-02
-3.243228414512886598e-02
-3.242930138295741643e-02
-3.241524100419670290e-02
-3.243449511604130225e-02
-3.243991090950735373e-02
-3.244260539899880558e-02
-3.242558498166401432e-02
-3.243373358353269370e-02
-3.243443104573279223e-02
-3.245468997346873802e-02
-3.244866999868767365e-02
-3.242818400044348431e-02
-3.245069920088024251e-02
-3.244204998009839885e-02
-3.242347608945415904e-02
-3.245871874332225543e-02
-3.244683832540391777e-02
-3.243266493457513944e-02
-3.242780217163260953e-02
-3.244169972266836705e-02
-3.244634844311453103e-02
-3.245392608150301367e-02
-3.241841886973601677e-02
-3.242999623285842264e-02
-3.244030183152744190e-02
-3.241922217457604560e-02
-3.242357386304277334e-02
-3.243672803230967377e-02
-3.243436760581227402e-02
-3.245049733421551813e-02
-3.244303843147570976e-02
-3.245307506766133970e-02
-3.245268233940117042e-02
-3.242684545131899881e-02
-3.241223408523348504e-02
-3.242688047486119718e-02
-3.241743222923199746e-02
-3.243710161454552848e-02
-3.244605628186943147e-02
-3.243631026015356827e-02
-3.242710279293505721e-02
-3.242811526515239351e-02
-3.241066611879415277e-02
-3.244337377286839186e-02
-3.243428440959119502e-02
-3.243536433856220036e-02
-3.244096149399601503e-02
-3.242626418044920744e-02
-3.243500482497507081e-02
-3.243051798873420460e-02
-3.243984648782666930e-02
-3.242980368060174173e-02
-3.243804153955787140e-02
-3.243429411923481193e-02
-3.243726572456733653e-02
-3.242096307007399231e-02
-3.244386778813905525e-02
-3.242032981851860479e-02
-3.243138673748806322e-02
-3.241572627142152302e-02
-3.242863247795824133e-02
-3.241974766934609120e-02
-3.243244601703236529e-02
-3.244430762773862359e-02
-3.243574201180748212e-02
-3.243141517910915622e-02
-3.242172478447252065e-02
-3.242080470782288809e-02
-3.244494775263182668e-02
-3.243608968186124930e-02
-3.244041975387895044e-02
-3.244291467712303451e-02
-3.243610511989191564e-02
-3.242944930932395442e-02
-3.243143501375693460e-02
-3.242193365792621351e-02
-3.243526680927844713e-02
-3.241566196832947055e-02
-3.244228600006241608e-02
-3.245245374338824595e-02
-3.244536437957325214e-02
-3.244201179197064161e-02
-3.243391057993124521e-02
-3.243967643045905097e-02
-3.243187885457688574e-02
-3.241709542979214626e-02
-3.243532096368070827e-02
-3.243500978141743152e-02
-3.243482596142496788e-02
-3.242462136840502246e-02
-3.241175409577128769e-02
-3.243245912633156008e-02
-3.243828335319651895e-02
-3.243833504120072903e-02
-3.242663667447291675e-02
-3.242208999546460080e-02
-3.242770062407680787e-02
-3.243357243034650922e-02
-3.242776958918484886e-02
-3.242095234403868931e-02
-3.241484650601793305e-02
-3.241789188096982910e-02
-3.243595936625402049e-02
-3.241741156748208230e-02
-3.242691792578110410e-02
-3.244374833605164626e-02
-3.244002406523031901e-02
-3.242421618953051504e-02
-3.242561382650411411e-02
-3.242635444172817932e-02
-3.242922342202666369e-02
-3.243713808030190826e-02
-3.240960360295474380e-02
-3.243119503235565582e-02
-3.243769435468433354e-02
-3.245175086205692727e-02
-3.242974841250601675e-02
-3.242839752945370080e-02
-3.242860977190036714e-02
-3.244292919930134161e-02
-3.242988183858210027e-02
-3.242589358251220938e-02
-3.243030024043482007e-02
-3.243106774376836726e-02
-3.241690983403315574e-02
-3.243045709688087419e-02
-3.243218011118347704e-02
-3.242558576218317057e-02
-3.242946336111760669e-02
-3.243144678864938457e-02
-3.242412324271520124e-02
-3.242522585015834152e-02
-3.242554375812961576e-02
-3.242901121692990524e-02
-3.243300514192559020e-02
-3.244828037254743336e-02
-3.242629362974795704e-02
-3.243027890556236109e-02
-3.243078842053503247e-02
-3.243170033161722060e-02
-3.242171453550177218e-02
-3.243754409950062867e-02
-3.243952081268426657e-02
-3.243962147665831186e-02
-3.242948136384583152e-02
-3.243456993734322030e-02
-3.244423319418752311e-02
-3.241756827075690378e-02
-3.243075426567563341e-02
-3.242679588194941759e-02
-3.243716397007929270e-02
-3.244804756862939427e-02
-3.244933628547590210e-02
-3.244653165410774781e-02
-3.243377971216367117e-02
-3.243399908614801735e-02
-3.243412926161087090e-02
-3.244832479361144106e-02
-3.244834128161828979e-02
-3.243904898218868960e-02
-3.244296681033605884e-02
-3.242815379823420219e-02
-3.243230075507525650e-02
-3.244349124104841525e-02
-3.245229591221004267e-02
-3.244035364312305297e-02
-3.243207576267733566e-02
-3.243053279070218231e-02
-3.246418994762443472e-02
-3.243067048573088779e-02
-3.244979029649414787e-02
-3.243467379815075102e-02
-3.242855638921975786e-02
-3.242728045159549988e-02
-3.243455678955248223e-02
-3.244177641422759523e-02
-3.244284157280828695e-02
-3.244697612158111560e-02
-3.243818896473742164e-02
-3.242454223218044218e-02
-3.243071666636890976e-02
-3.243306929514142706e-02
-3.241819272493663001e-02
-3.242761072431104424e-02
-3.243147885892688764e-02
-3.244942762983531875e-02
-3.242597217279280519e-02
-3.242348895786854868e-02
-3.242385884808823143e-02
-3.242460667154496018e-02
-3.244151395414217320e-02
-3.243738752010678905e-02
-3.243981145039769032e-02
-3.242833927299004076e-02
-3.244812160113950267e-02
-3.243098200815984489e-02
-3.244701932408371181e-02
-3.243096749637482817e-02
-3.244013023211354818e-02
-3.243267431722266642e-02
-3.242733457468470470e-02
-3.244966421420092395e-02
-3.243467127358695690e-02
-3.243882659513391831e-02
-3.242292031096595528e-02
-3.242040641156034714e-02
-3.241698623486111847e-02
-3.243552751141413198e-02
-3.243482062872930782e-02
-3.242454414677375940e-02
-3.240375939825777818e-02
-3.243395841644845096e-02
-3.243880081039929308e-02
-3.244711488707246322e-02
-3.241237016071406990e-02
-3.242826447255555550e-02
-3.243316621938907574e-02
-3.244213745386664849e-02
-3.242850286364416801e-02
-3.243941452735148862e-02
-3.243370886243886891e-02
-3.242925434696935366e-02
-3.242779312606471759e-02
-3.242343665134734404e-02
-3.244293972643319535e-02
-3.244362866332854006e-02
-3.244629087737429390e-02
-3.244647733619329677e-02
-3.242963270567755102e-02
-3.244742002440237361e-02
-3.242116447713667277e-02
-3.243720329772525196e-02
-3.245361450503440187e-02
-3.244374843732481667e-02
-3.242769575489510420e-02
-3.242186956486210747e-02
-3.242005140088072279e-02
-3.242904751197089874e-02
-3.242748621932787373e-02
-3.243280791075840025e-02
-3.242521349693398836e-02
-3.244953828480167529e-02
-3.243958619119591269e-02
-3.243991697253195000e-02
-3.242694255274378851e-02
-3.244218868450730875e-02
-3.242961785245261630e-02
-3.243885145094393962e-02
-3.243707129866547911e-02
-3.243305474070817124e-02
-3.244554072865136335e-02
-3.242579377387837247e-02
-3.245327531945756128e-02
-3.245646951265996477e-02
-3.243776711709937810e-02
-3.242299749989165786e-02
-3.242515132162919478e-02
-3.243183040295265912e-02
-3.242788059489797037e-02
-3.243534662354561476e-02
-3.242898427090254443e-02
-3.243487787728711186e-02
-3.246627192597266454e-02
-3.243256575767833327e-02
-3.242980276597848960e-02
-3.243318160262723820e-02
-3.243100320129814473e-02
-3.245622375705658341e-02
-3.245066244404686689e-02
-3.245501678194025880e-02
-3.243642880660320416e-02
-3.244948897377639835e-02
-3.245549612900756192e-02
-3.242959640656119247e-02
-3.243969007513728547e-02
-3.244192136801760107e-02
-3.243774533449896719e-02
-3.242418101761404547e-02
-3.242461880647607569e-02
-3.244069414913978294e-02
-3.243881010985946028e-02
-3.243135205924840142e-02
-3.246154513749850007e-02
-3.242327963163656873e-02
-3.243769466646197891e-02
-3.242284167054639704e-02
-3.242038107025766586e-02
-3.244925666331190811e-02
-3.243770490641045140e-02
-3.241450623349197840e-02
-3.243540382058823085e-02
-3.244256051353259368e-02
-3.242291927153773123e-02
-3.243861383413682714e-02
-3.244181149104432421e-02
-3.244319195041802523e-02
-3.242812507614983852e-02
-3.244992463857064580e-02
-3.243249177344105505e-02
-3.244367593641408337e-02
-3.245643349016429091e-02
-3.241328182224666177e-02
-3.245790901049088600e-02
-3.243078703597463558e-02
-3.243517907021053331e-02
-3.244711413711916237e-02
-3.244326945962135861e-02
-3.244893596102527145e-02
-3.243423228257814178e-02
-3.242149042884642091e-02
-3.242875875035931832e-02
-3.244288468922713886e-02
-3.245143520041920276e-02
-3.245224935924072990e-02
-3.244545734376440976e-02
-3.244894849516344326e-02
-3.242864277798827161e-02
-3.242169344157150301e-02
-3.244513691512729281e-02
-3.242811014411010190e-02
-3.243230644278067426e-02
-3.244318941481273005e-02
-3.244643456956195632e-02
-3.244832879094966538e-02
-3.244112183214584166e-02
-3.243458321508129599e-02
-3.244237763403702568e-02
-3.244427778616902625e-02
-3.245408662641877801e-02
-3.242612197636585841e-02
-3.243936098544102781e-02
-3.244436179426600508e-02
-3.241643225771405346e-02
-3.244684318094297887e-02
-3.242780166797281510e-02
-3.245563477022891247e-02
-3.243942718160426619e-02
-3.243097256653146299e-02
-3.244131551007520958e-02
-3.245401235480830510e-02
-3.244023843005768709e-02
-3.245363797640071074e-02
-3.244254385121165402e-02
-3.243093529008591464e-02
-3.243726216161903209e-02
-3.245799988814395548e-02
-3.244919459469859657e-02
-3.243725459944221678e-02
-3.246359298476770433e-02
-3.243046705805762570e-02
-3.245235915794848075e-02
-3.244273590378794758e-02
-3.242533558800714949e-02
-3.245530143166962950e-02
-3.241532960422032622e-02
-3.243647211424967314e-02
-3.244419606873995970e-02
-3.244248847825313004e-02
-3.244964418354266689e-02
-3.242628062408382805e-02
-3.243239877165949442e-02
-3.244416279344043696e-02
-3.244551035703709119e-02
-3.244130907713501516e-02
-3.243532298811442616e-02
-3.243257640234190747e-02
-3.242068539129018545e-02
-3.244527976728336233e-02
-3.242938066522937923e-02
-3.242938352286645759e-02
-3.244221234187071728e-02
-3.242371876952838960e-02
-3.245492978760504410e-02
-3.240214354926356649e-02
-3.244733334561433064e-02
-3.243255362066031072e-02
-3.243877659809280695e-02
-3.242673468451869045e-02
-3.242633260986210741e-02
-3.244509197768867537e-02
-3.244630191335103053e-02
-3.242763976476861071e-02
-3.243691762903822690e-02
-3.243733235900685824e-02
-3.244624911529196687e-02
-3.243272299710271006e-02
-3.242590087004927624e-02
-3.243705888086661354e-02
-3.244735006450128606e-02
-3.242470446029720177e-02
-3.241745855963547307e-02
-3.244682470405486213e-02
-3.243512409699212534e-02
-3.243436965097633989e-02
-3.243696249708965390e-02
-3.243007449986643614e-02
-3.244157426326371718e-02
-3.242635304193634133e-02
-3.245147514759159219e-02
-3.245759854362483682e-02
-3.244218351597531746e-02
-3.243916925121994449e-02
-3.243866882912958133e-02
-3.243441535394493702e-02
-3.243588635007988580e-02
-3.243509656700833271e-02
-3.242841163461917392e-02
-3.243278520076252336e-02
-3.243357252958324610e-02
-3.243443157163945767e-02
-3.242807659885040689e-02
-3.243686725413727490e-02
-3.242982814388698648e-02
-3.243350337382462645e-02
-3.245558056204650432e-02
-3.243172560620384559e-02
-3.245148551644690127e-02
-3.242161743975795901e-02
-3.243105296488135725e-02
-3.243633957074076174e-02
-3.241863213989759629e-02
-3.241290393643894013e-02
-3.243182861698139241e-02
-3.243575883534754317e-02
-3.244486113619820394e-02
-3.243353672783422931e-02
-3.242900493993514099e-02
-3.243006968388053440e-02
-3.245135303303464669e-02
-3.243287538496040373e-02
-3.242881049801341758e-02
-3.243317402812533057e-02
-3.244061722494948757e-02
-3.243170968763248174e-02
-3.243567212498661007e-02
-3.244225609998084570e-02
-3.245161017955087296e-02
-3.241679022466217169e-02
-3.242630503309685414e-02
-3.242529561057582582e-02
-3.242400542505517042e-02
-3.243872378149765395e-02
-3.244208447302728004e-02
-3.243091931387590693e-02
-3.243743799805594297e-02
-3.242703018128603037e-02
-3.243262532074932258e-02
-3.242969283623992061e-02
-3.244193041500590541e-02
-3.244225537087645772e-02
-3.242519808354617922e-02
-3.243629702389792119e-02
-3.243675733422208413e-02
-3.244454348470880711e-02
-3.244149554328109447e-02
-3.243144913843033772e-02
-3.243723390930656342e-02
-3.243397800926939994e-02
-3.243708232848940831e-02
-3.241880863908160049e-02
-3.244207275862193152e-02
-3.245485250605131128e-02
-3.245557924675913225e-02
-3.243410595410228109e-02
-3.243767411541131906e-02
-3.244090911063795407e-02
-3.242633746429664232e-02
-3.245128497094902642e-02
-3.243088717436275886e-02
-3.244593165773017318e-02
-3.243142898403182650e-02
-3.244994747973463378e-02
-3.244711387164079391e-02
-3.243285552433843727e-02
-3.243754810049126469e-02
-3.244330396094403240e-02
-3.244532467459472491e-02
-3.244526299369684258e-02
-3.244021732768403998e-02
-3.244018220696869709e-02
-3.242687819257671078e-02
-3.242671790291941358e-02
-3.244086318117448547e-02
-3.245978027226986001e-02
-3.240271819743117260e-02
-3.243546103775970385e-02
-3.245126823745175804e-02
-3.243558556752894340e-02
-3.243701148982813115e-02
-3.242009950120616768e-02
-3.244560531755528304e-02
-3.244277638786031981e-02
-3.244783147997114953e-02
-3.242301237079079496e-02
-3.242946929149041757e-02
-3.244339676647980952e-02
-3.244283559084234353e-02
-3.242868877934325378e-02
-3.244845718776064730e-02
-3.245116294754616521e-02
-3.244077797900317417e-02
-3.244044871295267279e-02
-3.245353464877652472e-02
-3.243609967725448462e-02
-3.242645828093294880e-02
-3.243155982005274662e-02
-3.241816177996038884e-02
-3.243102730964440156e-02
-3.245035130985848143e-02
-3.243095635465401833e-02
-3.244493862249837185e-02
-3.245576098165465356e-02
-3.245355009604030533e-02
-3.243727276218046768e-02
-3.243050978899885556e-02
-3.243926490359267528e-02
-3.242563168421853936e-02
-3.243743635314657453e-02
-3.243530198935523634e-02
-3.244627905209968022e-02
-3.245795098380765270e-02
-3.244099279181644757e-02
-3.241702575204886277e-02
-3.243223702907820777e-02
-3.243576406301808962e-02
-3.244567742129439436e-02
-3.245070886636842317e-02
-3.242722233144958860e-02
-3.242520571528342138e-02
-3.245117492910183643e-02
-3.244188652018540481e-02
-3.243896416197954852e-02
-3.244507399400471670e-02
-3.243689067173933377e-02
-3.243789609445038580e-02
-3.243683666408060662e-02
-3.243418058371727586e-02
-3.242348947411096555e-02
-3.244279016540840138e-02
-3.244329679565609997e-02
-3.243201171890913032e-02
-3.242600980203153710e-02
-3.242798335791353265e-02
-3.244127480420034432e-02
-3.245910255626090896e-02
-3.243373869965920225e-02
-3.244861177776382777e-02
-3.244302235634891757e-02
-3.245947355400054246e-02
-3.243599679678151743e-02
-3.244407493343776094e-02
-3.243491239768913487e-02
-3.242778847774957507e-02
-3.243421142165905241e-02
-3.243596403965797598e-02
-3.245334679952836809e-02
-3.245298207134809931e-02
-3.244370641486286899e-02
-3.242288709178732520e-02
-3.243973039033491712e-02
-3.243116341295892296e-02
-3.243707308245429022e-02
-3.243075706071669312e-02
-3.241050685931777531e-02
-3.242953211869821495e-02
-3.243196165257563462e-02
-3.242310832951643407e-02
-3.244703592703405970e-02
-3.244776514630322295e-02
-3.242894608452747546e-02
-3.244074369587378326e-02
-3.246194848804138250e-02
-3.242328437956350923e-02
-3.243859803846173284e-02
-3.242752754264085352e-02
-3.246393768206299463e-02
-3.244893496635428698e-02
-3.243368803213361046e-02
-3.244140439980080365e-02
-3.244225605164999943e-02
-3.244091161598561257e-02
-3.243076221753895400e-02
-3.244280795045465654e-02
-3.243392664405319453e-02
-3.242675811516853440e-02
-3.243776509019580950e-02
-3.244240081989929053e-02
-3.244285046750450957e-02
-3.243476988130133964e-02
-3.242719413865724487e-02
-3.245145146716719997e-02
-3.242976117497688160e-02
-3.243191360509216359e-02
-3.243480879614425022e-02
-3.243596284032115168e-02
-3.244370006038407167e-02
-3.243059800051847213e-02
-3.245376736802513262e-02
-3.243202441514192458e-02
-3.244003097156637760e-02
-3.242690233464349397e-02
-3.242461095318643904e-02
-3.244593695020929480e-02
-3.243335278725251181e-02
-3.242548502073849120e-02
-3.243184754194422537e-02
-3.242114397422697636e-02
-3.243959515815818262e-02
-3.245217065002896362e-02
-3.243863542451180110e-02
-3.243563800357651683e-02
-3.245087067878984349e-02
-3.244086200938014336e-02
-3.241650455190795560e-02
-3.243637115390638620e-02
-3.243368621788163264e-02
-3.244802335648998282e-02
-3.242480969608513286e-02
-3.244867284495657478e-02
-3.243348158089982142e-02
-3.243501920993011739e-02
-3.243663873622703447e-02
-3.242173706589791815e-02
-3.244031348188210206e-02
-3.244074991011192122e-02
-3.244806899219459390e-02
-3.244005291215776993e-02
-3.242596379798453471e-02
-3.245275010402590143e-02
-3.243940521768810120e-02
-3.243541186561980233e-02
-3.243836178795302116e-02
-3.245235864623503830e-02
-3.243991000584480616e-02
-3.243402250197154058e-02
-3.243830655377503980e-02
-3.243927002442521107e-02
-3.245235924222004964e-02
-3.243285760605172513e-02
-3.243398396349983503e-02
-3.243669476868896867e-02
-3.244436180557930954e-02
-3.244980503081312112e-02
-3.244031383618555670e-02
-3.243859619942549705e-02
-3.244830862916476405e-02
-3.242313086960392499e-02
-3.244149660608442592e-02
-3.244291055827912967e-02
-3.242723965003413422e-02
-3.244058247693747815e-02
-3.244315540659371139e-02
-3.241749978229837431e-02
-3.245283404870814153e-02
-3.242157068710379425e-02
-3.242543738516266011e-02
-3.244069278779655036e-02
-3.244098260318355187e-02
-3.243861730390217024e-02
-3.243834562523448262e-02
-3.242943482109443554e-02
-3.241797548310769439e-02
-3.242206393931405112e-02
-3.245808781812180993e-02
-3.244207320989016957e-02
-3.242030454253432697e-02
-3.246529167500294272e-02
-3.243180100821801276e-02
-3.243901921883944606e-02
-3.244178199967410331e-02
-3.242965781798119035e-02
-3.244426297923094782e-02
-3.245197040913603420e-02
-3.244891616931327299e-02
-3.245922480074107247e-02
-3.245481461507201265e-02
-3.244429533891547007e-02
-3.242559518858500328e-02
-3.242776728912521306e-02
-3.243860712348037301e-02
-3.243749351427106103e-02
-3.243412021316886135e-02
-3.244300058281138904e-02
-3.244345472404934483e-02
-3.245323210766689476e-02
-3.244635040610933246e-02
-3.244004497056413722e-02
-3.243644825333874548e-02
-3.243506463696875508e-02
-3.246103423725982956e-02
-3.244506635621951379e-02
-3.243871527652007758e-02
-3.243718631785424272e-02
-3.244597593400118385e-02
-3.245476350210386302e-02
-3.242968642950085079e-02
-3.244207251082160265e-02
-3.243373480474740639e-02
-3.242606986427647858e-02
-3.244514626173907595e-02
-3.245308354777946824e-02
-3.244893481652012801e-02
-3.242918263643787546e-02
-3.244093505023441792e-02
-3.243933824058190668e-02
-3.241991068950334648e-02
-3.245221601499054254e-02
-3.244635449351620377e-02
-3.243355617346680569e-02
-3.243363230789546303e-02
-3.242936239181535424e-02
-3.244468687320735401e-02
-3.243754953446892353e-02
-3.242165531589654565e-02
-3.243258574927902066e-02
-3.244177072386671135e-02
-3.244508490498454467e-02
-3.243328047248163898e-02
-3.243528649905363936e-02
-3.243162250625268583e-02
-3.244670074716803077e-02
-3.244693128375426838e-02
-3.243615531479424746e-02
-3.243016167038122177e-02
-3.243279498686076762e-02
-3.243632966256065897e-02
-3.243886173606353590e-02
-3.244296181896649811e-02
-3.243796469541326832e-02
-3.244225698792427975e-02
-3.243984143548783727e-02
-3.244652121534901540e-02
-3.243955208299108967e-02
-3.244751182471360823e-02
-3.241814335349225973e-02
-3.244924038917710446e-02
-3.245000402714624810e-02
-3.244354006111799943e-02
-3.242663948542344465e-02
-3.242267943090737514e-02
-3.243772452394385469e-02
-3.244734701611000360e-02
-3.244928574810198446e-02
-3.244615386097012000e-02
-3.244389424352979445e-02
-3.243128531707917955e-02
-3.242078566847625409e-02
-3.244420070503232362e-02
-3.243264398854344560e-02
-3.244027105051246890e-02
-3.244162656928788191e-02
-3.244639928376374244e-02
-3.243217205657230456e-02
-3.244786682215851370e-02
-3.243855816091622407e-02
-3.244427850178272649e-02
-3.244277813128333687e-02
-3.242354282321487091e-02
-3.244061383718074149e-02
-3.242085798110318218e-02
-3.244691361846506472e-02
-3.243091640142373860e-02
-3.241899176556223283e-02
-3.243944195935859892e-02
-3.243941112249990738e-02
-3.244380328599510283e-02
-3.243502453170926669e-02
-3.244081020761669515e-02
-3.243730407114928799e-02
-3.244066406491383919e-02
-3.243421741954090332e-02
-3.244720526823165890e-02
-3.246040880546301188e-02
-3.245067313652329200e-02
-3.243123653476790574e-02
-3.243717905871359303e-02
-3.244076683121476651e-02
-3.243990395910905516e-02
-3.244884351036305542e-02
-3.245648297270757598e-02
-3.244357671977607382e-02
-3.244176447740431540e-02
-3.243697941379997812e-02
-3.243930271638990198e-02
-3.244923412634189569e-02
-3.241701547319921634e-02
-3.242603104135952791e-02
-3.244733343498956007e-02
-3.241850804046004370e-02
-3.244297456381813050e-02
-3.242238903905310388e-02
-3.242935206391416025e-02
-3.243172849531667651e-02
-3.245203161861725388e-02
-3.245130512721831201e-02
-3.243960998337931667e-02
-3.244703302638769077e-02
-3.245586632135654542e-02
-3.243244849025928717e-02
-3.243786117736895125e-02
