-2.424979396164417267e-02
-2.423972077667713165e-02
-2.424203045666217804e-02
-2.424552664160728455e-02
-2.424107305705547333e-02
-2.425102330744266510e-02
-2.424708195030689240e-02
-2.424844726920127869e-02
-2.424123510718345642e-02
-2.425229921936988831e-02
-2.424645982682704926e-02
-2.424637414515018463e-02
-2.425061538815498352e-02
-2.425396069884300232e-02
-2.425876446068286896e-02
-2.426582947373390198e-02
-2.425675839185714722e-02
-2.426223270595073700e-02
-2.425806038081645966e-02
-2.426379173994064331e-02
-2.426688186824321747e-02
-2.427023276686668396e-02
-2.427256293594837189e-02
-2.427168935537338257e-02
-2.427430264651775360e-02
-2.427452988922595978e-02
-2.428035810589790344e-02
-2.428408712148666382e-02
-2.427466027438640594e-02
-2.428046427667140961e-02
-2.428287453949451447e-02
-2.428598515689373016e-02
-2.428873628377914429e-02
-2.429170720279216766e-02
-2.427889779210090637e-02
-2.428387477993965149e-02
-2.428687550127506256e-02
-2.428620681166648865e-02
-2.428627945482730865e-02
-2.427877858281135559e-02
-2.428791299462318420e-02
-2.428601495921611786e-02
-2.428170666098594666e-02
-2.428395487368106842e-02
-2.428417652845382690e-02
-2.428798004984855652e-02
-2.428070642054080963e-02
-2.428814023733139038e-02
-2.428413741290569305e-02
-2.428941056132316589e-02
-2.429152093827724457e-02
-2.428991906344890594e-02
-2.428694441914558411e-02
-2.428340166807174683e-02
-2.428809739649295807e-02
-2.429420500993728638e-02
-2.429142780601978302e-02
-2.428839355707168579e-02
-2.429871819913387299e-02
-2.429171092808246613e-02
-2.429651468992233276e-02
-2.429317310452461243e-02
-2.429182641208171844e-02
-2.429212071001529694e-02
-2.429557405412197113e-02
-2.428810112178325653e-02
-2.429813705384731293e-02
-2.428986690938472748e-02
-2.429593168199062347e-02
-2.429099567234516144e-02
-2.429529279470443726e-02
-2.429687604308128357e-02
-2.429296448826789856e-02
-2.429556101560592651e-02
-2.429411746561527252e-02
-2.428955771028995514e-02
-2.428616955876350403e-02
-2.429718337953090668e-02
-2.429432980716228485e-02
-2.429207228124141693e-02
-2.429366670548915863e-02
-2.429446764290332794e-02
-2.429717034101486206e-02
-2.429854683578014374e-02
-2.429965883493423462e-02
-2.430335246026515961e-02
-2.429919503629207611e-02
-2.429581992328166962e-02
-2.428827248513698578e-02
-2.430044673383235931e-02
-2.429697476327419281e-02
-2.429989539086818695e-02
-2.429246716201305389e-02
-2.430171333253383636e-02
-2.429916709661483765e-02
-2.429827116429805756e-02
-2.430373989045619965e-02
-2.429775521159172058e-02
-2.428819797933101654e-02
-2.430118992924690247e-02
-2.429670654237270355e-02
-2.430084906518459320e-02
-2.430411055684089661e-02
-2.429474331438541412e-02
-2.429247088730335236e-02
-2.430049888789653778e-02
-2.429444342851638794e-02
-2.430829033255577087e-02
-2.429710142314434052e-02
-2.429365366697311401e-02
-2.429810352623462677e-02
-2.430592104792594910e-02
-2.430301532149314880e-02
-2.429851517081260681e-02
-2.430399134755134583e-02
-2.431462518870830536e-02
-2.430434711277484894e-02
-2.430650405585765839e-02
-2.430235780775547028e-02
-2.430078014731407166e-02
-2.430407144129276276e-02
-2.430076338350772858e-02
-2.430180273950099945e-02
-2.431346103549003601e-02
-2.430815063416957855e-02
-2.430599182844161987e-02
-2.431166730821132660e-02
-2.430405095219612122e-02
-2.430490031838417053e-02
-2.430454641580581665e-02
-2.430044859647750854e-02
-2.431846410036087036e-02
-2.430105395615100861e-02
-2.430902794003486633e-02
-2.431232668459415436e-02
-2.430548891425132751e-02
-2.431453205645084381e-02
-2.430984191596508026e-02
-2.431119233369827271e-02
-2.431402541697025299e-02
-2.430767752230167389e-02
-2.430693991482257843e-02
-2.430673129856586456e-02
-2.431502379477024078e-02
-2.430437691509723663e-02
-2.431482449173927307e-02
-2.430588193237781525e-02
-2.430975250899791718e-02
-2.430858463048934937e-02
-2.431215532124042511e-02
-2.431445196270942688e-02
-2.431340888142585754e-02
-2.431213296949863434e-02
-2.431316487491130829e-02
-2.430699206888675690e-02
-2.429932728409767151e-02
-2.431384660303592682e-02
-2.431540563702583313e-02
-2.431359142065048218e-02
-2.430505119264125824e-02
-2.431502006947994232e-02
-2.431617863476276398e-02
-2.431761287152767181e-02
-2.431137114763259888e-02
-2.430971711874008179e-02
-2.431659027934074402e-02
-2.431822381913661957e-02
-2.430724911391735077e-02
-2.430672384798526764e-02
-2.431211806833744049e-02
-2.431800216436386108e-02
-2.431299164891242981e-02
-2.431891672313213348e-02
-2.432137914001941681e-02
-2.432130649685859680e-02
-2.431784756481647491e-02
-2.431409806013107300e-02
-2.431409433484077454e-02
-2.432223781943321228e-02
-2.431589551270008087e-02
-2.431694604456424713e-02
-2.431765943765640259e-02
-2.431034296751022339e-02
-2.431043051183223724e-02
-2.432334236800670624e-02
-2.431779354810714722e-02
-2.432365342974662781e-02
-2.431483939290046692e-02
-2.431724406778812408e-02
-2.431708015501499176e-02
-2.432141639292240143e-02
-2.431929297745227814e-02
-2.431686595082283020e-02
-2.431755885481834412e-02
-2.431916631758213043e-02
-2.431676164269447327e-02
-2.431299723684787750e-02
-2.431921474635601044e-02
-2.431460283696651459e-02
-2.431411109864711761e-02
-2.431862428784370422e-02
-2.431176789104938507e-02
-2.431540749967098236e-02
-2.432374097406864166e-02
-2.432007156312465668e-02
-2.431421726942062378e-02
-2.430997043848037720e-02
-2.432065084576606750e-02
-2.431695908308029175e-02
-2.432464808225631714e-02
-2.432467415928840637e-02
-2.431910485029220581e-02
-2.432180009782314301e-02
-2.431586943566799164e-02
-2.431676350533962250e-02
-2.432042546570301056e-02
-2.431195229291915894e-02
-2.431269735097885132e-02
-2.431624755263328552e-02
-2.431913837790489197e-02
-2.432311698794364929e-02
-2.432116121053695679e-02
-2.431090362370014191e-02
-2.431372739374637604e-02
-2.431726641952991486e-02
-2.431723102927207947e-02
-2.431562356650829315e-02
-2.431211434304714203e-02
-2.432036027312278748e-02
-2.432258240878582001e-02
-2.432268485426902771e-02
-2.431458421051502228e-02
-2.432502247393131256e-02
-2.432595007121562958e-02
-2.432275749742984772e-02
-2.431380189955234528e-02
-2.431843429803848267e-02
-2.432185597717761993e-02
-2.431951090693473816e-02
-2.431727387011051178e-02
-2.432396262884140015e-02
-2.432297356426715851e-02
-2.431792393326759338e-02
-2.432140894234180450e-02
-2.433071844279766083e-02
-2.432182990014553070e-02
-2.432331256568431854e-02
-2.432340011000633240e-02
-2.432297915220260620e-02
-2.432422712445259094e-02
-2.432413026690483093e-02
-2.432405576109886169e-02
-2.432107180356979370e-02
-2.432472258806228638e-02
-2.432025782763957977e-02
-2.433140389621257782e-02
-2.432658709585666656e-02
-2.432494051754474640e-02
-2.432100102305412292e-02
-2.432596497237682343e-02
-2.431922592222690582e-02
-2.432039752602577209e-02
-2.432383038103580475e-02
-2.431957796216011047e-02
-2.432537451386451721e-02
-2.431784197688102722e-02
-2.432477660477161407e-02
-2.432190626859664917e-02
-2.432389743626117706e-02
-2.432488463819026947e-02
-2.432057820260524750e-02
-2.431940659880638123e-02
-2.432129345834255219e-02
-2.433077804744243622e-02
-2.432531863451004028e-02
-2.432739920914173126e-02
-2.432979270815849304e-02
-2.432131022214889526e-02
-2.432597242295742035e-02
-2.432775683701038361e-02
-2.432384528219699860e-02
-2.432989887893199921e-02
-2.432412095367908478e-02
-2.432442270219326019e-02
-2.432149276137351990e-02
-2.431629970669746399e-02
-2.432605810463428497e-02
-2.431982383131980896e-02
-2.432362176477909088e-02
-2.432598359882831573e-02
-2.432006970047950745e-02
-2.433512546122074127e-02
-2.432515099644660950e-02
-2.432272210717201233e-02
-2.432553842663764954e-02
-2.432308532297611237e-02
-2.431800030171871185e-02
-2.432646602392196655e-02
-2.432860806584358215e-02
-2.433233335614204407e-02
-2.433038875460624695e-02
-2.431666478514671326e-02
-2.432845160365104675e-02
-2.432854287326335907e-02
-2.432537265121936798e-02
-2.433235757052898407e-02
-2.432700619101524353e-02
-2.431895770132541656e-02
-2.432768605649471283e-02
-2.432765439152717590e-02
-2.432344295084476471e-02
-2.432719804346561432e-02
-2.432623691856861115e-02
-2.433174476027488708e-02
-2.432728745043277740e-02
-2.433057315647602081e-02
-2.433426305651664734e-02
-2.432473748922348022e-02
-2.432855032384395599e-02
-2.432718500494956970e-02
-2.433152869343757629e-02
-2.433017827570438385e-02
-2.433477155864238739e-02
-2.433006279170513153e-02
-2.433412522077560425e-02
-2.433346025645732880e-02
-2.432849630713462830e-02
-2.433592267334461212e-02
-2.433120831847190857e-02
-2.433446794748306274e-02
-2.433417178690433502e-02
-2.432885393500328064e-02
-2.432817406952381134e-02
-2.432921156287193298e-02
-2.433038689196109772e-02
-2.432810515165328979e-02
-2.432722784578800201e-02
-2.432818152010440826e-02
-2.433074824512004852e-02
-2.433186955749988556e-02
-2.433360368013381958e-02
-2.433751150965690613e-02
-2.433244325220584869e-02
-2.433876506984233856e-02
-2.432870119810104370e-02
-2.432872727513313293e-02
-2.432506531476974487e-02
-2.432274073362350464e-02
-2.433237619698047638e-02
-2.432813122868537903e-02
-2.432715147733688354e-02
-2.433097921311855316e-02
-2.433136664330959320e-02
-2.433334849774837494e-02
-2.432698942720890045e-02
-2.433504536747932434e-02
-2.431945316493511200e-02
-2.433440648019313812e-02
-2.432839199900627136e-02
-2.433009818196296692e-02
-2.433280460536479950e-02
-2.433540485799312592e-02
-2.433395013213157654e-02
-2.432977221906185150e-02
-2.432786673307418823e-02
-2.432879060506820679e-02
-2.433172054588794708e-02
-2.433405257761478424e-02
-2.433506958186626434e-02
-2.433750219643115997e-02
-2.433216758072376251e-02
-2.433335408568382263e-02
-2.433191984891891479e-02
-2.433421276509761810e-02
-2.433967217803001404e-02
-2.433476969599723816e-02
-2.433300577104091644e-02
-2.433418110013008118e-02
-2.432917430996894836e-02
-2.433023415505886078e-02
-2.432802505791187286e-02
-2.433384209871292114e-02
-2.433871291577816010e-02
-2.433534339070320129e-02
-2.433725446462631226e-02
-2.433913201093673706e-02
-2.434211038053035736e-02
-2.433131076395511627e-02
-2.433611825108528137e-02
-2.433365210890769958e-02
-2.433842979371547699e-02
-2.433841489255428314e-02
-2.433261461555957794e-02
-2.433241531252861023e-02
-2.432839944958686829e-02
-2.433715015649795532e-02
-2.433837018907070160e-02
-2.433562651276588440e-02
-2.434141747653484344e-02
-2.433282695710659027e-02
-2.433227375149726868e-02
-2.433679252862930298e-02
-2.433527447283267975e-02
-2.433228865265846252e-02
-2.433197572827339172e-02
-2.433348074555397034e-02
-2.434018068015575409e-02
-2.433605864644050598e-02
-2.433525398373603821e-02
-2.433364838361740112e-02
-2.433429099619388580e-02
-2.433856762945652008e-02
-2.433324418962001801e-02
-2.432741597294807434e-02
-2.433692663908004761e-02
-2.434428595006465912e-02
-2.433734759688377380e-02
-2.433755621314048767e-02
-2.433917485177516937e-02
-2.433940954506397247e-02
-2.432788349688053131e-02
-2.433722466230392456e-02
-2.433701977133750916e-02
-2.433581836521625519e-02
-2.433476783335208893e-02
-2.433426864445209503e-02
-2.434104867279529572e-02
-2.433532662689685822e-02
-2.433997951447963715e-02
-2.433508820831775665e-02
-2.433803863823413849e-02
-2.433562837541103363e-02
-2.433919347822666168e-02
-2.434024959802627563e-02
-2.433628775179386139e-02
-2.433785423636436462e-02
-2.434370480477809906e-02
-2.434471435844898224e-02
-2.433618530631065369e-02
-2.433650940656661987e-02
-2.433740161359310150e-02
-2.433419413864612579e-02
-2.433255501091480255e-02
-2.433802932500839233e-02
-2.434447593986988068e-02
-2.433585375547409058e-02
-2.433799766004085541e-02
-2.434073761105537415e-02
-2.433732710778713226e-02
-2.433948032557964325e-02
-2.433580346405506134e-02
-2.433918230235576630e-02
-2.433675155043601990e-02
-2.433611266314983368e-02
-2.434157393872737885e-02
-2.434208430349826813e-02
-2.433551289141178131e-02
-2.434707991778850555e-02
-2.433797158300876617e-02
-2.434092201292514801e-02
-2.433235198259353638e-02
-2.433921769261360168e-02
-2.433500252664089203e-02
-2.433756180107593536e-02
-2.432976476848125458e-02
-2.434162236750125885e-02
-2.434088476002216339e-02
-2.434027753770351410e-02
-2.433763630688190460e-02
-2.434395626187324524e-02
-2.433753572404384613e-02
-2.434265241026878357e-02
-2.433785237371921539e-02
-2.433644607663154602e-02
-2.433744817972183228e-02
-2.434279769659042358e-02
-2.433552965521812439e-02
-2.434583753347396851e-02
-2.433488704264163971e-02
-2.434245124459266663e-02
-2.434387430548667908e-02
-2.433783188462257385e-02
-2.434485778212547302e-02
-2.434115856885910034e-02
-2.434363402426242828e-02
-2.434554509818553925e-02
-2.434525825083255768e-02
-2.433990314602851868e-02
-2.434149570763111115e-02
-2.434114553034305573e-02
-2.433581277728080750e-02
-2.434451133012771606e-02
-2.434070967137813568e-02
-2.433608286082744598e-02
-2.433815971016883850e-02
-2.434169687330722809e-02
-2.433926984667778015e-02
-2.433809265494346619e-02
-2.434417791664600372e-02
-2.434117533266544342e-02
-2.433738298714160919e-02
-2.434311434626579285e-02
-2.434011362493038177e-02
-2.434528991580009460e-02
-2.434032410383224487e-02
-2.434304915368556976e-02
-2.433663234114646912e-02
-2.433526143431663513e-02
-2.433386072516441345e-02
-2.434227801859378815e-02
-2.433943375945091248e-02
-2.433922328054904938e-02
-2.433870360255241394e-02
-2.434564568102359772e-02
-2.433715388178825378e-02
-2.433715201914310455e-02
-2.434000559151172638e-02
-2.433524280786514282e-02
-2.434002235531806946e-02
-2.433883771300315857e-02
-2.433933503925800323e-02
-2.433946914970874786e-02
-2.434141375124454498e-02
-2.433102205395698547e-02
-2.434483915567398071e-02
-2.433640323579311371e-02
-2.433584071695804596e-02
-2.434110827744007111e-02
-2.434089407324790955e-02
-2.434181608259677887e-02
-2.433920837938785553e-02
-2.434073574841022491e-02
-2.433648146688938141e-02
-2.433921955525875092e-02
-2.434418536722660065e-02
-2.433892711997032166e-02
-2.434284240007400513e-02
-2.433944493532180786e-02
-2.434186451137065887e-02
-2.434047311544418335e-02
-2.434213832020759583e-02
-2.433986775577068329e-02
-2.433964237570762634e-02
-2.434000186622142792e-02
-2.433682791888713837e-02
-2.434305287897586823e-02
-2.434116229414939880e-02
-2.433744631707668304e-02
-2.434022165834903717e-02
-2.433929592370986938e-02
-2.434136345982551575e-02
-2.433848008513450623e-02
-2.434059046208858490e-02
-2.433709427714347839e-02
-2.433724515140056610e-02
-2.433934435248374939e-02
-2.433879300951957703e-02
-2.433711476624011993e-02
-2.433939650654792786e-02
-2.433584444224834442e-02
-2.433929964900016785e-02
-2.433324605226516724e-02
-2.433843165636062622e-02
-2.433904819190502167e-02
-2.433540299534797668e-02
-2.433602325618267059e-02
-2.434343658387660980e-02
-2.433654852211475372e-02
-2.433338016271591187e-02
-2.433704957365989685e-02
-2.433645166456699371e-02
-2.434117160737514496e-02
-2.434511855244636536e-02
-2.434157580137252808e-02
-2.434183843433856964e-02
-2.433555573225021362e-02
-2.434016205370426178e-02
-2.434388361871242523e-02
-2.433615736663341522e-02
-2.434111386537551880e-02
-2.433593943715095520e-02
-2.434328757226467133e-02
-2.433789335191249847e-02
-2.433353289961814880e-02
-2.434021793305873871e-02
-2.433276362717151642e-02
-2.433438785374164581e-02
-2.433349005877971649e-02
-2.433606609702110291e-02
-2.434001304209232330e-02
-2.433755621314048767e-02
-2.433864586055278778e-02
-2.432770840823650360e-02
-2.433980070054531097e-02
-2.433929219841957092e-02
-2.434428408741950989e-02
-2.433841116726398468e-02
-2.433819882571697235e-02
-2.433685027062892914e-02
-2.433754689991474152e-02
-2.434116974472999573e-02
-2.433793991804122925e-02
-2.433228679001331329e-02
-2.433544024825096130e-02
-2.433664351701736450e-02
-2.434022910892963409e-02
-2.434058301150798798e-02
-2.433161810040473938e-02
-2.433500997722148895e-02
-2.433946914970874786e-02
-2.433529123663902283e-02
-2.433797903358936310e-02
-2.433435805141925812e-02
-2.434262074530124664e-02
-2.433078549802303314e-02
-2.434060536324977875e-02
-2.433941699564456940e-02
-2.433548495173454285e-02
-2.433979697525501251e-02
-2.433528378605842590e-02
-2.433929219841957092e-02
-2.434004098176956177e-02
-2.434553764760494232e-02
-2.434181794524192810e-02
-2.433813177049160004e-02
-2.434080280363559723e-02
-2.433583326637744904e-02
-2.433645166456699371e-02
-2.433972246944904327e-02
-2.433984726667404175e-02
-2.433941885828971863e-02
-2.433997765183448792e-02
-2.433420158922672272e-02
-2.434051409363746643e-02
-2.434153296053409576e-02
-2.433847263455390930e-02
-2.434523217380046844e-02
-2.434196509420871735e-02
-2.434340864419937134e-02
-2.433627285063266754e-02
-2.434268034994602203e-02
-2.433542162179946899e-02
-2.434316836297512054e-02
-2.434112876653671265e-02
-2.434164658188819885e-02
-2.434508316218852997e-02
-2.434939332306385040e-02
-2.433913201093673706e-02
-2.433681674301624298e-02
-2.434858307242393494e-02
-2.434135787189006805e-02
-2.433421090245246887e-02
-2.433784119784832001e-02
-2.433301322162151337e-02
-2.433469519019126892e-02
-2.434241399168968201e-02
-2.433415129780769348e-02
-2.434244006872177124e-02
-2.433400228619575500e-02
-2.434292621910572052e-02
-2.434152550995349884e-02
-2.434143051505088806e-02
-2.434256486594676971e-02
-2.434267848730087280e-02
-2.434381470084190369e-02
-2.433769032359123230e-02
-2.434324845671653748e-02
-2.434266544878482819e-02
-2.434296347200870514e-02
-2.434217557311058044e-02
-2.434254996478557587e-02
-2.434048801660537720e-02
-2.434485033154487610e-02
-2.434356696903705597e-02
-2.433661557734012604e-02
-2.433121576905250549e-02
-2.434289082884788513e-02
-2.434056065976619720e-02
-2.433946169912815094e-02
-2.434086427092552185e-02
-2.433998323976993561e-02
-2.434660121798515320e-02
-2.434009499847888947e-02
-2.433914504945278168e-02
-2.433823607861995697e-02
-2.434360608458518982e-02
-2.434278838336467743e-02
-2.433656342327594757e-02
-2.434227429330348969e-02
-2.433589845895767212e-02
-2.434517256915569305e-02
-2.434309385716915131e-02
-2.434093691408634186e-02
-2.433717437088489532e-02
-2.433888427913188934e-02
-2.434100024402141571e-02
-2.434565685689449310e-02
-2.433590032160282135e-02
-2.434059232473373413e-02
-2.433756552636623383e-02
-2.433966286480426788e-02
-2.434760518372058868e-02
-2.433463558554649353e-02
-2.433731034398078918e-02
-2.434138022363185883e-02
-2.433741837739944458e-02
-2.433487027883529663e-02
-2.434020489454269409e-02
-2.433639205992221832e-02
-2.433696202933788300e-02
-2.434132248163223267e-02
-2.434518188238143921e-02
-2.433856576681137085e-02
-2.434254623949527740e-02
-2.433461695909500122e-02
-2.433677762746810913e-02
-2.434429153800010681e-02
-2.433417551219463348e-02
-2.433204464614391327e-02
-2.434062398970127106e-02
-2.434541098773479462e-02
-2.434525452554225922e-02
-2.433882467448711395e-02
-2.434135414659976959e-02
-2.433981560170650482e-02
-2.434292994439601898e-02
-2.434354834258556366e-02
-2.433872409164905548e-02
-2.434236183762550354e-02
-2.434700168669223785e-02
-2.434529922902584076e-02
-2.434280700981616974e-02
-2.434199675917625427e-02
-2.434077486395835876e-02
-2.434413880109786987e-02
-2.434075437486171722e-02
-2.433463558554649353e-02
-2.433947660028934479e-02
-2.433703653514385223e-02
-2.434394508600234985e-02
-2.434485033154487610e-02
-2.434562891721725464e-02
-2.434869483113288879e-02
-2.434563823044300079e-02
-2.434378489851951599e-02
-2.434525638818740845e-02
-2.434451319277286530e-02
-2.433955296874046326e-02
-2.434413693845272064e-02
-2.433440648019313812e-02
-2.433913759887218475e-02
-2.433928474783897400e-02
-2.434499934315681458e-02
-2.434528991580009460e-02
-2.434111945331096649e-02
-2.434110268950462341e-02
-2.434106916189193726e-02
-2.433611080050468445e-02
-2.435107901692390442e-02
-2.434503287076950073e-02
-2.434420958161354065e-02
-2.433811500668525696e-02
-2.434383705258369446e-02
-2.433899976313114166e-02
-2.433291636407375336e-02
-2.433937042951583862e-02
-2.433494292199611664e-02
-2.433512359857559204e-02
-2.433881536126136780e-02
-2.434068359434604645e-02
-2.434341423213481903e-02
-2.434200607240200043e-02
-2.433820627629756927e-02
-2.434064820408821106e-02
-2.434872463345527649e-02
-2.434684149920940399e-02
-2.434254251420497894e-02
-2.433795668184757233e-02
-2.434396930038928986e-02
-2.434154972434043884e-02
-2.434252388775348663e-02
-2.434659935534000397e-02
-2.434312552213668823e-02
-2.434930391609668732e-02
-2.434533089399337769e-02
-2.434697933495044708e-02
-2.433909848332405090e-02
-2.433989383280277252e-02
-2.434726618230342865e-02
-2.434328384697437286e-02
-2.434590086340904236e-02
-2.434228546917438507e-02
-2.434488758444786072e-02
-2.434687688946723938e-02
-2.434106543660163879e-02
-2.434160746634006500e-02
-2.434458397328853607e-02
-2.434317208826541901e-02
-2.434090711176395416e-02
-2.434861473739147186e-02
-2.434441260993480682e-02
-2.434257231652736664e-02
-2.434582822024822235e-02
-2.434510178864002228e-02
-2.433892339468002319e-02
-2.433898486196994781e-02
-2.434762194752693176e-02
-2.434253133833408356e-02
-2.434487454593181610e-02
-2.434015460312366486e-02
-2.434448711574077606e-02
-2.434231899678707123e-02
-2.434533089399337769e-02
-2.434046007692813873e-02
-2.434137649834156036e-02
-2.434253320097923279e-02
-2.434318140149116516e-02
-2.434934861958026886e-02
-2.433804795145988464e-02
-2.434222772717475891e-02
-2.434508875012397766e-02
-2.433513477444648743e-02
-2.434348687529563904e-02
-2.433705516159534454e-02
-2.434400655329227448e-02
-2.434535510838031769e-02
-2.435478754341602325e-02
-2.434222772717475891e-02
-2.434143982827663422e-02
-2.434009499847888947e-02
-2.433832548558712006e-02
-2.434647269546985626e-02
-2.434201724827289581e-02
-2.434189245104789734e-02
-2.433497458696365356e-02
-2.433876134455204010e-02
-2.433583699166774750e-02
-2.434272691607475281e-02
-2.434998936951160431e-02
-2.433549799025058746e-02
-2.434447221457958221e-02
-2.434454672038555145e-02
-2.434804663062095642e-02
-2.433900348842144012e-02
-2.434370480477809906e-02
-2.434557862579822540e-02
-2.433987520635128021e-02
-2.434081211686134338e-02
-2.434045262634754181e-02
-2.434284426271915436e-02
-2.434603497385978699e-02
-2.434650249779224396e-02
-2.434501610696315765e-02
-2.434447780251502991e-02
-2.433957904577255249e-02
-2.433907240629196167e-02
-2.433810569345951080e-02
-2.433822676539421082e-02
-2.434903942048549652e-02
-2.434795349836349487e-02
-2.434088476002216339e-02
-2.434086240828037262e-02
-2.434741891920566559e-02
-2.434226125478744507e-02
-2.434227429330348969e-02
-2.434191852807998657e-02
-2.434082701802253723e-02
-2.433972805738449097e-02
-2.434637024998664856e-02
-2.434239350259304047e-02
-2.434076182544231415e-02
-2.434136345982551575e-02
-2.434422820806503296e-02
-2.434568293392658234e-02
-2.434293366968631744e-02
-2.434719912707805634e-02
-2.434156648814678192e-02
-2.434940449893474579e-02
-2.433872781693935394e-02
-2.434583380818367004e-02
-2.434415929019451141e-02
-2.433705516159534454e-02
-2.434183470904827118e-02
-2.434430271387100220e-02
-2.434362098574638367e-02
-2.434455230832099915e-02
-2.434848994016647339e-02
-2.434527315199375153e-02
-2.434702403843402863e-02
-2.433928661048412323e-02
-2.434936724603176117e-02
-2.434819377958774567e-02
-2.433776110410690308e-02
-2.434738352894783020e-02
-2.434131130576133728e-02
-2.434925176203250885e-02
-2.434470131993293762e-02
-2.434270642697811127e-02
-2.434622123837471008e-02
-2.433974109590053558e-02
-2.433907240629196167e-02
-2.434225939214229584e-02
-2.434303984045982361e-02
-2.434767223894596100e-02
-2.434189431369304657e-02
-2.434089593589305878e-02
-2.434274367988109589e-02
-2.434430085122585297e-02
-2.435145713388919830e-02
-2.434324100613594055e-02
-2.434249967336654663e-02
-2.434496954083442688e-02
-2.434105984866619110e-02
-2.434445731341838837e-02
-2.434567175805568695e-02
-2.434409596025943756e-02
-2.434057369828224182e-02
-2.433950826525688171e-02
-2.435112558305263519e-02
-2.434520050883293152e-02
-2.434189245104789734e-02
-2.434572204947471619e-02
-2.435072511434555054e-02
-2.434024028480052948e-02
-2.433808892965316772e-02
-2.434414252638816833e-02
-2.434816211462020874e-02
-2.434891648590564728e-02
-2.434362843632698059e-02
-2.434048987925052643e-02
-2.433981746435165405e-02
-2.434100955724716187e-02
-2.434519864618778229e-02
-2.434390038251876831e-02
-2.434824220836162567e-02
-2.434228733181953430e-02
-2.434412948787212372e-02
-2.434695698320865631e-02
-2.433689311146736145e-02
-2.434206567704677582e-02
-2.434863895177841187e-02
-2.434648945927619934e-02
-2.433886006474494934e-02
-2.434216253459453583e-02
-2.434447035193443298e-02
-2.434918843209743500e-02
-2.434287406504154205e-02
-2.434965595602989197e-02
-2.434972487390041351e-02
-2.433803863823413849e-02
-2.434667758643627167e-02
-2.434179931879043579e-02
-2.434411086142063141e-02
-2.434753626585006714e-02
-2.433917857706546783e-02
-2.433931455016136169e-02
-2.433956228196620941e-02
-2.434702590107917786e-02
-2.434661053121089935e-02
-2.434386871755123138e-02
-2.434290573000907898e-02
-2.434801682829856873e-02
-2.434079721570014954e-02
-2.434836514294147491e-02
-2.434740588068962097e-02
-2.434441633522510529e-02
-2.434023097157478333e-02
-2.434797957539558411e-02
-2.434182539582252502e-02
-2.434789761900901794e-02
-2.434586919844150543e-02
-2.434919960796833038e-02
-2.433996088802814484e-02
-2.434726804494857788e-02
-2.434220537543296814e-02
-2.433632686734199524e-02
-2.433852665126323700e-02
-2.433950267732143402e-02
-2.434604987502098083e-02
-2.434606663882732391e-02
-2.434380166232585907e-02
-2.433950453996658325e-02
-2.434756234288215637e-02
-2.434508688747882843e-02
-2.434745058417320251e-02
-2.435029111802577972e-02
-2.434272319078445435e-02
-2.434356324374675751e-02
-2.434418536722660065e-02
-2.434841170907020569e-02
-2.434645034372806549e-02
-2.434356696903705597e-02
-2.434105612337589264e-02
-2.434001117944717407e-02
-2.434649318456649780e-02
-2.434192411601543427e-02
-2.434480562806129456e-02
-2.433569170534610748e-02
-2.433507516980171204e-02
-2.434209920465946198e-02
