-8.447541296482086182e-02
-8.448658883571624756e-02
-8.447499573230743408e-02
-8.448866754770278931e-02
-8.444270491600036621e-02
-8.449508994817733765e-02
-8.443752676248550415e-02
-8.451690524816513062e-02
-8.451040089130401611e-02
-8.451189845800399780e-02
-8.446767181158065796e-02
-8.453100174665451050e-02
-8.451113849878311157e-02
-8.451077342033386230e-02
-8.450683951377868652e-02
-8.450811356306076050e-02
-8.450930565595626831e-02
-8.442888408899307251e-02
-8.448462188243865967e-02
-8.444324135780334473e-02
-8.443107455968856812e-02
-8.445738255977630615e-02
-8.443177491426467896e-02
-8.446009457111358643e-02
-8.451388031244277954e-02
-8.446977287530899048e-02
-8.442722260951995850e-02
-8.447778970003128052e-02
-8.453049510717391968e-02
-8.450197428464889526e-02
-8.446414768695831299e-02
-8.447092026472091675e-02
-8.444545418024063110e-02
-8.451683819293975830e-02
-8.444754034280776978e-02
-8.449173718690872192e-02
-8.447373658418655396e-02
-8.443153649568557739e-02
-8.451410382986068726e-02
-8.439443260431289673e-02
-8.451984822750091553e-02
-8.450796455144882202e-02
-8.453376591205596924e-02
-8.447494357824325562e-02
-8.447737991809844971e-02
-8.446644246578216553e-02
-8.448710292577743530e-02
-8.453690260648727417e-02
-8.454913645982742310e-02
-8.452153950929641724e-02
-8.451418578624725342e-02
-8.454143255949020386e-02
-8.454196900129318237e-02
-8.454813063144683838e-02
-8.453223109245300293e-02
-8.452147990465164185e-02
-8.452211320400238037e-02
-8.448223769664764404e-02
-8.455242961645126343e-02
-8.451990038156509399e-02
-8.454106748104095459e-02
-8.456394076347351074e-02
-8.461929112672805786e-02
-8.458141982555389404e-02
-8.456591516733169556e-02
-8.457305282354354858e-02
-8.460302650928497314e-02
-8.473374694585800171e-02
-8.462882786989212036e-02
-8.461954444646835327e-02
-8.458812534809112549e-02
-8.455653488636016846e-02
-8.461752533912658691e-02
-8.460540324449539185e-02
-8.460689336061477661e-02
-8.461179584264755249e-02
-8.461789041757583618e-02
-8.467563986778259277e-02
-8.466048538684844971e-02
-8.464906364679336548e-02
-8.458958566188812256e-02
-8.467162400484085083e-02
-8.458885550498962402e-02
-8.465284854173660278e-02
-8.465292304754257202e-02
-8.465153723955154419e-02
-8.469165116548538208e-02
-8.462800830602645874e-02
-8.467909693717956543e-02
-8.467186242341995239e-02
-8.458786457777023315e-02
-8.462782204151153564e-02
-8.465782552957534790e-02
-8.463650196790695190e-02
-8.469609916210174561e-02
-8.466946333646774292e-02
-8.472950011491775513e-02
-8.469757437705993652e-02
-8.470968157052993774e-02
-8.468810468912124634e-02
-8.472002297639846802e-02
-8.472503721714019775e-02
-8.471157401800155640e-02
-8.479145169258117676e-02
-8.474455773830413818e-02
-8.471646159887313843e-02
-8.472080528736114502e-02
-8.477397263050079346e-02
-8.477531373500823975e-02
-8.478303253650665283e-02
-8.476032316684722900e-02
-8.477392047643661499e-02
-8.481302112340927124e-02
-8.481002599000930786e-02
-8.476693928241729736e-02
-8.475930988788604736e-02
-8.473931252956390381e-02
-8.478698134422302246e-02
-8.478380739688873291e-02
-8.480887860059738159e-02
-8.480311185121536255e-02
-8.479882031679153442e-02
-8.484217524528503418e-02
-8.486162126064300537e-02
-8.489572256803512573e-02
-8.483967185020446777e-02
-8.490004390478134155e-02
-8.490075170993804932e-02
-8.487139642238616943e-02
-8.485416322946548462e-02
-8.488078415393829346e-02
-8.487434685230255127e-02
-8.490560203790664673e-02
-8.489732444286346436e-02
-8.498265594244003296e-02
-8.492495864629745483e-02
-8.492188155651092529e-02
-8.493195474147796631e-02
-8.491674810647964478e-02
-8.497582376003265381e-02
-8.492093533277511597e-02
-8.495145291090011597e-02
-8.494350314140319824e-02
-8.499643206596374512e-02
-8.501712232828140259e-02
-8.501183241605758667e-02
-8.501169830560684204e-02
-8.500470966100692749e-02
-8.500588685274124146e-02
-8.506591618061065674e-02
-8.501391112804412842e-02
-8.498612046241760254e-02
-8.500932157039642334e-02
-8.507056534290313721e-02
-8.504549413919448853e-02
-8.503446727991104126e-02
-8.509001135826110840e-02
-8.506676554679870605e-02
-8.506044000387191772e-02
-8.504725247621536255e-02
-8.505688607692718506e-02
-8.504475653171539307e-02
-8.502919971942901611e-02
-8.504570275545120239e-02
-8.507276326417922974e-02
-8.507170528173446655e-02
-8.509495109319686890e-02
-8.506980538368225098e-02
-8.513310551643371582e-02
-8.510659635066986084e-02
-8.510993421077728271e-02
-8.510557562112808228e-02
-8.509050309658050537e-02
-8.509247750043869019e-02
-8.509082347154617310e-02
-8.510635793209075928e-02
-8.513548225164413452e-02
-8.511579781770706177e-02
-8.519387990236282349e-02
-8.512072265148162842e-02
-8.511804044246673584e-02
-8.511082082986831665e-02
-8.517520874738693237e-02
-8.512311428785324097e-02
-8.511175960302352905e-02
-8.513618260622024536e-02
-8.515344560146331787e-02
-8.511711657047271729e-02
-8.513898402452468872e-02
-8.512916415929794312e-02
-8.514464646577835083e-02
-8.517720550298690796e-02
-8.516339957714080811e-02
-8.516119420528411865e-02
-8.520301431417465210e-02
-8.514866232872009277e-02
-8.515288680791854858e-02
-8.518119901418685913e-02
-8.517391979694366455e-02
-8.519387990236282349e-02
-8.519481122493743896e-02
-8.516593277454376221e-02
-8.514757454395294189e-02
-8.514644205570220947e-02
-8.521404117345809937e-02
-8.516600728034973145e-02
-8.518271148204803467e-02
-8.516444265842437744e-02
-8.515667170286178589e-02
-8.519714325666427612e-02
-8.513490110635757446e-02
-8.517803996801376343e-02
-8.518597483634948730e-02
-8.509682118892669678e-02
-8.517180383205413818e-02
-8.519025146961212158e-02
-8.521393686532974243e-02
-8.521905541419982910e-02
-8.519879728555679321e-02
-8.516917377710342407e-02
-8.521719276905059814e-02
-8.520182967185974121e-02
-8.521725982427597046e-02
-8.522153645753860474e-02
-8.516897261142730713e-02
-8.519747108221054077e-02
-8.520875871181488037e-02
-8.522078394889831543e-02
-8.519424498081207275e-02
-8.518309891223907471e-02
-8.520147204399108887e-02
-8.519683778285980225e-02
-8.520174771547317505e-02
-8.522354066371917725e-02
-8.520533889532089233e-02
-8.519273251295089722e-02
-8.519312739372253418e-02
-8.516944199800491333e-02
-8.522990345954895020e-02
-8.524249494075775146e-02
-8.520123362541198730e-02
-8.521671593189239502e-02
-8.522625267505645752e-02
-8.523886650800704956e-02
-8.521427214145660400e-02
-8.523102104663848877e-02
-8.526758104562759399e-02
-8.520193397998809814e-02
-8.519878983497619629e-02
-8.520504832267761230e-02
-8.518991619348526001e-02
-8.521582186222076416e-02
-8.518849313259124756e-02
-8.520232141017913818e-02
-8.516792207956314087e-02
-8.521284162998199463e-02
-8.519727736711502075e-02
-8.521778881549835205e-02
-8.522318303585052490e-02
-8.522740751504898071e-02
-8.520129323005676270e-02
-8.522399514913558960e-02
-8.520788699388504028e-02
-8.519117534160614014e-02
-8.520249277353286743e-02
-8.520329743623733521e-02
-8.519726246595382690e-02
-8.520286530256271362e-02
-8.522062748670578003e-02
-8.518756181001663208e-02
-8.522221446037292480e-02
-8.519478142261505127e-02
-8.520949631929397583e-02
-8.519537746906280518e-02
-8.521647751331329346e-02
-8.523301035165786743e-02
-8.521911501884460449e-02
-8.522316813468933105e-02
-8.526989817619323730e-02
-8.522783219814300537e-02
-8.521740138530731201e-02
-8.520027995109558105e-02
-8.523570001125335693e-02
-8.524177968502044678e-02
-8.523467183113098145e-02
-8.522837609052658081e-02
-8.522628992795944214e-02
-8.525039255619049072e-02
-8.523450791835784912e-02
-8.522173017263412476e-02
-8.521585166454315186e-02
-8.520498126745223999e-02
-8.519514650106430054e-02
-8.519928902387619019e-02
-8.524039387702941895e-02
-8.526279032230377197e-02
-8.518716692924499512e-02
-8.519294857978820801e-02
-8.521722257137298584e-02
-8.522238582372665405e-02
-8.521728962659835815e-02
-8.522406965494155884e-02
-8.523324877023696899e-02
-8.522887527942657471e-02
-8.519975095987319946e-02
-8.522830903530120850e-02
-8.525217324495315552e-02
-8.523226529359817505e-02
-8.521508425474166870e-02
-8.523282408714294434e-02
-8.519350737333297729e-02
-8.525503426790237427e-02
-8.522279560565948486e-02
-8.519263565540313721e-02
-8.519888669252395630e-02
-8.525290340185165405e-02
-8.526230603456497192e-02
-8.520787209272384644e-02
-8.521675318479537964e-02
-8.523347228765487671e-02
-8.525190502405166626e-02
-8.520482480525970459e-02
-8.525893837213516235e-02
-8.525649458169937134e-02
-8.523526042699813843e-02
-8.522148430347442627e-02
-8.520452678203582764e-02
-8.525920659303665161e-02
-8.526137471199035645e-02
-8.522812277078628540e-02
-8.523814380168914795e-02
-8.524685353040695190e-02
-8.530565351247787476e-02
-8.524037897586822510e-02
-8.520613610744476318e-02
-8.525972813367843628e-02
-8.524172753095626831e-02
-8.524505794048309326e-02
-8.519581705331802368e-02
-8.526588231325149536e-02
-8.524687588214874268e-02
-8.524849265813827515e-02
-8.522180467844009399e-02
-8.518912643194198608e-02
-8.522403985261917114e-02
-8.523212373256683350e-02
-8.521707355976104736e-02
-8.524653315544128418e-02
-8.526323735713958740e-02
-8.525346219539642334e-02
-8.523181080818176270e-02
-8.525829762220382690e-02
-8.524366468191146851e-02
-8.523832261562347412e-02
-8.525686711072921753e-02
-8.521984517574310303e-02
-8.523464947938919067e-02
-8.522880822420120239e-02
-8.521802723407745361e-02
-8.526952564716339111e-02
-8.519123494625091553e-02
-8.523399382829666138e-02
-8.522402495145797729e-02
-8.530973643064498901e-02
-8.525235205888748169e-02
-8.520776778459548950e-02
-8.525193482637405396e-02
-8.523145318031311035e-02
-8.522505313158035278e-02
-8.527831733226776123e-02
-8.526809513568878174e-02
-8.527279645204544067e-02
-8.523640781641006470e-02
-8.523380011320114136e-02
-8.524380624294281006e-02
-8.523306250572204590e-02
-8.525863289833068848e-02
-8.527191728353500366e-02
-8.525120466947555542e-02
-8.521850407123565674e-02
-8.523245155811309814e-02
-8.528636395931243896e-02
-8.524300158023834229e-02
-8.522631227970123291e-02
-8.526673167943954468e-02
-8.523832261562347412e-02
-8.526213467121124268e-02
-8.524025976657867432e-02
-8.526965975761413574e-02
-8.524618297815322876e-02
-8.523263782262802124e-02
-8.522702753543853760e-02
-8.527536690235137939e-02
-8.524225652217864990e-02
-8.526013791561126709e-02
-8.521412312984466553e-02
-8.523048460483551025e-02
-8.528388291597366333e-02
-8.524383604526519775e-02
-8.524587750434875488e-02
-8.524772524833679199e-02
-8.525316417217254639e-02
-8.523540943861007690e-02
-8.526293188333511353e-02
-8.522648364305496216e-02
-8.528088033199310303e-02
-8.527020364999771118e-02
-8.524788916110992432e-02
-8.527231961488723755e-02
-8.530606329441070557e-02
-8.526364713907241821e-02
-8.522762358188629150e-02
-8.526187390089035034e-02
-8.523298054933547974e-02
-8.525553345680236816e-02
-8.527125418186187744e-02
-8.525472134351730347e-02
-8.526466041803359985e-02
-8.525939285755157471e-02
-8.526519685983657837e-02
-8.524969965219497681e-02
-8.529004454612731934e-02
-8.527577668428421021e-02
-8.524458855390548706e-02
-8.526689559221267700e-02
-8.524364978075027466e-02
-8.523626625537872314e-02
-8.523373305797576904e-02
-8.527863770723342896e-02
-8.528928458690643311e-02
-8.524661511182785034e-02
-8.527600020170211792e-02
-8.526720851659774780e-02
-8.524273335933685303e-02
-8.523171395063400269e-02
-8.522590994834899902e-02
-8.523367345333099365e-02
-8.524719625711441040e-02
-8.523362129926681519e-02
-8.527817577123641968e-02
-8.524484932422637939e-02
-8.522256463766098022e-02
-8.526394516229629517e-02
-8.526180684566497803e-02
-8.527193963527679443e-02
-8.528823405504226685e-02
-8.524277061223983765e-02
-8.532568812370300293e-02
-8.526361733675003052e-02
-8.526510745286941528e-02
-8.527643978595733643e-02
-8.522900938987731934e-02
-8.522621542215347290e-02
-8.529806882143020630e-02
-8.527834713459014893e-02
-8.527792245149612427e-02
-8.529461920261383057e-02
-8.525273948907852173e-02
-8.521535992622375488e-02
-8.527167141437530518e-02
-8.528946340084075928e-02
-8.526287972927093506e-02
-8.532294631004333496e-02
-8.526290208101272583e-02
-8.527747541666030884e-02
-8.526311814785003662e-02
-8.527868241071701050e-02
-8.528919517993927002e-02
-8.527264744043350220e-02
-8.527697622776031494e-02
-8.528980612754821777e-02
-8.526641875505447388e-02
-8.525945991277694702e-02
-8.531095087528228760e-02
-8.525922149419784546e-02
-8.525440841913223267e-02
-8.529308438301086426e-02
-8.531019091606140137e-02
-8.526683598756790161e-02
-8.526112139225006104e-02
-8.526425808668136597e-02
-8.528690785169601440e-02
-8.526429533958435059e-02
-8.528127521276473999e-02
-8.527290076017379761e-02
-8.526567369699478149e-02
-8.530555665493011475e-02
-8.531221747398376465e-02
-8.527783304452896118e-02
-8.526856452226638794e-02
-8.530278503894805908e-02
-8.525523543357849121e-02
-8.527728915214538574e-02
-8.528674393892288208e-02
-8.529438823461532593e-02
-8.531788736581802368e-02
-8.529266715049743652e-02
-8.530904352664947510e-02
-8.527019619941711426e-02
-8.533187210559844971e-02
-8.531079441308975220e-02
-8.526699990034103394e-02
-8.529682457447052002e-02
-8.526369929313659668e-02
-8.528605103492736816e-02
-8.526547253131866455e-02
-8.532825857400894165e-02
-8.529239147901535034e-02
-8.530797064304351807e-02
-8.522520959377288818e-02
-8.531020581722259521e-02
-8.532052487134933472e-02
-8.534155786037445068e-02
-8.532453328371047974e-02
-8.530102670192718506e-02
-8.529376238584518433e-02
-8.533206582069396973e-02
-8.531950414180755615e-02
-8.530858904123306274e-02
-8.532837033271789551e-02
-8.534242212772369385e-02
-8.527694642543792725e-02
-8.530841767787933350e-02
-8.531840890645980835e-02
-8.528841286897659302e-02
-8.534159511327743530e-02
-8.532924950122833252e-02
-8.530812710523605347e-02
-8.531950414180755615e-02
-8.528514206409454346e-02
-8.529511839151382446e-02
-8.537911623716354370e-02
-8.531221747398376465e-02
-8.534722030162811279e-02
-8.531980961561203003e-02
-8.532661944627761841e-02
-8.534784615039825439e-02
-8.532997220754623413e-02
-8.533939719200134277e-02
-8.529524505138397217e-02
-8.531545102596282959e-02
-8.532185107469558716e-02
-8.531559258699417114e-02
-8.533024042844772339e-02
-8.532503992319107056e-02
-8.535562455654144287e-02
-8.534231036901473999e-02
-8.534643799066543579e-02
-8.532704412937164307e-02
-8.533825725317001343e-02
-8.535154163837432861e-02
-8.529333025217056274e-02
-8.535061776638031006e-02
-8.534995466470718384e-02
-8.533849567174911499e-02
-8.532591164112091064e-02
-8.531416207551956177e-02
-8.532772958278656006e-02
-8.535235375165939331e-02
-8.533284813165664673e-02
-8.533597737550735474e-02
-8.535598218441009521e-02
-8.533907681703567505e-02
-8.531711250543594360e-02
-8.537337183952331543e-02
-8.534061163663864136e-02
-8.534934371709823608e-02
-8.534754067659378052e-02
-8.534952998161315918e-02
-8.533097058534622192e-02
-8.536329120397567749e-02
-8.534014970064163208e-02
-8.533839136362075806e-02
-8.534816652536392212e-02
-8.534435182809829712e-02
-8.534318953752517700e-02
-8.531472086906433105e-02
-8.530931174755096436e-02
-8.535555750131607056e-02
-8.536691963672637939e-02
-8.534678816795349121e-02
-8.532883226871490479e-02
-8.534629642963409424e-02
-8.532485365867614746e-02
-8.534602075815200806e-02
-8.533898741006851196e-02
-8.537388592958450317e-02
-8.535489439964294434e-02
-8.537011593580245972e-02
-8.536489307880401611e-02
-8.535086363554000854e-02
-8.537862449884414673e-02
-8.534421026706695557e-02
-8.530052751302719116e-02
-8.536820858716964722e-02
-8.535870909690856934e-02
-8.532163500785827637e-02
-8.534129709005355835e-02
-8.537219464778900146e-02
-8.532281965017318726e-02
-8.531262725591659546e-02
-8.534882217645645142e-02
-8.535646647214889526e-02
-8.535259217023849487e-02
-8.535288274288177490e-02
-8.537696301937103271e-02
-8.535102754831314087e-02
-8.534215390682220459e-02
-8.534996211528778076e-02
-8.534722030162811279e-02
-8.534273505210876465e-02
-8.532818406820297241e-02
-8.537753671407699585e-02
-8.533575385808944702e-02
-8.538457751274108887e-02
-8.536782115697860718e-02
-8.537897467613220215e-02
-8.535850793123245239e-02
-8.534663170576095581e-02
-8.535114675760269165e-02
-8.537443727254867554e-02
-8.530569821596145630e-02
-8.531261235475540161e-02
-8.536049723625183105e-02
-8.537236601114273071e-02
-8.534701168537139893e-02
-8.536682277917861938e-02
-8.535517752170562744e-02
-8.536382764577865601e-02
-8.533934503793716431e-02
-8.537883311510086060e-02
-8.537088334560394287e-02
-8.538217842578887939e-02
-8.537511527538299561e-02
-8.535913378000259399e-02
-8.536579459905624390e-02
-8.536606281995773315e-02
-8.539156615734100342e-02
-8.537994325160980225e-02
-8.536487072706222534e-02
-8.535371720790863037e-02
-8.537398278713226318e-02
-8.536034077405929565e-02
-8.536525070667266846e-02
-8.537294715642929077e-02
-8.536487072706222534e-02
-8.535433560609817505e-02
-8.537253737449645996e-02
-8.534786105155944824e-02
-8.538459241390228271e-02
-8.535662293434143066e-02
-8.536555618047714233e-02
-8.537633717060089111e-02
-8.537515997886657715e-02
-8.532579243183135986e-02
-8.538743853569030762e-02
-8.536763489246368408e-02
-8.537913858890533447e-02
-8.537986129522323608e-02
-8.538406342267990112e-02
-8.538068085908889771e-02
-8.537849783897399902e-02
-8.537049591541290283e-02
-8.536091446876525879e-02
-8.536989986896514893e-02
-8.538313210010528564e-02
-8.535487949848175049e-02
-8.535347133874893188e-02
-8.534429222345352173e-02
-8.535565435886383057e-02
-8.538212627172470093e-02
-8.539237082004547119e-02
-8.536397665739059448e-02
-8.532946556806564331e-02
-8.535225689411163330e-02
-8.534162491559982300e-02
-8.538611233234405518e-02
-8.534523099660873413e-02
-8.532946556806564331e-02
-8.534678816795349121e-02
-8.536792546510696411e-02
-8.537997305393218994e-02
-8.537434041500091553e-02
-8.534173667430877686e-02
-8.533572405576705933e-02
-8.533929288387298584e-02
-8.538069576025009155e-02
-8.539593964815139771e-02
-8.538122475147247314e-02
-8.536984026432037354e-02
-8.536562323570251465e-02
-8.537361770868301392e-02
-8.536012470722198486e-02
-8.534849435091018677e-02
-8.536008745431900024e-02
-8.533494174480438232e-02
-8.539278805255889893e-02
-8.535832911729812622e-02
-8.536875993013381958e-02
-8.532814681529998779e-02
-8.536645770072937012e-02
-8.537504076957702637e-02
-8.536763489246368408e-02
-8.538893610239028931e-02
-8.536411821842193604e-02
-8.536245673894882202e-02
-8.537770062685012817e-02
-8.538139611482620239e-02
-8.540119230747222900e-02
-8.539399504661560059e-02
-8.538417518138885498e-02
-8.535242825746536255e-02
-8.534618467092514038e-02
-8.535929024219512939e-02
-8.535525947809219360e-02
-8.539210259914398193e-02
-8.537532389163970947e-02
-8.533141016960144043e-02
-8.539091795682907104e-02
-8.538972586393356323e-02
-8.538185060024261475e-02
-8.540357649326324463e-02
-8.537996560335159302e-02
-8.537106215953826904e-02
-8.532632142305374146e-02
-8.537990599870681763e-02
-8.533120900392532349e-02
-8.536756783723831177e-02
-8.534644544124603271e-02
-8.538840711116790771e-02
-8.538807928562164307e-02
-8.537779748439788818e-02
-8.537146449089050293e-02
-8.535448461771011353e-02
-8.534603565931320190e-02
-8.537865430116653442e-02
-8.535191416740417480e-02
-8.537350594997406006e-02
-8.537217974662780762e-02
-8.539129048585891724e-02
-8.534305542707443237e-02
-8.537481725215911865e-02
-8.540174365043640137e-02
-8.536899834871292114e-02
-8.537926524877548218e-02
-8.539896458387374878e-02
-8.539496362209320068e-02
-8.538787811994552612e-02
-8.537828177213668823e-02
-8.536601811647415161e-02
-8.538094162940979004e-02
-8.538430184125900269e-02
-8.537734299898147583e-02
-8.540380746126174927e-02
-8.537408709526062012e-02
-8.540356904268264771e-02
-8.536464720964431763e-02
-8.537324517965316772e-02
-8.535201847553253174e-02
-8.536693453788757324e-02
-8.534343540668487549e-02
-8.535373955965042114e-02
-8.537288010120391846e-02
-8.539487421512603760e-02
-8.533869683742523193e-02
-8.537321537733078003e-02
-8.538534492254257202e-02
-8.538932353258132935e-02
-8.537176996469497681e-02
-8.538656681776046753e-02
-8.538284152746200562e-02
-8.537741005420684814e-02
-8.537236601114273071e-02
-8.537857234477996826e-02
-8.536962419748306274e-02
-8.536653965711593628e-02
-8.536081761121749878e-02
-8.534362912178039551e-02
-8.536981046199798584e-02
-8.537431806325912476e-02
-8.536890894174575806e-02
-8.537020534276962280e-02
-8.537492156028747559e-02
-8.538410067558288574e-02
-8.535280078649520874e-02
-8.535650372505187988e-02
-8.537144213914871216e-02
-8.538493514060974121e-02
-8.535147458314895630e-02
-8.537645637989044189e-02
-8.538614213466644287e-02
-8.538251370191574097e-02
-8.539224416017532349e-02
-8.537991344928741455e-02
-8.538544923067092896e-02
-8.534388989210128784e-02
-8.537407219409942627e-02
-8.540635555982589722e-02
-8.537814766168594360e-02
-8.536729216575622559e-02
-8.537492156028747559e-02
-8.536491543054580688e-02
-8.539088815450668335e-02
-8.537480980157852173e-02
-8.535294979810714722e-02
-8.540979027748107910e-02
-8.541062474250793457e-02
-8.538667112588882446e-02
-8.538801968097686768e-02
-8.536931872367858887e-02
-8.535862714052200317e-02
-8.538702875375747681e-02
-8.538354933261871338e-02
-8.535186201333999634e-02
-8.537235110998153687e-02
-8.538816869258880615e-02
-8.536940068006515503e-02
-8.538098633289337158e-02
-8.535782992839813232e-02
-8.537048846483230591e-02
-8.536208420991897583e-02
-8.538046479225158691e-02
-8.540657162666320801e-02
-8.538144081830978394e-02
-8.537419885396957397e-02
-8.536867052316665649e-02
-8.537449687719345093e-02
-8.535996824502944946e-02
-8.538980782032012939e-02
-8.537033945322036743e-02
-8.540000766515731812e-02
-8.538361638784408569e-02
-8.535297214984893799e-02
-8.537754416465759277e-02
-8.534176647663116455e-02
-8.536778390407562256e-02
-8.539635688066482544e-02
-8.538018167018890381e-02
-8.537057787179946899e-02
-8.537317812442779541e-02
-8.533910661935806274e-02
-8.536431193351745605e-02
-8.537544310092926025e-02
-8.539298176765441895e-02
-8.535838872194290161e-02
-8.539088815450668335e-02
-8.540325611829757690e-02
-8.536059409379959106e-02
-8.539681881666183472e-02
-8.538769185543060303e-02
-8.536838740110397339e-02
-8.538278937339782715e-02
-8.532775938510894775e-02
-8.536482602357864380e-02
-8.536875993013381958e-02
-8.538251370191574097e-02
-8.539360016584396362e-02
-8.536796271800994873e-02
-8.535660058259963989e-02
-8.537846058607101440e-02
-8.537866920232772827e-02
-8.539155870676040649e-02
-8.536293357610702515e-02
-8.533782511949539185e-02
-8.539256453514099121e-02
-8.536194264888763428e-02
-8.537476509809494019e-02
-8.538258820772171021e-02
-8.536567538976669312e-02
-8.537377417087554932e-02
-8.538468182086944580e-02
-8.538182079792022705e-02
-8.536948263645172119e-02
-8.537241816520690918e-02
-8.538999408483505249e-02
-8.540264517068862915e-02
-8.538211882114410400e-02
-8.536158502101898193e-02
-8.538921922445297241e-02
-8.537972718477249146e-02
-8.535707741975784302e-02
-8.535687625408172607e-02
-8.535668253898620605e-02
-8.537946641445159912e-02
-8.540078252553939819e-02
-8.536049723625183105e-02
-8.536676317453384399e-02
-8.537008613348007202e-02
-8.536355197429656982e-02
-8.536279946565628052e-02
-8.535693585872650146e-02
-8.537376672029495239e-02
-8.533796668052673340e-02
-8.538453280925750732e-02
-8.537729829549789429e-02
-8.535368740558624268e-02
-8.536811172962188721e-02
-8.536878973245620728e-02
-8.538740128278732300e-02
-8.535376936197280884e-02
-8.538820594549179077e-02
-8.538562804460525513e-02
-8.535336703062057495e-02
-8.541049808263778687e-02
-8.537660539150238037e-02
-8.537574112415313721e-02
-8.537605404853820801e-02
-8.536947518587112427e-02
-8.536294847726821899e-02
-8.535267412662506104e-02
-8.539060503244400024e-02
-8.537372946739196777e-02
-8.537693321704864502e-02
-8.540406078100204468e-02
-8.540154993534088135e-02
-8.536482602357864380e-02
-8.536306768655776978e-02
-8.539232611656188965e-02
-8.539362251758575439e-02
-8.538850396871566772e-02
-8.540834486484527588e-02
-8.538607507944107056e-02
-8.536984771490097046e-02
-8.540484309196472168e-02
-8.537612110376358032e-02
-8.537728339433670044e-02
-8.542191237211227417e-02
-8.536940068006515503e-02
-8.535926789045333862e-02
-8.538088202476501465e-02
-8.540079742670059204e-02
-8.537557721138000488e-02
-8.538863062858581543e-02
-8.541622012853622437e-02
-8.538433909416198730e-02
-8.539105206727981567e-02
-8.539653569459915161e-02
-8.539833873510360718e-02
-8.536580950021743774e-02
-8.537350594997406006e-02
-8.540897816419601440e-02
-8.536886423826217651e-02
-8.539948612451553345e-02
-8.536826074123382568e-02
-8.539155125617980957e-02
-8.539329469203948975e-02
-8.537138998508453369e-02
-8.539493381977081299e-02
-8.537979423999786377e-02
-8.540796488523483276e-02
-8.541085571050643921e-02
-8.540843427181243896e-02
-8.538474142551422119e-02
-8.538454025983810425e-02
-8.537463843822479248e-02
-8.539923280477523804e-02
-8.536880463361740112e-02
-8.537994325160980225e-02
-8.538170158863067627e-02
-8.539099991321563721e-02
-8.541477471590042114e-02
-8.539142459630966187e-02
-8.541209995746612549e-02
-8.537174761295318604e-02
-8.538556843996047974e-02
-8.536753058433532715e-02
-8.538534492254257202e-02
-8.537943661212921143e-02
-8.539184927940368652e-02
-8.538902550935745239e-02
-8.538294583559036255e-02
-8.538030833005905151e-02
-8.535917103290557861e-02
-8.536823093891143799e-02
-8.536257594823837280e-02
-8.541055023670196533e-02
-8.538057655096054077e-02
-8.538667112588882446e-02
-8.539278805255889893e-02
-8.540305495262145996e-02
-8.535673469305038452e-02
-8.541545271873474121e-02
-8.540816605091094971e-02
-8.537420630455017090e-02
-8.540388196706771851e-02
-8.538933843374252319e-02
-8.539415150880813599e-02
-8.539236336946487427e-02
-8.535568416118621826e-02
-8.539389073848724365e-02
-8.538813889026641846e-02
-8.540354669094085693e-02
-8.536610007286071777e-02
-8.536930382251739502e-02
-8.537922799587249756e-02
-8.537016063928604126e-02
-8.538263291120529175e-02
-8.538089692592620850e-02
-8.537565171718597412e-02
-8.537215739488601685e-02
-8.537808805704116821e-02
-8.540330827236175537e-02
-8.540847152471542358e-02
-8.542701601982116699e-02
-8.538837730884552002e-02
-8.536534756422042847e-02
-8.539256453514099121e-02
-8.541552722454071045e-02
-8.537556231021881104e-02
-8.538541197776794434e-02
-8.539452403783798218e-02
-8.538445830345153809e-02
-8.537985384464263916e-02
-8.537968993186950684e-02
-8.538742363452911377e-02
-8.535994589328765869e-02
-8.538386225700378418e-02
-8.535716682672500610e-02
-8.538851141929626465e-02
-8.537700772285461426e-02
-8.539018034934997559e-02
-8.539784699678421021e-02
-8.538060635328292847e-02
-8.537261188030242920e-02
-8.537362515926361084e-02
-8.537372946739196777e-02
-8.536735177040100098e-02
-8.536409586668014526e-02
-8.538022637367248535e-02
-8.537761867046356201e-02
-8.536458760499954224e-02
-8.538689464330673218e-02
-8.541487902402877808e-02
-8.537953346967697144e-02
-8.538374304771423340e-02
-8.538405597209930420e-02
-8.537952601909637451e-02
-8.537923544645309448e-02
-8.537831157445907593e-02
-8.538338541984558105e-02
-8.536749333143234253e-02
-8.538156002759933472e-02
-8.536019921302795410e-02
-8.536060154438018799e-02
-8.537381142377853394e-02
-8.532664179801940918e-02
-8.534841239452362061e-02
-8.537295460700988770e-02
-8.540531992912292480e-02
-8.534622937440872192e-02
-8.538655936717987061e-02
-8.537939935922622681e-02
-8.538270741701126099e-02
-8.536592870950698853e-02
-8.535511046648025513e-02
-8.535359799861907959e-02
-8.533730357885360718e-02
-8.533911406993865967e-02
-8.535344153642654419e-02
-8.534830063581466675e-02
-8.539620786905288696e-02
-8.537752181291580200e-02
-8.537127822637557983e-02
-8.537014573812484741e-02
-8.534665405750274658e-02
-8.537121117115020752e-02
-8.535466343164443970e-02
-8.537881821393966675e-02
-8.537284284830093384e-02
-8.540380746126174927e-02
-8.535592257976531982e-02
-8.532567322254180908e-02
-8.532873541116714478e-02
-8.534459024667739868e-02
-8.534146100282669067e-02
-8.534403145313262939e-02
-8.535175770521163940e-02
-8.532804995775222778e-02
-8.533173054456710815e-02
-8.535556495189666748e-02
-8.533494919538497925e-02
-8.533415943384170532e-02
-8.533944934606552124e-02
-8.535330742597579956e-02
-8.532012253999710083e-02
-8.534172922372817993e-02
-8.535082638263702393e-02
-8.532265573740005493e-02
-8.530689030885696411e-02
-8.532989770174026489e-02
-8.529915660619735718e-02
-8.533144742250442505e-02
-8.533123880624771118e-02
-8.530470728874206543e-02
-8.533168584108352661e-02
-8.531869202852249146e-02
-8.535860478878021240e-02
-8.530959486961364746e-02
-8.533127605915069580e-02
-8.532126247882843018e-02
-8.533348888158798218e-02
-8.534183353185653687e-02
-8.533343672752380371e-02
-8.531692624092102051e-02
-8.532852679491043091e-02
-8.534489572048187256e-02
-8.533839136362075806e-02
-8.531340956687927246e-02
-8.530894666910171509e-02
-8.528891950845718384e-02
-8.533874899148941040e-02
-8.532020449638366699e-02
-8.532214909791946411e-02
-8.533570170402526855e-02
-8.531940728425979614e-02
-8.533056080341339111e-02
-8.533971756696701050e-02
-8.531301468610763550e-02
-8.532212674617767334e-02
-8.533129841089248657e-02
-8.530674874782562256e-02
-8.530097454786300659e-02
-8.531390875577926636e-02
-8.531507849693298340e-02
-8.534845709800720215e-02
-8.529862016439437866e-02
-8.530189841985702515e-02
-8.532982319593429565e-02
-8.531656116247177124e-02
-8.530486375093460083e-02
-8.531951159238815308e-02
-8.534307032823562622e-02
-8.529762178659439087e-02
-8.532883971929550171e-02
-8.532461524009704590e-02
-8.536101132631301880e-02
-8.531644195318222046e-02
-8.532986789941787720e-02
-8.531983196735382080e-02
-8.530319482088088989e-02
-8.531404286623001099e-02
-8.531327545642852783e-02
-8.531226962804794312e-02
-8.528621494770050049e-02
-8.529480546712875366e-02
-8.533676713705062866e-02
-8.528576791286468506e-02
-8.529712259769439697e-02
-8.531380444765090942e-02
-8.528636395931243896e-02
-8.529292047023773193e-02
-8.532579243183135986e-02
-8.533646911382675171e-02
-8.529239147901535034e-02
-8.530215173959732056e-02
-8.533474802970886230e-02
-8.527347445487976074e-02
-8.533442765474319458e-02
-8.530352264642715454e-02
-8.530369400978088379e-02
-8.531124144792556763e-02
-8.532394468784332275e-02
-8.530823886394500732e-02
-8.529048413038253784e-02
-8.530897647142410278e-02
-8.528853207826614380e-02
-8.531739562749862671e-02
-8.530633896589279175e-02
-8.531182259321212769e-02
-8.532240241765975952e-02
-8.528550714254379272e-02
-8.527044951915740967e-02
-8.533100783824920654e-02
-8.530009537935256958e-02
-8.532090485095977783e-02
-8.529414981603622437e-02
-8.532121032476425171e-02
-8.530823141336441040e-02
-8.530763536691665649e-02
-8.530625700950622559e-02
-8.529613912105560303e-02
-8.530693501234054565e-02
-8.530741184949874878e-02
-8.531730622053146362e-02
-8.531359583139419556e-02
-8.530030399560928345e-02
-8.532248437404632568e-02
-8.531807363033294678e-02
-8.530673384666442871e-02
-8.530101180076599121e-02
-8.532103896141052246e-02
-8.528961986303329468e-02
-8.526676148176193237e-02
-8.527603000402450562e-02
-8.529744297266006470e-02
-8.527540415525436401e-02
-8.527279645204544067e-02
-8.526574075222015381e-02
-8.527969568967819214e-02
-8.527924865484237671e-02
-8.530347794294357300e-02
-8.526848256587982178e-02
-8.531852066516876221e-02
-8.529990166425704956e-02
-8.530150353908538818e-02
-8.527062833309173584e-02
-8.531824499368667603e-02
-8.532712608575820923e-02
-8.528757840394973755e-02
-8.528710901737213135e-02
-8.531806617975234985e-02
-8.528689295053482056e-02
-8.531723916530609131e-02
-8.529873192310333252e-02
-8.531330525875091553e-02
-8.533444255590438843e-02
-8.530612289905548096e-02
-8.533363789319992065e-02
-8.527746051549911499e-02
-8.529787510633468628e-02
-8.531036227941513062e-02
-8.533033728599548340e-02
-8.533309400081634521e-02
-8.531998097896575928e-02
-8.531279861927032471e-02
-8.531890064477920532e-02
-8.527030795812606812e-02
-8.529501408338546753e-02
-8.529666066169738770e-02
-8.535037934780120850e-02
-8.532740175724029541e-02
-8.534089475870132446e-02
-8.528855443000793457e-02
-8.529903739690780640e-02
-8.527335524559020996e-02
-8.531504124402999878e-02
-8.529580384492874146e-02
-8.528619259595870972e-02
-8.529582619667053223e-02
-8.530231565237045288e-02
-8.530548959970474243e-02
-8.531739562749862671e-02
-8.527950197458267212e-02
-8.530741184949874878e-02
-8.533912152051925659e-02
-8.533462136983871460e-02
-8.534475415945053101e-02
-8.531398326158523560e-02
-8.532369881868362427e-02
-8.531953394412994385e-02
-8.532514423131942749e-02
-8.531076461076736450e-02
-8.529922366142272949e-02
-8.532425761222839355e-02
-8.532074093818664551e-02
-8.529511094093322754e-02
-8.531499654054641724e-02
-8.530856668949127197e-02
-8.531221747398376465e-02
-8.530817180871963501e-02
-8.529811352491378784e-02
-8.531449735164642334e-02
-8.531656116247177124e-02
-8.530890196561813354e-02
-8.533705770969390869e-02
-8.530136197805404663e-02
-8.531404286623001099e-02
-8.532898128032684326e-02
-8.534391224384307861e-02
-8.532162010669708252e-02
-8.530147373676300049e-02
-8.529324084520339966e-02
-8.531770110130310059e-02
-8.532203733921051025e-02
-8.532180637121200562e-02
-8.532080054283142090e-02
-8.530518412590026855e-02
-8.534602075815200806e-02
-8.534126728773117065e-02
-8.531347662210464478e-02
-8.533742278814315796e-02
-8.531806617975234985e-02
-8.531225472688674927e-02
-8.529727905988693237e-02
-8.532338589429855347e-02
-8.530061691999435425e-02
-8.529910445213317871e-02
-8.533257991075515747e-02
-8.532846719026565552e-02
-8.532195538282394409e-02
-8.532163500785827637e-02
-8.529038727283477783e-02
-8.533305674791336060e-02
-8.529831469058990479e-02
-8.532836288213729858e-02
-8.532216399908065796e-02
-8.532517403364181519e-02
-8.531347662210464478e-02
-8.531846851110458374e-02
-8.530741184949874878e-02
-8.529733121395111084e-02
-8.531001210212707520e-02
-8.531539887189865112e-02
-8.530279994010925293e-02
-8.532230556011199951e-02
-8.530680090188980103e-02
-8.532107621431350708e-02
-8.528851717710494995e-02
-8.530440926551818848e-02
-8.529440313577651978e-02
-8.526145666837692261e-02
-8.528327196836471558e-02
-8.527732640504837036e-02
-8.525276929140090942e-02
-8.531182259321212769e-02
-8.531327545642852783e-02
-8.529569953680038452e-02
-8.531805127859115601e-02
-8.529902249574661255e-02
-8.528824150562286377e-02
-8.531937003135681152e-02
-8.530748635530471802e-02
-8.533190190792083740e-02
-8.533390611410140991e-02
-8.531501889228820801e-02
-8.530443161725997925e-02
-8.534529060125350952e-02
-8.529308438301086426e-02
-8.530573546886444092e-02
-8.531748503446578979e-02
-8.525648713111877441e-02
-8.534632623195648193e-02
-8.532824367284774780e-02
-8.530142158269882202e-02
-8.530433475971221924e-02
-8.531079441308975220e-02
-8.531458675861358643e-02
-8.533130586147308350e-02
-8.529032766819000244e-02
-8.529658615589141846e-02
-8.530280739068984985e-02
-8.529127389192581177e-02
-8.529809862375259399e-02
-8.533503860235214233e-02
-8.527242392301559448e-02
-8.528173714876174927e-02
-8.531757444143295288e-02
-8.529036492109298706e-02
-8.528859168291091919e-02
-8.531548827886581421e-02
-8.531228452920913696e-02
-8.529692143201828003e-02
-8.531046658754348755e-02
-8.530901372432708740e-02
-8.531363308429718018e-02
-8.530212193727493286e-02
-8.529875427484512329e-02
-8.529456704854965210e-02
-8.529819548130035400e-02
-8.528467267751693726e-02
-8.529270440340042114e-02
-8.531156927347183228e-02
-8.530279994010925293e-02
-8.528841286897659302e-02
-8.531223237514495850e-02
-8.531938493251800537e-02
-8.529773354530334473e-02
-8.529330044984817505e-02
-8.530215173959732056e-02
-8.528747409582138062e-02
-8.530039340257644653e-02
-8.533178269863128662e-02
-8.528428524732589722e-02
-8.526938408613204956e-02
-8.528711646795272827e-02
-8.524527400732040405e-02
-8.530403673648834229e-02
-8.531771600246429443e-02
-8.531052619218826294e-02
-8.528156578540802002e-02
-8.529045432806015015e-02
-8.531329035758972168e-02
-8.529014140367507935e-02
-8.530201762914657593e-02
-8.529429882764816284e-02
-8.530198782682418823e-02
-8.529479801654815674e-02
-8.529499918222427368e-02
-8.528181165456771851e-02
-8.530457317829132080e-02
-8.529374003410339355e-02
-8.529803156852722168e-02
-8.530991524457931519e-02
-8.529794961214065552e-02
-8.530811220407485962e-02
-8.530978113412857056e-02
-8.527788519859313965e-02
-8.529470860958099365e-02
-8.527901768684387207e-02
-8.528713136911392212e-02
-8.527050912380218506e-02
-8.530411124229431152e-02
-8.530134707689285278e-02
-8.530200272798538208e-02
-8.529701083898544312e-02
-8.530732989311218262e-02
-8.526869118213653564e-02
-8.532200753688812256e-02
-8.532635122537612915e-02
-8.532127737998962402e-02
-8.531384915113449097e-02
-8.531273156404495239e-02
-8.527359366416931152e-02
-8.531089127063751221e-02
-8.531395345926284790e-02
-8.527620136737823486e-02
-8.528330177068710327e-02
-8.528619259595870972e-02
-8.528747409582138062e-02
-8.528108894824981689e-02
-8.530519157648086548e-02
-8.531007170677185059e-02
-8.529922366142272949e-02
-8.528681844472885132e-02
-8.531791716814041138e-02
-8.533687889575958252e-02
-8.532612770795822144e-02
-8.531709760427474976e-02
-8.530494570732116699e-02
-8.527036011219024658e-02
-8.530869334936141968e-02
-8.532231301069259644e-02
-8.529991656541824341e-02
-8.530434966087341309e-02
-8.533181250095367432e-02
-8.530877530574798584e-02
-8.527510613203048706e-02
-8.530285954475402832e-02
-8.529978245496749878e-02
-8.530732244253158569e-02
-8.530224859714508057e-02
-8.532861620187759399e-02
-8.529254794120788574e-02
-8.532844483852386475e-02
-8.529160916805267334e-02
-8.530087769031524658e-02
-8.530281484127044678e-02
-8.530768007040023804e-02
-8.530262857675552368e-02
-8.529959619045257568e-02
-8.532114326953887939e-02
-8.530510216951370239e-02
-8.530978113412857056e-02
-8.529818803071975708e-02
-8.531577140092849731e-02
-8.530630916357040405e-02
-8.533297479152679443e-02
-8.529113978147506714e-02
-8.530218154191970825e-02
-8.530387282371520996e-02
-8.529854565858840942e-02
-8.531994372606277466e-02
-8.533015102148056030e-02
-8.532283455133438110e-02
-8.532778918743133545e-02
-8.533326536417007446e-02
-8.533395081758499146e-02
-8.532313257455825806e-02
-8.531925827264785767e-02
-8.532692492008209229e-02
-8.533011376857757568e-02
-8.530306071043014526e-02
-8.530971407890319824e-02
-8.531918376684188843e-02
-8.532998710870742798e-02
-8.533123135566711426e-02
-8.532736450433731079e-02
-8.533309400081634521e-02
-8.532749116420745850e-02
-8.534821122884750366e-02
-8.534331619739532471e-02
-8.532422035932540894e-02
-8.532395213842391968e-02
-8.531390875577926636e-02
-8.532344549894332886e-02
-8.531121164560317993e-02
-8.532240986824035645e-02
-8.531615883111953735e-02
-8.533670753240585327e-02
-8.532665669918060303e-02
-8.531146496534347534e-02
-8.532723784446716309e-02
-8.533075451850891113e-02
-8.529334515333175659e-02
-8.531938493251800537e-02
-8.534178882837295532e-02
-8.531151711940765381e-02
-8.531545102596282959e-02
-8.532593399286270142e-02
-8.535765111446380615e-02
-8.534847199916839600e-02
-8.534846454858779907e-02
-8.532934635877609253e-02
-8.531247824430465698e-02
-8.534631133079528809e-02
-8.533466607332229614e-02
-8.532312512397766113e-02
-8.530290424823760986e-02
-8.533563464879989624e-02
-8.535574376583099365e-02
-8.532467484474182129e-02
-8.531759679317474365e-02
-8.532853424549102783e-02
-8.533903956413269043e-02
-8.533769100904464722e-02
-8.533021807670593262e-02
-8.532880991697311401e-02
-8.530975878238677979e-02
-8.532246947288513184e-02
-8.532024919986724854e-02
-8.532373607158660889e-02
-8.533408492803573608e-02
-8.534452319145202637e-02
-8.531858026981353760e-02
-8.534429967403411865e-02
-8.537549525499343872e-02
-8.535823225975036621e-02
-8.534128218889236450e-02
-8.532030880451202393e-02
-8.535507321357727051e-02
-8.530650287866592407e-02
-8.533854782581329346e-02
-8.533956855535507202e-02
-8.533939719200134277e-02
-8.532555401325225830e-02
-8.531787246465682983e-02
-8.535579591989517212e-02
-8.532460033893585205e-02
-8.531029522418975830e-02
-8.532681316137313843e-02
-8.531547337770462036e-02
-8.535685390233993530e-02
-8.531444519758224487e-02
-8.534709364175796509e-02
-8.533842116594314575e-02
-8.532129973173141479e-02
-8.533325791358947754e-02
-8.532372862100601196e-02
-8.532980829477310181e-02
-8.533100038766860962e-02
-8.532361686229705811e-02
-8.534615486860275269e-02
-8.533433824777603149e-02
-8.535091578960418701e-02
-8.532999455928802490e-02
-8.530254662036895752e-02
-8.534382283687591553e-02
-8.533628284931182861e-02
-8.531991392374038696e-02
-8.531501889228820801e-02
-8.532628417015075684e-02
-8.531991392374038696e-02
-8.531973510980606079e-02
-8.531152456998825073e-02
-8.533105254173278809e-02
-8.534792810678482056e-02
-8.530805259943008423e-02
-8.532281219959259033e-02
-8.530102670192718506e-02
-8.532597869634628296e-02
-8.535496145486831665e-02
-8.533056825399398804e-02
-8.532410115003585815e-02
-8.533339202404022217e-02
-8.532647788524627686e-02
-8.530006557703018188e-02
-8.529718220233917236e-02
-8.531747758388519287e-02
-8.531998097896575928e-02
-8.533550053834915161e-02
-8.532439172267913818e-02
-8.531265705823898315e-02
-8.531603962182998657e-02
-8.533383160829544067e-02
-8.532945066690444946e-02
-8.533047139644622803e-02
-8.535252511501312256e-02
-8.531313389539718628e-02
-8.531847596168518066e-02
-8.534412831068038940e-02
-8.533896505832672119e-02
-8.532916754484176636e-02
-8.533803373575210571e-02
-8.532294631004333496e-02
-8.535271137952804565e-02
-8.531947433948516846e-02
-8.532211184501647949e-02
-8.530250936746597290e-02
-8.531700819730758667e-02
-8.530731499195098877e-02
-8.533658087253570557e-02
-8.536029607057571411e-02
-8.533019572496414185e-02
-8.535014092922210693e-02
-8.536449819803237915e-02
-8.535685390233993530e-02
-8.534922450780868530e-02
-8.533224463462829590e-02
-8.533248305320739746e-02
-8.536785095930099487e-02
-8.533587306737899780e-02
-8.537118881940841675e-02
-8.536081761121749878e-02
-8.534519374370574951e-02
-8.535438030958175659e-02
-8.534599095582962036e-02
-8.535306900739669800e-02
-8.536727726459503174e-02
-8.533515781164169312e-02
-8.536125719547271729e-02
-8.533737063407897949e-02
-8.534928411245346069e-02
-8.530960232019424438e-02
-8.531346172094345093e-02
-8.534185588359832764e-02
-8.535537123680114746e-02
-8.534857630729675293e-02
-8.533667027950286865e-02
-8.533743768930435181e-02
-8.532898873090744019e-02
-8.534508198499679565e-02
-8.533689379692077637e-02
-8.535376191139221191e-02
-8.533963561058044434e-02
-8.535849303007125854e-02
-8.535996824502944946e-02
-8.533582836389541626e-02
-8.534120023250579834e-02
-8.533941209316253662e-02
-8.532319217920303345e-02
-8.534857630729675293e-02
-8.536250144243240356e-02
-8.535400778055191040e-02
-8.533348888158798218e-02
-8.536482602357864380e-02
-8.532367646694183350e-02
-8.535724133253097534e-02
-8.534494042396545410e-02
-8.533689379692077637e-02
-8.532645553350448608e-02
-8.533299714326858521e-02
-8.535566180944442749e-02
-8.537063747644424438e-02
-8.533920347690582275e-02
-8.532025665044784546e-02
-8.533138781785964966e-02
-8.531531691551208496e-02
-8.533154428005218506e-02
-8.531761914491653442e-02
-8.535019308328628540e-02
-8.531137555837631226e-02
-8.534343540668487549e-02
-8.534023165702819824e-02
-8.534285426139831543e-02
-8.534823358058929443e-02
-8.534841984510421753e-02
-8.537670224905014038e-02
-8.532641083002090454e-02
-8.533771336078643799e-02
-8.535759896039962769e-02
-8.534090220928192139e-02
-8.537692576646804810e-02
-8.533070236444473267e-02
-8.533590286970138550e-02
-8.533183485269546509e-02
-8.533813059329986572e-02
-8.533192425966262817e-02
-8.532752096652984619e-02
-8.536766469478607178e-02
-8.535844832658767700e-02
-8.534034341573715210e-02
-8.537158370018005371e-02
-8.534011244773864746e-02
-8.535016328096389771e-02
-8.536323904991149902e-02
-8.534496277570724487e-02
-8.537170290946960449e-02
-8.533895760774612427e-02
-8.535273373126983643e-02
-8.533592522144317627e-02
-8.534344285726547241e-02
-8.533307909965515137e-02
-8.534009754657745361e-02
-8.534159511327743530e-02
-8.534514158964157104e-02
-8.535270392894744873e-02
-8.534733206033706665e-02
-8.536296337842941284e-02
-8.534426987171173096e-02
-8.534739166498184204e-02
-8.535762131214141846e-02
-8.532766997814178467e-02
-8.534793555736541748e-02
-8.535979688167572021e-02
-8.538567274808883667e-02
-8.534685522317886353e-02
-8.536548167467117310e-02
-8.536431193351745605e-02
-8.535615354776382446e-02
-8.533181250095367432e-02
-8.534799516201019287e-02
-8.536727726459503174e-02
-8.538053929805755615e-02
-8.533195406198501587e-02
-8.537074923515319824e-02
-8.536396920680999756e-02
-8.534020930528640747e-02
-8.535987883806228638e-02
-8.535660058259963989e-02
-8.535628020763397217e-02
-8.534245193004608154e-02
-8.535183221101760864e-02
-8.535002171993255615e-02
-8.536075055599212646e-02
-8.535791188478469849e-02
-8.536691963672637939e-02
-8.535807579755783081e-02
-8.534868061542510986e-02
-8.539987355470657349e-02
-8.532790094614028931e-02
-8.538248389959335327e-02
-8.535020798444747925e-02
-8.536351472139358521e-02
-8.534512668848037720e-02
-8.535221964120864868e-02
-8.535898476839065552e-02
-8.536904305219650269e-02
-8.535067737102508545e-02
-8.533874899148941040e-02
-8.534462749958038330e-02
-8.537887781858444214e-02
-8.535285294055938721e-02
-8.534647524356842041e-02
-8.535218983888626099e-02
-8.538205921649932861e-02
-8.536651730537414551e-02
-8.534668385982513428e-02
-8.535463362932205200e-02
-8.538008481264114380e-02
-8.536272495985031128e-02
-8.536449819803237915e-02
-8.535383641719818115e-02
-8.533927053213119507e-02
-8.538021892309188843e-02
-8.536962419748306274e-02
-8.537925034761428833e-02
-8.536066859960556030e-02
-8.535540848970413208e-02
-8.537138253450393677e-02
-8.535698056221008301e-02
-8.537674695253372192e-02
-8.538123965263366699e-02
-8.534918725490570068e-02
-8.538074046373367310e-02
-8.535792678594589233e-02
-8.537406474351882935e-02
-8.537017554044723511e-02
-8.536435663700103760e-02
-8.533838391304016113e-02
-8.539755642414093018e-02
-8.536129444837570190e-02
-8.537152409553527832e-02
-8.538608253002166748e-02
-8.535717427730560303e-02
-8.534242957830429077e-02
-8.540564030408859253e-02
-8.538658171892166138e-02
-8.537752926349639893e-02
-8.538680523633956909e-02
-8.538474142551422119e-02
-8.536162227392196655e-02
-8.537531644105911255e-02
-8.535116165876388550e-02
-8.536277711391448975e-02
-8.536599576473236084e-02
-8.534474670886993408e-02
-8.534581959247589111e-02
-8.535528928041458130e-02
-8.538473397493362427e-02
-8.535792678594589233e-02
-8.534099161624908447e-02
-8.538622409105300903e-02
-8.534468710422515869e-02
-8.536241948604583740e-02
-8.537260442972183228e-02
-8.537749946117401123e-02
-8.536307513713836670e-02
-8.535625785589218140e-02
-8.537007123231887817e-02
-8.535917848348617554e-02
-8.535859733819961548e-02
-8.536545187234878540e-02
-8.534910529851913452e-02
-8.537776023149490356e-02
-8.538527786731719971e-02
-8.533618599176406860e-02
-8.536258339881896973e-02
-8.535358309745788574e-02
-8.538725227117538452e-02
-8.535539358854293823e-02
-8.534779399633407593e-02
-8.533217757940292358e-02
-8.535869419574737549e-02
-8.535822480916976929e-02
-8.532350510358810425e-02
-8.537183701992034912e-02
-8.535281568765640259e-02
-8.537951856851577759e-02
-8.537761867046356201e-02
-8.535566180944442749e-02
-8.536029607057571411e-02
-8.536387979984283447e-02
-8.537415415048599243e-02
-8.536333590745925903e-02
-8.539137244224548340e-02
-8.538134396076202393e-02
-8.535089343786239624e-02
-8.535686880350112915e-02
-8.536942303180694580e-02
-8.538730442523956299e-02
-8.535858988761901855e-02
-8.534820377826690674e-02
-8.536580950021743774e-02
-8.537832647562026978e-02
-8.535134047269821167e-02
-8.532257378101348877e-02
-8.536311984062194824e-02
-8.533894270658493042e-02
-8.535606414079666138e-02
-8.535078912973403931e-02
-8.534472435712814331e-02
-8.537454903125762939e-02
-8.539142459630966187e-02
-8.532056212425231934e-02
-8.538888394832611084e-02
-8.537754416465759277e-02
-8.536645770072937012e-02
-8.535428345203399658e-02
-8.534357696771621704e-02
-8.535244315862655640e-02
-8.535976707935333252e-02
-8.539445698261260986e-02
-8.535654842853546143e-02
-8.539021760225296021e-02
-8.538190275430679321e-02
-8.534283936023712158e-02
-8.536320179700851440e-02
-8.534105122089385986e-02
-8.532952517271041870e-02
-8.534821867942810059e-02
-8.536327630281448364e-02
-8.532790094614028931e-02
-8.531891554594039917e-02
-8.536026626825332642e-02
-8.535373955965042114e-02
-8.534665405750274658e-02
-8.535120636224746704e-02
-8.535473048686981201e-02
-8.535272628068923950e-02
-8.532852679491043091e-02
-8.532299846410751343e-02
-8.537539094686508179e-02
-8.536293357610702515e-02
-8.533053845167160034e-02
-8.533763140439987183e-02
-8.535815775394439697e-02
-8.535669744014739990e-02
-8.535826951265335083e-02
-8.532820641994476318e-02
-8.532449603080749512e-02
-8.534944802522659302e-02
-8.533646911382675171e-02
-8.534540981054306030e-02
-8.534529060125350952e-02
-8.534152805805206299e-02
-8.534263074398040771e-02
-8.532819896936416626e-02
-8.535914868116378784e-02
-8.537535369396209717e-02
-8.533190935850143433e-02
-8.536306768655776978e-02
-8.534844219684600830e-02
-8.530949801206588745e-02
-8.532970398664474487e-02
-8.532752096652984619e-02
-8.533200621604919434e-02
-8.533883839845657349e-02
-8.532667905092239380e-02
-8.534835278987884521e-02
-8.535750210285186768e-02
-8.533947914838790894e-02
-8.535688370466232300e-02
-8.533062785863876343e-02
-8.532853424549102783e-02
-8.533684909343719482e-02
-8.533456176519393921e-02
-8.536444604396820068e-02
-8.532141894102096558e-02
-8.533408492803573608e-02
-8.533976227045059204e-02
-8.535719662904739380e-02
-8.533255755901336670e-02
-8.534349501132965088e-02
-8.537512272596359253e-02
-8.533008396625518799e-02
-8.533879369497299194e-02
-8.530967682600021362e-02
-8.532436192035675049e-02
-8.534535765647888184e-02
-8.531532436609268188e-02
-8.534406125545501709e-02
-8.532466739416122437e-02
-8.531291782855987549e-02
-8.532763272523880005e-02
-8.533236384391784668e-02
-8.531420677900314331e-02
-8.534010499715805054e-02
-8.533951640129089355e-02
-8.533071726560592651e-02
-8.537314832210540771e-02
-8.534684032201766968e-02
-8.535692840814590454e-02
-8.532840758562088013e-02
-8.530894666910171509e-02
-8.534740656614303589e-02
-8.532113581895828247e-02
-8.532722294330596924e-02
-8.531282842159271240e-02
-8.534786850214004517e-02
-8.530821651220321655e-02
-8.532788604497909546e-02
-8.536624163389205933e-02
-8.534061163663864136e-02
-8.531460911035537720e-02
-8.533664047718048096e-02
-8.533423393964767456e-02
-8.533767610788345337e-02
-8.530273288488388062e-02
-8.528861403465270996e-02
-8.533290773630142212e-02
-8.531676232814788818e-02
-8.532456308603286743e-02
-8.532853424549102783e-02
-8.536208420991897583e-02
-8.536265790462493896e-02
-8.530947566032409668e-02
-8.533916622400283813e-02
-8.535090833902359009e-02
-8.533723652362823486e-02
-8.532306551933288574e-02
-8.531574904918670654e-02
-8.532220870256423950e-02
-8.532367646694183350e-02
-8.530703932046890259e-02
-8.531852066516876221e-02
-8.530703932046890259e-02
-8.530828356742858887e-02
-8.531228452920913696e-02
-8.532840758562088013e-02
-8.531715720891952515e-02
-8.533068001270294189e-02
-8.529908955097198486e-02
-8.532018959522247314e-02
-8.530070632696151733e-02
-8.531937748193740845e-02
-8.531310409307479858e-02
-8.533348888158798218e-02
-8.532895892858505249e-02
-8.532699197530746460e-02
-8.530943840742111206e-02
-8.531437069177627563e-02
-8.532223105430603027e-02
-8.530846983194351196e-02
-8.529861271381378174e-02
-8.529318869113922119e-02
-8.534382283687591553e-02
-8.531112223863601685e-02
-8.533769100904464722e-02
-8.534185588359832764e-02
-8.531420677900314331e-02
-8.532404154539108276e-02
-8.531548082828521729e-02
-8.532634377479553223e-02
-8.531393855810165405e-02
-8.535204082727432251e-02
-8.529420197010040283e-02
-8.530782163143157959e-02
-8.529780805110931396e-02
-8.533830940723419189e-02
-8.530563861131668091e-02
