-1.972892135381698608e-02
-1.973257400095462799e-02
-1.973125338554382324e-02
-1.972810924053192139e-02
-1.973976939916610718e-02
-1.974534243345260620e-02
-1.974737271666526794e-02
-1.975209265947341919e-02
-1.976188831031322479e-02
-1.976363733410835266e-02
-1.976478099822998047e-02
-1.976857893168926239e-02
-1.977283321321010590e-02
-1.976600848138332367e-02
-1.976927369832992554e-02
-1.977579295635223389e-02
-1.976936124265193939e-02
-1.977114751935005188e-02
-1.977319456636905670e-02
-1.977222412824630737e-02
-1.977228559553623199e-02
-1.977044157683849335e-02
-1.976722106337547302e-02
-1.976744271814823151e-02
-1.977324485778808594e-02
-1.977088674902915955e-02
-1.977176591753959656e-02
-1.977076940238475800e-02
-1.977033540606498718e-02
-1.976907812058925629e-02
-1.977444626390933990e-02
-1.976853236556053162e-02
-1.977279409766197205e-02
-1.977252960205078125e-02
-1.976949535310268402e-02
-1.977024041116237640e-02
-1.977388188242912292e-02
-1.977398432791233063e-02
-1.977927796542644501e-02
-1.977272704243659973e-02
-1.976992748677730560e-02
-1.977308467030525208e-02
-1.977081969380378723e-02
-1.977505907416343689e-02
-1.977326534688472748e-02
-1.977044902741909027e-02
-1.977217756211757660e-02
-1.977319084107875824e-02
-1.977216079831123352e-02
-1.977178081870079041e-02
-1.977067813277244568e-02
-1.977290958166122437e-02
-1.977744698524475098e-02
-1.977596245706081390e-02
-1.977481320500373840e-02
-1.977293565869331360e-02
-1.977706700563430786e-02
-1.977216452360153198e-02
-1.977287232875823975e-02
-1.976655423641204834e-02
-1.977205835282802582e-02
-1.977085880935192108e-02
-1.977564767003059387e-02
-1.977690309286117554e-02
-1.976983621716499329e-02
-1.977377571165561676e-02
-1.977167837321758270e-02
-1.977172121405601501e-02
-1.977568864822387695e-02
-1.976976357400417328e-02
-1.976833865046501160e-02
-1.976794935762882233e-02
-1.977398805320262909e-02
-1.977028325200080872e-02
-1.976977847516536713e-02
-1.977314054965972900e-02
-1.977073214948177338e-02
-1.977568864822387695e-02
-1.976985484361648560e-02
-1.977248303592205048e-02
-1.977176964282989502e-02
-1.977228373289108276e-02
-1.977282762527465820e-02
-1.977748237550258636e-02
-1.977418921887874603e-02
-1.977179944515228271e-02
-1.977301202714443207e-02
-1.977283321321010590e-02
-1.977078430354595184e-02
-1.977411471307277679e-02
-1.977353543043136597e-02
-1.977411843836307526e-02
-1.977468281984329224e-02
-1.977096311748027802e-02
-1.977114938199520111e-02
-1.977417431771755219e-02
-1.977324299514293671e-02
-1.977348327636718750e-02
-1.976995915174484253e-02
-1.977424696087837219e-02
-1.977285370230674744e-02
-1.977195776998996735e-02
-1.977517828345298767e-02
-1.977319456636905670e-02
-1.976868510246276855e-02
-1.977225579321384430e-02
-1.977100968360900879e-02
-1.977316103875637054e-02
-1.977757550776004791e-02
-1.977179944515228271e-02
-1.977181807160377502e-02
-1.977058500051498413e-02
-1.977318525314331055e-02
-1.977375708520412445e-02
-1.977397128939628601e-02
-1.977223530411720276e-02
-1.977134682238101959e-02
-1.977145113050937653e-02
-1.977309212088584900e-02
-1.977444067597389221e-02
-1.977200619876384735e-02
-1.977117732167243958e-02
-1.977442577481269836e-02
-1.977626048028469086e-02
-1.977224461734294891e-02
-1.977567747235298157e-02
-1.977142319083213806e-02
-1.977514103055000305e-02
-1.977096311748027802e-02
-1.977171748876571655e-02
-1.977045275270938873e-02
-1.977455988526344299e-02
-1.976931653916835785e-02
-1.977395266294479370e-02
-1.977138034999370575e-02
-1.977221108973026276e-02
-1.977335289120674133e-02
-1.977377012372016907e-02
-1.976907625794410706e-02
-1.977192983031272888e-02
-1.977921463549137115e-02
-1.977030374109745026e-02
-1.977237500250339508e-02
-1.977451890707015991e-02
-1.977571845054626465e-02
-1.977345719933509827e-02
-1.977045089006423950e-02
-1.977589726448059082e-02
-1.977578178048133850e-02
-1.977401599287986755e-02
-1.977674290537834167e-02
-1.977373100817203522e-02
-1.977076381444931030e-02
-1.976746879518032074e-02
-1.977033168077468872e-02
-1.977130211889743805e-02
-1.977337896823883057e-02
-1.977260224521160126e-02
-1.976997219026088715e-02
-1.977138966321945190e-02
-1.977181062102317810e-02
-1.977069675922393799e-02
-1.977296918630599976e-02
-1.977087371051311493e-02
-1.977327466011047363e-02
-1.977150887250900269e-02
-1.977127790451049805e-02
-1.977222040295600891e-02
-1.977202668786048889e-02
-1.976986974477767944e-02
-1.977090351283550262e-02
-1.976980641484260559e-02
-1.977212727069854736e-02
-1.977217197418212891e-02
-1.977640017867088318e-02
-1.977371983230113983e-02
-1.976963132619857788e-02
-1.977311074733734131e-02
-1.977495104074478149e-02
-1.976509205996990204e-02
-1.977384649217128754e-02
-1.977527886629104614e-02
-1.977284997701644897e-02
-1.977329514920711517e-02
-1.977503299713134766e-02
-1.977213658392429352e-02
-1.977356150746345520e-02
-1.977212168276309967e-02
-1.977204903960227966e-02
-1.977474614977836609e-02
-1.977058127522468567e-02
-1.977122575044631958e-02
-1.976702362298965454e-02
-1.977484859526157379e-02
-1.977257430553436279e-02
-1.977511495351791382e-02
-1.977149955928325653e-02
-1.977424137294292450e-02
-1.977521181106567383e-02
-1.976938545703887939e-02
-1.977103203535079956e-02
-1.977414824068546295e-02
-1.977323740720748901e-02
-1.977027021348476410e-02
-1.977204158902168274e-02
-1.977336220443248749e-02
-1.977278664708137512e-02
-1.977131329476833344e-02
-1.977168582379817963e-02
-1.977638341486454010e-02
-1.977446675300598145e-02
-1.977322250604629517e-02
-1.977260038256645203e-02
-1.977316848933696747e-02
-1.977202668786048889e-02
-1.977351866662502289e-02
-1.977536454796791077e-02
-1.976916566491127014e-02
-1.977333053946495056e-02
-1.977366209030151367e-02
-1.977564208209514618e-02
-1.977077126502990723e-02
-1.977159827947616577e-02
-1.977006904780864716e-02
-1.977230422198772430e-02
-1.977345347404479980e-02
-1.976869069039821625e-02
-1.977277547121047974e-02
-1.977253518998622894e-02
-1.977461203932762146e-02
-1.977398246526718140e-02
-1.977347768843173981e-02
-1.977211050689220428e-02
-1.976869814097881317e-02
-1.977557502686977386e-02
-1.976918429136276245e-02
-1.977320387959480286e-02
-1.977573335170745850e-02
-1.977534964680671692e-02
-1.977214775979518890e-02
-1.977232843637466431e-02
-1.977181993424892426e-02
-1.977412402629852295e-02
-1.977441646158695221e-02
-1.977257244288921356e-02
-1.977016590535640717e-02
-1.977184973657131195e-02
-1.977193169295787811e-02
-1.976879686117172241e-02
-1.977482810616493225e-02
-1.977536082267761230e-02
-1.977466419339179993e-02
-1.977326720952987671e-02
-1.977466791868209839e-02
-1.977375149726867676e-02
-1.977009139955043793e-02
-1.977307908236980438e-02
-1.977349258959293365e-02
-1.977136544883251190e-02
-1.977204531431198120e-02
-1.977382972836494446e-02
-1.977577805519104004e-02
-1.977230422198772430e-02
-1.977166160941123962e-02
-1.977442763745784760e-02
-1.977015845477581024e-02
-1.976924762129783630e-02
-1.976983062922954559e-02
-1.977241598069667816e-02
-1.977588050067424774e-02
-1.977665536105632782e-02
-1.977160573005676270e-02
-1.977307535707950592e-02
-1.977095007896423340e-02
-1.977001689374446869e-02
-1.976947300136089325e-02
-1.977620460093021393e-02
-1.977574825286865234e-02
-1.977031864225864410e-02
-1.977390795946121216e-02
-1.977099850773811340e-02
-1.977479271590709686e-02
-1.976970955729484558e-02
-1.977506279945373535e-02
-1.977255940437316895e-02
-1.977340504527091980e-02
-1.977357268333435059e-02
-1.977351866662502289e-02
-1.977734640240669250e-02
-1.977433823049068451e-02
-1.977339759469032288e-02
-1.976861804723739624e-02
-1.977363787591457367e-02
-1.977166160941123962e-02
-1.977495662868022919e-02
-1.977301016449928284e-02
-1.977385021746158600e-02
-1.977657526731491089e-02
-1.977247744798660278e-02
-1.977091841399669647e-02
-1.977374218404293060e-02
-1.977199316024780273e-02
-1.977202296257019043e-02
-1.977637037634849548e-02
-1.977313123643398285e-02
-1.977373659610748291e-02
-1.977644674479961395e-02
-1.977585069835186005e-02
-1.978103257715702057e-02
-1.977270096540451050e-02
-1.977207884192466736e-02
-1.977571845054626465e-02
-1.977835409343242645e-02
-1.977405510842800140e-02
-1.977781392633914948e-02
-1.977428793907165527e-02
-1.977332495152950287e-02
-1.977548561990261078e-02
-1.977555826306343079e-02
-1.977155171334743500e-02
-1.977881416678428650e-02
-1.977422647178173065e-02
-1.976862549781799316e-02
-1.977380737662315369e-02
-1.977234147489070892e-02
-1.977097801864147186e-02
-1.977467536926269531e-02
-1.977143622934818268e-02
-1.977504417300224304e-02
-1.977347768843173981e-02
-1.977087184786796570e-02
-1.977108232676982880e-02
-1.977440714836120605e-02
-1.977750100195407867e-02
-1.977393776178359985e-02
-1.977247931063175201e-02
-1.977112330496311188e-02
-1.977757550776004791e-02
-1.977491006255149841e-02
-1.976975798606872559e-02
-1.977331191301345825e-02
-1.977246254682540894e-02
-1.976808905601501465e-02
-1.977127045392990112e-02
-1.977431587874889374e-02
-1.977037638425827026e-02
-1.977575756609439850e-02
-1.977326720952987671e-02
-1.976978778839111328e-02
-1.977432891726493835e-02
-1.977688819169998169e-02
-1.977678760886192322e-02
-1.977526396512985229e-02
-1.977619342505931854e-02
-1.977198384702205658e-02
-1.977103762328624725e-02
-1.977410539984703064e-02
-1.977387443184852600e-02
-1.977171003818511963e-02
-1.977077126502990723e-02
-1.977024413645267487e-02
-1.977096311748027802e-02
-1.977231726050376892e-02
-1.976967602968215942e-02
-1.977537199854850769e-02
-1.977663859724998474e-02
-1.977214775979518890e-02
-1.977499201893806458e-02
-1.977532915771007538e-02
-1.977198570966720581e-02
-1.977317035198211670e-02
-1.977080665528774261e-02
-1.977028697729110718e-02
-1.976826041936874390e-02
-1.977272145450115204e-02
-1.977722160518169403e-02
-1.977104321122169495e-02
-1.977408677339553833e-02
-1.977451518177986145e-02
-1.977160573005676270e-02
-1.976981386542320251e-02
-1.977029070258140564e-02
-1.977014914155006409e-02
-1.976948603987693787e-02
-1.977176032960414886e-02
-1.977279409766197205e-02
-1.977299898862838745e-02
-1.977105811238288879e-02
-1.977124810218811035e-02
-1.977424696087837219e-02
-1.977499388158321381e-02
-1.977322623133659363e-02
-1.977107487618923187e-02
-1.977218501269817352e-02
-1.977049559354782104e-02
-1.977453939616680145e-02
-1.977533847093582153e-02
-1.977239921689033508e-02
-1.977370120584964752e-02
-1.977337338030338287e-02
-1.977137289941310883e-02
-1.977311819791793823e-02
-1.977672055363655090e-02
-1.977024041116237640e-02
-1.977390982210636139e-02
-1.977148652076721191e-02
-1.977037824690341949e-02
-1.977349258959293365e-02
-1.976915821433067322e-02
-1.977134682238101959e-02
-1.977318525314331055e-02
-1.977265812456607819e-02
-1.976737007498741150e-02
-1.977342925965785980e-02
-1.977379061281681061e-02
-1.977099291980266571e-02
-1.977651566267013550e-02
-1.977422833442687988e-02
-1.977136731147766113e-02
-1.977097801864147186e-02
-1.977342925965785980e-02
-1.977353170514106750e-02
-1.977103203535079956e-02
-1.977131143212318420e-02
-1.977179944515228271e-02
-1.977005973458290100e-02
-1.977178454399108887e-02
-1.977399922907352448e-02
-1.977131143212318420e-02
-1.977040246129035950e-02
-1.977475732564926147e-02
-1.977184042334556580e-02
-1.977155916392803192e-02
-1.977529935538768768e-02
-1.977211050689220428e-02
-1.977053657174110413e-02
-1.977585069835186005e-02
-1.977439038455486298e-02
-1.977106928825378418e-02
-1.977417804300785065e-02
-1.976857893168926239e-02
-1.977129280567169189e-02
-1.976950280368328094e-02
-1.976924017071723938e-02
-1.977377757430076599e-02
-1.977344602346420288e-02
-1.977125369012355804e-02
-1.977449096739292145e-02
-1.977027393877506256e-02
-1.977211236953735352e-02
-1.977186463773250580e-02
-1.977364532649517059e-02
-1.977130025625228882e-02
-1.977634429931640625e-02
-1.976952515542507172e-02
-1.977618783712387085e-02
-1.977078430354595184e-02
-1.977251283824443817e-02
-1.977405510842800140e-02
-1.977523043751716614e-02
-1.977105066180229187e-02
-1.977607235312461853e-02
-1.977127231657505035e-02
-1.977255195379257202e-02
-1.977504789829254150e-02
-1.977565884590148926e-02
-1.977246627211570740e-02
-1.977030746638774872e-02
-1.977249048650264740e-02
-1.976839266717433929e-02
-1.976795494556427002e-02
-1.977447606623172760e-02
-1.976776123046875000e-02
-1.977309584617614746e-02
-1.977193355560302734e-02
-1.977345906198024750e-02
-1.977267861366271973e-02
-1.976738311350345612e-02
-1.977359130978584290e-02
-1.977270096540451050e-02
-1.977513544261455536e-02
-1.977136358618736267e-02
-1.977318152785301208e-02
-1.977539993822574615e-02
-1.977612078189849854e-02
-1.977108232676982880e-02
-1.977554894983768463e-02
-1.977274194359779358e-02
-1.977448165416717529e-02
-1.977448724210262299e-02
-1.977200247347354889e-02
-1.977114193141460419e-02
-1.977639831602573395e-02
-1.977286301553249359e-02
-1.977393962442874908e-02
-1.977283321321010590e-02
-1.977085880935192108e-02
-1.977233402431011200e-02
-1.977301947772502899e-02
-1.977523788809776306e-02
-1.977511309087276459e-02
-1.977279782295227051e-02
-1.977197453379631042e-02
-1.977371238172054291e-02
-1.977202296257019043e-02
-1.977377384901046753e-02
-1.977161504328250885e-02
-1.977079920470714569e-02
-1.977221481502056122e-02
-1.977506279945373535e-02
-1.977108232676982880e-02
-1.977218501269817352e-02
-1.976794004440307617e-02
-1.977545768022537231e-02
-1.977140270173549652e-02
-1.977259479463100433e-02
-1.977264136075973511e-02
-1.977654546499252319e-02
-1.977377012372016907e-02
-1.977085322141647339e-02
-1.977271586656570435e-02
-1.977180689573287964e-02
-1.976903527975082397e-02
-1.977423951029777527e-02
-1.977440342307090759e-02
-1.977366581559181213e-02
-1.977550238370895386e-02
-1.977621763944625854e-02
-1.977448910474777222e-02
-1.977385953068733215e-02
-1.977035403251647949e-02
-1.977314800024032593e-02
-1.977425813674926758e-02
-1.977563463151454926e-02
-1.977414451539516449e-02
-1.977192610502243042e-02
-1.977431215345859528e-02
-1.977327466011047363e-02
-1.977480389177799225e-02
-1.977281086146831512e-02
-1.977566629648208618e-02
-1.977698318660259247e-02
-1.977327093482017517e-02
-1.977495849132537842e-02
-1.977526396512985229e-02
-1.977228000760078430e-02
-1.977430097758769989e-02
-1.977436058223247528e-02
-1.977197453379631042e-02
-1.977313123643398285e-02
-1.977181807160377502e-02
-1.977135986089706421e-02
-1.977215707302093506e-02
-1.977333053946495056e-02
-1.977461017668247223e-02
-1.977426744997501373e-02
-1.977158151566982269e-02
-1.977150887250900269e-02
-1.977066509425640106e-02
-1.977210491895675659e-02
-1.977148465812206268e-02
-1.977427303791046143e-02
-1.977374032139778137e-02
-1.976955868303775787e-02
-1.977532170712947845e-02
-1.977492682635784149e-02
-1.977082714438438416e-02
-1.977140456438064575e-02
-1.977138966321945190e-02
-1.977095566689968109e-02
-1.977498829364776611e-02
-1.977296918630599976e-02
-1.977161876857280731e-02
-1.977110467851161957e-02
-1.977271772921085358e-02
-1.977329514920711517e-02
-1.977083832025527954e-02
-1.977207884192466736e-02
-1.977431774139404297e-02
-1.977382227778434753e-02
-1.977106928825378418e-02
-1.977609843015670776e-02
-1.976793631911277771e-02
-1.977134868502616882e-02
-1.977190189063549042e-02
-1.977470517158508301e-02
-1.977219246327877045e-02
-1.978013850748538971e-02
-1.977746561169624329e-02
-1.976811885833740234e-02
-1.977362483739852905e-02
-1.977399922907352448e-02
-1.977739483118057251e-02
-1.977516151964664459e-02
-1.977634243667125702e-02
-1.977104879915714264e-02
-1.977106928825378418e-02
-1.977674476802349091e-02
-1.977167464792728424e-02
-1.977666839957237244e-02
-1.977345906198024750e-02
-1.977544836699962616e-02
-1.977138034999370575e-02
-1.977135054767131805e-02
-1.976958476006984711e-02
-1.977494172751903534e-02
-1.977112889289855957e-02
-1.976802572607994080e-02
-1.977032981812953949e-02
-1.977189816534519196e-02
-1.977124437689781189e-02
-1.977337896823883057e-02
-1.977482996881008148e-02
-1.977479457855224609e-02
-1.977554336190223694e-02
-1.977383904159069061e-02
-1.977172307670116425e-02
-1.977181062102317810e-02
-1.977120153605937958e-02
-1.977586373686790466e-02
-1.977281831204891205e-02
-1.977610588073730469e-02
-1.977370679378509521e-02
-1.977206207811832428e-02
-1.977261155843734741e-02
-1.977330073714256287e-02
-1.977505348622798920e-02
-1.977575384080410004e-02
-1.977373100817203522e-02
-1.977453567087650299e-02
-1.977214775979518890e-02
-1.977298595011234283e-02
-1.977058500051498413e-02
-1.976959779858589172e-02
-1.977381668984889984e-02
-1.977298595011234283e-02
-1.977652125060558319e-02
-1.977412216365337372e-02
-1.977699249982833862e-02
-1.977344602346420288e-02
-1.977143622934818268e-02
-1.977392286062240601e-02
-1.977175287902355194e-02
-1.977372914552688599e-02
-1.977055333554744720e-02
-1.977361179888248444e-02
-1.977379992604255676e-02
-1.977189444005489349e-02
-1.977301575243473053e-02
-1.977096498012542725e-02
-1.977433077991008759e-02
-1.976969651877880096e-02
-1.977374777197837830e-02
-1.977297477424144745e-02
-1.977123692631721497e-02
-1.977237872779369354e-02
-1.976967602968215942e-02
-1.977153867483139038e-02
-1.977253705263137817e-02
-1.977311633527278900e-02
-1.977354288101196289e-02
-1.977049559354782104e-02
-1.977724954485893250e-02
-1.977471262216567993e-02
-1.977073028683662415e-02
-1.977198570966720581e-02
-1.977302506566047668e-02
-1.976833492517471313e-02
-1.977283321321010590e-02
-1.977241784334182739e-02
-1.977134309709072113e-02
-1.977142691612243652e-02
-1.976971887052059174e-02
-1.976797729730606079e-02
-1.977136358618736267e-02
-1.977255195379257202e-02
-1.977298595011234283e-02
-1.977778412401676178e-02
-1.977327838540077209e-02
-1.977323740720748901e-02
-1.977185718715190887e-02
-1.977396756410598755e-02
-1.977420970797538757e-02
-1.977821625769138336e-02
-1.977376267313957214e-02
-1.977582648396492004e-02
-1.977281272411346436e-02
-1.977325044572353363e-02
-1.977214775979518890e-02
-1.977076567709445953e-02
-1.977468095719814301e-02
-1.977415941655635834e-02
-1.977173425257205963e-02
-1.977268233895301819e-02
-1.977004483342170715e-02
-1.977095752954483032e-02
-1.977212540805339813e-02
-1.977049931883811951e-02
-1.977353543043136597e-02
-1.977586001157760620e-02
-1.977061480283737183e-02
-1.976973749697208405e-02
-1.977207511663436890e-02
-1.977572590112686157e-02
-1.977202296257019043e-02
-1.976722292602062225e-02
-1.976964622735977173e-02
-1.977407559752464294e-02
-1.976937055587768555e-02
-1.977278664708137512e-02
-1.977321133017539978e-02
-1.977399364113807678e-02
-1.976969279348850250e-02
-1.977253518998622894e-02
-1.977218128740787506e-02
-1.977620273828506470e-02
-1.977001130580902100e-02
-1.976867578923702240e-02
-1.977253518998622894e-02
-1.977093890309333801e-02
-1.977172493934631348e-02
-1.977127417922019958e-02
-1.977243646979331970e-02
-1.977695897221565247e-02
-1.977208256721496582e-02
-1.977330073714256287e-02
-1.977026835083961487e-02
-1.977385953068733215e-02
-1.977372728288173676e-02
-1.977175474166870117e-02
-1.977565884590148926e-02
-1.977127790451049805e-02
-1.977244019508361816e-02
-1.977449096739292145e-02
-1.977198570966720581e-02
-1.977440342307090759e-02
-1.977632381021976471e-02
-1.976987347006797791e-02
-1.977391541004180908e-02
-1.976902224123477936e-02
-1.977507025003433228e-02
-1.977368444204330444e-02
-1.977754570543766022e-02
-1.977141015231609344e-02
-1.977303624153137207e-02
-1.977245323359966278e-02
-1.977910101413726807e-02
-1.977581717073917389e-02
-1.976860500872135162e-02
-1.977194286882877350e-02
-1.977479457855224609e-02
-1.977700926363468170e-02
-1.977305486798286438e-02
-1.977333053946495056e-02
-1.977266371250152588e-02
-1.977321319282054901e-02
-1.977365836501121521e-02
-1.977169513702392578e-02
-1.977347955107688904e-02
-1.977178454399108887e-02
-1.977345347404479980e-02
-1.977158151566982269e-02
-1.977166905999183655e-02
-1.976621896028518677e-02
-1.977319084107875824e-02
-1.977325975894927979e-02
-1.977458409965038300e-02
-1.977543532848358154e-02
-1.977495290338993073e-02
-1.977653056383132935e-02
-1.977182924747467041e-02
-1.976949907839298248e-02
-1.976709626615047455e-02
-1.977096498012542725e-02
-1.976934075355529785e-02
-1.977206580340862274e-02
-1.977393776178359985e-02
-1.977028325200080872e-02
-1.977515779435634613e-02
-1.977331005036830902e-02
-1.977198757231235504e-02
-1.976983621716499329e-02
-1.977013610303401947e-02
-1.977108232676982880e-02
-1.977232098579406738e-02
-1.977257803082466125e-02
-1.977110467851161957e-02
-1.977290026843547821e-02
-1.977153867483139038e-02
-1.977305859327316284e-02
-1.977599970996379852e-02
-1.977291330695152283e-02
-1.977414265275001526e-02
-1.977001503109931946e-02
-1.976909302175045013e-02
-1.977489516139030457e-02
-1.977141574025154114e-02
-1.977634988725185394e-02
-1.977286674082279205e-02
-1.977347210049629211e-02
-1.977326907217502594e-02
-1.977766864001750946e-02
-1.977349631488323212e-02
-1.977220550179481506e-02
-1.977548561990261078e-02
-1.978235319256782532e-02
-1.977311633527278900e-02
-1.977528072893619537e-02
-1.977423205971717834e-02
-1.977424696087837219e-02
-1.977382414042949677e-02
-1.977444067597389221e-02
-1.976919732987880707e-02
-1.977403834462165833e-02
-1.977493427693843842e-02
-1.977454870939254761e-02
-1.977383717894554138e-02
-1.977394521236419678e-02
-1.977029256522655487e-02
-1.977233588695526123e-02
-1.976760104298591614e-02
-1.977297663688659668e-02
-1.977426744997501373e-02
-1.977167651057243347e-02
-1.977010816335678101e-02
-1.977162808179855347e-02
-1.977565884590148926e-02
-1.977091655135154724e-02
-1.977046579122543335e-02
-1.977276057004928589e-02
-1.977416127920150757e-02
-1.977134123444557190e-02
-1.977581158280372620e-02
-1.977440156042575836e-02
-1.977306604385375977e-02
-1.977387629449367523e-02
-1.977317407727241516e-02
-1.977461203932762146e-02
-1.977207325398921967e-02
-1.977141574025154114e-02
-1.977453567087650299e-02
-1.977613009512424469e-02
-1.977303624153137207e-02
-1.977286301553249359e-02
-1.977698318660259247e-02
-1.977340877056121826e-02
-1.977379061281681061e-02
-1.977571845054626465e-02
-1.977484300732612610e-02
-1.977328769862651825e-02
-1.977571099996566772e-02
-1.977532543241977692e-02
-1.976981386542320251e-02
-1.977382600307464600e-02
-1.976602897047996521e-02
-1.977068558335304260e-02
-1.977111026644706726e-02
-1.977380365133285522e-02
-1.977127045392990112e-02
-1.977398619055747986e-02
-1.976931653916835785e-02
-1.977672614157199860e-02
-1.977082155644893646e-02
-1.977348327636718750e-02
-1.977111771702766418e-02
-1.977062225341796875e-02
-1.977468468248844147e-02
-1.977203227579593658e-02
-1.977314800024032593e-02
-1.977213844656944275e-02
-1.977172493934631348e-02
-1.977183669805526733e-02
-1.977041922509670258e-02
-1.977190934121608734e-02
-1.977129839360713959e-02
-1.976726762950420380e-02
-1.977194286882877350e-02
-1.977536082267761230e-02
-1.977203600108623505e-02
-1.977133378386497498e-02
-1.977070793509483337e-02
-1.977267675101757050e-02
-1.976924948394298553e-02
-1.977085694670677185e-02
-1.977422833442687988e-02
-1.977530866861343384e-02
-1.977212540805339813e-02
-1.977189257740974426e-02
-1.977055147290229797e-02
-1.977495290338993073e-02
-1.977215521037578583e-02
-1.977599225938320160e-02
-1.977353543043136597e-02
-1.977486535906791687e-02
-1.977346651256084442e-02
-1.977726630866527557e-02
-1.977520622313022614e-02
-1.977540366351604462e-02
-1.977438665926456451e-02
-1.977765560150146484e-02
-1.977475732564926147e-02
-1.977327279746532440e-02
-1.977157406508922577e-02
-1.977355591952800751e-02
-1.977396942675113678e-02
-1.977530866861343384e-02
-1.977031305432319641e-02
-1.977073401212692261e-02
-1.977260224521160126e-02
-1.977211236953735352e-02
-1.977412775158882141e-02
-1.977312006056308746e-02
-1.977567933499813080e-02
-1.977209374308586121e-02
-1.977230049669742584e-02
-1.977352611720561981e-02
-1.977564208209514618e-02
-1.977401413023471832e-02
-1.977319642901420593e-02
-1.977417431771755219e-02
-1.976930722594261169e-02
-1.977092958986759186e-02
-1.976929977536201477e-02
-1.977334730327129364e-02
-1.977321878075599670e-02
-1.976961828768253326e-02
-1.977274939417839050e-02
-1.977147720754146576e-02
-1.977387629449367523e-02
-1.977439969778060913e-02
-1.977404393255710602e-02
-1.977307349443435669e-02
-1.977189816534519196e-02
-1.977252960205078125e-02
-1.977594010531902313e-02
-1.977611519396305084e-02
-1.977242343127727509e-02
-1.977479085326194763e-02
-1.977571845054626465e-02
-1.977684535086154938e-02
-1.977528072893619537e-02
-1.977548003196716309e-02
-1.977318525314331055e-02
-1.977119408547878265e-02
-1.977511495351791382e-02
-1.977413520216941833e-02
-1.977553404867649078e-02
-1.977252587676048279e-02
-1.977617479860782623e-02
-1.977550983428955078e-02
-1.977469399571418762e-02
-1.977450028061866760e-02
-1.977763883769512177e-02
-1.977313123643398285e-02
-1.977167837321758270e-02
-1.977203227579593658e-02
-1.977593451738357544e-02
-1.977542974054813385e-02
-1.977584324777126312e-02
-1.977332681417465210e-02
-1.977435313165187836e-02
-1.977671496570110321e-02
-1.977402530610561371e-02
-1.977046951651573181e-02
-1.977294310927391052e-02
-1.977471448481082916e-02
-1.977155357599258423e-02
-1.977165415883064270e-02
-1.977282389998435974e-02
-1.977130211889743805e-02
-1.977233961224555969e-02
-1.977375708520412445e-02
-1.977049559354782104e-02
-1.977629028260707855e-02
-1.976948231458663940e-02
-1.977764070034027100e-02
-1.977453753352165222e-02
-1.977233029901981354e-02
-1.977392844855785370e-02
-1.977092027664184570e-02
-1.977183483541011810e-02
-1.977448537945747375e-02
-1.977321505546569824e-02
-1.976901851594448090e-02
-1.977373100817203522e-02
-1.977042667567729950e-02
-1.977119781076908112e-02
-1.977259479463100433e-02
-1.977252028882503510e-02
-1.976921223104000092e-02
-1.977454498410224915e-02
-1.977371051907539368e-02
-1.977422088384628296e-02
-1.977465488016605377e-02
-1.976913213729858398e-02
-1.977427676320075989e-02
-1.977319084107875824e-02
-1.977382972836494446e-02
-1.977271586656570435e-02
-1.977541297674179077e-02
-1.977520808577537537e-02
-1.976920664310455322e-02
-1.977008208632469177e-02
-1.977114379405975342e-02
-1.977533102035522461e-02
-1.977679692208766937e-02
-1.977645605802536011e-02
-1.977389492094516754e-02
-1.977078057825565338e-02
-1.977425441145896912e-02
-1.976909115910530090e-02
-1.977359130978584290e-02
-1.977049186825752258e-02
-1.977491006255149841e-02
-1.977595686912536621e-02
-1.977105811238288879e-02
-1.977189816534519196e-02
-1.977059245109558105e-02
-1.977280527353286743e-02
-1.977380365133285522e-02
-1.977338455617427826e-02
-1.977346837520599365e-02
-1.977355219423770905e-02
-1.977673731744289398e-02
-1.977187953889369965e-02
-1.977501437067985535e-02
-1.977028325200080872e-02
-1.976771093904972076e-02
-1.977642625570297241e-02
-1.977077126502990723e-02
-1.977568864822387695e-02
-1.977541297674179077e-02
-1.977423764765262604e-02
-1.977376453578472137e-02
-1.977594569325447083e-02
-1.977251097559928894e-02
-1.977090351283550262e-02
-1.977471448481082916e-02
-1.977275125682353973e-02
-1.977133750915527344e-02
-1.977284625172615051e-02
-1.977110840380191803e-02
-1.977332308888435364e-02
-1.977455243468284607e-02
-1.977524161338806152e-02
-1.977465674281120300e-02
-1.977632753551006317e-02
-1.977137103676795959e-02
-1.977848261594772339e-02
-1.977228000760078430e-02
-1.976987719535827637e-02
-1.977218687534332275e-02
-1.977209188044071198e-02
-1.977295055985450745e-02
-1.976892165839672089e-02
-1.976778171956539154e-02
-1.977404206991195679e-02
-1.977314054965972900e-02
-1.977510377764701843e-02
-1.978085562586784363e-02
-1.977133378386497498e-02
-1.977189444005489349e-02
-1.977259851992130280e-02
-1.977202855050563812e-02
-1.977225579321384430e-02
-1.977353170514106750e-02
-1.977759599685668945e-02
-1.977204531431198120e-02
-1.977219432592391968e-02
-1.977478712797164917e-02
-1.977419480681419373e-02
-1.977204717695713043e-02
-1.977007463574409485e-02
-1.977723650634288788e-02
-1.977833174169063568e-02
-1.977857202291488647e-02
-1.977332495152950287e-02
-1.977287791669368744e-02
-1.977150887250900269e-02
-1.977548748254776001e-02
-1.977249607443809509e-02
-1.977754198014736176e-02
-1.977565512061119080e-02
-1.977377571165561676e-02
-1.977222785353660583e-02
-1.977426558732986450e-02
-1.977363228797912598e-02
-1.977115683257579803e-02
-1.977592334151268005e-02
-1.977149210870265961e-02
-1.977187208831310272e-02
-1.977466419339179993e-02
-1.977329701185226440e-02
-1.977008581161499023e-02
-1.977491937577724457e-02
-1.977259293198585510e-02
-1.977018266916275024e-02
-1.977495849132537842e-02
-1.977147907018661499e-02
-1.977718807756900787e-02
-1.977314613759517670e-02
-1.977300457656383514e-02
-1.977065205574035645e-02
-1.977269351482391357e-02
-1.977345906198024750e-02
-1.977447047829627991e-02
-1.977138966321945190e-02
-1.977417431771755219e-02
-1.977273263037204742e-02
-1.977480016648769379e-02
-1.977733895182609558e-02
-1.977602392435073853e-02
-1.977350190281867981e-02
-1.977454125881195068e-02
-1.977646909654140472e-02
-1.977263204753398895e-02
-1.977394334971904755e-02
-1.977035216987133026e-02
-1.977040991187095642e-02
-1.977308467030525208e-02
-1.977390050888061523e-02
-1.977559551596641541e-02
-1.977287977933883667e-02
-1.977545022964477539e-02
-1.977688819169998169e-02
-1.977354846894741058e-02
-1.977538876235485077e-02
-1.977055333554744720e-02
-1.977325417101383209e-02
-1.977504417300224304e-02
-1.977206207811832428e-02
-1.977347955107688904e-02
-1.977675780653953552e-02
-1.977435313165187836e-02
-1.977434009313583374e-02
-1.977285370230674744e-02
-1.977763324975967407e-02
-1.977540366351604462e-02
-1.977309025824069977e-02
-1.977375708520412445e-02
-1.977156475186347961e-02
-1.977539621293544769e-02
-1.977364532649517059e-02
-1.977413892745971680e-02
-1.977578364312648773e-02
-1.977383345365524292e-02
-1.977284066379070282e-02
-1.977365091443061829e-02
-1.977233588695526123e-02
-1.977065578103065491e-02
-1.977100968360900879e-02
-1.977429352700710297e-02
-1.977305486798286438e-02
-1.977098546922206879e-02
-1.977346278727054596e-02
-1.977552846074104309e-02
-1.977456174790859222e-02
-1.977305114269256592e-02
-1.977486349642276764e-02
-1.977523416280746460e-02
-1.977251283824443817e-02
-1.977002620697021484e-02
-1.977002620697021484e-02
-1.977003552019596100e-02
-1.977326348423957825e-02
-1.977797225117683411e-02
-1.977328769862651825e-02
-1.977279596030712128e-02
-1.977228373289108276e-02
-1.977529004216194153e-02
-1.977550983428955078e-02
-1.977125741541385651e-02
-1.977243274450302124e-02
-1.976910606026649475e-02
-1.977402903139591217e-02
-1.977189257740974426e-02
-1.977439597249031067e-02
-1.977606862783432007e-02
-1.977426372468471527e-02
-1.977384649217128754e-02
-1.977202668786048889e-02
-1.977225206792354584e-02
-1.977578364312648773e-02
-1.977184973657131195e-02
-1.976879872381687164e-02
-1.976932398974895477e-02
-1.977187767624855042e-02
-1.977028697729110718e-02
-1.977204158902168274e-02
-1.977380737662315369e-02
-1.977070793509483337e-02
-1.977649144828319550e-02
-1.977639272809028625e-02
-1.977877877652645111e-02
-1.977168396115303040e-02
-1.977225206792354584e-02
-1.977313123643398285e-02
-1.977134495973587036e-02
-1.977348327636718750e-02
-1.977238059043884277e-02
-1.977347210049629211e-02
-1.977325044572353363e-02
-1.977360807359218597e-02
-1.976732164621353149e-02
-1.977030932903289795e-02
-1.977546326816082001e-02
-1.977114751935005188e-02
-1.977417804300785065e-02
-1.977660506963729858e-02
-1.977244019508361816e-02
-1.977196894586086273e-02
-1.977108791470527649e-02
-1.977412961423397064e-02
-1.977666094899177551e-02
-1.977101527154445648e-02
-1.977491937577724457e-02
-1.977178081870079041e-02
-1.977087929844856262e-02
-1.977085508406162262e-02
-1.977384649217128754e-02
-1.977443695068359375e-02
-1.977669075131416321e-02
-1.977530680596828461e-02
-1.977339014410972595e-02
-1.977080851793289185e-02
-1.977596618235111237e-02
-1.977448910474777222e-02
-1.977335475385189056e-02
-1.977678388357162476e-02
-1.977310515940189362e-02
-1.977659389376640320e-02
-1.977038197219371796e-02
-1.977425441145896912e-02
-1.977542415261268616e-02
-1.976810395717620850e-02
-1.976565830409526825e-02
-1.976862177252769470e-02
-1.976709812879562378e-02
-1.976669952273368835e-02
-1.977239362895488739e-02
-1.977456547319889069e-02
-1.977313868701457977e-02
-1.977384090423583984e-02
-1.977468095719814301e-02
-1.977475360035896301e-02
-1.977072097361087799e-02
-1.977447047829627991e-02
-1.977567374706268311e-02
-1.977437362074851990e-02
-1.977704279124736786e-02
-1.977553777396678925e-02
-1.977233402431011200e-02
-1.977485418319702148e-02
-1.977302879095077515e-02
-1.977296918630599976e-02
-1.977106183767318726e-02
-1.977351866662502289e-02
-1.977438107132911682e-02
-1.977238804101943970e-02
-1.976847648620605469e-02
-1.976625993847846985e-02
-1.976837962865829468e-02
-1.977423392236232758e-02
-1.977492310106754303e-02
-1.977797411382198334e-02
-1.977648958563804626e-02
-1.976702548563480377e-02
-1.977029256522655487e-02
-1.977076753973960876e-02
-1.977593824267387390e-02
-1.977434381842613220e-02
-1.976957917213439941e-02
-1.977326907217502594e-02
-1.977199874818325043e-02
-1.976981200277805328e-02
-1.977872103452682495e-02
-1.977384835481643677e-02
-1.977483183145523071e-02
-1.977524906396865845e-02
-1.976983062922954559e-02
-1.977365091443061829e-02
-1.977579109370708466e-02
-1.977297291159629822e-02
-1.977407932281494141e-02
-1.977142319083213806e-02
-1.977294310927391052e-02
-1.977227069437503815e-02
-1.977322809398174286e-02
-1.977423392236232758e-02
-1.977350190281867981e-02
-1.977410539984703064e-02
-1.976985298097133636e-02
-1.977521181106567383e-02
-1.976888999342918396e-02
-1.976926624774932861e-02
-1.977443322539329529e-02
-1.977212727069854736e-02
-1.977400109171867371e-02
-1.977127231657505035e-02
-1.977139338850975037e-02
-1.976585946977138519e-02
-1.977330446243286133e-02
-1.977365091443061829e-02
-1.976987160742282867e-02
-1.977360248565673828e-02
-1.977403834462165833e-02
-1.977278292179107666e-02
-1.977144554257392883e-02
-1.977280713617801666e-02
-1.977615430951118469e-02
-1.977435499429702759e-02
-1.977367326617240906e-02
-1.977371424436569214e-02
-1.977651752531528473e-02
-1.977564208209514618e-02
-1.977497898042201996e-02
-1.977647654712200165e-02
-1.977127417922019958e-02
-1.977135613560676575e-02
-1.977704279124736786e-02
-1.977602206170558929e-02
-1.977240480482578278e-02
-1.977615989744663239e-02
-1.976958848536014557e-02
-1.977279409766197205e-02
-1.977333053946495056e-02
-1.977114751935005188e-02
-1.977382041513919830e-02
-1.977353543043136597e-02
-1.977334357798099518e-02
-1.976926252245903015e-02
-1.977085508406162262e-02
-1.977155171334743500e-02
-1.977326534688472748e-02
-1.977291330695152283e-02
-1.977378875017166138e-02
-1.977330446243286133e-02
-1.977326907217502594e-02
-1.977191306650638580e-02
-1.977098919451236725e-02
-1.977242343127727509e-02
-1.977285370230674744e-02
-1.977562904357910156e-02
-1.977078616619110107e-02
-1.977007463574409485e-02
-1.977585069835186005e-02
-1.977207697927951813e-02
-1.976908370852470398e-02
-1.977385953068733215e-02
-1.977276057004928589e-02
-1.977540552616119385e-02
-1.977223902940750122e-02
-1.977191306650638580e-02
-1.976789347827434540e-02
-1.976825669407844543e-02
-1.977267302572727203e-02
-1.977379992604255676e-02
-1.977369189262390137e-02
-1.977414451539516449e-02
-1.977333240211009979e-02
-1.977192237973213196e-02
-1.977382227778434753e-02
-1.977361738681793213e-02
-1.977109722793102264e-02
-1.977077685296535492e-02
-1.977449469268321991e-02
-1.977827213704586029e-02
-1.977206394076347351e-02
-1.977146230638027191e-02
-1.977187953889369965e-02
-1.977296918630599976e-02
-1.976943574845790863e-02
-1.977223716676235199e-02
-1.978058554232120514e-02
-1.977377757430076599e-02
-1.977270469069480896e-02
-1.977119408547878265e-02
-1.977064833045005798e-02
-1.977587118744850159e-02
-1.977491192519664764e-02
-1.977160945534706116e-02
-1.976592279970645905e-02
-1.977014541625976562e-02
-1.977705024182796478e-02
-1.976972073316574097e-02
-1.977605931460857391e-02
-1.977437175810337067e-02
-1.977868191897869110e-02
-1.977621577680110931e-02
-1.977370120584964752e-02
-1.977662183344364166e-02
-1.977499760687351227e-02
-1.976937055587768555e-02
-1.976887509226799011e-02
-1.977036334574222565e-02
-1.977117732167243958e-02
-1.976969838142395020e-02
-1.976913213729858398e-02
-1.977217011153697968e-02
-1.977174729108810425e-02
-1.977061107754707336e-02
-1.977024972438812256e-02
-1.976959221065044403e-02
-1.977355219423770905e-02
-1.976780034601688385e-02
-1.977002061903476715e-02
-1.977586746215820312e-02
-1.977309584617614746e-02
-1.976874098181724548e-02
-1.977047324180603027e-02
-1.977317407727241516e-02
-1.977406814694404602e-02
-1.977230980992317200e-02
-1.976920105516910553e-02
-1.977359503507614136e-02
-1.977360807359218597e-02
-1.977358199656009674e-02
-1.977348886430263519e-02
-1.977279037237167358e-02
-1.977412775158882141e-02
-1.977349072694778442e-02
-1.977224461734294891e-02
-1.977544650435447693e-02
-1.977840811014175415e-02
-1.977288350462913513e-02
-1.977374032139778137e-02
-1.976990140974521637e-02
-1.977393776178359985e-02
-1.977244578301906586e-02
-1.977244764566421509e-02
-1.977240294218063354e-02
-1.977213472127914429e-02
-1.977241039276123047e-02
-1.977577805519104004e-02
-1.977504603564739227e-02
-1.977075450122356415e-02
-1.977456919848918915e-02
-1.977353915572166443e-02
-1.977375708520412445e-02
-1.977013796567916870e-02
-1.977204345166683197e-02
-1.977164112031459808e-02
-1.977557502686977386e-02
-1.977053284645080566e-02
-1.977241970598697662e-02
-1.977382414042949677e-02
-1.977362483739852905e-02
-1.977499946951866150e-02
-1.977376453578472137e-02
-1.977399550378322601e-02
-1.977472566068172455e-02
-1.977318897843360901e-02
-1.977603882551193237e-02
-1.977175846695899963e-02
-1.977538689970970154e-02
-1.977181248366832733e-02
-1.977341435849666595e-02
-1.977379992604255676e-02
-1.977335847914218903e-02
-1.977292075753211975e-02
-1.977123133838176727e-02
-1.977169141173362732e-02
-1.976960524916648865e-02
-1.977368444204330444e-02
-1.977604441344738007e-02
-1.977660879492759705e-02
-1.977055147290229797e-02
-1.977455057203769684e-02
-1.977318525314331055e-02
-1.977609470486640930e-02
-1.977182365953922272e-02
-1.977276429533958435e-02
-1.977573148906230927e-02
-1.977403275668621063e-02
-1.977282576262950897e-02
-1.977194659411907196e-02
-1.977013424038887024e-02
-1.977570168673992157e-02
-1.976593397557735443e-02
-1.976871490478515625e-02
-1.977288350462913513e-02
-1.977474428713321686e-02
-1.976929418742656708e-02
-1.977198198437690735e-02
-1.977174356579780579e-02
-1.977271772921085358e-02
-1.976955868303775787e-02
-1.977000199258327484e-02
-1.977196894586086273e-02
-1.976980641484260559e-02
-1.977548003196716309e-02
-1.977547071874141693e-02
-1.977178081870079041e-02
-1.977449469268321991e-02
-1.977471075952053070e-02
-1.976663805544376373e-02
-1.976891793310642242e-02
-1.977382414042949677e-02
-1.977299526333808899e-02
-1.977097988128662109e-02
-1.977666653692722321e-02
-1.977408304810523987e-02
-1.977014541625976562e-02
-1.977641507983207703e-02
-1.977248489856719971e-02
-1.977510750293731689e-02
-1.977091655135154724e-02
-1.977079734206199646e-02
-1.976744644343852997e-02
-1.977247558534145355e-02
-1.976841688156127930e-02
-1.977265998721122742e-02
-1.977177523076534271e-02
-1.977190934121608734e-02
-1.977162621915340424e-02
-1.977380737662315369e-02
-1.977509260177612305e-02
-1.977824047207832336e-02
-1.977505348622798920e-02
-1.977444253861904144e-02
-1.977133564651012421e-02
-1.977277360856533051e-02
-1.977210491895675659e-02
-1.977195776998996735e-02
-1.976962946355342865e-02
-1.977030187845230103e-02
-1.976861804723739624e-02
-1.977287605404853821e-02
-1.977183856070041656e-02
-1.977104879915714264e-02
-1.976948603987693787e-02
-1.977513357996940613e-02
-1.976976357400417328e-02
-1.977161504328250885e-02
-1.977775245904922485e-02
-1.977491378784179688e-02
-1.977088302373886108e-02
-1.977269724011421204e-02
-1.977528072893619537e-02
-1.977293938398361206e-02
-1.977262273430824280e-02
-1.977321878075599670e-02
-1.977664791047573090e-02
-1.977451890707015991e-02
-1.977437734603881836e-02
-1.977349817752838135e-02
-1.977102831006050110e-02
-1.976975426077842712e-02
-1.977238990366458893e-02
-1.977462321519851685e-02
-1.977301761507987976e-02
-1.977279409766197205e-02
-1.977189630270004272e-02
-1.977094635367393494e-02
-1.977263204753398895e-02
-1.977494917809963226e-02
-1.977759227156639099e-02
-1.977089978754520416e-02
-1.977287046611309052e-02
-1.977158151566982269e-02
-1.977284811437129974e-02
-1.977002248167991638e-02
-1.977011933922767639e-02
-1.977393403649330139e-02
-1.977448537945747375e-02
-1.977453194558620453e-02
-1.977449283003807068e-02
-1.977217942476272583e-02
-1.977491006255149841e-02
-1.977265439927577972e-02
-1.977556385099887848e-02
-1.977444253861904144e-02
-1.977587863802909851e-02
-1.976953074336051941e-02
-1.977216638624668121e-02
-1.976861804723739624e-02
-1.977376081049442291e-02
-1.977122388780117035e-02
-1.977346092462539673e-02
-1.977764442563056946e-02
-1.977142691612243652e-02
-1.977391354739665985e-02
-1.977231353521347046e-02
-1.977038197219371796e-02
-1.977506093680858612e-02
-1.976955868303775787e-02
-1.977149024605751038e-02
-1.977450214326381683e-02
-1.977269351482391357e-02
-1.977587677538394928e-02
-1.977097988128662109e-02
-1.977311819791793823e-02
-1.976970769464969635e-02
-1.977634429931640625e-02
-1.977605745196342468e-02
-1.976883038878440857e-02
-1.977275125682353973e-02
-1.977422088384628296e-02
-1.977012865245342255e-02
-1.977185718715190887e-02
-1.977128349244594574e-02
-1.977591030299663544e-02
-1.977471448481082916e-02
-1.977081410586833954e-02
-1.977213472127914429e-02
-1.977521181106567383e-02
-1.977515965700149536e-02
-1.977440156042575836e-02
-1.977401971817016602e-02
-1.977807842195034027e-02
-1.977733708918094635e-02
-1.977632753551006317e-02
-1.977119594812393188e-02
-1.977527141571044922e-02
-1.977562159299850464e-02
-1.977803371846675873e-02
-1.977761089801788330e-02
-1.977395638823509216e-02
-1.977559924125671387e-02
-1.976983062922954559e-02
-1.977442204952239990e-02
-1.977067440748214722e-02
-1.977307163178920746e-02
-1.977287791669368744e-02
-1.977073773741722107e-02
-1.977175846695899963e-02
-1.977575384080410004e-02
-1.977625861763954163e-02
-1.977577060461044312e-02
-1.977427117526531219e-02
-1.977450773119926453e-02
-1.976965740323066711e-02
-1.977685466408729553e-02
-1.977723464369773865e-02
-1.977174729108810425e-02
-1.976723782718181610e-02
-1.976596191525459290e-02
-1.977464929223060608e-02
-1.977344416081905365e-02
-1.977086812257766724e-02
-1.977234892547130585e-02
-1.977396011352539062e-02
-1.977091282606124878e-02
-1.977352052927017212e-02
-1.976951956748962402e-02
-1.977324485778808594e-02
-1.977141946554183960e-02
-1.977357827126979828e-02
-1.977332681417465210e-02
-1.977284066379070282e-02
-1.977427117526531219e-02
-1.977042481303215027e-02
-1.977523788809776306e-02
-1.977216452360153198e-02
-1.977265812456607819e-02
-1.977357268333435059e-02
-1.977071724832057953e-02
-1.977570168673992157e-02
-1.977622136473655701e-02
-1.976984180510044098e-02
-1.977507770061492920e-02
-1.977412775158882141e-02
-1.977492310106754303e-02
-1.977339386940002441e-02
-1.977862231433391571e-02
-1.977081038057804108e-02
-1.977528072893619537e-02
-1.977107860147953033e-02
-1.977440714836120605e-02
-1.977435685694217682e-02
-1.977348886430263519e-02
-1.977311447262763977e-02
-1.977114193141460419e-02
-1.977331005036830902e-02
-1.977659203112125397e-02
-1.977271959185600281e-02
-1.977240666747093201e-02
-1.977076940238475800e-02
-1.977570913732051849e-02
-1.977473124861717224e-02
-1.977265439927577972e-02
-1.977270469069480896e-02
-1.977347210049629211e-02
-1.977249607443809509e-02
-1.977377757430076599e-02
-1.977597177028656006e-02
-1.977064833045005798e-02
-1.976997219026088715e-02
-1.977298595011234283e-02
-1.977116428315639496e-02
-1.977069489657878876e-02
-1.977185346186161041e-02
-1.977184414863586426e-02
-1.977790147066116333e-02
-1.977291516959667206e-02
-1.977429911494255066e-02
-1.977323554456233978e-02
-1.977491937577724457e-02
-1.977478712797164917e-02
-1.977123692631721497e-02
-1.977496594190597534e-02
-1.977228373289108276e-02
-1.977397873997688293e-02
-1.977373473346233368e-02
-1.977263391017913818e-02
-1.977368816733360291e-02
-1.976925134658813477e-02
-1.977393031120300293e-02
-1.977411843836307526e-02
-1.977242529392242432e-02
-1.976967975497245789e-02
-1.977604627609252930e-02
-1.977521739900112152e-02
-1.977197639644145966e-02
-1.977195218205451965e-02
-1.977289468050003052e-02
-1.977247558534145355e-02
-1.977313868701457977e-02
-1.977394893765449524e-02
-1.977559551596641541e-02
-1.977146603167057037e-02
-1.977500692009925842e-02
-1.976796612143516541e-02
-1.977016404271125793e-02
-1.976943388581275940e-02
-1.977358199656009674e-02
-1.977130211889743805e-02
-1.977136358618736267e-02
-1.977411471307277679e-02
-1.977572776377201080e-02
-1.977681741118431091e-02
-1.977236010134220123e-02
-1.977667212486267090e-02
-1.977766118943691254e-02
-1.977375894784927368e-02
-1.977838948369026184e-02
-1.977427862584590912e-02
-1.977341994643211365e-02
-1.977836713194847107e-02
-1.977353170514106750e-02
-1.976978778839111328e-02
-1.977015845477581024e-02
-1.977147907018661499e-02
-1.977333053946495056e-02
-1.977057568728923798e-02
-1.977429352700710297e-02
-1.977629773318767548e-02
-1.977399550378322601e-02
-1.977390423417091370e-02
-1.977331377565860748e-02
-1.977464184165000916e-02
-1.977677457034587860e-02
-1.977277733385562897e-02
-1.977157592773437500e-02
-1.977054774761199951e-02
-1.977002248167991638e-02
-1.977680437266826630e-02
-1.977661065757274628e-02
-1.977097801864147186e-02
-1.977304741740226746e-02
-1.977019384503364563e-02
-1.976832374930381775e-02
-1.977324113249778748e-02
-1.977216266095638275e-02
-1.977311633527278900e-02
-1.977447234094142914e-02
-1.977428421378135681e-02
-1.977311447262763977e-02
-1.977295614778995514e-02
-1.977188326418399811e-02
-1.977485045790672302e-02
-1.976821199059486389e-02
-1.977403834462165833e-02
-1.977317407727241516e-02
-1.977419480681419373e-02
-1.977392286062240601e-02
-1.977563276886940002e-02
-1.977362111210823059e-02
-1.977379247546195984e-02
-1.977554894983768463e-02
-1.977157220244407654e-02
-1.977189257740974426e-02
-1.977221481502056122e-02
-1.976917311549186707e-02
-1.977085135877132416e-02
-1.977365463972091675e-02
-1.977410167455673218e-02
-1.977922953665256500e-02
-1.978009752929210663e-02
-1.977244950830936432e-02
-1.977647654712200165e-02
-1.977168023586273193e-02
-1.977836526930332184e-02
-1.977416500449180603e-02
-1.977863907814025879e-02
-1.977207511663436890e-02
-1.977298967540264130e-02
-1.977539062500000000e-02
-1.977052539587020874e-02
-1.977757550776004791e-02
-1.977197639644145966e-02
-1.977507583796977997e-02
-1.977634429931640625e-02
-1.977704837918281555e-02
-1.977166160941123962e-02
-1.977450400590896606e-02
-1.977416127920150757e-02
-1.977549865841865540e-02
-1.976929046213626862e-02
-1.977608352899551392e-02
-1.977716200053691864e-02
-1.977543346583843231e-02
-1.977823115885257721e-02
-1.977174356579780579e-02
-1.977429911494255066e-02
-1.977161876857280731e-02
-1.977357827126979828e-02
-1.977573148906230927e-02
-1.977592334151268005e-02
-1.977693289518356323e-02
-1.977318897843360901e-02
-1.977645792067050934e-02
-1.977322995662689209e-02
-1.977212540805339813e-02
-1.977358572185039520e-02
-1.977186650037765503e-02
-1.977006532251834869e-02
-1.977097429335117340e-02
-1.976909115910530090e-02
-1.977047882974147797e-02
-1.977148652076721191e-02
-1.977198943495750427e-02
-1.977623067796230316e-02
-1.977498643100261688e-02
-1.977430097758769989e-02
-1.977708935737609863e-02
-1.977219060063362122e-02
-1.977096870541572571e-02
-1.977221481502056122e-02
-1.977199129760265350e-02
-1.977048069238662720e-02
-1.977050304412841797e-02
-1.977019384503364563e-02
-1.977364160120487213e-02
-1.977422833442687988e-02
-1.977053657174110413e-02
-1.977715827524662018e-02
-1.976854726672172546e-02
-1.977206580340862274e-02
-1.976837962865829468e-02
-1.977275870740413666e-02
-1.977605745196342468e-02
-1.977336779236793518e-02
-1.977621950209140778e-02
-1.977471634745597839e-02
-1.977129280567169189e-02
-1.976995542645454407e-02
-1.976937986910343170e-02
-1.977570913732051849e-02
-1.977625116705894470e-02
-1.977881789207458496e-02
-1.977664232254028320e-02
-1.977438293397426605e-02
-1.977651566267013550e-02
-1.976940035820007324e-02
-1.977487653493881226e-02
-1.977231726050376892e-02
-1.977644301950931549e-02
-1.977536454796791077e-02
-1.977376453578472137e-02
-1.977701298892498016e-02
-1.977601647377014160e-02
-1.977171003818511963e-02
-1.977343298494815826e-02
-1.978090219199657440e-02
-1.977349631488323212e-02
-1.977254264056682587e-02
-1.977131702005863190e-02
-1.977628096938133240e-02
-1.977118104696273804e-02
-1.977012492716312408e-02
-1.977442018687725067e-02
-1.977455429732799530e-02
-1.977995038032531738e-02
-1.977598667144775391e-02
-1.977456919848918915e-02
-1.977423578500747681e-02
-1.977160200476646423e-02
-1.976937614381313324e-02
-1.977466419339179993e-02
-1.977641694247722626e-02
-1.977268606424331665e-02
-1.977125741541385651e-02
-1.977341622114181519e-02
-1.977629587054252625e-02
-1.977335289120674133e-02
-1.977349631488323212e-02
-1.977108418941497803e-02
-1.977247744798660278e-02
-1.977444440126419067e-02
-1.977227441966533661e-02
-1.977366209030151367e-02
-1.977242343127727509e-02
-1.977669261395931244e-02
-1.977135986089706421e-02
-1.977371051907539368e-02
-1.977264508605003357e-02
-1.977544650435447693e-02
-1.977239549160003662e-02
-1.977486908435821533e-02
-1.976832561194896698e-02
-1.977670565247535706e-02
-1.977300271391868591e-02
-1.977239362895488739e-02
-1.977364532649517059e-02
-1.977141015231609344e-02
-1.977027021348476410e-02
-1.977224461734294891e-02
-1.977193914353847504e-02
-1.977094076573848724e-02
-1.977082900702953339e-02
-1.977163553237915039e-02
-1.977534964680671692e-02
-1.977127045392990112e-02
-1.977321878075599670e-02
-1.977293193340301514e-02
-1.977542042732238770e-02
-1.977352052927017212e-02
-1.977118849754333496e-02
-1.976874098181724548e-02
-1.976946555078029633e-02
-1.977158896625041962e-02
-1.977529190480709076e-02
-1.976890303194522858e-02
-1.977282762527465820e-02
-1.977112703025341034e-02
-1.977732777595520020e-02
-1.977168768644332886e-02
-1.977164112031459808e-02
-1.977135986089706421e-02
-1.977110654115676880e-02
-1.977598667144775391e-02
-1.977595314383506775e-02
-1.977584324777126312e-02
-1.977594569325447083e-02
-1.977167278528213501e-02
-1.977715454995632172e-02
-1.977738365530967712e-02
-1.976836100220680237e-02
-1.977317966520786285e-02
-1.977385021746158600e-02
-1.977377384901046753e-02
-1.977273821830749512e-02
-1.977255567908287048e-02
-1.977328583598136902e-02
-1.978024281561374664e-02
-1.977276802062988281e-02
-1.977219432592391968e-02
-1.977377198636531830e-02
-1.977439969778060913e-02
-1.977477781474590302e-02
-1.977207884192466736e-02
-1.977612636983394623e-02
-1.977207511663436890e-02
-1.977191679179668427e-02
-1.977429911494255066e-02
-1.977501623332500458e-02
-1.977551728487014771e-02
-1.977219060063362122e-02
-1.977425813674926758e-02
-1.977095939218997955e-02
-1.978113502264022827e-02
-1.977487653493881226e-02
-1.977224461734294891e-02
-1.977204531431198120e-02
-1.976986974477767944e-02
-1.977003552019596100e-02
-1.977204345166683197e-02
-1.976997405290603638e-02
-1.977581717073917389e-02
-1.977457851171493530e-02
-1.977627351880073547e-02
-1.977418176829814911e-02
-1.977416314184665680e-02
-1.977418735623359680e-02
-1.977404952049255371e-02
-1.977256312966346741e-02
-1.977168768644332886e-02
-1.977293938398361206e-02
-1.977534964680671692e-02
-1.977205835282802582e-02
-1.977441273629665375e-02
-1.977337524294853210e-02
-1.977282762527465820e-02
-1.977350749075412750e-02
-1.977526023983955383e-02
-1.977523975074291229e-02
-1.977344974875450134e-02
-1.976945810019969940e-02
-1.977368257939815521e-02
