-2.430699270632157710e-02
-2.430890152315344846e-02
-2.430149186133713848e-02
-2.429269257451154712e-02
-2.428911841171410568e-02
-2.427665859367971954e-02
-2.426742403190015537e-02
-2.426165194144215206e-02
-2.425286991216712984e-02
-2.424958359866321439e-02
-2.425392510798176846e-02
-2.424921719001156897e-02
-2.424955620115474761e-02
-2.425411900705572513e-02
-2.426148158103852079e-02
-2.426200681643863460e-02
-2.425314936500463925e-02
-2.426666921596054918e-02
-2.426979605594780515e-02
-2.427786573373574147e-02
-2.427856975232462605e-02
-2.428477502229534415e-02
-2.428649725349488545e-02
-2.429727583593253512e-02
-2.429930396883553043e-02
-2.430548865789517246e-02
-2.430960573068448663e-02
-2.431879715296661817e-02
-2.431464769464537073e-02
-2.431353372835747331e-02
-2.432220321247602346e-02
-2.432373647505539291e-02
-2.432836268989988990e-02
-2.433024466213702316e-02
-2.432840796289817420e-02
-2.433812194677760846e-02
-2.434054603231937050e-02
-2.433851873625170886e-02
-2.434223631570544763e-02
-2.435037879352481074e-02
-2.435410822761794117e-02
-2.435349650861692514e-02
-2.436207287334849272e-02
-2.436302883608541456e-02
-2.437233456064666695e-02
-2.437278866301740426e-02
-2.437023347641656748e-02
-2.436493062473606488e-02
-2.436488633410940213e-02
-2.437207445872356312e-02
-2.437622045632278217e-02
-2.436356098546047996e-02
-2.437064314070980925e-02
-2.437683707499790561e-02
-2.437553991439053019e-02
-2.437869326146024918e-02
-2.437882757088039726e-02
-2.438340256187391045e-02
-2.438266125461058600e-02
-2.437898714695145921e-02
-2.438329286666492471e-02
-2.438543232997874427e-02
-2.437539338065169287e-02
-2.438192333766150618e-02
-2.438269512605970371e-02
-2.438066371879165847e-02
-2.438515492365798260e-02
-2.439245615592934222e-02
-2.439331958072704643e-02
-2.438878820450139304e-02
-2.438042981449336719e-02
-2.437943135205822981e-02
-2.438213935411636529e-02
-2.438667442680108113e-02
-2.439044287163675412e-02
-2.439888333489207556e-02
-2.439748462243216190e-02
-2.440392474088470473e-02
-2.440392035945680022e-02
-2.440213637302145883e-02
-2.440098233330602676e-02
-2.439974772512778015e-02
-2.440712719944801087e-02
-2.439804902365302203e-02
-2.439878672679654179e-02
-2.440182610671792762e-02
-2.439620591650563247e-02
-2.439140986453583460e-02
-2.439837470930811963e-02
-2.439529772527791393e-02
-2.440171554042066746e-02
-2.440483133914978647e-02
-2.440424032388332359e-02
-2.440710287618554422e-02
-2.440944442585494742e-02
-2.441279560972772419e-02
-2.440995883489950960e-02
-2.440557713260971956e-02
-2.440799344337779564e-02
-2.440807103072654277e-02
-2.441028872218254861e-02
-2.440583308982605809e-02
-2.440733857974109952e-02
-2.441089382025550883e-02
-2.441083367886215036e-02
-2.440403745389789839e-02
-2.439961962745292381e-02
-2.439929262206986388e-02
-2.440529629162794395e-02
-2.440681085589848157e-02
-2.440736147126373878e-02
-2.440951282921247772e-02
-2.441448201025845852e-02
-2.441740322102988955e-02
-2.442411699604360095e-02
-2.442575263631502347e-02
-2.442308684248615733e-02
-2.442372471197481326e-02
-2.442413577852770024e-02
-2.442953766347950514e-02
-2.442769685775239563e-02
-2.442973151626290015e-02
-2.442923444346342676e-02
-2.442860779206490127e-02
-2.442835647437744187e-02
-2.443009065316673750e-02
-2.442829842807847651e-02
-2.443108895229659239e-02
-2.443050593058561717e-02
-2.442973195581119028e-02
-2.443268994359619126e-02
-2.442976642254090017e-02
-2.443290813776541684e-02
-2.443290542501205462e-02
-2.443006566985832934e-02
-2.443119503859072367e-02
-2.443076525684290123e-02
-2.443304446752413497e-02
-2.443185194301280075e-02
-2.443406196766028521e-02
-2.443445239446680531e-02
-2.443145919348344366e-02
-2.443383670166935848e-02
-2.443305120312408776e-02
-2.443225419231245116e-02
-2.443149672730015806e-02
-2.443462139801316074e-02
-2.443263020043643166e-02
-2.443425765258075769e-02
-2.443256088684284469e-02
-2.443355168186516282e-02
-2.443271842563526225e-02
-2.443500486716951650e-02
-2.443338895400218660e-02
-2.443014733686347043e-02
-2.442959643147371226e-02
-2.443390706287273256e-02
-2.443350926292984018e-02
-2.443263752927380197e-02
-2.443561882763137585e-02
-2.443252885023359036e-02
-2.443492243391291383e-02
-2.443453926048584982e-02
-2.443354893742459913e-02
-2.443179161195480065e-02
-2.443434127600379452e-02
-2.443384838042372831e-02
-2.443446459659565778e-02
-2.443549168152665124e-02
-2.443470154520969648e-02
-2.443304591140139578e-02
-2.443369401737312957e-02
-2.443473245024787785e-02
-2.443531709859524809e-02
-2.443357727271151109e-02
-2.443222707144264080e-02
-2.443321700545439748e-02
-2.443369949165685728e-02
-2.443228473496779005e-02
-2.443324264913775828e-02
-2.443424876793534248e-02
-2.443366397771212783e-02
-2.443301054714869247e-02
-2.443523500707914242e-02
-2.443590499322817813e-02
-2.443482572178527421e-02
-2.443490376643741441e-02
-2.443546331665803067e-02
-2.443495964753482699e-02
-2.443344932160001343e-02
-2.443474783891951690e-02
-2.443654815990196211e-02
-2.443492700649295760e-02
-2.443486656810628377e-02
-2.443436617307137917e-02
-2.443603116084668708e-02
-2.443431709524272050e-02
-2.443456768687236186e-02
-2.443666800161865132e-02
-2.443507534633043710e-02
-2.443602226305282080e-02
-2.443608795964731864e-02
-2.443667283567791532e-02
-2.443533893618560215e-02
-2.443654361678176956e-02
-2.443488246370801448e-02
-2.443410219165593339e-02
-2.443641484444837239e-02
-2.443779199510560246e-02
-2.443780863987158811e-02
-2.443482788055349048e-02
-2.443529571031303679e-02
-2.443657090741651466e-02
-2.443729007432033154e-02
-2.443790615358820695e-02
-2.443568718273875923e-02
-2.443844096835307705e-02
-2.443580374159237678e-02
-2.443827053398808444e-02
-2.443658747014426647e-02
-2.443635794407525777e-02
-2.443997647882342056e-02
-2.443571600718695211e-02
-2.443543851478081202e-02
-2.443810290875622973e-02
-2.443559413011869852e-02
-2.443504940650026436e-02
-2.443528592869587818e-02
-2.443842401558158142e-02
-2.443622452454826885e-02
-2.443534157678778004e-02
-2.443643997369210341e-02
-2.443862218562090419e-02
-2.443681876131543335e-02
-2.443575967956568978e-02
-2.443636032465272209e-02
-2.443684316997912775e-02
-2.443533380747662381e-02
-2.443542807175264758e-02
-2.443653436821757383e-02
-2.443667255802003252e-02
-2.443622705994149755e-02
-2.443784239596830804e-02
-2.443707930295633407e-02
-2.443847236759255290e-02
-2.443669431467880224e-02
-2.443595401859858726e-02
-2.443727376792920181e-02
-2.443639824099272037e-02
-2.443427747526023472e-02
-2.443829177909617734e-02
-2.443665104491892642e-02
-2.443508850965434367e-02
-2.443846151866934865e-02
-2.443663663610804240e-02
-2.443719592421833564e-02
-2.443630441102680531e-02
-2.443595787626449620e-02
-2.443626131676655128e-02
-2.443704248814212651e-02
-2.443728826597008075e-02
-2.443770482566664376e-02
-2.443810524007082249e-02
-2.443950915163192392e-02
-2.443653585143646181e-02
-2.443607307373334495e-02
-2.443814695531174377e-02
-2.443533169568597868e-02
-2.443430569496877341e-02
-2.443589430269898014e-02
-2.443737791326491132e-02
-2.443754854413034833e-02
-2.443703316414705048e-02
-2.443671314632392746e-02
-2.443653951565343679e-02
-2.443594256629466957e-02
-2.443845251445334391e-02
-2.443569374229254132e-02
-2.443590574045412939e-02
-2.443892199500994830e-02
-2.443691960435454349e-02
-2.443701928726568773e-02
-2.443638478170202105e-02
-2.443812479414334340e-02
-2.443685205247569242e-02
-2.443733571362996168e-02
-2.443834508334952887e-02
-2.443598714288848853e-02
-2.443573788372622319e-02
-2.443786418579069197e-02
-2.443937210640542007e-02
-2.443708854956710974e-02
-2.443750764609248227e-02
-2.443641226671097386e-02
-2.443755988708328636e-02
-2.443777342309433331e-02
-2.443564225012282917e-02
-2.443648294082027481e-02
-2.443585259153033609e-02
-2.443544235858236685e-02
-2.443632281795183464e-02
-2.443793130698274085e-02
-2.443678972087717782e-02
-2.443823007943949147e-02
-2.443919589004051734e-02
-2.443950358565596948e-02
-2.443751388547707806e-02
-2.443907748244980582e-02
-2.443690863932618598e-02
-2.443628389809291909e-02
-2.443864153751720489e-02
-2.443673227568116807e-02
-2.443745931090479662e-02
-2.443760493038991261e-02
-2.443974802648602243e-02
-2.443744268105528875e-02
-2.443879228264450240e-02
-2.443753179197189623e-02
-2.443874309804723241e-02
-2.443829749742707988e-02
-2.443728084328117972e-02
-2.443790178820978015e-02
-2.444029743985042663e-02
-2.443785020226005647e-02
-2.443890284149873721e-02
-2.443808540042317554e-02
-2.443987373991590717e-02
-2.443969109159354475e-02
-2.443924915400385450e-02
-2.443867472251107578e-02
-2.443607106336582666e-02
-2.443889714291873697e-02
-2.443936632589685867e-02
-2.443937666257129521e-02
-2.443726195299680479e-02
-2.443630257627828553e-02
-2.443688076505498921e-02
-2.443960358772257965e-02
-2.444047756500080520e-02
-2.443647297690636905e-02
-2.443978520046652392e-02
-2.443883023764342050e-02
-2.443600420451895114e-02
-2.443656024800228838e-02
-2.443708254681175099e-02
-2.443952386858702294e-02
-2.443949121874777752e-02
-2.443695035864307252e-02
-2.443810314783178075e-02
-2.443773079716193841e-02
-2.443786520244742647e-02
-2.443747634130319021e-02
-2.443566805211154144e-02
-2.443752816495697172e-02
-2.443696224655471719e-02
-2.443852302453575209e-02
-2.443939629768893465e-02
-2.444022550542818140e-02
-2.444145544435650380e-02
-2.443706526040749158e-02
-2.443853029903433893e-02
-2.443844208942293553e-02
-2.443687639311863807e-02
-2.443593150512974807e-02
-2.443698584748099992e-02
-2.443697344471462696e-02
-2.443618753063697691e-02
-2.443840127056553721e-02
-2.443981751779548614e-02
-2.443591865513873237e-02
-2.443785566838186860e-02
-2.443706706769075906e-02
-2.443919540969629808e-02
-2.443654324312015055e-02
-2.444024310984007492e-02
-2.443931247783755895e-02
-2.443761092377894073e-02
-2.443841618981414457e-02
-2.443817031982127227e-02
-2.443611583116414576e-02
-2.443607780753201744e-02
-2.443626764613710672e-02
-2.443678778242627109e-02
-2.443768395635138174e-02
-2.443682487764112579e-02
-2.443661794184904396e-02
-2.443781689537780424e-02
-2.443737894560806326e-02
-2.443637635819754031e-02
-2.443604592834526870e-02
-2.443487973225754589e-02
-2.443843815874020137e-02
-2.443888960959929996e-02
-2.443865780157711276e-02
-2.443768498865164437e-02
-2.443649640961406341e-02
-2.443746296910317625e-02
-2.444000551429724097e-02
-2.443689884566624740e-02
-2.443721599265141070e-02
-2.443828398191895748e-02
-2.443648156457672860e-02
-2.443866366377170710e-02
-2.443636234406732638e-02
-2.443824590561894522e-02
-2.443784070773791922e-02
-2.443934535667802513e-02
-2.443860201366568688e-02
-2.443682883415380230e-02
-2.443753652540872276e-02
-2.443740173013108502e-02
-2.443759410772329901e-02
-2.443893128012139190e-02
-2.443775783169164703e-02
-2.443704078593893908e-02
-2.443769134103161364e-02
-2.443786236614826565e-02
-2.443768700678705663e-02
-2.443851685927928702e-02
-2.443828244712838507e-02
-2.443871665091476922e-02
-2.443716333969522467e-02
-2.443907436420325596e-02
-2.443887178500159241e-02
-2.443940875352835010e-02
-2.443812474639011495e-02
-2.443923179424204242e-02
-2.443792874904361298e-02
-2.443930396563591748e-02
-2.443839206660778501e-02
-2.443806243096306383e-02
-2.443979503049101970e-02
-2.443703058016513663e-02
-2.443745242895197303e-02
-2.443963960570979047e-02
-2.443783769929282548e-02
-2.443907689838180700e-02
-2.443818148762404857e-02
-2.444257465112167557e-02
-2.443780278060956462e-02
-2.443488728507353658e-02
-2.443724598784361227e-02
-2.443858274297592767e-02
-2.443867812161194114e-02
-2.443810818702328233e-02
-2.443623592412708448e-02
-2.443649687673660892e-02
-2.443916411532526950e-02
-2.443780410468783873e-02
-2.443713109267807784e-02
-2.443737290959655320e-02
-2.443883899778909186e-02
-2.444024948776333736e-02
-2.443990045808416139e-02
-2.443822263650886201e-02
-2.443854633801447254e-02
-2.443825806281961152e-02
-2.443697146274300194e-02
-2.444116516996533081e-02
-2.443921653537012642e-02
-2.444028650849284709e-02
-2.443842973015301553e-02
-2.443910793425908487e-02
-2.444048672192422958e-02
-2.443764297262871615e-02
-2.443855798655888631e-02
-2.443926439258154240e-02
-2.443920943663813183e-02
-2.443930631624600253e-02
-2.443935187148011529e-02
-2.443724803623178662e-02
-2.443735531277177117e-02
-2.444018628680660887e-02
-2.444088499121897448e-02
-2.443869968288486100e-02
-2.443821944169966009e-02
-2.443802210247874446e-02
-2.443731932592489026e-02
-2.443914018332166149e-02
-2.444026756062213715e-02
-2.443824405296135538e-02
-2.443826015594438225e-02
-2.443862647780271208e-02
-2.443922418918281769e-02
-2.443869047235087272e-02
-2.443862725384187209e-02
-2.443874052760749635e-02
-2.443797094433475259e-02
-2.443723536561021037e-02
-2.443901499462259458e-02
-2.443864436641520962e-02
-2.443867416565589923e-02
-2.443848762110319844e-02
-2.444034622814076144e-02
-2.443872943669921777e-02
-2.443964751243564784e-02
-2.444058795857554853e-02
-2.443994164755910678e-02
-2.443971350912557336e-02
-2.443628061904295351e-02
-2.444040122450522046e-02
-2.443801268853890846e-02
-2.443840400671788357e-02
-2.443937641646412237e-02
-2.443740633318640040e-02
-2.443782199766397767e-02
-2.443824170587758152e-02
-2.443871087741377596e-02
-2.443897802436156841e-02
-2.443661684529515113e-02
-2.443975443886780077e-02
-2.443902186893549128e-02
-2.443787937146233574e-02
-2.443995288676714325e-02
-2.443949031340613559e-02
-2.443932526432698524e-02
-2.443732099370351726e-02
-2.443960715728580799e-02
-2.444031017002917111e-02
-2.443927371001458626e-02
-2.443969838984446849e-02
-2.443837447065570420e-02
-2.444027163259244323e-02
-2.444137165494932734e-02
-2.443918040752704815e-02
-2.443790669391345677e-02
-2.443935458475243738e-02
-2.443890507947086080e-02
-2.443943571269560980e-02
-2.444020610522626077e-02
-2.444105780063529632e-02
-2.443810147461623547e-02
-2.443819546032530501e-02
-2.444119422851297532e-02
-2.443869379954463281e-02
-2.443939862185563403e-02
-2.443970516512311911e-02
-2.444022712421389798e-02
-2.443967907891806887e-02
-2.443709651766303240e-02
-2.444027901576407286e-02
-2.443978316203134979e-02
-2.443992433445273810e-02
-2.443896895677041478e-02
-2.443852489237496872e-02
-2.443801164181019087e-02
-2.444071289497031299e-02
-2.443967087404561728e-02
-2.444000562297594589e-02
-2.443934278597031245e-02
-2.444038026408901568e-02
-2.444121155491596475e-02
-2.443962968351195281e-02
-2.443935112934119552e-02
-2.443890260514250748e-02
-2.443913394381801510e-02
-2.443929214699833846e-02
-2.443925349423045276e-02
-2.443934914857393698e-02
-2.443732064227712580e-02
-2.443923634126142150e-02
-2.444010840795552558e-02
-2.443868655241365762e-02
-2.443862852484968151e-02
-2.443913085625747453e-02
-2.443845897112381302e-02
-2.443902801659398466e-02
-2.444196734406265878e-02
-2.443992129198367322e-02
-2.443908579854351185e-02
-2.443835944715688074e-02
-2.443790508602374650e-02
-2.443969250080669370e-02
-2.443873885569484289e-02
-2.443966436819097407e-02
-2.443837345827564594e-02
-2.443843831773639952e-02
-2.443714505209938076e-02
-2.443957236438693004e-02
-2.443974683921864774e-02
-2.443813310532384070e-02
-2.443907642216574388e-02
-2.444003576409758266e-02
-2.443875649999149857e-02
-2.443793240080726487e-02
-2.443817062841564108e-02
-2.443906348548390700e-02
-2.443850006985670564e-02
-2.443929879396284505e-02
-2.444012125585360434e-02
-2.443662594683848957e-02
-2.444001914084553695e-02
-2.444102289024122424e-02
-2.444112858493066587e-02
-2.443943311120983647e-02
-2.443902780460432966e-02
-2.443823735017429041e-02
-2.443846155580490717e-02
-2.443790269110316868e-02
-2.443706838514030782e-02
-2.443786588728136949e-02
-2.443992382537889946e-02
-2.443947232467902353e-02
-2.443773815603801983e-02
-2.443997503830211415e-02
-2.443923095494300937e-02
-2.443767576834230890e-02
-2.444103465787393972e-02
-2.444005430796910086e-02
-2.443854275168603693e-02
-2.444124938295470437e-02
-2.444144802434114125e-02
-2.444021832173528391e-02
-2.444092479942815838e-02
-2.444090282056935251e-02
-2.443835867484283123e-02
-2.444004123365661751e-02
-2.444054455306097703e-02
-2.443917503581613873e-02
-2.443750603280772996e-02
-2.443999824116337496e-02
-2.443895103017341280e-02
-2.444022104543087590e-02
-2.443983773263764397e-02
-2.444283677026816773e-02
-2.443780015973653560e-02
-2.443916370199098603e-02
-2.443898143281260718e-02
-2.443847142252777299e-02
-2.444039609014963046e-02
-2.444020925868288160e-02
-2.443961831480511576e-02
-2.443941317186510906e-02
-2.443742569993551800e-02
-2.444074374678334091e-02
-2.443956430440961253e-02
-2.443954507786660207e-02
-2.443985421654155249e-02
-2.443850131525424421e-02
-2.444092843345095287e-02
-2.444150672898743465e-02
-2.444101917491317208e-02
-2.444183080592981713e-02
-2.443964232815884138e-02
-2.443952288054011476e-02
-2.443920489945444752e-02
-2.443657773149809226e-02
-2.443953916614829622e-02
-2.443872862040354435e-02
-2.443890922053578232e-02
-2.443794911596997715e-02
-2.443908807178808013e-02
-2.443937955736109544e-02
-2.443917405381961644e-02
-2.443980240368079024e-02
-2.443817968019321163e-02
-2.444016387279600994e-02
-2.443777976686536610e-02
-2.443988860182768827e-02
-2.443977181115284183e-02
-2.443995037718497618e-02
-2.443852491984412414e-02
-2.444237654656494785e-02
-2.444181758735234841e-02
-2.444058514463138404e-02
-2.444031653550056762e-02
-2.443925489713372895e-02
-2.443932347276270636e-02
-2.443891389786862281e-02
-2.444280090462348093e-02
-2.444132945480070873e-02
-2.444029128502975615e-02
-2.443971190352464337e-02
-2.444243586242324587e-02
-2.444016172105175841e-02
-2.443919774308221313e-02
-2.443912195673532753e-02
-2.444094010401646686e-02
-2.443998324040396256e-02
-2.443848034912935244e-02
-2.444041644575601496e-02
-2.443966458405057857e-02
-2.444090006555487901e-02
-2.444123373694276694e-02
-2.443955915251039973e-02
-2.444227347043276960e-02
-2.444066615656318234e-02
-2.444073878603423081e-02
-2.444036484254336755e-02
-2.443931914487322207e-02
-2.443848698267879829e-02
-2.443774770478007383e-02
-2.444194697387230830e-02
-2.443789424360129706e-02
-2.443798554068415257e-02
-2.444015122904618503e-02
-2.443908011349771314e-02
-2.443874994704831397e-02
-2.444049323669390122e-02
-2.443970808262881447e-02
-2.443844759840549039e-02
-2.443944106121444942e-02
-2.444059088859049447e-02
-2.443925988426775414e-02
-2.443964555069238001e-02
-2.443998268506854601e-02
-2.443931214490798615e-02
-2.444092978067335942e-02
-2.444135365016383496e-02
-2.443987869248550465e-02
-2.444019299879144486e-02
-2.444136253010613727e-02
-2.443905791711417988e-02
-2.443966665989435669e-02
-2.444144273944354184e-02
-2.444117375611397011e-02
-2.444145050106479727e-02
-2.443923958081948775e-02
-2.443979697405899640e-02
-2.444148621225710263e-02
-2.443997511230213901e-02
-2.444070183581386821e-02
-2.444127650697497378e-02
-2.444026565739305240e-02
-2.444154188877088393e-02
-2.444329092537758305e-02
-2.443972954734250844e-02
-2.444028024667204910e-02
-2.444026353678996344e-02
-2.444007966978218802e-02
-2.444118457365707098e-02
-2.444049845590296616e-02
-2.444247200798197253e-02
-2.444072612887781756e-02
-2.444064557884082986e-02
-2.444114749898708763e-02
-2.444175655767840197e-02
-2.444067892567605010e-02
-2.443912794904007715e-02
-2.444063414086413907e-02
-2.444216705522556793e-02
-2.444093871685536906e-02
-2.444231269326588990e-02
-2.444073696022723910e-02
-2.444077444783423689e-02
-2.443969719745144736e-02
-2.444008188324257175e-02
-2.444189693608024919e-02
-2.444034165300076542e-02
-2.444039822884217297e-02
-2.444121014583067880e-02
-2.444127529752772657e-02
-2.443954868265194036e-02
-2.443825239992518036e-02
-2.444062280908490190e-02
-2.444171461187985908e-02
-2.443974634425069223e-02
-2.444006659611022703e-02
-2.443956891777715121e-02
-2.444105299793875030e-02
-2.443994040427830208e-02
-2.444154528665859472e-02
-2.444101664927083098e-02
-2.443920987323688204e-02
-2.444026302444091137e-02
-2.444228064807752593e-02
-2.444163316891500778e-02
-2.444045022641507317e-02
-2.443907063004954056e-02
-2.443998115679925712e-02
-2.443924896859852106e-02
-2.444038354631003843e-02
-2.444103570623260349e-02
-2.444025455827323126e-02
-2.444039545923693685e-02
-2.444061909450003997e-02
-2.443953759760629160e-02
-2.444199390523551368e-02
-2.443834774917664002e-02
-2.443920891031100759e-02
-2.444273335108415254e-02
-2.443995614295485508e-02
-2.443840600722877593e-02
-2.443959642566376558e-02
-2.443850661964668339e-02
-2.444092471735650335e-02
-2.444085205328914642e-02
-2.444149099154871788e-02
-2.444014142932468200e-02
-2.443953021581173404e-02
-2.444217848310026656e-02
-2.444071438809275465e-02
-2.443927300665721392e-02
-2.444066575148740733e-02
-2.443992791337543449e-02
-2.444129488000372150e-02
-2.443879499626460533e-02
-2.444133692393585244e-02
-2.444170991456512398e-02
-2.444011649847765630e-02
-2.444157323150698141e-02
-2.444169185365469010e-02
-2.444195895197277466e-02
-2.444231253052597114e-02
-2.444223872167949896e-02
-2.444247833131813971e-02
-2.444048928637967966e-02
-2.444056182378367970e-02
-2.444090208010091247e-02
-2.443798534138453410e-02
-2.444064630043072880e-02
-2.444100081887899331e-02
-2.444095174677540783e-02
-2.444111626264790574e-02
-2.444015351214311876e-02
-2.443994543570307890e-02
-2.444047330999780596e-02
-2.443848592419210417e-02
-2.444153867107206127e-02
-2.443991869062669270e-02
-2.444266680462811592e-02
-2.444112239533459754e-02
-2.444100727102908183e-02
-2.444010570206411187e-02
-2.443889811080473401e-02
-2.443924931031159556e-02
-2.443993562048226223e-02
-2.444046417263490492e-02
-2.443911147683900872e-02
-2.444099277251593483e-02
-2.444072396155677271e-02
-2.444074829793818626e-02
-2.444112559677122029e-02
-2.444002158822730988e-02
-2.443881695214665875e-02
-2.444132353997472210e-02
-2.443964872152404322e-02
-2.444220206711680485e-02
-2.444094930247988837e-02
-2.443872173619513269e-02
-2.444094060141368402e-02
-2.443896847174732018e-02
-2.443948594130355284e-02
-2.443958312345087189e-02
-2.443837626040026509e-02
-2.444017538711385634e-02
-2.444037527007516392e-02
-2.443981623341296566e-02
-2.444033243532124297e-02
-2.444112408060570771e-02
-2.444151574230143606e-02
-2.444011184181764038e-02
-2.444190259057061818e-02
-2.443927310388462407e-02
-2.444098015777441610e-02
-2.444019064876385219e-02
-2.444138414258739678e-02
-2.444032993785818023e-02
-2.444259101138577736e-02
-2.444069557759051201e-02
-2.443890482248316925e-02
-2.443949249668556783e-02
-2.443821131250687242e-02
-2.444075619138769834e-02
-2.444017283345381944e-02
-2.443913148909095806e-02
-2.444118004711075959e-02
-2.444076992438160706e-02
-2.443872868369034376e-02
-2.443934321147071126e-02
-2.444019111191005761e-02
-2.444055557081607419e-02
-2.444158017670117547e-02
-2.444107079025057902e-02
-2.444268930294719172e-02
-2.444201627182083017e-02
-2.444043715381185450e-02
-2.444303107421287244e-02
-2.444057149479039737e-02
-2.444097048081295825e-02
-2.444133260519381484e-02
-2.443772473624658201e-02
-2.443996308613864341e-02
-2.443909651013254081e-02
-2.443972244164948487e-02
-2.444041442196297903e-02
-2.444075786366040060e-02
-2.443910113285182803e-02
-2.444079072667048463e-02
-2.444223083067809110e-02
-2.444155679691540142e-02
-2.444011398811580735e-02
-2.444293143964934231e-02
-2.443935312086773989e-02
-2.443991458114586762e-02
-2.444107276022199765e-02
-2.444016612738300967e-02
-2.444084560034376352e-02
-2.443926054601151462e-02
-2.443926811142584435e-02
-2.444030544682463876e-02
-2.443978155206448857e-02
-2.444027774130300493e-02
-2.444058952808216695e-02
-2.443884722912995078e-02
-2.444029352548011264e-02
-2.444190417814205013e-02
-2.444299853066122380e-02
-2.443833262498068537e-02
-2.443955197407006105e-02
-2.444044865452557960e-02
-2.443989716975320317e-02
-2.444252315382672291e-02
-2.444026487904418787e-02
-2.444015631804836303e-02
-2.444044734531874985e-02
-2.444089305701694845e-02
-2.444033569839672987e-02
-2.444085066545574267e-02
-2.444075686972522685e-02
-2.444223962767161015e-02
-2.444091506050702009e-02
-2.444148510994938531e-02
-2.443908082795308995e-02
-2.443942804154388207e-02
-2.444029418307005694e-02
-2.443980712793939261e-02
-2.444287185864740114e-02
-2.444033677492907231e-02
-2.444169067565632458e-02
-2.444095115607943999e-02
-2.444196106172674687e-02
-2.444120537399614365e-02
-2.444057189001981253e-02
-2.444171460794610645e-02
-2.443880793086962780e-02
-2.443964426277257102e-02
-2.443979115205876726e-02
-2.443962186409973092e-02
-2.444110061852286520e-02
-2.444160685946341824e-02
-2.444146266472326662e-02
-2.444179329839760856e-02
-2.444028674805278842e-02
-2.444048101122072575e-02
-2.444212811370933408e-02
-2.444111880801689771e-02
-2.444060373665331645e-02
-2.444163763039242793e-02
-2.444083190939397646e-02
-2.444079281879352888e-02
-2.444068258293018853e-02
-2.444119945733505203e-02
-2.444171364132960780e-02
-2.443943559696524007e-02
-2.444224016798083113e-02
-2.444314155821194004e-02
-2.444195092095441391e-02
-2.443899906021335111e-02
-2.444117345449309947e-02
-2.444170444707408421e-02
-2.444036835388551515e-02
-2.444191443063834651e-02
-2.444086970776337270e-02
-2.444089945121174362e-02
-2.443989536967410697e-02
-2.444167678974851904e-02
-2.443994315142256069e-02
-2.444148261645670214e-02
-2.444034782814363815e-02
-2.444126800076975789e-02
-2.444057104232711525e-02
-2.444022542498080694e-02
-2.444131605957853420e-02
-2.444098155967861646e-02
-2.444050525880997471e-02
-2.444008360269247018e-02
-2.443866990882400878e-02
-2.444080742046591745e-02
-2.443947544001351391e-02
-2.443981227832858066e-02
-2.444115162800452462e-02
-2.444169095189927324e-02
-2.444212084180047775e-02
-2.444154838222830847e-02
-2.444163772939321119e-02
-2.444002031873488551e-02
-2.444229783948574999e-02
-2.444092295819146748e-02
-2.444089067780981853e-02
-2.444074402521845615e-02
-2.444155052026950395e-02
-2.443991207673396060e-02
-2.444150763380112737e-02
-2.444061148895887436e-02
-2.443993059662384962e-02
-2.444069990208385529e-02
-2.443917644634071087e-02
-2.444014383851184080e-02
-2.444212576910300902e-02
