-8.264499157667160034e-02
-8.281610906124114990e-02
-8.281910419464111328e-02
-8.287990093231201172e-02
-8.297777175903320312e-02
-8.299787342548370361e-02
-8.308938890695571899e-02
-8.308637142181396484e-02
-8.310842514038085938e-02
-8.315328508615493774e-02
-8.315964043140411377e-02
-8.314855396747589111e-02
-8.311178535223007202e-02
-8.304923772811889648e-02
-8.309911191463470459e-02
-8.308144658803939819e-02
-8.306794613599777222e-02
-8.304712921380996704e-02
-8.311982452869415283e-02
-8.310736715793609619e-02
-8.304291218519210815e-02
-8.301764726638793945e-02
-8.295988291501998901e-02
-8.294216543436050415e-02
-8.295378088951110840e-02
-8.295230567455291748e-02
-8.297393471002578735e-02
-8.302787691354751587e-02
-8.299007266759872437e-02
-8.295146375894546509e-02
-8.302497863769531250e-02
-8.304087072610855103e-02
-8.302663266658782959e-02
-8.304633945226669312e-02
-8.310196548700332642e-02
-8.300220221281051636e-02
-8.307063579559326172e-02
-8.305115997791290283e-02
-8.296699821949005127e-02
-8.298587799072265625e-02
-8.298983424901962280e-02
-8.299926668405532837e-02
-8.304500579833984375e-02
-8.313365280628204346e-02
-8.306001126766204834e-02
-8.307168632745742798e-02
-8.309637010097503662e-02
-8.311252295970916748e-02
-8.313524723052978516e-02
-8.312560617923736572e-02
-8.308307081460952759e-02
-8.307413756847381592e-02
-8.321016281843185425e-02
-8.316491544246673584e-02
-8.313663303852081299e-02
-8.316103368997573853e-02
-8.321120589971542358e-02
-8.313503116369247437e-02
-8.323428034782409668e-02
-8.319132775068283081e-02
-8.310028165578842163e-02
-8.314543962478637695e-02
-8.319722115993499756e-02
-8.324775099754333496e-02
-8.317947387695312500e-02
-8.321573585271835327e-02
-8.326294273138046265e-02
-8.323310315608978271e-02
-8.329488337039947510e-02
-8.324328064918518066e-02
-8.324702084064483643e-02
-8.330195397138595581e-02
-8.323200047016143799e-02
-8.323332667350769043e-02
-8.328101783990859985e-02
-8.328040689229965210e-02
-8.325180411338806152e-02
-8.325864374637603760e-02
-8.331058919429779053e-02
-8.335918933153152466e-02
-8.335746824741363525e-02
-8.326053619384765625e-02
-8.327744901180267334e-02
-8.331055939197540283e-02
-8.332633972167968750e-02
-8.323889225721359253e-02
-8.334049582481384277e-02
-8.333370089530944824e-02
-8.340309560298919678e-02
-8.332052081823348999e-02
-8.323065191507339478e-02
-8.331914991140365601e-02
-8.335839211940765381e-02
-8.332560956478118896e-02
-8.337558060884475708e-02
-8.339675515890121460e-02
-8.334224671125411987e-02
-8.342114835977554321e-02
-8.332903683185577393e-02
-8.333049714565277100e-02
-8.338491618633270264e-02
-8.337792754173278809e-02
-8.337326347827911377e-02
-8.338477462530136108e-02
-8.341852575540542603e-02
-8.342680335044860840e-02
-8.341641724109649658e-02
-8.344291150569915771e-02
-8.341619372367858887e-02
-8.333768695592880249e-02
-8.342716097831726074e-02
-8.342368900775909424e-02
-8.342866599559783936e-02
-8.340681344270706177e-02
-8.341879397630691528e-02
-8.345122635364532471e-02
-8.346264809370040894e-02
-8.343133330345153809e-02
-8.341626077890396118e-02
-8.345511555671691895e-02
-8.348789811134338379e-02
-8.347161114215850830e-02
-8.348213136196136475e-02
-8.352629840373992920e-02
-8.348377794027328491e-02
-8.341710269451141357e-02
-8.343216776847839355e-02
-8.345775306224822998e-02
-8.349718153476715088e-02
-8.351688832044601440e-02
-8.350699394941329956e-02
-8.351419866085052490e-02
-8.341319859027862549e-02
-8.352436870336532593e-02
-8.344033360481262207e-02
-8.347868174314498901e-02
-8.355626463890075684e-02
-8.344676345586776733e-02
-8.352765440940856934e-02
-8.354558050632476807e-02
-8.350803703069686890e-02
-8.350850641727447510e-02
-8.353134989738464355e-02
-8.352040499448776245e-02
-8.350985497236251831e-02
-8.353128284215927124e-02
-8.351153880357742310e-02
-8.353278785943984985e-02
-8.360181748867034912e-02
-8.359984308481216431e-02
-8.355773240327835083e-02
-8.351219445466995239e-02
-8.354868739843368530e-02
-8.357720822095870972e-02
-8.359239250421524048e-02
-8.355770260095596313e-02
-8.351977914571762085e-02
-8.355037122964859009e-02
-8.347668498754501343e-02
-8.352450281381607056e-02
-8.356723189353942871e-02
-8.359768986701965332e-02
-8.354417234659194946e-02
-8.366803824901580811e-02
-8.357933908700942993e-02
-8.356786519289016724e-02
-8.354606479406356812e-02
-8.361736685037612915e-02
-8.362521976232528687e-02
-8.358310908079147339e-02
-8.359629660844802856e-02
-8.358386904001235962e-02
-8.362516760826110840e-02
-8.362794667482376099e-02
-8.357933908700942993e-02
-8.362527191638946533e-02
-8.364592492580413818e-02
-8.363148570060729980e-02
-8.363209664821624756e-02
-8.359192311763763428e-02
-8.362106233835220337e-02
-8.355088531970977783e-02
-8.351408690214157104e-02
-8.358009159564971924e-02
-8.357450366020202637e-02
-8.359654247760772705e-02
-8.364856988191604614e-02
-8.358908444643020630e-02
-8.356816321611404419e-02
-8.357883244752883911e-02
-8.359353989362716675e-02
-8.355366438627243042e-02
-8.363772928714752197e-02
-8.368822932243347168e-02
-8.364722132682800293e-02
-8.360607922077178955e-02
-8.364446461200714111e-02
-8.357612788677215576e-02
-8.362644165754318237e-02
-8.354409039020538330e-02
-8.356275409460067749e-02
-8.357765525579452515e-02
-8.357229828834533691e-02
-8.356688916683197021e-02
-8.358231931924819946e-02
-8.362825214862823486e-02
-8.363816142082214355e-02
-8.365829288959503174e-02
-8.356983959674835205e-02
-8.359677344560623169e-02
-8.360672742128372192e-02
-8.359441906213760376e-02
-8.362441509962081909e-02
-8.355997502803802490e-02
-8.365968614816665649e-02
-8.363221585750579834e-02
-8.363109081983566284e-02
-8.365499228239059448e-02
-8.364225924015045166e-02
-8.359568566083908081e-02
-8.366874605417251587e-02
-8.365919440984725952e-02
-8.361593633890151978e-02
-8.364221453666687012e-02
-8.368244767189025879e-02
-8.377335220575332642e-02
-8.363180607557296753e-02
-8.366387337446212769e-02
-8.366269618272781372e-02
-8.369199186563491821e-02
-8.375329524278640747e-02
-8.365645259618759155e-02
-8.370205760002136230e-02
-8.368877321481704712e-02
-8.370866626501083374e-02
-8.375281840562820435e-02
-8.368173241615295410e-02
-8.373262733221054077e-02
-8.367165178060531616e-02
-8.371892571449279785e-02
-8.364155888557434082e-02
-8.373751491308212280e-02
-8.369812369346618652e-02
-8.368045836687088013e-02
-8.372505754232406616e-02
-8.370651304721832275e-02
-8.374698460102081299e-02
-8.374815434217453003e-02
-8.367433398962020874e-02
-8.369693160057067871e-02
-8.359796553850173950e-02
-8.369353413581848145e-02
-8.369872719049453735e-02
-8.373279869556427002e-02
-8.368083089590072632e-02
-8.373783528804779053e-02
-8.374793827533721924e-02
-8.380736410617828369e-02
-8.371867984533309937e-02
-8.379466831684112549e-02
-8.378057926893234253e-02
-8.363059908151626587e-02
-8.372329920530319214e-02
-8.371951431035995483e-02
-8.372909575700759888e-02
-8.366026729345321655e-02
-8.374326676130294800e-02
-8.364892750978469849e-02
-8.363284915685653687e-02
-8.368238806724548340e-02
-8.376725763082504272e-02
-8.367329090833663940e-02
-8.372114598751068115e-02
-8.366300910711288452e-02
-8.367179334163665771e-02
-8.369709551334381104e-02
-8.366999775171279907e-02
-8.371157199144363403e-02
-8.367317169904708862e-02
-8.364446461200714111e-02
-8.372805267572402954e-02
-8.372940123081207275e-02
-8.373112976551055908e-02
-8.375116437673568726e-02
-8.378998190164566040e-02
-8.378897607326507568e-02
-8.372494578361511230e-02
-8.372563868761062622e-02
-8.372320234775543213e-02
-8.376627415418624878e-02
-8.379957824945449829e-02
-8.371195197105407715e-02
-8.375077694654464722e-02
-8.377729356288909912e-02
-8.371074497699737549e-02
-8.375353366136550903e-02
-8.375446498394012451e-02
-8.375488221645355225e-02
-8.377306908369064331e-02
-8.369550853967666626e-02
-8.381067216396331787e-02
-8.377424627542495728e-02
-8.377880603075027466e-02
-8.376939594745635986e-02
-8.360248059034347534e-02
-8.371330052614212036e-02
-8.372829109430313110e-02
-8.381371200084686279e-02
-8.378603309392929077e-02
-8.374486863613128662e-02
-8.369115740060806274e-02
-8.373518288135528564e-02
-8.380273729562759399e-02
-8.377578854560852051e-02
-8.379375189542770386e-02
-8.378984779119491577e-02
-8.369096368551254272e-02
-8.378286659717559814e-02
-8.378169685602188110e-02
-8.377191424369812012e-02
-8.371787518262863159e-02
-8.375849574804306030e-02
-8.377777040004730225e-02
-8.372049778699874878e-02
-8.374686539173126221e-02
-8.373841643333435059e-02
-8.380970358848571777e-02
-8.383296430110931396e-02
-8.376588672399520874e-02
-8.366404473781585693e-02
-8.372422307729721069e-02
-8.372639119625091553e-02
-8.382969349622726440e-02
-8.377770334482192993e-02
-8.378212898969650269e-02
-8.378785103559494019e-02
-8.375623822212219238e-02
-8.378300815820693970e-02
-8.377239108085632324e-02
-8.376543968915939331e-02
-8.375849574804306030e-02
-8.378313481807708740e-02
-8.370379358530044556e-02
-8.381007611751556396e-02
-8.377971500158309937e-02
-8.375849574804306030e-02
-8.379788696765899658e-02
-8.376476168632507324e-02
-8.373907953500747681e-02
-8.377923071384429932e-02
-8.376234024763107300e-02
-8.378915488719940186e-02
-8.384647965431213379e-02
-8.380310237407684326e-02
-8.375408500432968140e-02
-8.377517014741897583e-02
-8.369907736778259277e-02
-8.381903916597366333e-02
-8.379373699426651001e-02
-8.373785763978958130e-02
-8.375442773103713989e-02
-8.376217633485794067e-02
-8.380213379859924316e-02
-8.370735496282577515e-02
-8.380412310361862183e-02
-8.379747718572616577e-02
-8.367260545492172241e-02
-8.379957079887390137e-02
-8.377140015363693237e-02
-8.372939378023147583e-02
-8.375139534473419189e-02
-8.377865701913833618e-02
-8.376322686672210693e-02
-8.367135375738143921e-02
-8.383329957723617554e-02
-8.381530642509460449e-02
-8.379409462213516235e-02
-8.381135761737823486e-02
-8.382003754377365112e-02
-8.380517363548278809e-02
-8.373693376779556274e-02
-8.373199403285980225e-02
-8.376125991344451904e-02
-8.379872143268585205e-02
-8.377001434564590454e-02
-8.377870917320251465e-02
-8.364487439393997192e-02
-8.374492079019546509e-02
-8.374834805727005005e-02
-8.370556682348251343e-02
-8.372259885072708130e-02
-8.379250019788742065e-02
-8.376541733741760254e-02
-8.382643759250640869e-02
-8.375976979732513428e-02
-8.383136242628097534e-02
-8.374113589525222778e-02
-8.369391411542892456e-02
-8.381535857915878296e-02
-8.382115513086318970e-02
-8.377640694379806519e-02
-8.380314707756042480e-02
-8.379368484020233154e-02
-8.377123624086380005e-02
-8.377494663000106812e-02
-8.381136506795883179e-02
-8.383716642856597900e-02
-8.386281132698059082e-02
-8.376416563987731934e-02
-8.369971066713333130e-02
-8.378705382347106934e-02
-8.380093425512313843e-02
-8.377528935670852661e-02
-8.371683210134506226e-02
-8.377785235643386841e-02
-8.383997529745101929e-02
-8.381248265504837036e-02
-8.368971198797225952e-02
-8.385667204856872559e-02
-8.378209918737411499e-02
-8.374816924333572388e-02
-8.372560143470764160e-02
-8.376856148242950439e-02
-8.384618163108825684e-02
-8.373688161373138428e-02
-8.380036801099777222e-02
-8.379174023866653442e-02
-8.378657698631286621e-02
-8.375574648380279541e-02
-8.381409198045730591e-02
-8.379027247428894043e-02
-8.378259837627410889e-02
-8.374295383691787720e-02
-8.377036452293395996e-02
-8.383411914110183716e-02
-8.381513506174087524e-02
-8.379773795604705811e-02
-8.386864513158798218e-02
-8.386271446943283081e-02
-8.380726724863052368e-02
-8.380573242902755737e-02
-8.374405652284622192e-02
-8.380351960659027100e-02
-8.388448506593704224e-02
-8.376385271549224854e-02
-8.382432907819747925e-02
-8.383596688508987427e-02
-8.381877839565277100e-02
-8.382899314165115356e-02
-8.380954712629318237e-02
-8.374729007482528687e-02
-8.376269787549972534e-02
-8.382133394479751587e-02
-8.378522843122482300e-02
-8.373679965734481812e-02
-8.378182351589202881e-02
-8.373969048261642456e-02
-8.385810256004333496e-02
-8.383946865797042847e-02
-8.385802060365676880e-02
-8.382134884595870972e-02
-8.376164734363555908e-02
-8.385599404573440552e-02
-8.381717652082443237e-02
-8.381541073322296143e-02
-8.385176211595535278e-02
-8.388482034206390381e-02
-8.385225385427474976e-02
-8.383455872535705566e-02
-8.375924080610275269e-02
-8.384977281093597412e-02
-8.383162319660186768e-02
-8.377549797296524048e-02
-8.384609967470169067e-02
-8.384092152118682861e-02
-8.379510790109634399e-02
-8.385841548442840576e-02
-8.381453901529312134e-02
-8.384926617145538330e-02
-8.377091586589813232e-02
-8.385929465293884277e-02
-8.391202241182327271e-02
-8.388404548168182373e-02
-8.384843915700912476e-02
-8.377680182456970215e-02
-8.382803946733474731e-02
-8.385939896106719971e-02
-8.384207636117935181e-02
-8.377759903669357300e-02
-8.376584947109222412e-02
-8.377134054899215698e-02
-8.377519994974136353e-02
-8.381254971027374268e-02
-8.379323780536651611e-02
-8.391071110963821411e-02
-8.375973999500274658e-02
-8.382736146450042725e-02
-8.385520428419113159e-02
-8.378131687641143799e-02
-8.377441763877868652e-02
-8.377835154533386230e-02
-8.383874595165252686e-02
-8.379814773797988892e-02
-8.383900672197341919e-02
-8.377700299024581909e-02
-8.387047797441482544e-02
-8.389468491077423096e-02
-8.386734873056411743e-02
-8.385875076055526733e-02
-8.385901153087615967e-02
-8.376089483499526978e-02
-8.386937528848648071e-02
-8.386339992284774780e-02
-8.390077948570251465e-02
-8.389442414045333862e-02
-8.384058624505996704e-02
-8.386542648077011108e-02
-8.386599272489547729e-02
-8.384715020656585693e-02
-8.387865126132965088e-02
-8.385732024908065796e-02
-8.385253697633743286e-02
-8.385219424962997437e-02
-8.385474234819412231e-02
-8.386383950710296631e-02
-8.385506272315979004e-02
-8.385439962148666382e-02
-8.387728035449981689e-02
-8.390074223279953003e-02
-8.383502811193466187e-02
-8.388055115938186646e-02
-8.383739739656448364e-02
-8.385702967643737793e-02
-8.385508507490158081e-02
-8.383998274803161621e-02
-8.385396748781204224e-02
-8.383662998676300049e-02
-8.388839662075042725e-02
-8.383207768201828003e-02
-8.382292091846466064e-02
-8.384040743112564087e-02
-8.388468623161315918e-02
-8.384948223829269409e-02
-8.391565829515457153e-02
-8.393369615077972412e-02
-8.383720368146896362e-02
-8.385767787694931030e-02
-8.392545580863952637e-02
-8.388885855674743652e-02
-8.384338021278381348e-02
-8.385218679904937744e-02
-8.387179672718048096e-02
-8.384781330823898315e-02
-8.390908688306808472e-02
-8.386746793985366821e-02
-8.386734873056411743e-02
-8.381395787000656128e-02
-8.388485759496688843e-02
-8.390006422996520996e-02
-8.387725800275802612e-02
-8.387865871191024780e-02
-8.388946205377578735e-02
-8.386107534170150757e-02
-8.387889713048934937e-02
-8.379265666007995605e-02
-8.389963954687118530e-02
-8.385644853115081787e-02
-8.383890241384506226e-02
-8.388828486204147339e-02
-8.385033905506134033e-02
-8.383128046989440918e-02
-8.384934067726135254e-02
-8.384522795677185059e-02
-8.388112485408782959e-02
-8.384803682565689087e-02
-8.387839049100875854e-02
-8.390762656927108765e-02
-8.393356949090957642e-02
-8.389355242252349854e-02
-8.386648446321487427e-02
-8.383223414421081543e-02
-8.387012779712677002e-02
-8.382722735404968262e-02
-8.386591076850891113e-02
-8.383560925722122192e-02
-8.383843302726745605e-02
-8.387460559606552124e-02
-8.389781415462493896e-02
-8.390379697084426880e-02
-8.388148248195648193e-02
-8.380779623985290527e-02
-8.394075930118560791e-02
-8.389214426279067993e-02
-8.385740965604782104e-02
-8.397361636161804199e-02
-8.389034867286682129e-02
-8.399180322885513306e-02
-8.388589322566986084e-02
-8.391895145177841187e-02
-8.384168893098831177e-02
-8.387353271245956421e-02
-8.388996869325637817e-02
-8.380599319934844971e-02
-8.389601111412048340e-02
-8.386374264955520630e-02
-8.388151973485946655e-02
-8.377238363027572632e-02
-8.387174457311630249e-02
-8.387276530265808105e-02
-8.389880508184432983e-02
-8.382208645343780518e-02
-8.387850970029830933e-02
-8.382041752338409424e-02
-8.384218811988830566e-02
-8.387377858161926270e-02
-8.385222405195236206e-02
-8.387582749128341675e-02
-8.381057530641555786e-02
-8.388448506593704224e-02
-8.384381234645843506e-02
-8.390540629625320435e-02
-8.390481024980545044e-02
-8.387665450572967529e-02
-8.390231430530548096e-02
-8.382959663867950439e-02
-8.388492465019226074e-02
-8.381210267543792725e-02
-8.385898172855377197e-02
-8.387466520071029663e-02
-8.391658216714859009e-02
-8.382084220647811890e-02
-8.387486636638641357e-02
-8.391012996435165405e-02
-8.391392976045608521e-02
-8.387364447116851807e-02
-8.383100479841232300e-02
-8.391961455345153809e-02
-8.382729440927505493e-02
-8.384214341640472412e-02
-8.379808813333511353e-02
-8.386329561471939087e-02
-8.389326930046081543e-02
-8.388444781303405762e-02
-8.390047401189804077e-02
-8.390677720308303833e-02
-8.385382592678070068e-02
-8.385346084833145142e-02
-8.390439301729202271e-02
-8.379154652357101440e-02
-8.390841633081436157e-02
-8.387055993080139160e-02
-8.383350819349288940e-02
-8.383277803659439087e-02
-8.390840888023376465e-02
-8.381637930870056152e-02
-8.388043195009231567e-02
-8.388277888298034668e-02
-8.384177088737487793e-02
-8.382559567689895630e-02
-8.385573327541351318e-02
-8.386203646659851074e-02
-8.393988013267517090e-02
-8.385249972343444824e-02
-8.383493870496749878e-02
-8.383302390575408936e-02
-8.385345339775085449e-02
-8.389636874198913574e-02
-8.380948007106781006e-02
-8.389267325401306152e-02
-8.384831994771957397e-02
-8.388725668191909790e-02
-8.379466831684112549e-02
-8.382952958345413208e-02
-8.384900540113449097e-02
-8.386183530092239380e-02
-8.382990211248397827e-02
-8.388932049274444580e-02
-8.386835455894470215e-02
-8.387151360511779785e-02
-8.385168015956878662e-02
-8.398827910423278809e-02
-8.394120633602142334e-02
-8.387338370084762573e-02
-8.383933454751968384e-02
-8.380914479494094849e-02
-8.383844792842864990e-02
-8.381595462560653687e-02
-8.389397710561752319e-02
-8.385913819074630737e-02
-8.383809775114059448e-02
-8.385793119668960571e-02
-8.385450392961502075e-02
-8.387146145105361938e-02
-8.386729657649993896e-02
-8.383863419294357300e-02
-8.382310718297958374e-02
-8.391173183917999268e-02
-8.389806002378463745e-02
-8.378330618143081665e-02
-8.385039120912551880e-02
-8.385102450847625732e-02
-8.386101573705673218e-02
-8.394483476877212524e-02
-8.388616889715194702e-02
-8.393819630146026611e-02
-8.391983807086944580e-02
-8.386693149805068970e-02
-8.392803370952606201e-02
-8.385170251131057739e-02
-8.389423787593841553e-02
-8.392138779163360596e-02
-8.387044072151184082e-02
-8.387513458728790283e-02
-8.386752009391784668e-02
-8.394508808851242065e-02
-8.387709408998489380e-02
-8.391539007425308228e-02
-8.393235504627227783e-02
-8.387189358472824097e-02
-8.392855525016784668e-02
-8.395086228847503662e-02
-8.392336219549179077e-02
-8.395374566316604614e-02
-8.389256149530410767e-02
-8.384587615728378296e-02
-8.383016288280487061e-02
-8.382190018892288208e-02
-8.392999321222305298e-02
-8.390409499406814575e-02
-8.387695252895355225e-02
-8.393131196498870850e-02
-8.394410461187362671e-02
-8.395434916019439697e-02
-8.396451920270919800e-02
-8.384920656681060791e-02
-8.387057483196258545e-02
-8.385158330202102661e-02
-8.374880999326705933e-02
-8.386038243770599365e-02
-8.379021286964416504e-02
-8.385570347309112549e-02
-8.389241993427276611e-02
-8.389487117528915405e-02
-8.389540016651153564e-02
-8.386828750371932983e-02
-8.388204127550125122e-02
-8.387455344200134277e-02
-8.391086012125015259e-02
-8.392436802387237549e-02
-8.387685567140579224e-02
-8.389519900083541870e-02
-8.391133695840835571e-02
-8.388444036245346069e-02
-8.387211710214614868e-02
-8.393815904855728149e-02
-8.392099291086196899e-02
-8.397875726222991943e-02
-8.389745652675628662e-02
-8.389451354742050171e-02
-8.388882130384445190e-02
-8.390731364488601685e-02
-8.386067301034927368e-02
-8.398052304983139038e-02
-8.393976092338562012e-02
-8.392373472452163696e-02
-8.391308039426803589e-02
-8.396793156862258911e-02
-8.387729525566101074e-02
-8.391402661800384521e-02
-8.388204127550125122e-02
-8.388487994670867920e-02
-8.389586955308914185e-02
-8.394239842891693115e-02
-8.394704759120941162e-02
-8.388563990592956543e-02
-8.384899049997329712e-02
-8.389101922512054443e-02
-8.392191678285598755e-02
-8.393868803977966309e-02
-8.384933322668075562e-02
-8.386930823326110840e-02
-8.391483128070831299e-02
-8.390347659587860107e-02
-8.391816914081573486e-02
-8.386694639921188354e-02
-8.389988541603088379e-02
-8.395895361900329590e-02
-8.390899747610092163e-02
-8.393614739179611206e-02
-8.391740918159484863e-02
-8.393924683332443237e-02
-8.384995907545089722e-02
-8.399453014135360718e-02
-8.392889797687530518e-02
-8.393266052007675171e-02
-8.391274511814117432e-02
-8.394868671894073486e-02
-8.396849781274795532e-02
-8.393531292676925659e-02
-8.388555794954299927e-02
-8.384230732917785645e-02
-8.385602384805679321e-02
-8.388270437717437744e-02
-8.389941602945327759e-02
-8.389691263437271118e-02
-8.389100432395935059e-02
-8.393564075231552124e-02
-8.392208069562911987e-02
-8.385630697011947632e-02
-8.387503027915954590e-02
-8.392797410488128662e-02
-8.379986137151718140e-02
-8.385137468576431274e-02
-8.386219292879104614e-02
-8.388386666774749756e-02
-8.392501622438430786e-02
-8.386008441448211670e-02
-8.390934765338897705e-02
-8.389332145452499390e-02
-8.387001603841781616e-02
-8.390982449054718018e-02
-8.388660103082656860e-02
-8.387690037488937378e-02
-8.383633941411972046e-02
-8.385071158409118652e-02
-8.388479053974151611e-02
-8.392344415187835693e-02
-8.391524851322174072e-02
-8.385519683361053467e-02
-8.391227573156356812e-02
-8.391711860895156860e-02
-8.394248783588409424e-02
-8.387574553489685059e-02
-8.389010280370712280e-02
-8.385442197322845459e-02
-8.392230421304702759e-02
-8.388990908861160278e-02
-8.389104157686233521e-02
-8.396646380424499512e-02
-8.384047448635101318e-02
-8.395919948816299438e-02
-8.390574157238006592e-02
-8.391679823398590088e-02
-8.389019221067428589e-02
-8.394595235586166382e-02
-8.393979817628860474e-02
-8.394113928079605103e-02
-8.391897380352020264e-02
-8.393863588571548462e-02
-8.395047485828399658e-02
-8.391215652227401733e-02
-8.394434303045272827e-02
-8.394321799278259277e-02
-8.385266363620758057e-02
-8.394009619951248169e-02
-8.390501886606216431e-02
-8.390008658170700073e-02
-8.388285338878631592e-02
-8.393888175487518311e-02
-8.394139260053634644e-02
-8.388866484165191650e-02
-8.395745605230331421e-02
-8.395805209875106812e-02
-8.395132422447204590e-02
-8.386486023664474487e-02
-8.390548080205917358e-02
-8.387384563684463501e-02
-8.390201628208160400e-02
-8.395603299140930176e-02
-8.394630253314971924e-02
-8.397374302148818970e-02
-8.391287177801132202e-02
-8.392687141895294189e-02
-8.392836898565292358e-02
-8.394385129213333130e-02
-8.390708267688751221e-02
-8.382634073495864868e-02
-8.387026935815811157e-02
-8.386937528848648071e-02
-8.385534584522247314e-02
-8.385232090950012207e-02
-8.388344198465347290e-02
-8.386271446943283081e-02
-8.386326581239700317e-02
-8.398464322090148926e-02
-8.387022465467453003e-02
-8.399920910596847534e-02
-8.385828882455825806e-02
-8.385028690099716187e-02
-8.391035348176956177e-02
-8.388675004243850708e-02
-8.392022550106048584e-02
-8.387039601802825928e-02
-8.387111872434616089e-02
-8.390338718891143799e-02
-8.385360985994338989e-02
-8.388051390647888184e-02
-8.395038545131683350e-02
-8.394256979227066040e-02
-8.392914384603500366e-02
-8.391912281513214111e-02
-8.392690867185592651e-02
-8.392859250307083130e-02
-8.393458276987075806e-02
-8.385101705789566040e-02
-8.391981571912765503e-02
-8.397360146045684814e-02
-8.397395908832550049e-02
-8.393732458353042603e-02
-8.384856581687927246e-02
-8.388596028089523315e-02
-8.392563462257385254e-02
-8.392395824193954468e-02
-8.393331617116928101e-02
-8.395621925592422485e-02
-8.396045118570327759e-02
-8.392716944217681885e-02
-8.396286517381668091e-02
-8.391112834215164185e-02
-8.389065414667129517e-02
-8.391925692558288574e-02
-8.393475413322448730e-02
-8.393386751413345337e-02
-8.391634374856948853e-02
-8.387849479913711548e-02
-8.394742757081985474e-02
-8.399148285388946533e-02
-8.394018560647964478e-02
-8.396498113870620728e-02
-8.389890938997268677e-02
-8.396366983652114868e-02
-8.392377197742462158e-02
-8.393702656030654907e-02
-8.390412479639053345e-02
-8.394593745470046997e-02
-8.391822129487991333e-02
-8.386864513158798218e-02
-8.395235985517501831e-02
-8.386668562889099121e-02
-8.388737589120864868e-02
-8.397813141345977783e-02
-8.389994502067565918e-02
-8.394568413496017456e-02
-8.393628895282745361e-02
-8.394519239664077759e-02
-8.392962813377380371e-02
-8.392024785280227661e-02
-8.392403274774551392e-02
-8.389795571565628052e-02
-8.399201929569244385e-02
-8.395142853260040283e-02
-8.387317508459091187e-02
-8.393292874097824097e-02
-8.391409367322921753e-02
-8.393896371126174927e-02
-8.395814150571823120e-02
-8.388698846101760864e-02
-8.390829712152481079e-02
-8.391860872507095337e-02
-8.389916270971298218e-02
-8.394623547792434692e-02
-8.393207937479019165e-02
-8.395687490701675415e-02
-8.394537866115570068e-02
-8.389849960803985596e-02
-8.393386006355285645e-02
-8.392975479364395142e-02
-8.386055380105972290e-02
-8.389173448085784912e-02
-8.388034254312515259e-02
-8.395505696535110474e-02
-8.389381319284439087e-02
-8.388943225145339966e-02
-8.386965095996856689e-02
-8.389791846275329590e-02
-8.392110466957092285e-02
-8.394624292850494385e-02
-8.389141410589218140e-02
-8.390058577060699463e-02
-8.394560217857360840e-02
-8.393820375204086304e-02
-8.391329646110534668e-02
-8.394081890583038330e-02
-8.391989022493362427e-02
-8.389732241630554199e-02
-8.393207937479019165e-02
-8.387546986341476440e-02
-8.391200006008148193e-02
-8.391683548688888550e-02
-8.390861004590988159e-02
-8.397145569324493408e-02
-8.390856534242630005e-02
-8.388396352529525757e-02
-8.391305804252624512e-02
-8.385762572288513184e-02
-8.387707173824310303e-02
-8.391658216714859009e-02
-8.393736183643341064e-02
-8.390939980745315552e-02
-8.392759412527084351e-02
-8.392891287803649902e-02
-8.389665931463241577e-02
-8.389120548963546753e-02
-8.387347310781478882e-02
-8.387506753206253052e-02
-8.392341434955596924e-02
-8.390966057777404785e-02
-8.393871039152145386e-02
-8.389169722795486450e-02
-8.389173448085784912e-02
-8.386271446943283081e-02
-8.392589539289474487e-02
-8.388023823499679565e-02
-8.395645022392272949e-02
-8.390181511640548706e-02
-8.386324346065521240e-02
-8.388490974903106689e-02
-8.391313254833221436e-02
-8.386515080928802490e-02
-8.395150303840637207e-02
-8.393403142690658569e-02
-8.395512402057647705e-02
-8.390732109546661377e-02
-8.396288752555847168e-02
-8.387275040149688721e-02
-8.391931653022766113e-02
-8.388017117977142334e-02
-8.391705900430679321e-02
-8.394909650087356567e-02
-8.397007733583450317e-02
-8.393449336290359497e-02
-8.396635204553604126e-02
-8.396816998720169067e-02
-8.393882215023040771e-02
-8.394195884466171265e-02
-8.393524587154388428e-02
-8.393902331590652466e-02
-8.393400162458419800e-02
-8.400157839059829712e-02
-8.397755026817321777e-02
-8.393100649118423462e-02
-8.391635119915008545e-02
-8.392354100942611694e-02
-8.390224725008010864e-02
-8.388295024633407593e-02
-8.390792459249496460e-02
-8.396185189485549927e-02
-8.394040912389755249e-02
-8.398334681987762451e-02
-8.392003178596496582e-02
-8.389256894588470459e-02
-8.393163233995437622e-02
-8.393116295337677002e-02
-8.391682058572769165e-02
-8.393096178770065308e-02
-8.393659442663192749e-02
-8.389851450920104980e-02
-8.389054238796234131e-02
-8.387874066829681396e-02
-8.388718217611312866e-02
-8.391000330448150635e-02
-8.392396569252014160e-02
-8.397636562585830688e-02
-8.391568064689636230e-02
-8.390097320079803467e-02
-8.396626263856887817e-02
-8.394339680671691895e-02
-8.388196676969528198e-02
-8.386603742837905884e-02
-8.389633148908615112e-02
-8.401758968830108643e-02
-8.400103449821472168e-02
-8.394329994916915894e-02
-8.396227657794952393e-02
-8.395387977361679077e-02
-8.397431671619415283e-02
-8.393236994743347168e-02
-8.395900577306747437e-02
-8.391048759222030640e-02
-8.392761647701263428e-02
-8.394253998994827271e-02
-8.391071856021881104e-02
-8.390190452337265015e-02
-8.398841321468353271e-02
-8.392007648944854736e-02
-8.396256715059280396e-02
-8.389044553041458130e-02
-8.398484438657760620e-02
-8.396407216787338257e-02
-8.387652784585952759e-02
-8.391158282756805420e-02
-8.397916704416275024e-02
-8.394707739353179932e-02
-8.395375311374664307e-02
-8.395121991634368896e-02
-8.395984023809432983e-02
-8.394231647253036499e-02
-8.389893919229507446e-02
-8.397738635540008545e-02
-8.390798419713973999e-02
-8.393896371126174927e-02
-8.394053578376770020e-02
-8.393981307744979858e-02
-8.390296250581741333e-02
-8.393831551074981689e-02
-8.388135582208633423e-02
-8.393343538045883179e-02
-8.389990031719207764e-02
-8.393616229295730591e-02
-8.395721018314361572e-02
-8.388712257146835327e-02
-8.390317857265472412e-02
-8.396928012371063232e-02
-8.397225290536880493e-02
-8.393662422895431519e-02
-8.395393937826156616e-02
-8.390819281339645386e-02
-8.393148332834243774e-02
-8.389856666326522827e-02
-8.393896371126174927e-02
-8.392611145973205566e-02
-8.389683067798614502e-02
-8.387069404125213623e-02
-8.397014439105987549e-02
-8.394419401884078979e-02
-8.400923758745193481e-02
-8.394838869571685791e-02
-8.396198600530624390e-02
-8.391474932432174683e-02
-8.399856835603713989e-02
-8.389918506145477295e-02
-8.394508063793182373e-02
-8.390744030475616455e-02
-8.393289148807525635e-02
-8.395306020975112915e-02
-8.399669080972671509e-02
-8.396975696086883545e-02
-8.399884402751922607e-02
-8.396489918231964111e-02
-8.389119058847427368e-02
-8.394917100667953491e-02
-8.403243869543075562e-02
-8.396293967962265015e-02
-8.402213454246520996e-02
-8.396075665950775146e-02
-8.398418873548507690e-02
-8.397129178047180176e-02
-8.398295938968658447e-02
-8.389311283826828003e-02
-8.394377678632736206e-02
-8.396382629871368408e-02
-8.395634591579437256e-02
-8.388236165046691895e-02
-8.394762873649597168e-02
-8.398184180259704590e-02
-8.390303701162338257e-02
-8.387701958417892456e-02
-8.391474187374114990e-02
-8.391971886157989502e-02
-8.394672721624374390e-02
-8.394931256771087646e-02
-8.400018513202667236e-02
-8.394995331764221191e-02
-8.393874019384384155e-02
-8.392731100320816040e-02
-8.393748104572296143e-02
-8.400234580039978027e-02
-8.397182077169418335e-02
-8.394779264926910400e-02
-8.399872481822967529e-02
-8.395317941904067993e-02
-8.394792675971984863e-02
-8.394773304462432861e-02
-8.390949666500091553e-02
-8.389308303594589233e-02
-8.391500264406204224e-02
-8.397699147462844849e-02
-8.393000066280364990e-02
-8.389573544263839722e-02
-8.389734476804733276e-02
-8.395043760538101196e-02
-8.390490710735321045e-02
-8.391042053699493408e-02
-8.393541723489761353e-02
-8.389595896005630493e-02
-8.393216878175735474e-02
-8.391029387712478638e-02
-8.390996605157852173e-02
-8.389715105295181274e-02
-8.390346169471740723e-02
-8.391363918781280518e-02
-8.400090038776397705e-02
-8.389618247747421265e-02
-8.394405245780944824e-02
-8.392916619777679443e-02
-8.389709889888763428e-02
-8.394759148359298706e-02
-8.395953476428985596e-02
-8.397167176008224487e-02
-8.391143381595611572e-02
-8.398342877626419067e-02
-8.396143466234207153e-02
-8.397189527750015259e-02
-8.396765589714050293e-02
-8.396702259778976440e-02
-8.396030217409133911e-02
-8.393899351358413696e-02
-8.386639505624771118e-02
-8.395757526159286499e-02
-8.394484966993331909e-02
-8.390773087739944458e-02
-8.396516740322113037e-02
-8.397809416055679321e-02
-8.395356684923171997e-02
-8.399511873722076416e-02
-8.396137505769729614e-02
-8.393921703100204468e-02
-8.396174758672714233e-02
-8.399873226881027222e-02
-8.396591991186141968e-02
-8.396907895803451538e-02
-8.395188301801681519e-02
-8.397789299488067627e-02
-8.395168185234069824e-02
-8.393691480159759521e-02
-8.396188169717788696e-02
-8.393002301454544067e-02
-8.396036177873611450e-02
-8.394017815589904785e-02
-8.394302427768707275e-02
-8.398716896772384644e-02
-8.397840708494186401e-02
-8.392179757356643677e-02
-8.394752442836761475e-02
-8.392537385225296021e-02
-8.396659046411514282e-02
-8.395549654960632324e-02
-8.387970179319381714e-02
-8.384945243597030640e-02
-8.386080712080001831e-02
-8.389403671026229858e-02
-8.398274332284927368e-02
-8.391719311475753784e-02
-8.393357694149017334e-02
-8.395855873823165894e-02
-8.398607373237609863e-02
-8.394198864698410034e-02
-8.394507318735122681e-02
-8.393753319978713989e-02
-8.397486060857772827e-02
-8.397983759641647339e-02
-8.391581475734710693e-02
-8.389347046613693237e-02
-8.395985513925552368e-02
-8.397402614355087280e-02
-8.389607816934585571e-02
-8.390022069215774536e-02
-8.395420014858245850e-02
-8.397416025400161743e-02
-8.395837247371673584e-02
-8.395706862211227417e-02
-8.393235504627227783e-02
-8.403826504945755005e-02
-8.394679427146911621e-02
-8.391158282756805420e-02
-8.396124094724655151e-02
-8.385995775461196899e-02
-8.389497548341751099e-02
-8.400597423315048218e-02
-8.400908112525939941e-02
-8.393417298793792725e-02
-8.398448675870895386e-02
-8.391915261745452881e-02
-8.397429436445236206e-02
-8.395962417125701904e-02
-8.399712294340133667e-02
-8.392233401536941528e-02
-8.389402180910110474e-02
-8.393739908933639526e-02
-8.389851450920104980e-02
-8.397296071052551270e-02
-8.394683897495269775e-02
-8.396942913532257080e-02
-8.389977365732192993e-02
-8.397713303565979004e-02
-8.390326052904129028e-02
-8.393095433712005615e-02
-8.393796533346176147e-02
-8.389218151569366455e-02
-8.398105949163436890e-02
-8.395156264305114746e-02
-8.396654576063156128e-02
-8.395533263683319092e-02
-8.394838124513626099e-02
-8.391079306602478027e-02
-8.398144692182540894e-02
-8.392611891031265259e-02
-8.396097272634506226e-02
-8.394267410039901733e-02
-8.391816914081573486e-02
-8.398867398500442505e-02
-8.392722904682159424e-02
-8.393357694149017334e-02
-8.395499736070632935e-02
-8.393774926662445068e-02
-8.396933972835540771e-02
-8.394511044025421143e-02
-8.391194790601730347e-02
-8.393777906894683838e-02
-8.393822610378265381e-02
-8.394917845726013184e-02
-8.395716547966003418e-02
-8.390880376100540161e-02
-8.395050466060638428e-02
-8.394879847764968872e-02
-8.396571129560470581e-02
-8.396574109792709351e-02
-8.396343886852264404e-02
-8.395426720380783081e-02
-8.399226516485214233e-02
-8.399137854576110840e-02
-8.395598083734512329e-02
-8.395783603191375732e-02
-8.397660404443740845e-02
-8.394967019557952881e-02
-8.394198864698410034e-02
-8.397462218999862671e-02
-8.400268852710723877e-02
-8.399385958909988403e-02
-8.396043628454208374e-02
-8.395121991634368896e-02
-8.393814414739608765e-02
-8.396527171134948730e-02
-8.390850573778152466e-02
-8.396422117948532104e-02
-8.402114361524581909e-02
-8.401194214820861816e-02
-8.400081098079681396e-02
-8.394493907690048218e-02
-8.397393673658370972e-02
-8.394146710634231567e-02
-8.391163498163223267e-02
-8.391881734132766724e-02
-8.395615965127944946e-02
-8.393869549036026001e-02
-8.396165072917938232e-02
-8.394990861415863037e-02
-8.393803983926773071e-02
-8.396121859550476074e-02
-8.400667458772659302e-02
-8.399207144975662231e-02
-8.397950977087020874e-02
-8.398349583148956299e-02
-8.396809548139572144e-02
-8.395047485828399658e-02
-8.395958691835403442e-02
-8.396811038255691528e-02
-8.393929898738861084e-02
-8.397957682609558105e-02
-8.392629772424697876e-02
-8.394107222557067871e-02
-8.399809896945953369e-02
-8.400630205869674683e-02
-8.395293354988098145e-02
-8.395032584667205811e-02
-8.401240408420562744e-02
-8.405195176601409912e-02
-8.396450430154800415e-02
-8.396218717098236084e-02
-8.398130536079406738e-02
-8.397270739078521729e-02
-8.389640599489212036e-02
-8.389049023389816284e-02
-8.398688584566116333e-02
-8.395464718341827393e-02
-8.394991606473922729e-02
-8.392518013715744019e-02
-8.397377282381057739e-02
-8.395574986934661865e-02
-8.397562801837921143e-02
-8.395825326442718506e-02
-8.402097970247268677e-02
-8.391717821359634399e-02
-8.396504074335098267e-02
-8.401275426149368286e-02
-8.395615965127944946e-02
-8.396937698125839233e-02
-8.396195620298385620e-02
-8.396307379007339478e-02
-8.393965661525726318e-02
-8.392937481403350830e-02
-8.397641032934188843e-02
-8.399099856615066528e-02
-8.399964123964309692e-02
-8.393137902021408081e-02
-8.398063480854034424e-02
-8.389108628034591675e-02
-8.397117257118225098e-02
-8.397455513477325439e-02
-8.395682275295257568e-02
-8.394280821084976196e-02
-8.395478129386901855e-02
-8.399669080972671509e-02
-8.388725668191909790e-02
-8.394027501344680786e-02
-8.389817178249359131e-02
-8.397300541400909424e-02
-8.395888656377792358e-02
-8.395025134086608887e-02
-8.394791930913925171e-02
-8.402399718761444092e-02
-8.397378772497177124e-02
-8.393482118844985962e-02
-8.395100384950637817e-02
-8.396540582180023193e-02
-8.384487032890319824e-02
-8.399061113595962524e-02
-8.395490795373916626e-02
-8.396533876657485962e-02
-8.395491540431976318e-02
-8.398748189210891724e-02
-8.391366899013519287e-02
-8.396191149950027466e-02
-8.399047702550888062e-02
-8.396349102258682251e-02
-8.397596329450607300e-02
-8.394737541675567627e-02
-8.393879234790802002e-02
-8.398993313312530518e-02
-8.397094905376434326e-02
-8.400432765483856201e-02
-8.398699015378952026e-02
-8.401377499103546143e-02
-8.395506441593170166e-02
-8.396823704242706299e-02
-8.394051343202590942e-02
-8.396135270595550537e-02
-8.399006724357604980e-02
-8.403967320919036865e-02
-8.391933143138885498e-02
-8.396776020526885986e-02
-8.395662903785705566e-02
-8.379374444484710693e-02
-8.393522351980209351e-02
-8.395622670650482178e-02
-8.403953164815902710e-02
-8.399219810962677002e-02
-8.399304002523422241e-02
-8.395497500896453857e-02
-8.388973027467727661e-02
-8.401595056056976318e-02
-8.397696167230606079e-02
-8.388056606054306030e-02
-8.397184312343597412e-02
-8.398645371198654175e-02
-8.401224017143249512e-02
-8.399299532175064087e-02
-8.398056775331497192e-02
-8.397962898015975952e-02
-8.398266136646270752e-02
-8.396630734205245972e-02
-8.398614078760147095e-02
-8.395732194185256958e-02
-8.398504555225372314e-02
-8.402124792337417603e-02
-8.399496227502822876e-02
-8.400901407003402710e-02
-8.395247906446456909e-02
-8.398203551769256592e-02
-8.399153500795364380e-02
-8.398188650608062744e-02
-8.397506177425384521e-02
-8.397947996854782104e-02
-8.397046476602554321e-02
-8.394916355609893799e-02
-8.398029208183288574e-02
-8.396863192319869995e-02
-8.396937698125839233e-02
-8.396831899881362915e-02
-8.394679427146911621e-02
-8.403415977954864502e-02
-8.396770805120468140e-02
-8.400301635265350342e-02
-8.395363390445709229e-02
-8.400973677635192871e-02
-8.398640900850296021e-02
-8.395852148532867432e-02
-8.392734825611114502e-02
-8.399239927530288696e-02
-8.398663252592086792e-02
-8.394239842891693115e-02
-8.397863805294036865e-02
-8.396264165639877319e-02
-8.401704579591751099e-02
-8.396096527576446533e-02
-8.398368209600448608e-02
-8.398919552564620972e-02
-8.399666100740432739e-02
-8.384703099727630615e-02
-8.401983231306076050e-02
-8.398522436618804932e-02
-8.394015580415725708e-02
-8.400401473045349121e-02
-8.400891721248626709e-02
-8.393005281686782837e-02
-8.399885147809982300e-02
-8.394335210323333740e-02
-8.393277972936630249e-02
-8.396809548139572144e-02
-8.395560085773468018e-02
-8.390923589468002319e-02
-8.398254960775375366e-02
-8.402109891176223755e-02
-8.397162705659866333e-02
-8.399308472871780396e-02
-8.396784216165542603e-02
-8.398438245058059692e-02
-8.399546891450881958e-02
-8.396731317043304443e-02
-8.395935595035552979e-02
-8.392485231161117554e-02
-8.398620039224624634e-02
-8.395071327686309814e-02
-8.395163714885711670e-02
-8.397923409938812256e-02
-8.397548645734786987e-02
-8.391262590885162354e-02
-8.399783819913864136e-02
-8.396878093481063843e-02
-8.384633809328079224e-02
-8.395137637853622437e-02
-8.398068696260452271e-02
-8.398615568876266479e-02
-8.401060849428176880e-02
-8.405057340860366821e-02
-8.401849120855331421e-02
-8.390425145626068115e-02
-8.395977318286895752e-02
-8.395452797412872314e-02
-8.393308520317077637e-02
-8.400675654411315918e-02
-8.397721499204635620e-02
-8.398519456386566162e-02
-8.401709049940109253e-02
-8.399894088506698608e-02
-8.403430879116058350e-02
-8.403003960847854614e-02
-8.398816734552383423e-02
-8.397237211465835571e-02
-8.398991078138351440e-02
-8.398097008466720581e-02
-8.403287827968597412e-02
-8.395961672067642212e-02
-8.395523577928543091e-02
-8.401108533143997192e-02
-8.396821469068527222e-02
-8.398559689521789551e-02
-8.400166779756546021e-02
-8.397939801216125488e-02
-8.390552550554275513e-02
-8.402579277753829956e-02
-8.401500433683395386e-02
-8.402707427740097046e-02
-8.396675437688827515e-02
-8.396027982234954834e-02
-8.398460596799850464e-02
-8.385451883077621460e-02
-8.401782065629959106e-02
-8.400882035493850708e-02
-8.396801352500915527e-02
-8.393152058124542236e-02
-8.398410677909851074e-02
-8.392031490802764893e-02
-8.388695865869522095e-02
-8.390522748231887817e-02
-8.395459502935409546e-02
-8.399983495473861694e-02
-8.398915082216262817e-02
-8.398657292127609253e-02
-8.400021493434906006e-02
-8.396162837743759155e-02
-8.398107439279556274e-02
-8.390602469444274902e-02
-8.394368737936019897e-02
-8.394028991460800171e-02
-8.396353572607040405e-02
-8.395303040742874146e-02
-8.394295722246170044e-02
-8.399643748998641968e-02
-8.396109938621520996e-02
-8.403602987527847290e-02
-8.404229581356048584e-02
-8.401314169168472290e-02
-8.402720838785171509e-02
-8.396186679601669312e-02
-8.394728600978851318e-02
-8.392712473869323730e-02
-8.401368558406829834e-02
-8.395044505596160889e-02
-8.392037451267242432e-02
-8.398327231407165527e-02
-8.399834483861923218e-02
-8.396583050489425659e-02
-8.396689593791961670e-02
-8.393419533967971802e-02
-8.397123217582702637e-02
-8.400252461433410645e-02
-8.392487466335296631e-02
-8.392813056707382202e-02
-8.394607901573181152e-02
-8.395496010780334473e-02
-8.396084606647491455e-02
-8.401498198509216309e-02
-8.398105949163436890e-02
-8.399725705385208130e-02
-8.398869633674621582e-02
-8.395136147737503052e-02
-8.395329862833023071e-02
-8.401049673557281494e-02
-8.395887166261672974e-02
-8.397226780652999878e-02
-8.392324298620223999e-02
-8.394994586706161499e-02
-8.391365408897399902e-02
-8.400605618953704834e-02
-8.397663384675979614e-02
-8.400610834360122681e-02
-8.397486060857772827e-02
-8.404492586851119995e-02
-8.401825278997421265e-02
-8.393976092338562012e-02
-8.398952335119247437e-02
-8.399061113595962524e-02
-8.400432020425796509e-02
-8.400299400091171265e-02
-8.401242643594741821e-02
-8.394684642553329468e-02
-8.397834002971649170e-02
-8.396767824888229370e-02
-8.400421589612960815e-02
-8.398441225290298462e-02
-8.398474007844924927e-02
-8.393190801143646240e-02
-8.395653218030929565e-02
-8.394841104745864868e-02
-8.397685736417770386e-02
-8.394883573055267334e-02
-8.401038497686386108e-02
-8.395166695117950439e-02
-8.393322676420211792e-02
-8.393292874097824097e-02
-8.401267230510711670e-02
-8.401976525783538818e-02
-8.396290242671966553e-02
-8.394803851842880249e-02
-8.392630517482757568e-02
-8.395980298519134521e-02
-8.395083993673324585e-02
-8.396891504526138306e-02
-8.397509157657623291e-02
-8.403428643941879272e-02
-8.396650105714797974e-02
-8.398068696260452271e-02
-8.397019654512405396e-02
-8.392470329999923706e-02
-8.397213369607925415e-02
-8.397051692008972168e-02
-8.404929190874099731e-02
-8.399298042058944702e-02
-8.395833522081375122e-02
-8.398674428462982178e-02
-8.404485136270523071e-02
-8.400173485279083252e-02
-8.396115154027938843e-02
-8.395235240459442139e-02
-8.396843075752258301e-02
-8.393014222383499146e-02
-8.394448459148406982e-02
-8.390320092439651489e-02
-8.378446847200393677e-02
-8.394351601600646973e-02
-8.388068526983261108e-02
-8.398803323507308960e-02
-8.398570865392684937e-02
-8.398432284593582153e-02
-8.393564075231552124e-02
-8.402375131845474243e-02
-8.405575901269912720e-02
-8.405213803052902222e-02
-8.397589623928070068e-02
-8.397733420133590698e-02
-8.395511656999588013e-02
-8.399013429880142212e-02
-8.394102752208709717e-02
-8.393102139234542847e-02
-8.401758968830108643e-02
-8.398950845003128052e-02
-8.398240059614181519e-02
-8.401890099048614502e-02
-8.398688584566116333e-02
-8.397110551595687866e-02
-8.401957899332046509e-02
-8.398177474737167358e-02
-8.398478478193283081e-02
-8.399204909801483154e-02
-8.399142324924468994e-02
-8.396961539983749390e-02
-8.393207937479019165e-02
-8.396626263856887817e-02
-8.398804813623428345e-02
-8.399290591478347778e-02
-8.400244265794754028e-02
-8.398257195949554443e-02
-8.396048843860626221e-02
-8.402339369058609009e-02
-8.398649096488952637e-02
-8.393046259880065918e-02
-8.399706333875656128e-02
-8.402790874242782593e-02
-8.401338756084442139e-02
-8.394057303667068481e-02
-8.399630337953567505e-02
-8.400066941976547241e-02
-8.398567885160446167e-02
-8.395592123270034790e-02
-8.397278934717178345e-02
-8.399129658937454224e-02
-8.395620435476303101e-02
-8.395212143659591675e-02
-8.392585813999176025e-02
-8.394079655408859253e-02
-8.398398756980895996e-02
-8.398886024951934814e-02
-8.398868888616561890e-02
-8.401805907487869263e-02
-8.401962369680404663e-02
-8.399297297000885010e-02
-8.397535234689712524e-02
-8.401814103126525879e-02
-8.398284763097763062e-02
-8.393865078687667847e-02
-8.398194611072540283e-02
-8.405618369579315186e-02
-8.403097093105316162e-02
-8.395392447710037231e-02
-8.403345942497253418e-02
-8.395005017518997192e-02
-8.398438245058059692e-02
-8.397034555673599243e-02
-8.405797928571701050e-02
-8.392173796892166138e-02
-8.404169976711273193e-02
-8.394594490528106689e-02
-8.396045863628387451e-02
-8.393908292055130005e-02
-8.395752310752868652e-02
-8.401750773191452026e-02
-8.396850526332855225e-02
-8.400600403547286987e-02
-8.401346951723098755e-02
-8.399198949337005615e-02
-8.392421156167984009e-02
-8.392839878797531128e-02
-8.401491492986679077e-02
-8.399461209774017334e-02
-8.402317017316818237e-02
-8.394609391689300537e-02
-8.398319035768508911e-02
-8.404543250799179077e-02
-8.403220027685165405e-02
-8.390171825885772705e-02
-8.401123434305191040e-02
-8.396889269351959229e-02
-8.399604260921478271e-02
-8.395585417747497559e-02
-8.400687575340270996e-02
-8.401809632778167725e-02
-8.399353176355361938e-02
-8.399634063243865967e-02
-8.408211916685104370e-02
-8.403830230236053467e-02
-8.402709662914276123e-02
-8.400299400091171265e-02
-8.395151793956756592e-02
-8.395972102880477905e-02
-8.398611843585968018e-02
-8.397407829761505127e-02
-8.397074043750762939e-02
-8.395428210496902466e-02
-8.391998708248138428e-02
-8.404682576656341553e-02
-8.393482863903045654e-02
-8.392987400293350220e-02
-8.399093896150588989e-02
-8.398734033107757568e-02
-8.399737626314163208e-02
-8.395501971244812012e-02
-8.393578976392745972e-02
-8.400111645460128784e-02
-8.398242294788360596e-02
-8.397343009710311890e-02
-8.394541591405868530e-02
-8.399592339992523193e-02
-8.394695073366165161e-02
-8.390997350215911865e-02
-8.399454504251480103e-02
-8.398229628801345825e-02
-8.396939188241958618e-02
-8.393254131078720093e-02
-8.392729610204696655e-02
-8.394607901573181152e-02
-8.404145389795303345e-02
-8.397427201271057129e-02
-8.401735126972198486e-02
-8.400835096836090088e-02
-8.400480449199676514e-02
-8.399035781621932983e-02
-8.399397879838943481e-02
-8.399210870265960693e-02
-8.396293967962265015e-02
-8.398025482892990112e-02
-8.406630903482437134e-02
-8.400665223598480225e-02
-8.394069969654083252e-02
-8.399493247270584106e-02
-8.402215689420700073e-02
-8.402094990015029907e-02
-8.400035649538040161e-02
-8.399125188589096069e-02
-8.395496755838394165e-02
-8.397213369607925415e-02
-8.394284546375274658e-02
-8.398633450269699097e-02
-8.397592604160308838e-02
-8.401820063591003418e-02
-8.399563282728195190e-02
-8.402487635612487793e-02
-8.403471112251281738e-02
-8.400566875934600830e-02
-8.400459587574005127e-02
-8.396769315004348755e-02
-8.393790572881698608e-02
-8.400103449821472168e-02
-8.396432548761367798e-02
-8.396673947572708130e-02
-8.391556888818740845e-02
-8.400253206491470337e-02
-8.398840576410293579e-02
-8.402308076620101929e-02
-8.395762741565704346e-02
-8.388298004865646362e-02
-8.402773737907409668e-02
-8.398335427045822144e-02
-8.391233533620834351e-02
-8.388645946979522705e-02
-8.402829617261886597e-02
-8.399148285388946533e-02
-8.395492285490036011e-02
-8.397241681814193726e-02
-8.398701995611190796e-02
-8.394367247819900513e-02
-8.396211266517639160e-02
-8.394540101289749146e-02
-8.395569771528244019e-02
-8.397044986486434937e-02
-8.402498066425323486e-02
-8.390785008668899536e-02
-8.400829881429672241e-02
-8.395052701234817505e-02
-8.394367992877960205e-02
-8.407200127840042114e-02
-8.396939188241958618e-02
-8.390142023563385010e-02
-8.395319432020187378e-02
-8.402533829212188721e-02
-8.397814631462097168e-02
-8.395250886678695679e-02
-8.397637307643890381e-02
-8.395574241876602173e-02
-8.396355807781219482e-02
-8.400954306125640869e-02
-8.401219546794891357e-02
-8.395512402057647705e-02
-8.400938659906387329e-02
-8.395215868949890137e-02
-8.398953825235366821e-02
-8.401411026716232300e-02
-8.398603647947311401e-02
-8.396247774362564087e-02
-8.399221301078796387e-02
-8.397691696882247925e-02
-8.399714529514312744e-02
-8.395547419786453247e-02
-8.393506705760955811e-02
-8.396203815937042236e-02
-8.401199430227279663e-02
-8.397786319255828857e-02
-8.400302380323410034e-02
-8.396483212709426880e-02
-8.398000895977020264e-02
-8.402164280414581299e-02
-8.396050333976745605e-02
-8.397655189037322998e-02
-8.396222442388534546e-02
-8.398354798555374146e-02
-8.393560349941253662e-02
-8.403350412845611572e-02
-8.397093415260314941e-02
-8.399572223424911499e-02
-8.395338803529739380e-02
-8.406009525060653687e-02
-8.399725705385208130e-02
-8.400645107030868530e-02
-8.401241153478622437e-02
-8.397577702999114990e-02
-8.400354534387588501e-02
-8.399815857410430908e-02
-8.399812132120132446e-02
-8.397842943668365479e-02
-8.395176380872726440e-02
-8.401216566562652588e-02
-8.397168666124343872e-02
-8.396039158105850220e-02
-8.401324599981307983e-02
-8.400936424732208252e-02
-8.404229581356048584e-02
-8.400301635265350342e-02
-8.402555435895919800e-02
-8.396505564451217651e-02
-8.394470065832138062e-02
-8.398638665676116943e-02
-8.397112041711807251e-02
-8.391632139682769775e-02
-8.400087803602218628e-02
-8.400968462228775024e-02
-8.395965397357940674e-02
-8.397530019283294678e-02
-8.399451524019241333e-02
-8.399098366498947144e-02
-8.397112786769866943e-02
-8.400981128215789795e-02
-8.400707691907882690e-02
-8.403628319501876831e-02
-8.397250622510910034e-02
-8.400519192218780518e-02
-8.404415100812911987e-02
-8.397446572780609131e-02
-8.397588133811950684e-02
-8.396670967340469360e-02
-8.404449373483657837e-02
-8.407385647296905518e-02
-8.405008167028427124e-02
-8.407252281904220581e-02
-8.395764231681823730e-02
-8.397928625345230103e-02
-8.402054756879806519e-02
-8.395647257566452026e-02
-8.401525765657424927e-02
-8.396317809820175171e-02
-8.397267758846282959e-02
-8.392670005559921265e-02
-8.396589010953903198e-02
-8.405023068189620972e-02
-8.403454720973968506e-02
-8.399382978677749634e-02
-8.402572572231292725e-02
-8.402054756879806519e-02
-8.399432152509689331e-02
-8.396892249584197998e-02
-8.396916836500167847e-02
-8.392385393381118774e-02
-8.392801135778427124e-02
-8.400491625070571899e-02
-8.402354270219802856e-02
-8.399257063865661621e-02
-8.397365361452102661e-02
-8.391564339399337769e-02
-8.398411422967910767e-02
-8.399747312068939209e-02
-8.401738852262496948e-02
-8.399155735969543457e-02
-8.399938046932220459e-02
-8.400269597768783569e-02
-8.395450562238693237e-02
-8.399806916713714600e-02
-8.383577316999435425e-02
-8.398736268281936646e-02
-8.394422382116317749e-02
-8.401088416576385498e-02
-8.395335823297500610e-02
-8.397766947746276855e-02
-8.393952250480651855e-02
-8.399667590856552124e-02
-8.398953825235366821e-02
-8.400493115186691284e-02
-8.398903161287307739e-02
-8.396504819393157959e-02
-8.399949967861175537e-02
-8.399439603090286255e-02
-8.393494039773941040e-02
