-1.848254539072513580e-02
-1.846896670758724213e-02
-1.848893612623214722e-02
-1.848098263144493103e-02
-1.848354190587997437e-02
-1.849713921546936035e-02
-1.848738640546798706e-02
-1.848280057311058044e-02
-1.848920434713363647e-02
-1.848643273115158081e-02
-1.849540695548057556e-02
-1.850364543497562408e-02
-1.850498095154762268e-02
-1.849787682294845581e-02
-1.849831454455852509e-02
-1.851917430758476257e-02
-1.852057129144668579e-02
-1.852301694452762604e-02
-1.852540485560894012e-02
-1.851845160126686096e-02
-1.851942390203475952e-02
-1.852994598448276520e-02
-1.852558180689811707e-02
-1.851981133222579956e-02
-1.852245442569255829e-02
-1.852833665907382965e-02
-1.853026822209358215e-02
-1.853881590068340302e-02
-1.854612678289413452e-02
-1.852756179869174957e-02
-1.854859665036201477e-02
-1.854100450873374939e-02
-1.855513453483581543e-02
-1.854850724339485168e-02
-1.856937631964683533e-02
-1.856324821710586548e-02
-1.855278387665748596e-02
-1.856922730803489685e-02
-1.856614090502262115e-02
-1.858409680426120758e-02
-1.857650838792324066e-02
-1.856995932757854462e-02
-1.858474314212799072e-02
-1.857814192771911621e-02
-1.859137043356895447e-02
-1.857884600758552551e-02
-1.858378946781158447e-02
-1.857879012823104858e-02
-1.859379559755325317e-02
-1.860440894961357117e-02
-1.861355639994144440e-02
-1.860251091420650482e-02
-1.861280202865600586e-02
-1.861508749425411224e-02
-1.861045695841312408e-02
-1.861291751265525818e-02
-1.861219480633735657e-02
-1.861299388110637665e-02
-1.862701214849948883e-02
-1.862440072000026703e-02
-1.863462291657924652e-02
-1.863020658493041992e-02
-1.865307055413722992e-02
-1.862748526036739349e-02
-1.865084469318389893e-02
-1.864476315677165985e-02
-1.864400506019592285e-02
-1.863912306725978851e-02
-1.864853501319885254e-02
-1.864005438983440399e-02
-1.865555346012115479e-02
-1.865477673709392548e-02
-1.864339783787727356e-02
-1.865816675126552582e-02
-1.865863054990768433e-02
-1.867330819368362427e-02
-1.867022179067134857e-02
-1.866907440125942230e-02
-1.867760717868804932e-02
-1.868401840329170227e-02
-1.867823116481304169e-02
-1.868624798953533173e-02
-1.868148520588874817e-02
-1.868556253612041473e-02
-1.868961751461029053e-02
-1.869308948516845703e-02
-1.869788207113742828e-02
-1.870056614279747009e-02
-1.871251873672008514e-02
-1.869826950132846832e-02
-1.870906166732311249e-02
-1.871800422668457031e-02
-1.872303709387779236e-02
-1.871909573674201965e-02
-1.872209645807743073e-02
-1.872295886278152466e-02
-1.873336359858512878e-02
-1.872027479112148285e-02
-1.873299479484558105e-02
-1.872104220092296600e-02
-1.874345168471336365e-02
-1.873645186424255371e-02
-1.873633824288845062e-02
-1.873288862407207489e-02
-1.873461343348026276e-02
-1.874170638620853424e-02
-1.873002387583255768e-02
-1.875307783484458923e-02
-1.875000819563865662e-02
-1.876392215490341187e-02
-1.876582950353622437e-02
-1.876407675445079803e-02
-1.876404508948326111e-02
-1.875366084277629852e-02
-1.875693909823894501e-02
-1.876510679721832275e-02
-1.876736432313919067e-02
-1.878027990460395813e-02
-1.877280510962009430e-02
-1.878537051379680634e-02
-1.878326013684272766e-02
-1.878092624247074127e-02
-1.878181658685207367e-02
-1.877145841717720032e-02
-1.878391019999980927e-02
-1.879380084574222565e-02
-1.880064047873020172e-02
-1.880065351724624634e-02
-1.880730129778385162e-02
-1.881077885627746582e-02
-1.881797425448894501e-02
-1.881054043769836426e-02
-1.881683431565761566e-02
-1.881065592169761658e-02
-1.880913972854614258e-02
-1.882384344935417175e-02
-1.880953274667263031e-02
-1.881191693246364594e-02
-1.882125809788703918e-02
-1.881882548332214355e-02
-1.883436553180217743e-02
-1.883911155164241791e-02
-1.884374022483825684e-02
-1.884032599627971649e-02
-1.882936432957649231e-02
-1.884709671139717102e-02
-1.884895190596580505e-02
-1.884936355054378510e-02
-1.885917037725448608e-02
-1.885485462844371796e-02
-1.885285973548889160e-02
-1.885989308357238770e-02
-1.885535940527915955e-02
-1.887000538408756256e-02
-1.886976696550846100e-02
-1.887194067239761353e-02
-1.887538656592369080e-02
-1.888410560786724091e-02
-1.887210458517074585e-02
-1.889036223292350769e-02
-1.887824200093746185e-02
-1.888482272624969482e-02
-1.889808475971221924e-02
-1.890092156827449799e-02
-1.889822259545326233e-02
-1.889269798994064331e-02
-1.890695095062255859e-02
-1.889893226325511932e-02
-1.890644058585166931e-02
-1.889478042721748352e-02
-1.890125498175621033e-02
-1.890059188008308411e-02
-1.890552602708339691e-02
-1.891637593507766724e-02
-1.892368122935295105e-02
-1.890934817492961884e-02
-1.891560107469558716e-02
-1.893226616084575653e-02
-1.892367564141750336e-02
-1.893342845141887665e-02
-1.893392764031887054e-02
-1.892808824777603149e-02
-1.892961934208869934e-02
-1.894114352762699127e-02
-1.894013397395610809e-02
-1.894938386976718903e-02
-1.894715428352355957e-02
-1.895196177065372467e-02
-1.894283853471279144e-02
-1.896095275878906250e-02
-1.896152459084987640e-02
-1.896743848919868469e-02
-1.895443722605705261e-02
-1.896590366959571838e-02
-1.896168105304241180e-02
-1.897522434592247009e-02
-1.897428371012210846e-02
-1.896820403635501862e-02
-1.897584274411201477e-02
-1.897988282144069672e-02
-1.898515224456787109e-02
-1.896972768008708954e-02
-1.897760480642318726e-02
-1.897067949175834656e-02
-1.898329704999923706e-02
-1.898330450057983398e-02
-1.899090781807899475e-02
-1.900217682123184204e-02
-1.900123618543148041e-02
-1.900522783398628235e-02
-1.900009624660015106e-02
-1.898673176765441895e-02
-1.899122074246406555e-02
-1.899727061390876770e-02
-1.900429464876651764e-02
-1.901514455676078796e-02
-1.900722086429595947e-02
-1.901763305068016052e-02
-1.900574006140232086e-02
-1.901836134493350983e-02
-1.901916973292827606e-02
-1.903321966528892517e-02
-1.902575232088565826e-02
-1.902619004249572754e-02
-1.903634332120418549e-02
-1.903494819998741150e-02
-1.903310418128967285e-02
-1.903492026031017303e-02
-1.902585476636886597e-02
-1.903131231665611267e-02
-1.904348470270633698e-02
-1.903142780065536499e-02
-1.903660595417022705e-02
-1.904343813657760620e-02
-1.905029825866222382e-02
-1.905092038214206696e-02
-1.905724219977855682e-02
-1.904454454779624939e-02
-1.905497349798679352e-02
-1.906083896756172180e-02
-1.906054653227329254e-02
-1.906532421708106995e-02
-1.905932463705539703e-02
-1.905072666704654694e-02
-1.906489580869674683e-02
-1.907033659517765045e-02
-1.907647773623466492e-02
-1.906532980501651764e-02
-1.907718740403652191e-02
-1.908056810498237610e-02
-1.908644288778305054e-02
-1.908889785408973694e-02
-1.909140869975090027e-02
-1.908113807439804077e-02
-1.909371279180049896e-02
-1.908757351338863373e-02
-1.908325403928756714e-02
-1.908904127776622772e-02
-1.909118331968784332e-02
-1.909903250634670258e-02
-1.909582130610942841e-02
-1.910406723618507385e-02
-1.910177245736122131e-02
-1.910134032368659973e-02
-1.910199783742427826e-02
-1.910550519824028015e-02
-1.910187117755413055e-02
-1.910113543272018433e-02
-1.910856366157531738e-02
-1.912086829543113708e-02
-1.911074481904506683e-02
-1.912271231412887573e-02
-1.910713873803615570e-02
-1.912833563983440399e-02
-1.912039145827293396e-02
-1.912152022123336792e-02
-1.911829784512519836e-02
-1.911700703203678131e-02
-1.913014613091945648e-02
-1.913594454526901245e-02
-1.913038268685340881e-02
-1.913788914680480957e-02
-1.913400739431381226e-02
-1.913274452090263367e-02
-1.913831941783428192e-02
-1.914298534393310547e-02
-1.913937926292419434e-02
-1.914801076054573059e-02
-1.915065199136734009e-02
-1.915609836578369141e-02
-1.914277672767639160e-02
-1.914401166141033173e-02
-1.915656402707099915e-02
-1.915363408625125885e-02
-1.916128955781459808e-02
-1.916088908910751343e-02
-1.916417852044105530e-02
-1.915968023240566254e-02
-1.916787773370742798e-02
-1.916611753404140472e-02
-1.917199045419692993e-02
-1.918042264878749847e-02
-1.918472722172737122e-02
-1.918071508407592773e-02
-1.918705366551876068e-02
-1.917753741145133972e-02
-1.918167434632778168e-02
-1.918494701385498047e-02
-1.918571628630161285e-02
-1.919018477201461792e-02
-1.918859593570232391e-02
-1.918817125260829926e-02
-1.919869519770145416e-02
-1.918910816311836243e-02
-1.920221187174320221e-02
-1.918704248964786530e-02
-1.919106952846050262e-02
-1.919554919004440308e-02
-1.919645629823207855e-02
-1.920869946479797363e-02
-1.920069567859172821e-02
-1.919448375701904297e-02
-1.920254528522491455e-02
-1.920527964830398560e-02
-1.920349337160587311e-02
-1.921464130282402039e-02
-1.921434700489044189e-02
-1.921810582280158997e-02
-1.921568065881729126e-02
-1.922049373388290405e-02
-1.921149715781211853e-02
-1.922462321817874908e-02
-1.921334490180015564e-02
-1.922572217881679535e-02
-1.922240667045116425e-02
-1.922626048326492310e-02
-1.922479830682277679e-02
-1.922669075429439545e-02
-1.922543719410896301e-02
-1.923107914626598358e-02
-1.922473311424255371e-02
-1.923793926835060120e-02
-1.923493295907974243e-02
-1.925004832446575165e-02
-1.924896985292434692e-02
-1.924578845500946045e-02
-1.924966089427471161e-02
-1.925037242472171783e-02
-1.925280317664146423e-02
-1.924003101885318756e-02
-1.924519054591655731e-02
-1.924419403076171875e-02
-1.924961432814598083e-02
-1.925249211490154266e-02
-1.925384998321533203e-02
-1.925936341285705566e-02
-1.926375739276409149e-02
-1.925771869719028473e-02
-1.926020346581935883e-02
-1.926196552813053131e-02
-1.926503889262676239e-02
-1.926061138510704041e-02
-1.926735974848270416e-02
-1.926550269126892090e-02
-1.926429942250251770e-02
-1.927461102604866028e-02
-1.927017048001289368e-02
-1.926941424608230591e-02
-1.927429437637329102e-02
-1.927832327783107758e-02
-1.927791163325309753e-02
-1.927902176976203918e-02
-1.927242241799831390e-02
-1.926874183118343353e-02
-1.927895471453666687e-02
-1.927741616964340210e-02
-1.928005181252956390e-02
-1.927783712744712830e-02
-1.928872242569923401e-02
-1.929036714136600494e-02
-1.928828097879886627e-02
-1.929617486894130707e-02
-1.929478347301483154e-02
-1.929442398250102997e-02
-1.928755268454551697e-02
-1.930628530681133270e-02
-1.929995976388454437e-02
-1.930646970868110657e-02
-1.930577494204044342e-02
-1.931142434477806091e-02
-1.929787546396255493e-02
-1.930183731019496918e-02
-1.931258663535118103e-02
-1.931564323604106903e-02
-1.931094564497470856e-02
-1.931626535952091217e-02
-1.931434497237205505e-02
-1.931425929069519043e-02
-1.930873095989227295e-02
-1.931842043995857239e-02
-1.931525208055973053e-02
-1.931555382907390594e-02
-1.931896433234214783e-02
-1.931281201541423798e-02
-1.932545751333236694e-02
-1.932455040514469147e-02
-1.932688802480697632e-02
-1.933438517153263092e-02
-1.933127269148826599e-02
-1.933429576456546783e-02
-1.932566985487937927e-02
-1.932831667363643646e-02
-1.933706179261207581e-02
-1.933638565242290497e-02
-1.933136209845542908e-02
-1.933593116700649261e-02
-1.933794096112251282e-02
-1.934545114636421204e-02
-1.933956891298294067e-02
-1.934204064309597015e-02
-1.935155689716339111e-02
-1.934732124209403992e-02
-1.934128627181053162e-02
-1.934096775949001312e-02
-1.934820227324962616e-02
-1.935033127665519714e-02
-1.935418881475925446e-02
-1.934833824634552002e-02
-1.935812085866928101e-02
-1.936133019626140594e-02
-1.935883983969688416e-02
-1.936225965619087219e-02
-1.935471594333648682e-02
-1.936570182442665100e-02
-1.935983076691627502e-02
-1.935517415404319763e-02
-1.936194300651550293e-02
-1.936924457550048828e-02
-1.936889998614788055e-02
-1.936411112546920776e-02
-1.936821453273296356e-02
-1.937691681087017059e-02
-1.937837339937686920e-02
-1.936763152480125427e-02
-1.937864162027835846e-02
-1.937733218073844910e-02
-1.937998645007610321e-02
-1.937592029571533203e-02
-1.938130334019660950e-02
-1.937312260270118713e-02
-1.937138475477695465e-02
-1.938151940703392029e-02
-1.937876455485820770e-02
-1.938627101480960846e-02
-1.938744634389877319e-02
-1.938739977777004242e-02
-1.938057504594326019e-02
-1.938780397176742554e-02
-1.938886754214763641e-02
-1.939132437109947205e-02
-1.938965916633605957e-02
-1.939080469310283661e-02
-1.939420215785503387e-02
-1.939610950648784637e-02
-1.940338127315044403e-02
-1.939341984689235687e-02
-1.939863525331020355e-02
-1.939860545098781586e-02
-1.940744929015636444e-02
-1.939595304429531097e-02
-1.940290071070194244e-02
-1.940584555268287659e-02
-1.940840482711791992e-02
-1.940006949007511139e-02
-1.940433122217655182e-02
-1.940665207803249359e-02
-1.940796896815299988e-02
-1.940657198429107666e-02
-1.940570026636123657e-02
-1.941131055355072021e-02
-1.941726356744766235e-02
-1.940887607634067535e-02
-1.940860971808433533e-02
-1.941182650625705719e-02
-1.941347680985927582e-02
-1.941316574811935425e-02
-1.941097155213356018e-02
-1.942337863147258759e-02
-1.942257210612297058e-02
-1.942417584359645844e-02
-1.941874623298645020e-02
-1.941945776343345642e-02
-1.941967569291591644e-02
-1.941979676485061646e-02
-1.942284777760505676e-02
-1.942032575607299805e-02
-1.943354681134223938e-02
-1.942848041653633118e-02
-1.942647248506546021e-02
-1.942675933241844177e-02
-1.942863315343856812e-02
-1.942522078752517700e-02
-1.943201757967472076e-02
-1.943156681954860687e-02
-1.942938379943370819e-02
-1.942800730466842651e-02
-1.943033561110496521e-02
-1.943626254796981812e-02
-1.944350823760032654e-02
-1.943939737975597382e-02
-1.944100670516490936e-02
-1.944137364625930786e-02
-1.943699829280376434e-02
-1.944091543555259705e-02
-1.944550126791000366e-02
-1.944048143923282623e-02
-1.944691315293312073e-02
-1.944702304899692535e-02
-1.945127546787261963e-02
-1.945058070123195648e-02
-1.944549195468425751e-02
-1.945236325263977051e-02
-1.945717073976993561e-02
-1.944984123110771179e-02
-1.945275068283081055e-02
-1.945586130023002625e-02
-1.945042051374912262e-02
-1.945013180375099182e-02
-1.945055648684501648e-02
-1.945861242711544037e-02
-1.945473626255989075e-02
-1.945691928267478943e-02
-1.946575753390789032e-02
-1.945772022008895874e-02
-1.946571469306945801e-02
-1.946048811078071594e-02
-1.946606859564781189e-02
-1.946642622351646423e-02
-1.946750842034816742e-02
-1.946507021784782410e-02
-1.946570351719856262e-02
-1.947139576077461243e-02
-1.947527192533016205e-02
-1.946928724646568298e-02
-1.946706883609294891e-02
-1.947065442800521851e-02
-1.947308890521526337e-02
-1.947942748665809631e-02
-1.947561837732791901e-02
-1.947579532861709595e-02
-1.947720721364021301e-02
-1.947762072086334229e-02
-1.947396621108055115e-02
-1.948133856058120728e-02
-1.948308385908603668e-02
-1.947945356369018555e-02
-1.948292553424835205e-02
-1.947913132607936859e-02
-1.948809064924716949e-02
-1.948293112218379974e-02
-1.948597282171249390e-02
-1.948984339833259583e-02
-1.948557794094085693e-02
-1.948885433375835419e-02
-1.949096843600273132e-02
-1.949383690953254700e-02
-1.949218474328517914e-02
-1.949610188603401184e-02
-1.949485391378402710e-02
-1.948585361242294312e-02
-1.949529722332954407e-02
-1.949309371411800385e-02
-1.948859542608261108e-02
-1.949895918369293213e-02
-1.949650980532169342e-02
-1.950398087501525879e-02
-1.949412934482097626e-02
-1.950121484696865082e-02
-1.950562372803688049e-02
-1.950515620410442352e-02
-1.950505375862121582e-02
-1.950836740434169769e-02
-1.950163021683692932e-02
-1.950345374643802643e-02
-1.951199024915695190e-02
-1.951268874108791351e-02
-1.951256021857261658e-02
-1.951569877564907074e-02
-1.951264217495918274e-02
-1.951788738369941711e-02
-1.952030509710311890e-02
-1.950543001294136047e-02
-1.949753239750862122e-02
-1.950935833156108856e-02
-1.950435340404510498e-02
-1.951626501977443695e-02
-1.952002383768558502e-02
-1.950617507100105286e-02
-1.951156929135322571e-02
-1.951886154711246490e-02
-1.952015794813632965e-02
-1.951725594699382782e-02
-1.951738074421882629e-02
-1.951454021036624908e-02
-1.951169967651367188e-02
-1.950520277023315430e-02
-1.949210278689861298e-02
-1.949748396873474121e-02
-1.949564926326274872e-02
-1.949515938758850098e-02
-1.949327066540718079e-02
-1.949055865406990051e-02
-1.948600448668003082e-02
-1.948914863169193268e-02
-1.949758827686309814e-02
-1.949748769402503967e-02
-1.949945464730262756e-02
-1.949461176991462708e-02
-1.950359903275966644e-02
-1.949246600270271301e-02
-1.948928460478782654e-02
-1.948711276054382324e-02
-1.949366182088851929e-02
-1.948755234479904175e-02
-1.949293352663516998e-02
-1.950418576598167419e-02
-1.950875483453273773e-02
-1.949444040656089783e-02
-1.948582939803600311e-02
-1.948579400777816772e-02
-1.949181780219078064e-02
-1.948673836886882782e-02
-1.949082128703594208e-02
-1.950033381581306458e-02
-1.949745975434780121e-02
-1.950074173510074615e-02
-1.951222866773605347e-02
-1.951465941965579987e-02
-1.952258311212062836e-02
-1.951414160430431366e-02
-1.951345801353454590e-02
-1.951587758958339691e-02
-1.951424404978752136e-02
-1.950280182063579559e-02
-1.952144503593444824e-02
-1.951010897755622864e-02
-1.950980722904205322e-02
-1.950770989060401917e-02
-1.950241997838020325e-02
-1.950640417635440826e-02
-1.950655318796634674e-02
-1.950541511178016663e-02
-1.950485818088054657e-02
-1.950147561728954315e-02
-1.949010789394378662e-02
-1.949090138077735901e-02
-1.950706355273723602e-02
-1.951324380934238434e-02
-1.950490102171897888e-02
-1.950216852128505707e-02
-1.950272545218467712e-02
-1.951119862496852875e-02
-1.951100677251815796e-02
-1.950395107269287109e-02
-1.950664259493350983e-02
-1.950127445161342621e-02
-1.950673758983612061e-02
-1.950205303728580475e-02
-1.949974708259105682e-02
-1.949328742921352386e-02
-1.949695497751235962e-02
-1.948860660195350647e-02
-1.947793364524841309e-02
-1.947695761919021606e-02
-1.946926675736904144e-02
-1.945905387401580811e-02
-1.945762895047664642e-02
-1.944649964570999146e-02
-1.944180577993392944e-02
-1.944894343614578247e-02
-1.943426951766014099e-02
-1.944045722484588623e-02
-1.943502761423587799e-02
-1.943348720669746399e-02
-1.942574605345726013e-02
-1.941422745585441589e-02
-1.941460184752941132e-02
-1.941949501633644104e-02
-1.940221898257732391e-02
-1.938737370073795319e-02
-1.938655972480773926e-02
-1.937981694936752319e-02
-1.937109604477882385e-02
-1.937623694539070129e-02
-1.938029006123542786e-02
-1.938165165483951569e-02
-1.938060857355594635e-02
-1.937080360949039459e-02
-1.937741599977016449e-02
-1.936875283718109131e-02
-1.937722042202949524e-02
-1.937679760158061981e-02
-1.936045102775096893e-02
-1.935141533613204956e-02
-1.934918202459812164e-02
-1.934967003762722015e-02
-1.936383359134197235e-02
-1.936990953981876373e-02
-1.939004473388195038e-02
-1.939607597887516022e-02
-1.940006017684936523e-02
-1.939891651272773743e-02
-1.941046491265296936e-02
-1.942972652614116669e-02
-1.945211738348007202e-02
-1.945916190743446350e-02
-1.946453563868999481e-02
-1.946062222123146057e-02
-1.946446113288402557e-02
-1.945663988590240479e-02
-1.945304125547409058e-02
-1.945062540471553802e-02
-1.944082230329513550e-02
-1.943125575780868530e-02
-1.942234113812446594e-02
-1.941735111176967621e-02
-1.939916238188743591e-02
-1.938119530677795410e-02
-1.936206966638565063e-02
-1.934555731713771820e-02
-1.934110559523105621e-02
-1.932622306048870087e-02
-1.932387426495552063e-02
-1.929098926484584808e-02
-1.926132477819919586e-02
-1.925656758248806000e-02
-1.923388615250587463e-02
-1.921124570071697235e-02
-1.917028240859508514e-02
-1.915694214403629303e-02
-1.914539560675621033e-02
-1.910730265080928802e-02
-1.907418109476566315e-02
-1.904973387718200684e-02
-1.905184984207153320e-02
-1.902028918266296387e-02
-1.899860240519046783e-02
-1.896922290325164795e-02
-1.893565990030765533e-02
-1.896100863814353943e-02
-1.896815933287143707e-02
-1.894157193601131439e-02
-1.882956549525260925e-02
-1.880846172571182251e-02
-1.877530291676521301e-02
-1.871919259428977966e-02
-1.868811808526515961e-02
-1.862060092389583588e-02
-1.857979409396648407e-02
-1.855569705367088318e-02
-1.851161941885948181e-02
-1.848603412508964539e-02
-1.848362758755683899e-02
-1.848191581666469574e-02
-1.849286630749702454e-02
-1.848598197102546692e-02
-1.849215291440486908e-02
-1.851440407335758209e-02
-1.852629892528057098e-02
-1.855081133544445038e-02
-1.856599561870098114e-02
-1.857691071927547455e-02
-1.861378178000450134e-02
-1.861581765115261078e-02
-1.864686608314514160e-02
-1.867604628205299377e-02
-1.867396011948585510e-02
-1.869125105440616608e-02
-1.871586218476295471e-02
-1.873082481324672699e-02
-1.874671876430511475e-02
-1.875741221010684967e-02
-1.876387372612953186e-02
-1.878735795617103577e-02
-1.879942417144775391e-02
-1.881013251841068268e-02
-1.882576569914817810e-02
-1.883228495717048645e-02
-1.884295418858528137e-02
-1.884549297392368317e-02
-1.887059025466442108e-02
-1.889203861355781555e-02
-1.889653876423835754e-02
-1.890362054109573364e-02
-1.890046335756778717e-02
-1.891203597187995911e-02
-1.892929896712303162e-02
-1.894010044634342194e-02
-1.894772425293922424e-02
-1.896572485566139221e-02
-1.895305141806602478e-02
-1.897322386503219604e-02
-1.897636987268924713e-02
-1.898985542356967926e-02
-1.899635791778564453e-02
-1.902411691844463348e-02
-1.903038099408149719e-02
-1.902272924780845642e-02
-1.903709024190902710e-02
-1.904209330677986145e-02
-1.904533244669437408e-02
-1.907025836408138275e-02
-1.907407492399215698e-02
-1.907951943576335907e-02
-1.907636597752571106e-02
-1.909430697560310364e-02
-1.910467818379402161e-02
-1.910503208637237549e-02
-1.910128444433212280e-02
-1.911457255482673645e-02
-1.912016980350017548e-02
-1.913030073046684265e-02
-1.912957988679409027e-02
-1.913090795278549194e-02
-1.914314553141593933e-02
-1.915297657251358032e-02
-1.916332170367240906e-02
-1.916549727320671082e-02
-1.915961503982543945e-02
-1.917403191328048706e-02
-1.916468143463134766e-02
-1.917980425059795380e-02
-1.918458007276058197e-02
-1.919402182102203369e-02
-1.918228343129158020e-02
-1.919747702777385712e-02
-1.920912228524684906e-02
-1.921412907540798187e-02
-1.921971887350082397e-02
-1.921857148408889771e-02
-1.921879500150680542e-02
-1.922597363591194153e-02
-1.923071779310703278e-02
-1.923727244138717651e-02
-1.924318075180053711e-02
-1.924040541052818298e-02
-1.924472302198410034e-02
-1.923726871609687805e-02
-1.924615167081356049e-02
-1.925351843237876892e-02
-1.926580630242824554e-02
-1.926522701978683472e-02
-1.926840655505657196e-02
-1.926588080823421478e-02
-1.928448677062988281e-02
-1.927383244037628174e-02
-1.928327046334743500e-02
-1.928467489778995514e-02
-1.928632892668247223e-02
-1.929780468344688416e-02
-1.930589042603969574e-02
-1.931391097605228424e-02
-1.932802423834800720e-02
-1.931668817996978760e-02
-1.931817643344402313e-02
-1.931108906865119934e-02
-1.930469274520874023e-02
-1.931847445666790009e-02
-1.933506503701210022e-02
-1.933403685688972473e-02
-1.933766342699527740e-02
-1.935791596770286560e-02
-1.938772760331630707e-02
-1.941913925111293793e-02
-1.943562552332878113e-02
-1.942323148250579834e-02
-1.943595521152019501e-02
-1.944111101329326630e-02
-1.943088695406913757e-02
-1.943642273545265198e-02
-1.942365989089012146e-02
-1.942085102200508118e-02
-1.941345445811748505e-02
-1.942191272974014282e-02
-1.941592805087566376e-02
-1.941793970763683319e-02
-1.940784789621829987e-02
-1.939533092081546783e-02
-1.938770152628421783e-02
-1.938968710601329803e-02
-1.938537508249282837e-02
-1.936903595924377441e-02
-1.934955082833766937e-02
-1.933439075946807861e-02
-1.931401900947093964e-02
-1.928209885954856873e-02
-1.924563385546207428e-02
-1.922478899359703064e-02
-1.919631287455558777e-02
-1.916213333606719971e-02
-1.914376392960548401e-02
-1.913001947104930878e-02
-1.910341344773769379e-02
-1.906953193247318268e-02
-1.902877166867256165e-02
-1.903443783521652222e-02
-1.900120824575424194e-02
-1.898914575576782227e-02
-1.900907978415489197e-02
-1.896860450506210327e-02
-1.897111162543296814e-02
-1.896418444812297821e-02
-1.895525120198726654e-02
-1.894120313227176666e-02
-1.893021911382675171e-02
-1.888021267950534821e-02
-1.885166391730308533e-02
-1.882213354110717773e-02
-1.881303638219833374e-02
-1.882715895771980286e-02
-1.880821958184242249e-02
-1.881122030317783356e-02
-1.887710206210613251e-02
-1.888295449316501617e-02
-1.889086328446865082e-02
-1.890949532389640808e-02
-1.887742243707180023e-02
-1.885474659502506256e-02
-1.884867995977401733e-02
-1.886087469756603241e-02
-1.886906847357749939e-02
-1.889488659799098969e-02
-1.893107965588569641e-02
-1.894082874059677124e-02
-1.892435923218727112e-02
-1.890372857451438904e-02
-1.890936121344566345e-02
-1.886261440813541412e-02
-1.880192384123802185e-02
-1.878287643194198608e-02
-1.868458837270736694e-02
-1.866600289940834045e-02
-1.863384246826171875e-02
-1.860856637358665466e-02
-1.861953362822532654e-02
-1.866280660033226013e-02
-1.872467994689941406e-02
-1.872558705508708954e-02
-1.869618892669677734e-02
-1.866080611944198608e-02
-1.861654967069625854e-02
-1.861705258488655090e-02
-1.865496858954429626e-02
-1.873417198657989502e-02
-1.873450726270675659e-02
-1.872259378433227539e-02
-1.869402825832366943e-02
-1.866417378187179565e-02
-1.866429299116134644e-02
-1.865077577531337738e-02
-1.860110834240913391e-02
-1.866363361477851868e-02
-1.870035193860530853e-02
-1.870360411703586578e-02
-1.870696619153022766e-02
-1.870327815413475037e-02
-1.875147223472595215e-02
-1.875978335738182068e-02
-1.883261837065219879e-02
-1.884276047348976135e-02
-1.885927282273769379e-02
-1.885310746729373932e-02
-1.884422823786735535e-02
-1.883989199995994568e-02
-1.885045133531093597e-02
-1.884704455733299255e-02
-1.886039413511753082e-02
-1.888013258576393127e-02
-1.888065040111541748e-02
-1.889019459486007690e-02
-1.893040910363197327e-02
-1.895450428128242493e-02
-1.897514425218105316e-02
-1.900599338114261627e-02
-1.901572942733764648e-02
-1.902071200311183929e-02
-1.902918331325054169e-02
-1.906152069568634033e-02
-1.911331154406070709e-02
-1.912184618413448334e-02
-1.913886889815330505e-02
-1.914383284747600555e-02
-1.914068497717380524e-02
-1.914719678461551666e-02
-1.915377937257289886e-02
-1.916282251477241516e-02
-1.918343082070350647e-02
-1.921401172876358032e-02
-1.925809122622013092e-02
-1.927128992974758148e-02
-1.927891373634338379e-02
-1.928070187568664551e-02
-1.929659582674503326e-02
-1.930752024054527283e-02
-1.931338571012020111e-02
-1.931798085570335388e-02
-1.931216940283775330e-02
-1.932960748672485352e-02
-1.932553760707378387e-02
-1.935114338994026184e-02
-1.935608685016632080e-02
-1.936750859022140503e-02
-1.937436684966087341e-02
-1.937920413911342621e-02
-1.936728321015834808e-02
-1.937242969870567322e-02
-1.938034035265445709e-02
-1.937685906887054443e-02
-1.939026825129985809e-02
-1.939813792705535889e-02
-1.938063651323318481e-02
-1.939209178090095520e-02
-1.938244327902793884e-02
-1.938587427139282227e-02
-1.939146965742111206e-02
-1.939127594232559204e-02
-1.939365267753601074e-02
-1.939508877694606781e-02
-1.939474791288375854e-02
-1.938856579363346100e-02
-1.939004659652709961e-02
-1.939388364553451538e-02
-1.939901150763034821e-02
-1.939239352941513062e-02
-1.939247362315654755e-02
-1.939411461353302002e-02
-1.939470134675502777e-02
-1.939158700406551361e-02
-1.939992234110832214e-02
-1.939449645578861237e-02
-1.940031349658966064e-02
-1.940157637000083923e-02
-1.939470879733562469e-02
-1.939591392874717712e-02
-1.939879730343818665e-02
-1.940255612134933472e-02
-1.939523220062255859e-02
-1.939227990806102753e-02
-1.939489692449569702e-02
-1.938905753195285797e-02
-1.939123868942260742e-02
-1.938692294061183929e-02
-1.939287781715393066e-02
-1.938221417367458344e-02
-1.938183233141899109e-02
-1.938948780298233032e-02
-1.938329450786113739e-02
-1.939014531672000885e-02
-1.937841251492500305e-02
-1.938473805785179138e-02
-1.939242146909236908e-02
-1.938947662711143494e-02
-1.939419843256473541e-02
-1.938370428979396820e-02
-1.939602009952068329e-02
-1.939445547759532928e-02
-1.938814856112003326e-02
-1.938704960048198700e-02
-1.939005590975284576e-02
-1.938898675143718719e-02
-1.938306912779808044e-02
-1.937695220112800598e-02
-1.938531920313835144e-02
-1.938055828213691711e-02
-1.938458159565925598e-02
-1.938090659677982330e-02
-1.937784627079963684e-02
-1.939238421618938446e-02
-1.938227377831935883e-02
-1.939005404710769653e-02
-1.939218491315841675e-02
-1.939252577722072601e-02
-1.939206942915916443e-02
-1.938703097403049469e-02
-1.939393393695354462e-02
-1.939557865262031555e-02
-1.938901282846927643e-02
-1.938711851835250854e-02
-1.938603818416595459e-02
-1.939041912555694580e-02
-1.938956603407859802e-02
-1.939120143651962280e-02
-1.939546503126621246e-02
-1.939912885427474976e-02
-1.939464919269084930e-02
-1.938782446086406708e-02
-1.940282247960567474e-02
-1.939594000577926636e-02
-1.939557492733001709e-02
-1.940358616411685944e-02
-1.940675079822540283e-02
-1.940534822642803192e-02
-1.940255612134933472e-02
-1.940230652689933777e-02
-1.940291374921798706e-02
-1.940726488828659058e-02
-1.940120197832584381e-02
-1.940361782908439636e-02
-1.940058916807174683e-02
-1.941069960594177246e-02
-1.941586099565029144e-02
-1.941127516329288483e-02
-1.941655576229095459e-02
-1.941592432558536530e-02
-1.941805146634578705e-02
-1.941393688321113586e-02
-1.942036487162113190e-02
-1.941393688321113586e-02
-1.942250691354274750e-02
-1.941764913499355316e-02
-1.941964589059352875e-02
-1.941948011517524719e-02
-1.942854747176170349e-02
-1.942611858248710632e-02
-1.943499781191349030e-02
-1.942926645278930664e-02
-1.942405663430690765e-02
-1.942491158843040466e-02
-1.943173632025718689e-02
-1.942504756152629852e-02
-1.943074166774749756e-02
-1.943052746355533600e-02
-1.943895220756530762e-02
-1.943932846188545227e-02
-1.943495497107505798e-02
-1.943591237068176270e-02
-1.943700760602951050e-02
-1.943821646273136139e-02
-1.943696476519107819e-02
-1.944597437977790833e-02
-1.943918131291866302e-02
-1.943556964397430420e-02
-1.944990828633308411e-02
-1.945316791534423828e-02
-1.945372670888900757e-02
-1.943599060177803040e-02
-1.944319345057010651e-02
-1.943943463265895844e-02
-1.945090666413307190e-02
-1.946365088224411011e-02
-1.945178024470806122e-02
-1.945572718977928162e-02
-1.945323869585990906e-02
-1.945493556559085846e-02
-1.944999769330024719e-02
-1.945110224187374115e-02
-1.945857144892215729e-02
-1.945301704108715057e-02
-1.944861933588981628e-02
-1.946532726287841797e-02
-1.945205591619014740e-02
-1.945548690855503082e-02
-1.945750974118709564e-02
-1.945377327501773834e-02
-1.945841312408447266e-02
-1.947230659425258636e-02
-1.946227997541427612e-02
-1.946034468710422516e-02
-1.946261152625083923e-02
-1.946642994880676270e-02
-1.945735141634941101e-02
-1.946403831243515015e-02
-1.946176216006278992e-02
-1.946219801902770996e-02
-1.946913078427314758e-02
-1.946977898478507996e-02
-1.947058364748954773e-02
-1.948511600494384766e-02
-1.947043277323246002e-02
-1.947113499045372009e-02
-1.947713829576969147e-02
-1.947638206183910370e-02
-1.947302184998989105e-02
-1.946771144866943359e-02
-1.946870796382427216e-02
-1.947858557105064392e-02
-1.948007196187973022e-02
-1.947874762117862701e-02
-1.947831735014915466e-02
-1.948351785540580750e-02
-1.947495713829994202e-02
-1.948172412812709808e-02
-1.948335394263267517e-02
-1.948233321309089661e-02
-1.949150301516056061e-02
-1.949360035359859467e-02
-1.948711648583412170e-02
-1.948496513068675995e-02
-1.949238404631614685e-02
-1.947906613349914551e-02
-1.949045062065124512e-02
-1.949828118085861206e-02
-1.948951184749603271e-02
-1.948604546487331390e-02
-1.948369108140468597e-02
-1.949154399335384369e-02
-1.948978379368782043e-02
-1.948888041079044342e-02
-1.949032209813594818e-02
-1.949935592710971832e-02
-1.949699595570564270e-02
-1.949281804263591766e-02
-1.949280500411987305e-02
-1.950339600443840027e-02
-1.949232071638107300e-02
-1.949342340230941772e-02
-1.949469372630119324e-02
-1.948959939181804657e-02
-1.948775723576545715e-02
-1.949169673025608063e-02
-1.948171481490135193e-02
-1.949281804263591766e-02
-1.949363574385643005e-02
-1.949790678918361664e-02
-1.949555613100528717e-02
-1.949038729071617126e-02
-1.950119249522686005e-02
-1.950135454535484314e-02
-1.948915421962738037e-02
-1.949284784495830536e-02
-1.949610933661460876e-02
-1.950059458613395691e-02
-1.950111798942089081e-02
-1.949265226721763611e-02
-1.950347796082496643e-02
-1.950408890843391418e-02
-1.950072497129440308e-02
-1.951288804411888123e-02
-1.950955949723720551e-02
-1.950939372181892395e-02
-1.950291916728019714e-02
-1.950627565383911133e-02
-1.950255408883094788e-02
-1.950408890843391418e-02
-1.951394230127334595e-02
-1.950829476118087769e-02
-1.950955018401145935e-02
-1.951084658503532410e-02
-1.950658857822418213e-02
-1.950862258672714233e-02
-1.950334757566452026e-02
-1.950937882065773010e-02
-1.951167918741703033e-02
-1.950597390532493591e-02
-1.950895786285400391e-02
-1.950831525027751923e-02
-1.951307058334350586e-02
-1.951718330383300781e-02
-1.951201818883419037e-02
-1.950460672378540039e-02
-1.950872503221035004e-02
-1.950857602059841156e-02
-1.950798369944095612e-02
-1.950823888182640076e-02
-1.950681209564208984e-02
-1.950987242162227631e-02
-1.951601170003414154e-02
-1.950055919587612152e-02
-1.949963346123695374e-02
-1.949675939977169037e-02
-1.949811726808547974e-02
-1.950708962976932526e-02
-1.951069571077823639e-02
-1.950698345899581909e-02
-1.951102726161479950e-02
-1.950605586171150208e-02
-1.950964890420436859e-02
-1.951012574136257172e-02
-1.950415968894958496e-02
-1.950455456972122192e-02
-1.950744166970252991e-02
-1.950141414999961853e-02
-1.950944773852825165e-02
-1.950910314917564392e-02
-1.951075531542301178e-02
-1.950616203248500824e-02
-1.950098015367984772e-02
-1.951041072607040405e-02
-1.951134763658046722e-02
-1.949945092201232910e-02
-1.951211504638195038e-02
-1.951150596141815186e-02
-1.951030641794204712e-02
-1.950363628566265106e-02
-1.950692385435104370e-02
-1.950940489768981934e-02
-1.950850710272789001e-02
-1.951927691698074341e-02
-1.950780116021633148e-02
-1.951239444315433502e-02
-1.951888203620910645e-02
-1.952407136559486389e-02
-1.951747387647628784e-02
-1.951655186712741852e-02
-1.951283775269985199e-02
-1.950766518712043762e-02
-1.951117627322673798e-02
-1.950006000697612762e-02
-1.950097829103469849e-02
-1.950297504663467407e-02
-1.950747705996036530e-02
-1.950787939131259918e-02
-1.951135322451591492e-02
-1.950552500784397125e-02
-1.950716972351074219e-02
-1.950815320014953613e-02
-1.950964331626892090e-02
-1.951299048960208893e-02
-1.950658485293388367e-02
-1.950712315738201141e-02
-1.951323263347148895e-02
-1.950897276401519775e-02
-1.950576528906822205e-02
-1.951069943606853485e-02
-1.950984820723533630e-02
-1.951505616307258606e-02
-1.950929127633571625e-02
-1.951473765075206757e-02
-1.951527968049049377e-02
-1.951316744089126587e-02
-1.951117627322673798e-02
-1.951677910983562469e-02
-1.951730251312255859e-02
-1.951048336923122406e-02
-1.951491087675094604e-02
-1.951321028172969818e-02
-1.950803399085998535e-02
-1.950722187757492065e-02
-1.950707286596298218e-02
-1.950853317975997925e-02
-1.951695978641510010e-02
-1.951345801353454590e-02
-1.951433718204498291e-02
-1.950744166970252991e-02
-1.951352320611476898e-02
-1.951786130666732788e-02
-1.951196789741516113e-02
-1.952415332198143005e-02
-1.952479220926761627e-02
-1.952068135142326355e-02
-1.951601170003414154e-02
-1.951420679688453674e-02
-1.951873116195201874e-02
-1.951419562101364136e-02
-1.951496861875057220e-02
-1.952757686376571655e-02
-1.951601356267929077e-02
-1.951971091330051422e-02
-1.951364986598491669e-02
-1.952353864908218384e-02
-1.951355300843715668e-02
-1.951671577990055084e-02
-1.952745765447616577e-02
-1.952100358903408051e-02
-1.951918005943298340e-02
-1.952133886516094208e-02
-1.952291093766689301e-02
-1.951253972947597504e-02
-1.951584219932556152e-02
-1.951558701694011688e-02
-1.951435580849647522e-02
-1.951796934008598328e-02
-1.952461339533329010e-02
-1.952051185071468353e-02
-1.952265016734600067e-02
-1.951548084616661072e-02
-1.952443458139896393e-02
-1.951507106423377991e-02
-1.952361874282360077e-02
-1.951803639531135559e-02
-1.951789855957031250e-02
-1.952593773603439331e-02
-1.952142640948295593e-02
-1.951694115996360779e-02
-1.952145807445049286e-02
-1.952003687620162964e-02
-1.951390877366065979e-02
-1.952532492578029633e-02
-1.952627301216125488e-02
-1.951684430241584778e-02
-1.952020637691020966e-02
-1.952408812940120697e-02
-1.951503567397594452e-02
-1.952112838625907898e-02
-1.952279172837734222e-02
-1.952129974961280823e-02
-1.952143013477325439e-02
-1.951731741428375244e-02
-1.952509023249149323e-02
-1.952676102519035339e-02
-1.952409744262695312e-02
-1.952242292463779449e-02
-1.952170394361019135e-02
-1.952118240296840668e-02
-1.951760612428188324e-02
-1.951835863292217255e-02
-1.951372623443603516e-02
-1.951545476913452148e-02
-1.952129229903221130e-02
-1.952067576348781586e-02
-1.952104270458221436e-02
-1.951701752841472626e-02
-1.951731555163860321e-02
-1.951831579208374023e-02
-1.951449364423751831e-02
-1.951268687844276428e-02
-1.951423659920692444e-02
-1.951164379715919495e-02
-1.951771229505538940e-02
-1.950997672975063324e-02
-1.953037083148956299e-02
-1.952629163861274719e-02
-1.951999403536319733e-02
-1.952208951115608215e-02
-1.951655372977256775e-02
-1.952087879180908203e-02
-1.951798796653747559e-02
-1.951900124549865723e-02
-1.952143758535385132e-02
-1.952163130044937134e-02
-1.951567642390727997e-02
-1.951404847204685211e-02
-1.951774023473262787e-02
-1.951556652784347534e-02
-1.952084340155124664e-02
-1.951490715146064758e-02
-1.952015981078147888e-02
-1.951881125569343567e-02
-1.952099800109863281e-02
-1.951510645449161530e-02
-1.952945441007614136e-02
-1.952341012656688690e-02
-1.952488534152507782e-02
-1.952305436134338379e-02
-1.952298358082771301e-02
-1.952526718378067017e-02
-1.952764391899108887e-02
-1.952408999204635620e-02
-1.952075958251953125e-02
-1.952786557376384735e-02
-1.951375603675842285e-02
-1.952446997165679932e-02
-1.952616497874259949e-02
-1.951897703111171722e-02
-1.953024975955486298e-02
-1.952200755476951599e-02
-1.951914653182029724e-02
-1.952113583683967590e-02
-1.951819285750389099e-02
-1.952393352985382080e-02
-1.952982507646083832e-02
-1.952224969863891602e-02
-1.952043548226356506e-02
-1.951209455728530884e-02
-1.952390186488628387e-02
-1.951874420046806335e-02
-1.951228827238082886e-02
-1.951981522142887115e-02
-1.951587945222854614e-02
-1.951281726360321045e-02
-1.951522566378116608e-02
-1.951746642589569092e-02
-1.950733736157417297e-02
-1.951776444911956787e-02
-1.951339840888977051e-02
-1.951967924833297729e-02
-1.951809599995613098e-02
-1.950826495885848999e-02
-1.951248385012149811e-02
-1.951613277196884155e-02
-1.950790360569953918e-02
-1.950312219560146332e-02
-1.951079815626144409e-02
-1.950685493648052216e-02
-1.950891315937042236e-02
-1.951285079121589661e-02
-1.951317861676216125e-02
-1.950318180024623871e-02
-1.951399259269237518e-02
-1.950579695403575897e-02
-1.950580812990665436e-02
-1.951069571077823639e-02
-1.950747705996036530e-02
-1.950943470001220703e-02
-1.952216029167175293e-02
-1.950654014945030212e-02
-1.951181516051292419e-02
-1.950995251536369324e-02
-1.951190456748008728e-02
-1.951737515628337860e-02
-1.951508969068527222e-02
-1.950866542756557465e-02
-1.950221881270408630e-02
-1.951351203024387360e-02
-1.951242983341217041e-02
-1.951530948281288147e-02
-1.951791346073150635e-02
-1.950769498944282532e-02
-1.950570754706859589e-02
-1.951559633016586304e-02
-1.951980218291282654e-02
-1.951216533780097961e-02
-1.951015740633010864e-02
-1.951132342219352722e-02
-1.950939372181892395e-02
-1.951159909367561340e-02
-1.951535977423191071e-02
-1.950656250119209290e-02
-1.951441168785095215e-02
-1.950900629162788391e-02
-1.951796561479568481e-02
-1.951208338141441345e-02
-1.950848661363124847e-02
-1.951239071786403656e-02
-1.951793953776359558e-02
-1.951165124773979187e-02
-1.951780728995800018e-02
-1.950844377279281616e-02
-1.950918510556221008e-02
-1.951789483428001404e-02
-1.951421611011028290e-02
-1.951318979263305664e-02
-1.950933597981929779e-02
-1.951495744287967682e-02
-1.951035112142562866e-02
-1.951029524207115173e-02
-1.951294951140880585e-02
-1.951282657682895660e-02
-1.951263658702373505e-02
-1.950772106647491455e-02
-1.951904408633708954e-02
-1.950968056917190552e-02
-1.951025985181331635e-02
-1.950525864958763123e-02
-1.950649172067642212e-02
-1.951168850064277649e-02
-1.950545236468315125e-02
-1.951048523187637329e-02
-1.950702071189880371e-02
-1.951610669493675232e-02
-1.951458305120468140e-02
-1.951750554144382477e-02
-1.951746083796024323e-02
-1.951187476515769958e-02
-1.951153390109539032e-02
-1.951731555163860321e-02
-1.950949057936668396e-02
-1.951167918741703033e-02
-1.951416581869125366e-02
-1.951919309794902802e-02
-1.951567269861698151e-02
-1.952204108238220215e-02
-1.951351761817932129e-02
-1.951113343238830566e-02
-1.951457373797893524e-02
-1.951154135167598724e-02
-1.951784454286098480e-02
-1.951324939727783203e-02
-1.951635442674160004e-02
-1.951353065669536591e-02
-1.951442472636699677e-02
-1.951693743467330933e-02
-1.951899379491806030e-02
-1.951633393764495850e-02
-1.951625943183898926e-02
-1.951115578413009644e-02
-1.951171830296516418e-02
-1.951266825199127197e-02
-1.950914040207862854e-02
-1.951447688043117523e-02
-1.951339654624462128e-02
-1.951193436980247498e-02
-1.951733976602554321e-02
-1.950829289853572845e-02
-1.950503699481487274e-02
-1.951641775667667389e-02
-1.951322518289089203e-02
-1.950724236667156219e-02
-1.951218582689762115e-02
-1.952097751200199127e-02
-1.951311342418193817e-02
-1.951186172664165497e-02
-1.951020397245883942e-02
-1.951533928513526917e-02
-1.951334811747074127e-02
-1.951777935028076172e-02
-1.951989158987998962e-02
-1.952114328742027283e-02
-1.951896585524082184e-02
-1.951186358928680420e-02
-1.950904726982116699e-02
-1.950932666659355164e-02
-1.951473578810691833e-02
-1.951408199965953827e-02
-1.951712369918823242e-02
-1.952072232961654663e-02
-1.951608620584011078e-02
-1.951738819479942322e-02
-1.951552368700504303e-02
-1.951158791780471802e-02
-1.951961964368820190e-02
-1.951384544372558594e-02
-1.951651275157928467e-02
-1.951604895293712616e-02
-1.951653324067592621e-02
-1.951271668076515198e-02
-1.950767450034618378e-02
-1.951430551707744598e-02
-1.951283775269985199e-02
-1.951392740011215210e-02
-1.951683498919010162e-02
-1.951452344655990601e-02
-1.951842568814754486e-02
-1.950671523809432983e-02
-1.950845122337341309e-02
-1.951047033071517944e-02
-1.951019465923309326e-02
-1.950681582093238831e-02
-1.951700076460838318e-02
-1.951455697417259216e-02
-1.951905898749828339e-02
-1.950897090137004852e-02
-1.950825564563274384e-02
-1.951319538056850433e-02
-1.951614953577518463e-02
-1.951775886118412018e-02
-1.951268874108791351e-02
-1.952154748141765594e-02
-1.951460354030132294e-02
-1.951411366462707520e-02
-1.951858028769493103e-02
-1.951432786881923676e-02
-1.951541751623153687e-02
-1.951393485069274902e-02
-1.951546780765056610e-02
-1.951214671134948730e-02
-1.951593905687332153e-02
-1.950989104807376862e-02
-1.951684616506099701e-02
-1.952040567994117737e-02
-1.951999589800834656e-02
-1.952357031404972076e-02
-1.951342821121215820e-02
-1.951704733073711395e-02
-1.951717771589756012e-02
-1.951128244400024414e-02
-1.951370202004909515e-02
-1.951877214014530182e-02
-1.952088437974452972e-02
-1.950729452073574066e-02
-1.951792277395725250e-02
-1.951598748564720154e-02
-1.951528526842594147e-02
-1.952451840043067932e-02
-1.951878517866134644e-02
-1.951871626079082489e-02
-1.952531933784484863e-02
-1.951787993311882019e-02
-1.952371746301651001e-02
-1.951857283711433411e-02
-1.952355168759822845e-02
-1.951988600194454193e-02
-1.952663064002990723e-02
-1.952557824552059174e-02
-1.952182501554489136e-02
-1.952829211950302124e-02
-1.952242851257324219e-02
-1.952355913817882538e-02
-1.953106001019477844e-02
-1.952419802546501160e-02
-1.952365599572658539e-02
-1.952858082950115204e-02
-1.952187530696392059e-02
-1.952343806624412537e-02
-1.952349394559860229e-02
-1.951486431062221527e-02
-1.952018402516841888e-02
-1.952429860830307007e-02
-1.951909624040126801e-02
-1.952039264142513275e-02
-1.951616629958152771e-02
-1.952275261282920837e-02
-1.951699703931808472e-02
-1.952506043016910553e-02
-1.952137611806392670e-02
-1.952382735908031464e-02
-1.952896825969219208e-02
-1.952397450804710388e-02
-1.952702365815639496e-02
-1.951922848820686340e-02
-1.951690763235092163e-02
-1.951899006962776184e-02
-1.952018216252326965e-02
-1.952546089887619019e-02
-1.952987164258956909e-02
-1.952281594276428223e-02
-1.953219249844551086e-02
-1.952013373374938965e-02
-1.952666044235229492e-02
-1.951958052814006805e-02
-1.952380686998367310e-02
-1.952464506030082703e-02
-1.952507719397544861e-02
-1.952415332198143005e-02
-1.952090859413146973e-02
-1.953127793967723846e-02
-1.951878517866134644e-02
-1.952692121267318726e-02
-1.952159963548183441e-02
-1.953388564288616180e-02
-1.953095942735671997e-02
-1.952424645423889160e-02
-1.952240616083145142e-02
-1.952486298978328705e-02
-1.953082904219627380e-02
-1.951894722878932953e-02
-1.952773146331310272e-02
-1.952745579183101654e-02
-1.952905766665935516e-02
-1.951998472213745117e-02
-1.952696405351161957e-02
-1.953186467289924622e-02
-1.952634193003177643e-02
-1.951445266604423523e-02
-1.951855421066284180e-02
-1.952411793172359467e-02
-1.952219940721988678e-02
-1.952889002859592438e-02
-1.952985860407352448e-02
-1.953263022005558014e-02
-1.953260041773319244e-02
-1.952641084790229797e-02
-1.953478902578353882e-02
-1.952387765049934387e-02
-1.952718943357467651e-02
-1.953460648655891418e-02
-1.953515037894248962e-02
-1.952654868364334106e-02
-1.953485235571861267e-02
-1.952919177711009979e-02
-1.953284814953804016e-02
-1.952760666608810425e-02
-1.953369006514549255e-02
-1.953046582639217377e-02
-1.952691376209259033e-02
-1.953172124922275543e-02
-1.952421665191650391e-02
-1.952581666409969330e-02
-1.953025534749031067e-02
-1.953161694109439850e-02
-1.952756196260452271e-02
-1.953839138150215149e-02
-1.953005790710449219e-02
-1.953188516199588776e-02
-1.953260600566864014e-02
-1.953637227416038513e-02
-1.952886208891868591e-02
-1.952593587338924408e-02
-1.952781155705451965e-02
-1.952323876321315765e-02
-1.953050494194030762e-02
-1.953368261456489563e-02
-1.953976973891258240e-02
-1.953224837779998779e-02
-1.953137852251529694e-02
-1.952644065022468567e-02
-1.952874287962913513e-02
-1.953385584056377411e-02
-1.954221352934837341e-02
-1.953440159559249878e-02
-1.953761652112007141e-02
-1.952703110873699188e-02
-1.953149773180484772e-02
-1.953077875077724457e-02
-1.953203976154327393e-02
-1.953451707959175110e-02
-1.953165046870708466e-02
-1.953030191361904144e-02
-1.952642202377319336e-02
-1.952875219285488129e-02
-1.953653804957866669e-02
-1.954452134668827057e-02
-1.954083889722824097e-02
-1.953373290598392487e-02
-1.953162997961044312e-02
-1.953553408384323120e-02
-1.953255385160446167e-02
-1.953010074794292450e-02
-1.952607370913028717e-02
-1.952292397618293762e-02
-1.953416317701339722e-02
-1.953199505805969238e-02
-1.952301338315010071e-02
-1.953398808836936951e-02
-1.953923329710960388e-02
-1.953243277966976166e-02
-1.953568682074546814e-02
-1.953505724668502808e-02
-1.952887512743473053e-02
-1.953506283462047577e-02
-1.952968910336494446e-02
-1.952604763209819794e-02
-1.952956058084964752e-02
-1.953227631747722626e-02
-1.953095011413097382e-02
-1.953854598104953766e-02
-1.953456737101078033e-02
-1.952956430613994598e-02
-1.953357830643653870e-02
-1.953678391873836517e-02
-1.953143440186977386e-02
-1.953138411045074463e-02
-1.954248920083045959e-02
-1.953833550214767456e-02
-1.952933147549629211e-02
-1.954064331948757172e-02
-1.954119279980659485e-02
-1.953827589750289917e-02
-1.953865215182304382e-02
-1.953411661088466644e-02
-1.953110098838806152e-02
-1.953210681676864624e-02
-1.953863725066184998e-02
-1.953795179724693298e-02
-1.953032054007053375e-02
-1.953988522291183472e-02
-1.953190565109252930e-02
-1.953363418579101562e-02
-1.953286491334438324e-02
-1.953374594449996948e-02
-1.953088864684104919e-02
-1.952405087649822235e-02
-1.952852867543697357e-02
-1.953397691249847412e-02
-1.953380927443504333e-02
-1.953234337270259857e-02
-1.953741721808910370e-02
-1.953133381903171539e-02
-1.952806487679481506e-02
-1.952791213989257812e-02
-1.953554712235927582e-02
-1.953723840415477753e-02
-1.952719688415527344e-02
-1.953671127557754517e-02
-1.953840069472789764e-02
-1.952867023646831512e-02
-1.953073963522911072e-02
-1.953449659049510956e-02
-1.953117176890373230e-02
-1.953090727329254150e-02
-1.952886208891868591e-02
-1.953085139393806458e-02
-1.954546198248863220e-02
-1.953449472784996033e-02
-1.953527890145778656e-02
-1.953724958002567291e-02
-1.953115873038768768e-02
-1.952802762389183044e-02
-1.953129284083843231e-02
-1.952808350324630737e-02
-1.953943073749542236e-02
-1.953344605863094330e-02
-1.954398490488529205e-02
-1.953385584056377411e-02
-1.953675597906112671e-02
-1.953370682895183563e-02
-1.953627727925777435e-02
-1.953868195414543152e-02
-1.954166404902935028e-02
-1.953157782554626465e-02
-1.952805370092391968e-02
-1.952735520899295807e-02
-1.953252218663692474e-02
-1.953295804560184479e-02
-1.952748559415340424e-02
-1.953240483999252319e-02
-1.952239871025085449e-02
-1.952802762389183044e-02
-1.953068003058433533e-02
-1.952582038938999176e-02
-1.952881738543510437e-02
-1.952807977795600891e-02
-1.953795179724693298e-02
-1.954150199890136719e-02
-1.953377947211265564e-02
-1.953185535967350006e-02
-1.952219754457473755e-02
-1.952749863266944885e-02
-1.952552050352096558e-02
-1.952936127781867981e-02
-1.953004114329814911e-02
-1.952692866325378418e-02
-1.953574642539024353e-02
-1.952140405774116516e-02
-1.953089796006679535e-02
-1.952804438769817352e-02
-1.952916383743286133e-02
-1.953492499887943268e-02
-1.953063718974590302e-02
-1.954346522688865662e-02
-1.953585073351860046e-02
-1.953448727726936340e-02
-1.952588930726051331e-02
-1.953360810875892639e-02
-1.952774450182914734e-02
-1.953170076012611389e-02
-1.953092217445373535e-02
-1.953097805380821228e-02
-1.953147724270820618e-02
-1.953464001417160034e-02
-1.953676901757717133e-02
-1.953469961881637573e-02
-1.953482255339622498e-02
-1.953003369271755219e-02
-1.953128911554813385e-02
-1.952967420220375061e-02
-1.953265629708766937e-02
-1.953804120421409607e-02
-1.953146792948246002e-02
-1.953299716114997864e-02
-1.953318715095520020e-02
-1.953641138970851898e-02
-1.953538320958614349e-02
-1.952722482383251190e-02
-1.952972263097763062e-02
-1.953695714473724365e-02
-1.953475922346115112e-02
-1.953762769699096680e-02
-1.953047513961791992e-02
-1.953663304448127747e-02
-1.952809467911720276e-02
-1.953180879354476929e-02
-1.953545585274696350e-02
-1.953995041549205780e-02
-1.952877268195152283e-02
-1.952888444066047668e-02
-1.953342184424400330e-02
-1.952876895666122437e-02
-1.953194290399551392e-02
-1.953403465449810028e-02
-1.953022740781307220e-02
-1.952946558594703674e-02
-1.951949857175350189e-02
-1.952839829027652740e-02
-1.952901482582092285e-02
-1.952862739562988281e-02
-1.953642815351486206e-02
-1.953700743615627289e-02
-1.953366398811340332e-02
-1.952227205038070679e-02
-1.952693797647953033e-02
-1.953173242509365082e-02
-1.953381858766078949e-02
-1.953455433249473572e-02
-1.952957734465599060e-02
-1.952655054628849030e-02
-1.953093148767948151e-02
-1.952428556978702545e-02
-1.952494494616985321e-02
-1.952607929706573486e-02
-1.953191868960857391e-02
-1.953015476465225220e-02
-1.952572911977767944e-02
-1.952850632369518280e-02
-1.952574215829372406e-02
-1.953481510281562805e-02
-1.952396333217620850e-02
-1.952818036079406738e-02
-1.953229866921901703e-02
-1.952578872442245483e-02
-1.952829770743846893e-02
-1.953895948827266693e-02
-1.953116990625858307e-02
-1.953319646418094635e-02
-1.953142508864402771e-02
-1.952619291841983795e-02
-1.953578554093837738e-02
-1.953947916626930237e-02
-1.953787170350551605e-02
-1.952278427779674530e-02
-1.953343860805034637e-02
-1.953071355819702148e-02
-1.953068003058433533e-02
-1.952987164258956909e-02
-1.952772960066795349e-02
-1.953075639903545380e-02
-1.953676715493202209e-02
-1.953119598329067230e-02
-1.953461207449436188e-02
-1.952320709824562073e-02
