-3.171059489250183105e-02
-3.172731027007102966e-02
-3.171113133430480957e-02
-3.171371296048164368e-02
-3.170604258775711060e-02
-3.171999007463455200e-02
-3.172187507152557373e-02
-3.170946240425109863e-02
-3.171923011541366577e-02
-3.171988204121589661e-02
-3.173143789172172546e-02
-3.173192963004112244e-02
-3.173599392175674438e-02
-3.171055018901824951e-02
-3.172833472490310669e-02
-3.172554820775985718e-02
-3.171521052718162537e-02
-3.171825408935546875e-02
-3.171271085739135742e-02
-3.172292560338973999e-02
-3.172055631875991821e-02
-3.172230720520019531e-02
-3.170852735638618469e-02
-3.171016275882720947e-02
-3.172424063086509705e-02
-3.172434866428375244e-02
-3.172866627573966980e-02
-3.171322867274284363e-02
-3.172020241618156433e-02
-3.172229230403900146e-02
-3.171644359827041626e-02
-3.172172233462333679e-02
-3.172478824853897095e-02
-3.171050548553466797e-02
-3.171934559941291809e-02
-3.171433135867118835e-02
-3.172925114631652832e-02
-3.172498941421508789e-02
-3.171741589903831482e-02
-3.172679245471954346e-02
-3.171656653285026550e-02
-3.171613067388534546e-02
-3.170779347419738770e-02
-3.171751648187637329e-02
-3.171433508396148682e-02
-3.170629590749740601e-02
-3.170059248805046082e-02
-3.171701729297637939e-02
-3.171569854021072388e-02
-3.171609714627265930e-02
-3.170994669198989868e-02
-3.172872588038444519e-02
-3.172081336379051208e-02
-3.172501549124717712e-02
-3.172459080815315247e-02
-3.171187639236450195e-02
-3.172555193305015564e-02
-3.172122314572334290e-02
-3.171177208423614502e-02
-3.171502053737640381e-02
-3.171963617205619812e-02
-3.172456845641136169e-02
-3.173829242587089539e-02
-3.173772990703582764e-02
-3.172973543405532837e-02
-3.173017129302024841e-02
-3.172534331679344177e-02
-3.173043951392173767e-02
-3.173473849892616272e-02
-3.173026069998741150e-02
-3.173031657934188843e-02
-3.172924369573593140e-02
-3.173683956265449524e-02
-3.174197673797607422e-02
-3.174029290676116943e-02
-3.174532204866409302e-02
-3.173729404807090759e-02
-3.174709528684616089e-02
-3.173870965838432312e-02
-3.174388408660888672e-02
-3.173546865582466125e-02
-3.173971548676490784e-02
-3.175689280033111572e-02
-3.174825012683868408e-02
-3.176104649901390076e-02
-3.175103291869163513e-02
-3.175591677427291870e-02
-3.175924345850944519e-02
-3.175240755081176758e-02
-3.175882622599601746e-02
-3.176041692495346069e-02
-3.175272047519683838e-02
-3.175957873463630676e-02
-3.176239877939224243e-02
-3.175897151231765747e-02
-3.175187855958938599e-02
-3.176426887512207031e-02
-3.176987171173095703e-02
-3.176409006118774414e-02
-3.176774457097053528e-02
-3.177766501903533936e-02
-3.176673501729965210e-02
-3.177191689610481262e-02
-3.177351877093315125e-02
-3.175629302859306335e-02
-3.176765143871307373e-02
-3.177597373723983765e-02
-3.177179396152496338e-02
-3.178542107343673706e-02
-3.177750855684280396e-02
-3.176489472389221191e-02
-3.177746385335922241e-02
-3.177348524332046509e-02
-3.178619220852851868e-02
-3.177959471940994263e-02
-3.178118169307708740e-02
-3.177902474999427795e-02
-3.177578747272491455e-02
-3.179543465375900269e-02
-3.177982941269874573e-02
-3.178048133850097656e-02
-3.177996724843978882e-02
-3.178640455007553101e-02
-3.178843110799789429e-02
-3.178898990154266357e-02
-3.178818151354789734e-02
-3.178837522864341736e-02
-3.179770708084106445e-02
-3.178520128130912781e-02
-3.179180622100830078e-02
-3.178381174802780151e-02
-3.178198263049125671e-02
-3.179327398538589478e-02
-3.178317472338676453e-02
-3.178314864635467529e-02
-3.179253637790679932e-02
-3.179524838924407959e-02
-3.178630769252777100e-02
-3.178431093692779541e-02
-3.178893402218818665e-02
-3.179152309894561768e-02
-3.179489076137542725e-02
-3.179075941443443298e-02
-3.179252520203590393e-02
-3.178747743368148804e-02
-3.179429471492767334e-02
-3.179269284009933472e-02
-3.180212527513504028e-02
-3.180160745978355408e-02
-3.179710358381271362e-02
-3.179498389363288879e-02
-3.179516643285751343e-02
-3.179634734988212585e-02
-3.180205449461936951e-02
-3.179704397916793823e-02
-3.180074319243431091e-02
-3.180310502648353577e-02
-3.180059790611267090e-02
-3.179828077554702759e-02
-3.179674595594406128e-02
-3.180015087127685547e-02
-3.180855512619018555e-02
-3.181354701519012451e-02
-3.181054443120956421e-02
-3.180312737822532654e-02
-3.180868551135063171e-02
-3.181038051843643188e-02
-3.181099519133567810e-02
-3.180751204490661621e-02
-3.180676698684692383e-02
-3.180271014571189880e-02
-3.181159496307373047e-02
-3.180866315960884094e-02
-3.181709721684455872e-02
-3.181220591068267822e-02
-3.180007264018058777e-02
-3.181374818086624146e-02
-3.180502355098724365e-02
-3.182547166943550110e-02
-3.181200847029685974e-02
-3.181739524006843567e-02
-3.181468322873115540e-02
-3.181962296366691589e-02
-3.181822970509529114e-02
-3.181208670139312744e-02
-3.181996569037437439e-02
-3.182458132505416870e-02
-3.180801123380661011e-02
-3.181590139865875244e-02
-3.181856870651245117e-02
-3.181364387273788452e-02
-3.182026743888854980e-02
-3.182226419448852539e-02
-3.181978315114974976e-02
-3.181872889399528503e-02
-3.182884678244590759e-02
-3.182440251111984253e-02
-3.182789310812950134e-02
-3.182048723101615906e-02
-3.182369098067283630e-02
-3.181993588805198669e-02
-3.182020783424377441e-02
-3.182644769549369812e-02
-3.181874006986618042e-02
-3.182326257228851318e-02
-3.182364627718925476e-02
-3.183529153466224670e-02
-3.182752430438995361e-02
-3.183546289801597595e-02
-3.183253854513168335e-02
-3.183458372950553894e-02
-3.183006867766380310e-02
-3.183614462614059448e-02
-3.182879090309143066e-02
-3.183007240295410156e-02
-3.183759376406669617e-02
-3.184027969837188721e-02
-3.183468431234359741e-02
-3.184969723224639893e-02
-3.183784708380699158e-02
-3.184887766838073730e-02
-3.184298798441886902e-02
-3.184352815151214600e-02
-3.184714168310165405e-02
-3.184498474001884460e-02
-3.183718398213386536e-02
-3.184543177485466003e-02
-3.185473382472991943e-02
-3.184933960437774658e-02
-3.184499591588973999e-02
-3.184986114501953125e-02
-3.185280784964561462e-02
-3.185376524925231934e-02
-3.184729069471359253e-02
-3.185038641095161438e-02
-3.184141218662261963e-02
-3.184836730360984802e-02
-3.185598552227020264e-02
-3.186026960611343384e-02
-3.185700252652168274e-02
-3.185337409377098083e-02
-3.185461461544036865e-02
-3.186084702610969543e-02
-3.185992687940597534e-02
-3.185843303799629211e-02
-3.185978531837463379e-02
-3.186257928609848022e-02
-3.185747191309928894e-02
-3.185815736651420593e-02
-3.186102956533432007e-02
-3.186311200261116028e-02
-3.186416253447532654e-02
-3.186766803264617920e-02
-3.186869621276855469e-02
-3.186406195163726807e-02
-3.187281638383865356e-02
-3.186984732747077942e-02
-3.186668455600738525e-02
-3.187274187803268433e-02
-3.187030926346778870e-02
-3.187066689133644104e-02
-3.186228498816490173e-02
-3.186736628413200378e-02
-3.187097981572151184e-02
-3.187150135636329651e-02
-3.187316283583641052e-02
-3.186970576643943787e-02
-3.186788037419319153e-02
-3.187515586614608765e-02
-3.187107667326927185e-02
-3.187684714794158936e-02
-3.187467530369758606e-02
-3.187402337789535522e-02
-3.187055140733718872e-02
-3.187497705221176147e-02
-3.187663480639457703e-02
-3.187870606780052185e-02
-3.187545388936996460e-02
-3.187286853790283203e-02
-3.187923133373260498e-02
-3.187481313943862915e-02
-3.187398239970207214e-02
-3.187157958745956421e-02
-3.187358006834983826e-02
-3.187483176589012146e-02
-3.187825530767440796e-02
-3.187949955463409424e-02
-3.187259286642074585e-02
-3.189025446772575378e-02
-3.189213946461677551e-02
-3.188386186957359314e-02
-3.188805654644966125e-02
-3.188352286815643311e-02
-3.189836814999580383e-02
-3.189141303300857544e-02
-3.187419846653938293e-02
-3.187240660190582275e-02
-3.188602253794670105e-02
-3.188540786504745483e-02
-3.197352588176727295e-02
-3.195249289274215698e-02
-3.195312246680259705e-02
-3.188996762037277222e-02
-3.187915682792663574e-02
-3.188317269086837769e-02
-3.187211230397224426e-02
-3.187190368771553040e-02
-3.188139945268630981e-02
-3.190497308969497681e-02
-3.189989924430847168e-02
-3.191747516393661499e-02
-3.189837932586669922e-02
-3.188893198966979980e-02
-3.189403936266899109e-02
-3.188731893897056580e-02
-3.187838196754455566e-02
-3.187809884548187256e-02
-3.188813477754592896e-02
-3.189858794212341309e-02
-3.190664201974868774e-02
-3.192174434661865234e-02
-3.191316127777099609e-02
-3.189729526638984680e-02
-3.188822790980339050e-02
-3.188670799136161804e-02
-3.188923001289367676e-02
-3.187373280525207520e-02
-3.188158944249153137e-02
-3.188588842749595642e-02
-3.188884258270263672e-02
-3.189922869205474854e-02
-3.189706429839134216e-02
-3.188917413353919983e-02
-3.189294412732124329e-02
-3.188737481832504272e-02
-3.188361227512359619e-02
-3.187916800379753113e-02
-3.187925368547439575e-02
-3.187739476561546326e-02
-3.187872096896171570e-02
-3.188076615333557129e-02
-3.187142685055732727e-02
-3.187705948948860168e-02
-3.187568858265876770e-02
-3.186996653676033020e-02
-3.186983615159988403e-02
-3.187117725610733032e-02
-3.187415748834609985e-02
-3.187421336770057678e-02
-3.187521547079086304e-02
-3.187707811594009399e-02
-3.187952190637588501e-02
-3.187516331672668457e-02
-3.188112005591392517e-02
-3.187475353479385376e-02
-3.186623752117156982e-02
-3.187282010912895203e-02
-3.187851235270500183e-02
-3.188226744532585144e-02
-3.187324106693267822e-02
-3.187369182705879211e-02
-3.186395019292831421e-02
-3.186993673443794250e-02
-3.186351805925369263e-02
-3.188080340623855591e-02
-3.187724575400352478e-02
-3.189226612448692322e-02
-3.189108148217201233e-02
-3.188351914286613464e-02
-3.187000378966331482e-02
-3.186126798391342163e-02
-3.186987340450286865e-02
-3.187422454357147217e-02
-3.187417984008789062e-02
-3.187762573361396790e-02
-3.186544403433799744e-02
-3.186906129121780396e-02
-3.186663612723350525e-02
-3.187569975852966309e-02
-3.187158331274986267e-02
-3.186824172735214233e-02
-3.187127411365509033e-02
-3.187039494514465332e-02
-3.187422081828117371e-02
-3.187113627791404724e-02
-3.187131881713867188e-02
-3.186836466193199158e-02
-3.187480196356773376e-02
-3.187179565429687500e-02
-3.187128528952598572e-02
-3.187238052487373352e-02
-3.187607228755950928e-02
-3.187979012727737427e-02
-3.187691420316696167e-02
-3.188253566622734070e-02
-3.187372162938117981e-02
-3.188209980726242065e-02
-3.186981007456779480e-02
-3.187345713376998901e-02
-3.187117353081703186e-02
-3.187181800603866577e-02
-3.187111765146255493e-02
-3.187812492251396179e-02
-3.187601268291473389e-02
-3.187742456793785095e-02
-3.187513351440429688e-02
-3.187403455376625061e-02
-3.187473863363265991e-02
-3.188113495707511902e-02
-3.187699243426322937e-02
-3.187656402587890625e-02
-3.187233954668045044e-02
-3.187458589673042297e-02
-3.187518566846847534e-02
-3.187670186161994934e-02
-3.187405318021774292e-02
-3.187387436628341675e-02
-3.186905384063720703e-02
-3.187094628810882568e-02
-3.187442570924758911e-02
-3.187125921249389648e-02
-3.187496215105056763e-02
-3.187871724367141724e-02
-3.187227994203567505e-02
-3.188462555408477783e-02
-3.186910971999168396e-02
-3.187064081430435181e-02
-3.186921030282974243e-02
-3.186879679560661316e-02
-3.186869621276855469e-02
-3.187068551778793335e-02
-3.188354521989822388e-02
-3.187287971377372742e-02
-3.187162801623344421e-02
-3.187115862965583801e-02
-3.187563642859458923e-02
-3.188079223036766052e-02
-3.187116608023643494e-02
-3.187729045748710632e-02
-3.187253326177597046e-02
-3.188335523009300232e-02
-3.188442066311836243e-02
-3.186742961406707764e-02
-3.186831250786781311e-02
-3.188345953822135925e-02
-3.189231455326080322e-02
-3.188757970929145813e-02
-3.187153488397598267e-02
-3.187572211027145386e-02
-3.188145905733108521e-02
-3.188513219356536865e-02
-3.187101334333419800e-02
-3.187469393014907837e-02
-3.186937794089317322e-02
-3.186628967523574829e-02
-3.186978399753570557e-02
-3.188156336545944214e-02
-3.187814727425575256e-02
-3.187272697687149048e-02
-3.186821192502975464e-02
-3.185876831412315369e-02
-3.187004476785659790e-02
-3.190108388662338257e-02
-3.187338262796401978e-02
-3.186057135462760925e-02
-3.184555470943450928e-02
-3.186461329460144043e-02
-3.185513243079185486e-02
-3.185113519430160522e-02
-3.190357983112335205e-02
-3.188247978687286377e-02
-3.188028931617736816e-02
-3.186725080013275146e-02
-3.197110816836357117e-02
-3.194055333733558655e-02
-3.189242258667945862e-02
-3.187243640422821045e-02
-3.185980767011642456e-02
-3.185170143842697144e-02
-3.185457736253738403e-02
-3.184889629483222961e-02
-3.185599297285079956e-02
-3.186582773923873901e-02
-3.186734020709991455e-02
-3.185310587286949158e-02
-3.185219317674636841e-02
-3.186250850558280945e-02
-3.185966610908508301e-02
-3.186128288507461548e-02
-3.186180815100669861e-02
-3.186238929629325867e-02
-3.186380863189697266e-02
-3.186497092247009277e-02
-3.186843916773796082e-02
-3.187334164977073669e-02
-3.185984492301940918e-02
-3.187523037195205688e-02
-3.186498209834098816e-02
-3.186263889074325562e-02
-3.185551241040229797e-02
-3.186439350247383118e-02
-3.186309337615966797e-02
-3.185988962650299072e-02
-3.185574337840080261e-02
-3.186186030507087708e-02
-3.186059743165969849e-02
-3.186463937163352966e-02
-3.186967223882675171e-02
-3.187067806720733643e-02
-3.186837211251258850e-02
-3.186873719096183777e-02
-3.185772150754928589e-02
-3.186156973242759705e-02
-3.186068683862686157e-02
-3.186075389385223389e-02
-3.186120837926864624e-02
-3.185057267546653748e-02
-3.185987100005149841e-02
-3.186191245913505554e-02
-3.185504302382469177e-02
-3.186170011758804321e-02
-3.187277540564537048e-02
-3.188315778970718384e-02
-3.186640143394470215e-02
-3.184793889522552490e-02
-3.185756504535675049e-02
-3.185790404677391052e-02
-3.185949474573135376e-02
-3.186975046992301941e-02
-3.189153969287872314e-02
-3.187223896384239197e-02
-3.186423331499099731e-02
-3.186850994825363159e-02
-3.187409043312072754e-02
-3.188575804233551025e-02
-3.187483176589012146e-02
-3.186544403433799744e-02
-3.186244145035743713e-02
-3.186213597655296326e-02
-3.186459839344024658e-02
-3.185696899890899658e-02
-3.185664117336273193e-02
-3.184984251856803894e-02
-3.185315430164337158e-02
-3.187960386276245117e-02
-3.188272193074226379e-02
-3.186075016856193542e-02
-3.185101971030235291e-02
-3.184957429766654968e-02
-3.185207024216651917e-02
-3.187128528952598572e-02
-3.185359388589859009e-02
-3.185480833053588867e-02
-3.185104578733444214e-02
-3.185512498021125793e-02
-3.185331448912620544e-02
-3.185476735234260559e-02
-3.185318037867546082e-02
-3.185985982418060303e-02
-3.186161443591117859e-02
-3.185872733592987061e-02
-3.185819089412689209e-02
-3.185471519827842712e-02
-3.184925392270088196e-02
-3.186593204736709595e-02
-3.184480220079421997e-02
-3.184708207845687866e-02
-3.184804320335388184e-02
-3.184843435883522034e-02
-3.185155615210533142e-02
-3.184917196631431580e-02
-3.185571730136871338e-02
-3.185187280178070068e-02
-3.185797110199928284e-02
-3.184226155281066895e-02
-3.184431046247482300e-02
-3.184587880969047546e-02
-3.184786811470985413e-02
-3.185876086354255676e-02
-3.185292705893516541e-02
-3.184090182185173035e-02
-3.185513988137245178e-02
-3.184939175844192505e-02
-3.184500336647033691e-02
-3.184947744011878967e-02
-3.184882923960685730e-02
-3.186894580721855164e-02
-3.185411170125007629e-02
-3.185101225972175598e-02
-3.185179084539413452e-02
-3.186058253049850464e-02
-3.186164796352386475e-02
-3.185372054576873779e-02
-3.185559436678886414e-02
-3.184608370065689087e-02
-3.186764195561408997e-02
-3.186120465397834778e-02
-3.185758739709854126e-02
-3.184983506798744202e-02
-3.184895217418670654e-02
-3.184649348258972168e-02
-3.185472264885902405e-02
-3.184635937213897705e-02
-3.185378015041351318e-02
-3.184793889522552490e-02
-3.184784576296806335e-02
-3.186273202300071716e-02
-3.184933960437774658e-02
-3.185579925775527954e-02
-3.186448290944099426e-02
-3.185322880744934082e-02
-3.185229003429412842e-02
-3.185526281595230103e-02
-3.187838941812515259e-02
-3.186695650219917297e-02
-3.187120705842971802e-02
-3.186870738863945007e-02
-3.186752274632453918e-02
-3.185330331325531006e-02
-3.185354545712471008e-02
-3.186782076954841614e-02
-3.185268864035606384e-02
-3.185031935572624207e-02
-3.185542300343513489e-02
-3.185607492923736572e-02
-3.184825554490089417e-02
-3.185520693659782410e-02
-3.186717256903648376e-02
-3.185279294848442078e-02
-3.186521679162979126e-02
-3.186769410967826843e-02
-3.186485543847084045e-02
-3.186115249991416931e-02
-3.185756504535675049e-02
-3.186193108558654785e-02
-3.185961395502090454e-02
-3.185239434242248535e-02
-3.185637667775154114e-02
-3.186068683862686157e-02
-3.185078129172325134e-02
-3.185864165425300598e-02
-3.185068815946578979e-02
-3.185644373297691345e-02
-3.185822069644927979e-02
-3.185412287712097168e-02
-3.185979276895523071e-02
-3.185934945940971375e-02
-3.185676038265228271e-02
-3.185237944126129150e-02
-3.185377642512321472e-02
-3.184826299548149109e-02
-3.185830265283584595e-02
-3.186226636171340942e-02
-3.185271099209785461e-02
-3.186394646763801575e-02
-3.186055645346641541e-02
-3.185687586665153503e-02
-3.185091540217399597e-02
-3.185852244496345520e-02
-3.185913711786270142e-02
-3.186871111392974854e-02
-3.185545280575752258e-02
-3.185525164008140564e-02
-3.185370564460754395e-02
-3.184999153017997742e-02
-3.185965865850448608e-02
-3.186733648180961609e-02
-3.186552599072456360e-02
-3.186048194766044617e-02
-3.186315298080444336e-02
-3.185797482728958130e-02
-3.186494857072830200e-02
-3.185888379812240601e-02
-3.185803815722465515e-02
-3.186759352684020996e-02
-3.186239302158355713e-02
-3.185976669192314148e-02
-3.186383470892906189e-02
-3.185729682445526123e-02
-3.186743706464767456e-02
-3.185968473553657532e-02
-3.186034783720970154e-02
-3.185725584626197815e-02
-3.185776993632316589e-02
-3.186362609267234802e-02
-3.187035769224166870e-02
-3.186473250389099121e-02
-3.190268576145172119e-02
-3.187845647335052490e-02
-3.185595571994781494e-02
-3.185644000768661499e-02
-3.185864537954330444e-02
-3.186835348606109619e-02
-3.186367079615592957e-02
-3.186179324984550476e-02
-3.185716643929481506e-02
-3.185830265283584595e-02
-3.185436874628067017e-02
-3.186257928609848022e-02
-3.185570240020751953e-02
-3.185580670833587646e-02
-3.185591846704483032e-02
-3.184995800256729126e-02
-3.185874223709106445e-02
-3.185813874006271362e-02
-3.186172246932983398e-02
-3.184673935174942017e-02
-3.185236826539039612e-02
-3.186027705669403076e-02
-3.185151144862174988e-02
-3.185377642512321472e-02
-3.186032176017761230e-02
-3.185795247554779053e-02
-3.185798972845077515e-02
-3.186161816120147705e-02
-3.186489641666412354e-02
-3.185300529003143311e-02
-3.186348080635070801e-02
-3.185744211077690125e-02
-3.185627609491348267e-02
-3.185978159308433533e-02
-3.185835108160972595e-02
-3.186699375510215759e-02
-3.186791390180587769e-02
-3.186094388365745544e-02
-3.186603635549545288e-02
-3.185966983437538147e-02
-3.186105936765670776e-02
-3.186031058430671692e-02
-3.185754269361495972e-02
-3.186396881937980652e-02
-3.186347335577011108e-02
-3.185866773128509521e-02
-3.185708820819854736e-02
-3.184718638658523560e-02
-3.186804056167602539e-02
-3.184823691844940186e-02
-3.186228871345520020e-02
-3.184926509857177734e-02
-3.185835480690002441e-02
-3.186392784118652344e-02
-3.186409175395965576e-02
-3.186109289526939392e-02
-3.184178471565246582e-02
-3.184720501303672791e-02
-3.183981776237487793e-02
-3.185535594820976257e-02
-3.186004608869552612e-02
-3.185155615210533142e-02
-3.184781968593597412e-02
-3.184650838375091553e-02
-3.185819089412689209e-02
-3.185211867094039917e-02
-3.185532987117767334e-02
-3.184875845909118652e-02
-3.185333684086799622e-02
-3.185303136706352234e-02
-3.185056149959564209e-02
-3.185043856501579285e-02
-3.185572475194931030e-02
-3.183629363775253296e-02
-3.184328228235244751e-02
-3.185515478253364563e-02
-3.183867037296295166e-02
-3.183610737323760986e-02
-3.183981403708457947e-02
-3.180885314941406250e-02
-3.181873634457588196e-02
-3.182286396622657776e-02
-3.181936591863632202e-02
-3.182629495859146118e-02
-3.182224929332733154e-02
-3.181871026754379272e-02
-3.183461353182792664e-02
-3.183679655194282532e-02
-3.188633173704147339e-02
-3.187096118927001953e-02
-3.186202049255371094e-02
-3.186177462339401245e-02
-3.186007589101791382e-02
-3.185353800654411316e-02
-3.185803815722465515e-02
-3.186333179473876953e-02
-3.184950351715087891e-02
-3.185730800032615662e-02
-3.185690566897392273e-02
-3.186775371432304382e-02
-3.186373412609100342e-02
-3.185669705271720886e-02
-3.186029940843582153e-02
-3.186102211475372314e-02
-3.186886012554168701e-02
-3.186334297060966492e-02
-3.186261281371116638e-02
-3.185516595840454102e-02
-3.185373544692993164e-02
-3.185503929853439331e-02
-3.186624497175216675e-02
-3.186069428920745850e-02
-3.185497596859931946e-02
-3.186139091849327087e-02
-3.186140954494476318e-02
-3.186499327421188354e-02
-3.186789155006408691e-02
-3.184851258993148804e-02
-3.185112401843070984e-02
-3.184480965137481689e-02
-3.184841945767402649e-02
-3.185280412435531616e-02
-3.184510394930839539e-02
-3.185494244098663330e-02
-3.185186907649040222e-02
-3.186383470892906189e-02
-3.185635805130004883e-02
-3.185171633958816528e-02
-3.184610232710838318e-02
-3.184489160776138306e-02
-3.185192868113517761e-02
-3.184780478477478027e-02
-3.185288235545158386e-02
-3.184856474399566650e-02
-3.183801099658012390e-02
-3.184443339705467224e-02
-3.184028714895248413e-02
-3.184922412037849426e-02
-3.186320886015892029e-02
-3.184297308325767517e-02
-3.184390440583229065e-02
-3.184057027101516724e-02
-3.185341879725456238e-02
-3.184663131833076477e-02
-3.185126185417175293e-02
-3.184617310762405396e-02
-3.184476494789123535e-02
-3.185278922319412231e-02
-3.185088187456130981e-02
-3.185205534100532532e-02
-3.184569627046585083e-02
-3.184720501303672791e-02
-3.184804320335388184e-02
-3.184680268168449402e-02
-3.184781223535537720e-02
-3.184514865279197693e-02
-3.185277059674263000e-02
-3.184582293033599854e-02
-3.183770924806594849e-02
-3.185301274061203003e-02
-3.184415027499198914e-02
-3.185573965311050415e-02
-3.184936940670013428e-02
-3.185020014643669128e-02
-3.184185177087783813e-02
-3.184315189719200134e-02
-3.183828294277191162e-02
-3.183768317103385925e-02
-3.184496611356735229e-02
-3.184129297733306885e-02
-3.184213861823081970e-02
-3.184258565306663513e-02
-3.184638544917106628e-02
-3.184313327074050903e-02
-3.183456137776374817e-02
-3.184529393911361694e-02
-3.184942901134490967e-02
-3.184214234352111816e-02
-3.184621036052703857e-02
-3.184264898300170898e-02
-3.184173256158828735e-02
-3.183884173631668091e-02
-3.184650838375091553e-02
-3.184004500508308411e-02
-3.185107931494712830e-02
-3.184127435088157654e-02
-3.184344992041587830e-02
-3.185196965932846069e-02
-3.185094892978668213e-02
-3.183807432651519775e-02
-3.184385597705841064e-02
-3.184385970234870911e-02
-3.183922916650772095e-02
-3.185950219631195068e-02
-3.185423463582992554e-02
-3.184723854064941406e-02
-3.184699639678001404e-02
-3.185351192951202393e-02
-3.185270354151725769e-02
-3.184395283460617065e-02
-3.184834495186805725e-02
-3.185616061091423035e-02
-3.185451775789260864e-02
-3.184394165873527527e-02
-3.184714913368225098e-02
-3.185503557324409485e-02
-3.185861557722091675e-02
-3.185149654746055603e-02
-3.183967992663383484e-02
-3.185180574655532837e-02
-3.183752670884132385e-02
-3.184969723224639893e-02
-3.185534477233886719e-02
-3.185331448912620544e-02
-3.185905143618583679e-02
-3.185974434018135071e-02
-3.185588493943214417e-02
-3.185164183378219604e-02
-3.185539692640304565e-02
-3.184603154659271240e-02
-3.184780105948448181e-02
-3.184951096773147583e-02
-3.185277059674263000e-02
-3.185119852423667908e-02
-3.184914216399192810e-02
-3.184510394930839539e-02
-3.185730800032615662e-02
-3.185977786779403687e-02
-3.185858950018882751e-02
-3.185464069247245789e-02
-3.184620663523674011e-02
-3.184738382697105408e-02
-3.184285387396812439e-02
-3.184493631124496460e-02
-3.185021132230758667e-02
-3.184518963098526001e-02
-3.185702487826347351e-02
-3.185139223933219910e-02
-3.185722231864929199e-02
-3.186320140957832336e-02
-3.186256438493728638e-02
-3.186458721756935120e-02
-3.186842799186706543e-02
-3.186022862792015076e-02
-3.185691311955451965e-02
-3.185015916824340820e-02
-3.185107931494712830e-02
-3.185675665736198425e-02
-3.185312449932098389e-02
-3.185187280178070068e-02
-3.185401484370231628e-02
-3.185323625802993774e-02
-3.185248002409934998e-02
-3.185271844267845154e-02
-3.185391426086425781e-02
-3.184912726283073425e-02
-3.184942528605461121e-02
-3.184347599744796753e-02
-3.184942901134490967e-02
-3.184169530868530273e-02
-3.183957934379577637e-02
-3.184914961457252502e-02
-3.185673803091049194e-02
-3.183834254741668701e-02
-3.184782341122627258e-02
-3.185408562421798706e-02
-3.184354677796363831e-02
-3.185584768652915955e-02
-3.184505552053451538e-02
-3.184559941291809082e-02
-3.185242041945457458e-02
-3.184775635600090027e-02
-3.184080868959426880e-02
-3.184831142425537109e-02
-3.184513375163078308e-02
-3.184791281819343567e-02
-3.185140714049339294e-02
-3.185528516769409180e-02
-3.184194117784500122e-02
-3.184960037469863892e-02
-3.184766322374343872e-02
-3.184453770518302917e-02
-3.185219317674636841e-02
-3.186170384287834167e-02
-3.185147792100906372e-02
-3.184790909290313721e-02
-3.186017647385597229e-02
-3.184078261256217957e-02
-3.185832127928733826e-02
-3.184887021780014038e-02
-3.185267373919487000e-02
-3.185291588306427002e-02
-3.185755759477615356e-02
-3.185511380434036255e-02
-3.185533732175827026e-02
-3.184999153017997742e-02
-3.185112029314041138e-02
-3.185416758060455322e-02
-3.184015303850173950e-02
-3.184910491108894348e-02
-3.185739368200302124e-02
-3.185793757438659668e-02
-3.185568004846572876e-02
-3.186351060867309570e-02
-3.186200559139251709e-02
-3.185351192951202393e-02
-3.185803070664405823e-02
-3.185737878084182739e-02
-3.185233846306800842e-02
-3.185584023594856262e-02
-3.186492994427680969e-02
-3.185723721981048584e-02
-3.185360133647918701e-02
