-3.061660248024311234e-02
-3.061712493389034603e-02
-3.062583448792447621e-02
-3.064101604254701114e-02
-3.061824469735014570e-02
-3.061172956952350893e-02
-3.061436030114194490e-02
-3.064100927667473551e-02
-3.063750137969199414e-02
-3.066562040345671009e-02
-3.065840215172241714e-02
-3.064319903075962692e-02
-3.069010772026633041e-02
-3.067180988046408485e-02
-3.065518247275361360e-02
-3.066568462689636329e-02
-3.067513114873357885e-02
-3.068207765801929734e-02
-3.069329102184350025e-02
-3.069271178189311722e-02
-3.070992942015682292e-02
-3.069705753141642804e-02
-3.070932828143079635e-02
-3.072063409648879279e-02
-3.073433617349837985e-02
-3.074135577871375119e-02
-3.075450243368434491e-02
-3.073970119084949021e-02
-3.076694184506564150e-02
-3.074529733801058609e-02
-3.077438659140093249e-02
-3.076829778300250312e-02
-3.076403513119597283e-02
-3.079127190769717290e-02
-3.079595427757568157e-02
-3.078915375007692037e-02
-3.078550412560888266e-02
-3.081058118126004178e-02
-3.083492181693057652e-02
-3.081675016444047552e-02
-3.082471943651542839e-02
-3.082563891924423177e-02
-3.083806130639745943e-02
-3.083262805964091108e-02
-3.085537933315693135e-02
-3.086475573416511131e-02
-3.086362253504356182e-02
-3.085998621138806228e-02
-3.085538474182091678e-02
-3.088974911519003913e-02
-3.086929348649482957e-02
-3.088217214232813826e-02
-3.091346573952899815e-02
-3.088807536364013978e-02
-3.090529227449340111e-02
-3.090109622182026644e-02
-3.090406481907434846e-02
-3.091727919443347863e-02
-3.093394197205665344e-02
-3.094637106180099864e-02
-3.092555469388812844e-02
-3.093707750920742655e-02
-3.093921760365841295e-02
-3.094766031493238062e-02
-3.093055018460042285e-02
-3.095118795304158815e-02
-3.095364906937183441e-02
-3.095117966266907814e-02
-3.095283648541630531e-02
-3.096384333538991854e-02
-3.095703971575552646e-02
-3.097026645770807954e-02
-3.098978939941532396e-02
-3.098056225175261497e-02
-3.098831596493788892e-02
-3.100587133229926878e-02
-3.100950044964033078e-02
-3.099203535185152125e-02
-3.100800009013714859e-02
-3.101137916176963452e-02
-3.102415726729705267e-02
-3.103474818597158971e-02
-3.103819861323563883e-02
-3.103826325916688236e-02
-3.105080159284584473e-02
-3.102053037283582573e-02
-3.103177531527685079e-02
-3.105277862635916902e-02
-3.103881309324540982e-02
-3.105893291223609659e-02
-3.107467062460078644e-02
-3.105390951239189040e-02
-3.110160850569674076e-02
-3.109795904650616491e-02
-3.108726631303951674e-02
-3.109166979458154872e-02
-3.110584282974088177e-02
-3.111177225120494508e-02
-3.109950393770030339e-02
-3.111335948482505873e-02
-3.110567982610714169e-02
-3.111217422092459745e-02
-3.110238033801554502e-02
-3.110688935447611728e-02
-3.111658573093443667e-02
-3.110313280390998233e-02
-3.112226626351066727e-02
-3.112737465033727294e-02
-3.112221132129066453e-02
-3.113385135679563182e-02
-3.113573377483633275e-02
-3.114661571769401435e-02
-3.114985507066914128e-02
-3.112453535364648888e-02
-3.115716231665737607e-02
-3.114372324991110733e-02
-3.116802730544898647e-02
-3.116643280280725903e-02
-3.116098502708609247e-02
-3.117837867988352066e-02
-3.117680619466658282e-02
-3.117667710677942197e-02
-3.118722999117000058e-02
-3.117704143403666334e-02
-3.116774163457495736e-02
-3.118741307384034420e-02
-3.120569488219302606e-02
-3.121438388503014472e-02
-3.120676447193671682e-02
-3.121592595539081014e-02
-3.122420632801162915e-02
-3.122761290601952858e-02
-3.122005648991308530e-02
-3.121878834586347407e-02
-3.121229651625850865e-02
-3.119988728110542620e-02
-3.122582785169197156e-02
-3.123492916327552660e-02
-3.123214744807418716e-02
-3.122700685560014441e-02
-3.123176795720617599e-02
-3.124364113321711003e-02
-3.123653242833400109e-02
-3.124374035581686457e-02
-3.124412201034212216e-02
-3.125135695257028057e-02
-3.124562634940141609e-02
-3.124100010906372821e-02
-3.125586443677901005e-02
-3.124944890495521752e-02
-3.125788179972532888e-02
-3.126547490992062639e-02
-3.126560991144153312e-02
-3.127444262972296773e-02
-3.126726080944029762e-02
-3.126913698552005044e-02
-3.126940625858270345e-02
-3.125815806143240200e-02
-3.127945435963885162e-02
-3.128175378736407219e-02
-3.129614744193519316e-02
-3.128593733183216569e-02
-3.130540870901915573e-02
-3.131855741572471541e-02
-3.129309157489807564e-02
-3.129717110735374952e-02
-3.129923623149506035e-02
-3.130618496241517612e-02
-3.129942522807570293e-02
-3.130352902493701434e-02
-3.129226575681089140e-02
-3.131353721316261496e-02
-3.131389461608829333e-02
-3.130260483318305503e-02
-3.131486068048884575e-02
-3.131716486284493589e-02
-3.132394206531425446e-02
-3.131542894238544678e-02
-3.132328359008242080e-02
-3.133101680150935514e-02
-3.132841352464885848e-02
-3.132996604884279862e-02
-3.133708521981434098e-02
-3.134313186472915957e-02
-3.134153690049924085e-02
-3.134933182365131493e-02
-3.134841189272905698e-02
-3.133938975261736648e-02
-3.134088564416932093e-02
-3.134784591165102469e-02
-3.136732143663698708e-02
-3.135316462481822081e-02
-3.135341832878245361e-02
-3.135504861627066292e-02
-3.135609137085246939e-02
-3.135635984140153210e-02
-3.136037083114815577e-02
-3.134819767587783412e-02
-3.136749716998867704e-02
-3.137479197778055701e-02
-3.135692249220585481e-02
-3.135728751687385379e-02
-3.136642973894278319e-02
-3.137389271385225553e-02
-3.139580937065391403e-02
-3.137356996059990216e-02
-3.139209772004170756e-02
-3.138037267999922025e-02
-3.139359721812477744e-02
-3.139734327091364685e-02
-3.140532182197463412e-02
-3.138831524828882696e-02
-3.139256165735649501e-02
-3.138643680039255451e-02
-3.138383369877761203e-02
-3.140111047910899844e-02
-3.139266929398529249e-02
-3.139115088114253355e-02
-3.139317009844573569e-02
-3.139721116521272670e-02
-3.139817745118765602e-02
-3.140227777435575934e-02
-3.140306023288372966e-02
-3.141625561677179740e-02
-3.141865077213530644e-02
-3.139955242207058406e-02
-3.141228261223279888e-02
-3.142752767697291200e-02
-3.141717417907279042e-02
-3.141980847516283315e-02
-3.140707820481205420e-02
-3.140997655757717805e-02
-3.142662471398473267e-02
-3.142596823276311985e-02
-3.142340411783142023e-02
-3.142001886535611410e-02
-3.142761724225962006e-02
-3.143774336462122621e-02
-3.143521605874297770e-02
-3.143386653295152794e-02
-3.144995361213955704e-02
-3.143423219053633616e-02
-3.141835993165762592e-02
-3.144184113287577798e-02
-3.146249779261660329e-02
-3.144900689074681815e-02
-3.144362334062702352e-02
-3.144884758721875478e-02
-3.144024116411360537e-02
-3.144642745506402715e-02
-3.144211709355080459e-02
-3.144624043319755452e-02
-3.145243035405954207e-02
-3.144038288016272331e-02
-3.143861486521971199e-02
-3.146704276069364065e-02
-3.146435697630855371e-02
-3.145715793825315520e-02
-3.146055577688774280e-02
-3.147103260871846053e-02
-3.147355275679625947e-02
-3.146197635168795914e-02
-3.147199406684968864e-02
-3.145512844465320201e-02
-3.145251143419141443e-02
-3.146923518388890229e-02
-3.145412537034452533e-02
-3.147444383541876667e-02
-3.147492239871606950e-02
-3.147994736269902477e-02
-3.146474255325288488e-02
-3.147907975649206352e-02
-3.146890958712217357e-02
-3.146202782731971626e-02
-3.146456117496565508e-02
-3.147559756964574823e-02
-3.147043794268902100e-02
-3.145949318194130040e-02
-3.148481304363508204e-02
-3.147242621752948527e-02
-3.148918116396956512e-02
-3.149713878468574091e-02
-3.148075812371831095e-02
-3.148172510021275683e-02
-3.150439442490367975e-02
-3.149523215295024076e-02
-3.148352800248538363e-02
-3.149130945082630195e-02
-3.148923372060804388e-02
-3.149217811784511822e-02
-3.150784093603829772e-02
-3.148351239562430237e-02
-3.148582925546784816e-02
-3.148982250655939230e-02
-3.148107801170013653e-02
-3.148914925381580271e-02
-3.149557283154316017e-02
-3.148683167275150019e-02
-3.149786165835972290e-02
-3.149273113629808690e-02
-3.149932502419872798e-02
-3.149895575127954067e-02
-3.149398763024369857e-02
-3.149206780721924143e-02
-3.151390756072227489e-02
-3.150280015394048977e-02
-3.150489524670862379e-02
-3.150148455013503795e-02
-3.150654829649541383e-02
-3.151836995537011382e-02
-3.151030046833623588e-02
-3.150336333465458827e-02
-3.151224080138439326e-02
-3.151253212036241036e-02
-3.151926241867202688e-02
-3.151214843375281516e-02
-3.150006171971825308e-02
-3.151633791873159618e-02
-3.151307921194340667e-02
-3.151916178445545585e-02
-3.152531023946896632e-02
-3.151747647707073968e-02
-3.151884150273434604e-02
-3.151136612585347246e-02
-3.150833508598661903e-02
-3.151343004347068738e-02
-3.152387954688006672e-02
-3.152455734731531012e-02
-3.152026611095855996e-02
-3.153954320249107574e-02
-3.151134565465710941e-02
-3.153271416267310057e-02
-3.153074534906679521e-02
-3.152348946374138733e-02
-3.153083257531889144e-02
-3.153597355218879655e-02
-3.152393617117332097e-02
-3.153090594840742000e-02
-3.152901819789542814e-02
-3.152433835070301421e-02
-3.154661807351585162e-02
-3.152723125426658973e-02
-3.152184622132151587e-02
-3.153795354830275094e-02
-3.153971274911901435e-02
-3.154008983323454418e-02
-3.154101616539158742e-02
-3.154328066145374587e-02
-3.153139813428185861e-02
-3.153729324831037323e-02
-3.153078785995413330e-02
-3.154642915720780316e-02
-3.152938619994238856e-02
-3.153260453033883415e-02
-3.154404657929914951e-02
-3.153045193307874722e-02
-3.154510767756056600e-02
-3.155675122795813942e-02
-3.154200337378911673e-02
-3.154888766839196446e-02
-3.154732178252696306e-02
-3.154176699801876371e-02
-3.154412932604823416e-02
-3.153666745791831871e-02
-3.154191707822172341e-02
-3.155324504073595687e-02
-3.155198920270352314e-02
-3.154219744481281257e-02
-3.154881485811857761e-02
-3.154861850591874489e-02
-3.153904611648254697e-02
-3.155687191863675023e-02
-3.154696375530963159e-02
-3.155368888929876298e-02
-3.155319395385562664e-02
-3.154934498133016296e-02
-3.154457623536828514e-02
-3.154690277648752178e-02
-3.154778679307181782e-02
-3.155082665005416037e-02
-3.154867186769445137e-02
-3.155088879477326719e-02
-3.155529166648630285e-02
-3.155230493707723849e-02
-3.155347750736543083e-02
-3.155506866473111599e-02
-3.157851720519410516e-02
-3.155779870137705861e-02
-3.156094639008637237e-02
-3.156922323688676757e-02
-3.154599569059195890e-02
-3.154685811136860585e-02
-3.157734754581678627e-02
-3.156960211183999776e-02
-3.156487324010261858e-02
-3.156180640255522307e-02
-3.156952548877955955e-02
-3.156496218030190731e-02
-3.155567118281216860e-02
-3.155211936748410217e-02
-3.155960781312035224e-02
-3.155885085749163960e-02
-3.154924606310500340e-02
-3.155829183305077640e-02
-3.155566059865808765e-02
-3.156900269854122365e-02
-3.157519529708342071e-02
-3.156025042113762974e-02
-3.156162921234683533e-02
-3.155253191874603930e-02
-3.155221961526231272e-02
-3.156748161680308223e-02
-3.155494251048773791e-02
-3.157362538887933251e-02
-3.156454277875885006e-02
-3.157947757659489152e-02
-3.156733276437144464e-02
-3.157890975000280515e-02
-3.156675595097958170e-02
-3.156121651296413949e-02
-3.156270529015010179e-02
-3.157054571210952260e-02
-3.157156572780565884e-02
-3.157635892995980242e-02
-3.156953057619455577e-02
-3.157985026147289154e-02
-3.157984742918620163e-02
-3.157323015224487717e-02
-3.157968044705661281e-02
-3.158585245218940157e-02
-3.157261446178448450e-02
-3.158537537653349769e-02
-3.157542282233202074e-02
-3.157282902557937559e-02
-3.157953956354082881e-02
-3.157265808042900718e-02
-3.157327746427994464e-02
-3.157089738016857772e-02
-3.158054359924437893e-02
-3.159323216405666296e-02
-3.157304547786045357e-02
-3.157703375666020412e-02
-3.156300316641413167e-02
-3.157163331924704025e-02
-3.158646340995818064e-02
-3.156553187115655745e-02
-3.156693267239200212e-02
-3.157633515052063466e-02
-3.158175953234617500e-02
-3.158001150681975094e-02
-3.158150703224436862e-02
-3.158374537121851067e-02
-3.158593607137345077e-02
-3.158204603919766151e-02
-3.160853846506606057e-02
-3.158280909230899713e-02
-3.160803339905338127e-02
-3.159170597258340735e-02
-3.160410662027290235e-02
-3.158998034225320856e-02
-3.158290113191499632e-02
-3.158240433588186541e-02
-3.159334560015976401e-02
-3.159373235161948984e-02
-3.158492944957771303e-02
-3.158679933539043638e-02
-3.159599218927534869e-02
-3.158804464668345247e-02
-3.158524947811015837e-02
-3.158208782185419755e-02
-3.158463122610380425e-02
-3.159516922198631061e-02
-3.158666302364404599e-02
-3.159080218166175624e-02
-3.159030943365616351e-02
-3.159689523756005480e-02
-3.158013010324208641e-02
-3.159899608601070276e-02
-3.160159395233639451e-02
-3.159780305598727107e-02
-3.158574143010207946e-02
-3.160011602744782627e-02
-3.158982348946313967e-02
-3.159285599971463354e-02
-3.159606024291025661e-02
-3.159033613377106031e-02
-3.158609465112836856e-02
-3.159781608778373940e-02
-3.159601739540834897e-02
-3.159265884100739136e-02
-3.159574066601034126e-02
-3.160058181492552548e-02
-3.158936028362153287e-02
-3.158407650945039419e-02
-3.160157800859455385e-02
-3.159122121873371436e-02
-3.158983285643423428e-02
-3.159322573254035732e-02
-3.159442332320939323e-02
-3.160283825096959348e-02
-3.159803845567898950e-02
-3.160508363475694055e-02
-3.161438882089014774e-02
-3.159802145519597510e-02
-3.160111321659187650e-02
-3.159825060429599652e-02
-3.160206504188705495e-02
-3.158709163110397233e-02
-3.159305814631834658e-02
-3.159388792933431889e-02
-3.160016802025850807e-02
-3.160013753950989546e-02
-3.160632783405211560e-02
-3.159984589582646997e-02
-3.159257211192787601e-02
-3.159548330511370573e-02
-3.159614503019848170e-02
-3.160822142439911886e-02
-3.160980348577157456e-02
-3.158748419769601135e-02
-3.159130926162505293e-02
-3.159910435336955870e-02
-3.159826118385207494e-02
-3.159727965216126838e-02
-3.159828507719749519e-02
-3.159758078032303547e-02
-3.160793816313613169e-02
-3.158780792430027767e-02
-3.159839321127835138e-02
-3.160306544694287817e-02
-3.160356331311592326e-02
-3.160605067352108971e-02
-3.160870697935224544e-02
-3.159626121314799280e-02
-3.160967827216591697e-02
-3.158961181740416180e-02
-3.159445277201878427e-02
-3.159479611072280730e-02
-3.160608410524668593e-02
-3.160367415247330308e-02
-3.160504477614254487e-02
-3.160206846720837320e-02
-3.160758529899981156e-02
-3.160552966562640842e-02
-3.160879351291848161e-02
-3.161916279171432531e-02
-3.161724474193677858e-02
-3.160275449622885341e-02
-3.161609169568278116e-02
-3.160578742784265344e-02
-3.160458498890660745e-02
-3.161374103185737860e-02
-3.161010858838127213e-02
-3.160782401193375918e-02
-3.161043733201594763e-02
-3.160954516464781205e-02
-3.160728609301234615e-02
-3.161505193645942208e-02
-3.160394087351598574e-02
-3.161386438405193455e-02
-3.160199642121523655e-02
-3.160716470527925870e-02
-3.161524040424111559e-02
-3.160084401627570594e-02
-3.161022936662982730e-02
-3.160073174308448973e-02
-3.161885158343281238e-02
-3.160719176132333053e-02
-3.160904493070247623e-02
-3.160975705398708785e-02
-3.160305319863109669e-02
-3.160355003150777664e-02
-3.160839216579223315e-02
-3.161066771515948226e-02
-3.160775596918059815e-02
-3.162371184367467752e-02
-3.161464434294100623e-02
-3.160452367016516190e-02
-3.160738092668931298e-02
-3.160477576426302254e-02
-3.161646158907299026e-02
-3.161725381954313963e-02
-3.161772589554932844e-02
-3.160347159392763033e-02
-3.161701132803199782e-02
-3.160573115191252919e-02
-3.160955743319997929e-02
-3.161315093913468627e-02
-3.159892169386314953e-02
-3.161914080812953942e-02
-3.161266978025895069e-02
-3.160745165337079665e-02
-3.161827710394429086e-02
-3.161128740517053781e-02
-3.161123247268158437e-02
-3.161205845601035985e-02
-3.161114934682650313e-02
-3.161647363802760902e-02
-3.161588807491366726e-02
-3.161649542349472680e-02
-3.161893955667326866e-02
-3.161257487178101983e-02
-3.161716607522473133e-02
-3.161969148163120552e-02
-3.162211877011857769e-02
-3.161095624414277105e-02
-3.161686140710495002e-02
-3.161991217501514823e-02
-3.161461706237007896e-02
-3.161179400630399067e-02
-3.160721520373439841e-02
-3.162830586485824991e-02
-3.161321947792520431e-02
-3.162521189307367087e-02
-3.162920633198879755e-02
-3.161923231154682018e-02
-3.160935471528690532e-02
-3.161590466198086619e-02
-3.160823384452349227e-02
-3.162076486919714741e-02
-3.161685050787149676e-02
-3.162117922314039431e-02
-3.160750702365974774e-02
-3.161515569353518657e-02
-3.161322448283434422e-02
-3.161449401255923136e-02
-3.162476622159942491e-02
-3.161970286857055529e-02
-3.161836425454540161e-02
-3.161652709883731871e-02
-3.162086462657196645e-02
-3.162499365959330760e-02
-3.162856899703468672e-02
-3.163361241045111599e-02
-3.160822508141654386e-02
-3.161945564153424010e-02
-3.161074606590171671e-02
-3.162276970785233426e-02
-3.162949551541116566e-02
-3.162484419320458345e-02
-3.161967442561115782e-02
-3.162126571952405402e-02
-3.162954062161327934e-02
-3.162880114860481401e-02
-3.161897671776136426e-02
-3.161935363950792166e-02
-3.162655949424890423e-02
-3.161903067219652003e-02
-3.162818444634093312e-02
-3.162218179678947388e-02
-3.162635311033356461e-02
-3.161381690863218630e-02
-3.161123826866985703e-02
-3.161439634967990603e-02
-3.162846221766024007e-02
-3.163034112895009298e-02
-3.162243637023868376e-02
-3.161832369658527236e-02
-3.161025327032906257e-02
-3.162742069965999991e-02
-3.161096668237878271e-02
-3.162276990833143286e-02
-3.162624617962816326e-02
-3.161860975788912537e-02
-3.162593458152337250e-02
-3.162395481998257069e-02
-3.163900914395271352e-02
-3.163554965740709990e-02
-3.162822570190091526e-02
-3.162579833999917128e-02
-3.161409325717202956e-02
-3.162866240520201960e-02
-3.161379261445297628e-02
-3.160900564404150320e-02
-3.162257521355090611e-02
-3.161061042997616310e-02
-3.162261087965460848e-02
-3.161577120228828419e-02
-3.161654966507203984e-02
-3.163428383011585021e-02
-3.162992591809073856e-02
-3.162412589669277158e-02
-3.162756207745599096e-02
-3.162035263407635133e-02
-3.163564856440668344e-02
-3.162138715128569311e-02
-3.162518707713388860e-02
-3.161544569265641036e-02
-3.162089305694063684e-02
-3.163107333789900305e-02
-3.162420229116501974e-02
-3.162343558240125752e-02
-3.161824956435078937e-02
-3.162275011983638889e-02
-3.162428379301281817e-02
-3.162637533253809946e-02
-3.162526978133176764e-02
-3.163467997615713317e-02
-3.162709478773718941e-02
-3.162367472503503640e-02
-3.161431425469728856e-02
-3.163043628372873284e-02
-3.162299197789446292e-02
-3.163024382578053656e-02
-3.161895735843601313e-02
-3.163346602633630711e-02
-3.161835319509656572e-02
-3.161856293325861905e-02
-3.162866372186778907e-02
-3.163299210759022706e-02
-3.162679999555571136e-02
-3.163283295871339995e-02
-3.163706125806042130e-02
-3.162603915332431320e-02
-3.163551162090350033e-02
-3.163141100526509902e-02
-3.162706551541791949e-02
-3.161840078233735252e-02
-3.161722687613573168e-02
-3.163153970227704226e-02
-3.163171762551413718e-02
-3.164468028345191614e-02
-3.163182156982339427e-02
-3.163384726647529288e-02
-3.164543632299453291e-02
-3.162897644105512607e-02
-3.163907880210994200e-02
-3.163306828334429277e-02
-3.162192130120771577e-02
-3.163814772458268393e-02
-3.163194687655807719e-02
-3.163429665148418529e-02
-3.162508291190772175e-02
-3.162732944185066286e-02
-3.162055800448025644e-02
-3.162309066562081494e-02
-3.163149297073727245e-02
-3.162723338085769026e-02
-3.162640053999553336e-02
-3.163244655287970886e-02
-3.162792391556629168e-02
-3.163698069648644695e-02
-3.164099723848073226e-02
-3.165179384412155489e-02
-3.163757586099925218e-02
-3.162554445486103621e-02
-3.163315369522130827e-02
-3.163588873632949827e-02
-3.162991152201154871e-02
-3.163322690694470724e-02
-3.164025614214286547e-02
-3.164144772941034078e-02
-3.163965898146747779e-02
-3.164242900110281892e-02
-3.163554623089641360e-02
-3.162749811415809659e-02
-3.163310932049312463e-02
-3.162945483520509388e-02
-3.163438702270884861e-02
-3.162619580366663602e-02
-3.161738096719708679e-02
-3.162966087086304529e-02
-3.163358773380615940e-02
-3.163470859086946196e-02
-3.163838163753115301e-02
-3.163710785355678540e-02
-3.162404864728957099e-02
-3.164321965975244039e-02
-3.163322190744807111e-02
-3.162561548587378840e-02
-3.163762211582265421e-02
-3.164030235756210008e-02
-3.163143322440598731e-02
-3.162326779969853313e-02
-3.162559737169291785e-02
-3.162962365669250847e-02
-3.162682851779773097e-02
-3.162535691133620125e-02
-3.164022916442604111e-02
-3.162834175974083006e-02
-3.161987210841039897e-02
-3.162555352806812464e-02
-3.164091358993439962e-02
-3.163598132380422007e-02
-3.164354363535508419e-02
-3.162376111899074110e-02
-3.162668459202705451e-02
-3.163128913163660433e-02
-3.163375002217703319e-02
-3.163243340105776485e-02
-3.163721732327212655e-02
-3.164720913142395065e-02
-3.165458859520414031e-02
-3.163100947798647145e-02
-3.163243482646109495e-02
-3.162747269497073743e-02
-3.163174306967080074e-02
-3.164267844863668383e-02
-3.164159904879550178e-02
-3.164157145191839188e-02
-3.163864114900599711e-02
-3.163620200727650100e-02
-3.165012175341579137e-02
-3.163996660297185154e-02
-3.164403980662437027e-02
-3.163807678484096414e-02
-3.163096648652139603e-02
-3.163700290182581976e-02
-3.162621070469286838e-02
-3.163823986368354685e-02
-3.163802825285879500e-02
-3.163615956544440361e-02
-3.163548582469752346e-02
-3.163133431393081590e-02
-3.163737103241795467e-02
-3.163921915537407786e-02
-3.163503979030314606e-02
-3.163512773926778487e-02
-3.163731338663366977e-02
-3.163753206579362348e-02
-3.164019838992150613e-02
-3.164684040593617603e-02
-3.163919767642945496e-02
-3.163599005309241513e-02
-3.163322011414725077e-02
-3.162562679983722119e-02
-3.162633208850387095e-02
-3.163413211154997989e-02
-3.162788754356245235e-02
-3.163719737512606101e-02
-3.163958523941774736e-02
-3.162110506625789158e-02
-3.162851011848425570e-02
-3.162359109392228612e-02
-3.161966973882409521e-02
-3.164162281416801198e-02
-3.164104652450887983e-02
-3.163987722372801209e-02
-3.163204257524915991e-02
-3.163486122200723921e-02
-3.164273125250183227e-02
-3.163536463260682025e-02
-3.164012822039238143e-02
-3.163877621655958317e-02
-3.165063334558310126e-02
-3.164564985759692889e-02
-3.166616745495028779e-02
-3.164358235360035382e-02
-3.163560327076583162e-02
-3.163386521817442704e-02
-3.163754508366548729e-02
-3.163593397840936544e-02
-3.162310974886978210e-02
-3.163180716231230039e-02
-3.163833626706663571e-02
-3.163558495030458634e-02
-3.163914386848757504e-02
-3.163823365410463329e-02
-3.164428689683158880e-02
-3.163851614371148563e-02
-3.164100041507524746e-02
-3.164375779340233841e-02
-3.164212771529006235e-02
-3.163529781737094149e-02
-3.164284914130985338e-02
-3.163353370472974518e-02
-3.163899845639323027e-02
-3.164724317167094680e-02
-3.162779661742227272e-02
-3.164633640112633761e-02
-3.164982387083147691e-02
-3.164866136076908282e-02
-3.165486751586377157e-02
-3.163248136346152178e-02
-3.164254529669467686e-02
-3.163595830917855650e-02
-3.163443143685282233e-02
-3.163285097404273244e-02
-3.164748019728015616e-02
-3.164578815587288513e-02
-3.163281003419256970e-02
-3.163376146950597906e-02
-3.164275130970025524e-02
-3.163953036931255874e-02
-3.163179308080053820e-02
-3.163324203546169500e-02
-3.163621298711394997e-02
-3.164479248552574259e-02
-3.163431391321182284e-02
-3.163811766368062467e-02
-3.163486314462408966e-02
-3.163519112031763086e-02
-3.164492244797507958e-02
-3.163861677285442070e-02
-3.165322117991924145e-02
-3.164176747367016679e-02
-3.163739785721370740e-02
-3.164211345018220350e-02
-3.165494960081972203e-02
-3.165000652449435903e-02
-3.164316291725313007e-02
-3.163747317006205401e-02
-3.164606744736894739e-02
-3.164913128363181644e-02
-3.164419154020126773e-02
-3.163878013406603434e-02
-3.164970520148856908e-02
-3.163910155800660207e-02
-3.163939188255876500e-02
-3.165400362789735911e-02
-3.164682407053896057e-02
-3.164980989266917566e-02
-3.164541146454483839e-02
-3.164144597413977300e-02
-3.164270955065080076e-02
-3.164965156960943687e-02
-3.164069326699976703e-02
-3.164904995878514704e-02
-3.163795756085755612e-02
-3.164170912132895086e-02
-3.164940719420668985e-02
-3.164315987103007155e-02
-3.163131209407983591e-02
-3.164780197219869279e-02
-3.163805744349899168e-02
-3.165132742381506631e-02
-3.163581426444703887e-02
-3.164392234554631866e-02
-3.163656071860706381e-02
-3.164533920413777068e-02
-3.164860012030130260e-02
-3.163691390433085587e-02
-3.164033994143928413e-02
-3.165157075472048442e-02
-3.164615085176030601e-02
-3.164638400006771629e-02
-3.163382560514029634e-02
-3.164907654192940928e-02
-3.163891211721085728e-02
-3.165591173436173994e-02
-3.164382497073604111e-02
-3.164011114050820084e-02
-3.164451154808717998e-02
-3.165016673287807114e-02
-3.164046730520914813e-02
-3.164269143935720396e-02
-3.164901133217765811e-02
-3.164852870234052817e-02
-3.163118854851700024e-02
-3.164324976676302636e-02
-3.163688556609648567e-02
-3.163460494409171819e-02
-3.163282388620710511e-02
-3.164775925158131581e-02
-3.163525998549383822e-02
-3.162834924245223889e-02
-3.165741912604236319e-02
-3.164167037813585270e-02
-3.163978020232336569e-02
-3.164651436169217680e-02
-3.164325428158256542e-02
-3.163764886946603128e-02
-3.163479250420918321e-02
-3.164121348346600471e-02
-3.164714003543259851e-02
-3.163276706332265181e-02
-3.164944057849029824e-02
-3.163848672878223633e-02
-3.163190775511708769e-02
-3.162939186109373774e-02
-3.164942399364252534e-02
-3.165358335738845119e-02
-3.164294667014162787e-02
-3.164769879580187073e-02
-3.164905941073316992e-02
-3.165021056855709530e-02
-3.163909730508294993e-02
-3.164199737909844518e-02
-3.163246634277494529e-02
-3.164427625797293364e-02
-3.164817278871776690e-02
-3.163520061939521094e-02
-3.165309243536777034e-02
-3.163119670604023353e-02
-3.164774251999048771e-02
-3.164591200298732393e-02
-3.165287813857347449e-02
-3.163813004679060653e-02
-3.165220531059221437e-02
-3.164268996754056318e-02
-3.164710366106833483e-02
-3.164584140343150442e-02
-3.166623948947499406e-02
-3.165060058646099184e-02
-3.164353046432023114e-02
-3.164666874195332102e-02
-3.165308099012269921e-02
-3.164532844359961572e-02
-3.163545007910017332e-02
-3.164583355161746520e-02
