-4.576395079493522644e-02
-4.576386138796806335e-02
-4.578385502099990845e-02
-4.578172415494918823e-02
-4.580182954668998718e-02
-4.583096876740455627e-02
-4.584640637040138245e-02
-4.584962502121925354e-02
-4.585773497819900513e-02
-4.587747529149055481e-02
-4.589088633656501770e-02
-4.589606821537017822e-02
-4.590858891606330872e-02
-4.591671377420425415e-02
-4.592288658022880554e-02
-4.593899473547935486e-02
-4.594235867261886597e-02
-4.594194144010543823e-02
-4.594068229198455811e-02
-4.594708606600761414e-02
-4.595255106687545776e-02
-4.596058279275894165e-02
-4.592816904187202454e-02
-4.594128951430320740e-02
-4.596249014139175415e-02
-4.594720527529716492e-02
-4.594626650214195251e-02
-4.596523940563201904e-02
-4.595931246876716614e-02
-4.595190659165382385e-02
-4.594345018267631531e-02
-4.596189409494400024e-02
-4.594493657350540161e-02
-4.594309628009796143e-02
-4.595665633678436279e-02
-4.594348743557929993e-02
-4.598682373762130737e-02
-4.595433175563812256e-02
-4.597059637308120728e-02
-4.595601186156272888e-02
-4.596095532178878784e-02
-4.596002027392387390e-02
-4.595624655485153198e-02
-4.594654217362403870e-02
-4.596633464097976685e-02
-4.596329852938652039e-02
-4.595964029431343079e-02
-4.596285521984100342e-02
-4.596300795674324036e-02
-4.595858231186866760e-02
-4.596363753080368042e-02
-4.596808180212974548e-02
-4.596971720457077026e-02
-4.597170278429985046e-02
-4.595764353871345520e-02
-4.597114771604537964e-02
-4.596960917115211487e-02
-4.595082625746726990e-02
-4.595319181680679321e-02
-4.595990106463432312e-02
-4.597190767526626587e-02
-4.597126320004463196e-02
-4.598430916666984558e-02
-4.598360508680343628e-02
-4.597192257642745972e-02
-4.595804587006568909e-02
-4.597862064838409424e-02
-4.595782607793807983e-02
-4.598375037312507629e-02
-4.597130045294761658e-02
-4.597637429833412170e-02
-4.595480114221572876e-02
-4.597082361578941345e-02
-4.598422721028327942e-02
-4.596750438213348389e-02
-4.597391933202743530e-02
-4.596347361803054810e-02
-4.598361998796463013e-02
-4.596602171659469604e-02
-4.597906768321990967e-02
-4.596389457583427429e-02
-4.595571011304855347e-02
-4.596662893891334534e-02
-4.597448930144309998e-02
-4.597654566168785095e-02
-4.596300795674324036e-02
-4.596178978681564331e-02
-4.598822444677352905e-02
-4.596091434359550476e-02
-4.596835747361183167e-02
-4.595978185534477234e-02
-4.597612842917442322e-02
-4.596273228526115417e-02
-4.596472904086112976e-02
-4.597324505448341370e-02
-4.597852006554603577e-02
-4.597859084606170654e-02
-4.598247259855270386e-02
-4.595653340220451355e-02
-4.597257077693939209e-02
-4.598197713494300842e-02
-4.596950113773345947e-02
-4.598591849207878113e-02
-4.596143588423728943e-02
-4.595565423369407654e-02
-4.595721885561943054e-02
-4.595623537898063660e-02
-4.596646502614021301e-02
-4.598799720406532288e-02
-4.598031938076019287e-02
-4.596276208758354187e-02
-4.596890881657600403e-02
-4.599725082516670227e-02
-4.597673565149307251e-02
-4.598078876733779907e-02
-4.595040902495384216e-02
-4.596587643027305603e-02
-4.597333818674087524e-02
-4.598375782370567322e-02
-4.596289247274398804e-02
-4.596802219748497009e-02
-4.596273601055145264e-02
-4.596816375851631165e-02
-4.596346244215965271e-02
-4.596506804227828979e-02
-4.597878083586692810e-02
-4.595442488789558411e-02
-4.598600044846534729e-02
-4.597638919949531555e-02
-4.597951844334602356e-02
-4.596408456563949585e-02
-4.596554487943649292e-02
-4.597745835781097412e-02
-4.595290869474411011e-02
-4.597669094800949097e-02
-4.597298800945281982e-02
-4.598115757107734680e-02
-4.595426470041275024e-02
-4.597162827849388123e-02
-4.597164690494537354e-02
-4.599115997552871704e-02
-4.597474262118339539e-02
-4.596836119890213013e-02
-4.595351964235305786e-02
-4.597262293100357056e-02
-4.597564041614532471e-02
-4.597029462456703186e-02
-4.597169905900955200e-02
-4.597439989447593689e-02
-4.597402736544609070e-02
-4.596754536032676697e-02
-4.595071822404861450e-02
-4.597536474466323853e-02
-4.594685509800910950e-02
-4.595804959535598755e-02
-4.595129936933517456e-02
-4.596728831529617310e-02
-4.596796259284019470e-02
-4.596356302499771118e-02
-4.596589505672454834e-02
-4.594777897000312805e-02
-4.597192257642745972e-02
-4.596332460641860962e-02
-4.598136991262435913e-02
-4.596657678484916687e-02
-4.598616808652877808e-02
-4.596363008022308350e-02
-4.599068686366081238e-02
-4.597442969679832458e-02
-4.595340415835380554e-02
-4.597504064440727234e-02
-4.597573727369308472e-02
-4.596646502614021301e-02
-4.595481231808662415e-02
-4.596336930990219116e-02
-4.596940055489540100e-02
-4.596184939146041870e-02
-4.595256969332695007e-02
-4.598405212163925171e-02
-4.596327245235443115e-02
-4.598207399249076843e-02
-4.596960917115211487e-02
-4.597328603267669678e-02
-4.598230496048927307e-02
-4.596008732914924622e-02
-4.596623033285140991e-02
-4.596545174717903137e-02
-4.597579687833786011e-02
-4.597694054245948792e-02
-4.596776515245437622e-02
-4.596979916095733643e-02
-4.595519229769706726e-02
-4.597421362996101379e-02
-4.597141966223716736e-02
-4.597217962145805359e-02
-4.596034437417984009e-02
-4.596483334898948669e-02
-4.597004875540733337e-02
-4.598399624228477478e-02
-4.598484933376312256e-02
-4.598476365208625793e-02
-4.597951099276542664e-02
-4.597916081547737122e-02
-4.595442488789558411e-02
-4.595897346735000610e-02
-4.596062749624252319e-02
-4.596837237477302551e-02
-4.597623646259307861e-02
-4.596032202243804932e-02
-4.598312452435493469e-02
-4.596163704991340637e-02
-4.598134011030197144e-02
-4.598061740398406982e-02
-4.596876353025436401e-02
-4.597195610404014587e-02
-4.596913978457450867e-02
-4.596502706408500671e-02
-4.597310721874237061e-02
-4.597641155123710632e-02
-4.596970230340957642e-02
-4.596849158406257629e-02
-4.597935453057289124e-02
-4.596753790974617004e-02
-4.596428945660591125e-02
-4.598926380276679993e-02
-4.597809538245201111e-02
-4.597447440028190613e-02
-4.598440602421760559e-02
-4.597039893269538879e-02
-4.597510769963264465e-02
-4.597212001681327820e-02
-4.597087204456329346e-02
-4.596707969903945923e-02
-4.593808576464653015e-02
-4.598312452435493469e-02
-4.596467688679695129e-02
-4.595788940787315369e-02
-4.596127942204475403e-02
-4.597295448184013367e-02
-4.597892612218856812e-02
-4.594646394252777100e-02
-4.595380276441574097e-02
-4.595165327191352844e-02
-4.595433548092842102e-02
-4.597489535808563232e-02
-4.595414176583290100e-02
-4.596417024731636047e-02
-4.598716646432876587e-02
-4.596983641386032104e-02
-4.597937688231468201e-02
-4.597697034478187561e-02
-4.597868025302886963e-02
-4.598150029778480530e-02
-4.597082361578941345e-02
-4.596246406435966492e-02
-4.596336930990219116e-02
-4.597115144133567810e-02
-4.597458988428115845e-02
-4.597843810915946960e-02
-4.597456753253936768e-02
-4.596532136201858521e-02
-4.595516249537467957e-02
-4.596221074461936951e-02
-4.596122726798057556e-02
-4.595481604337692261e-02
-4.594404622912406921e-02
-4.594985023140907288e-02
-4.596932604908943176e-02
-4.596715793013572693e-02
-4.597501456737518311e-02
-4.595911130309104919e-02
-4.596091061830520630e-02
-4.597147181630134583e-02
-4.598309472203254700e-02
-4.597225412726402283e-02
-4.596631228923797607e-02
-4.596516117453575134e-02
-4.599284008145332336e-02
-4.597761854529380798e-02
-4.597911983728408813e-02
-4.597664996981620789e-02
-4.599555954337120056e-02
-4.596036300063133240e-02
-4.599415883421897888e-02
-4.594828188419342041e-02
-4.596845060586929321e-02
-4.596260935068130493e-02
-4.597973451018333435e-02
-4.595324024558067322e-02
-4.597086086869239807e-02
-4.597793892025947571e-02
-4.595552384853363037e-02
-4.597684368491172791e-02
-4.596350342035293579e-02
-4.597286134958267212e-02
-4.595861956477165222e-02
-4.596234485507011414e-02
-4.597829282283782959e-02
-4.596463963389396667e-02
-4.597407951951026917e-02
-4.597463831305503845e-02
-4.597751796245574951e-02
-4.598267748951911926e-02
-4.598895460367202759e-02
-4.597082361578941345e-02
-4.598399624228477478e-02
-4.598322883248329163e-02
-4.597728699445724487e-02
-4.595117270946502686e-02
-4.596989601850509644e-02
-4.596312344074249268e-02
-4.596147686243057251e-02
-4.597861692309379578e-02
-4.596455395221710205e-02
-4.597657173871994019e-02
-4.597492516040802002e-02
-4.596401378512382507e-02
-4.595898836851119995e-02
-4.597950354218482971e-02
-4.596927389502525330e-02
-4.597391933202743530e-02
-4.597539454698562622e-02
-4.596174135804176331e-02
-4.595767334103584290e-02
-4.596133530139923096e-02
-4.596674814820289612e-02
-4.595256224274635315e-02
-4.595334455370903015e-02
-4.596952348947525024e-02
-4.598921909928321838e-02
-4.595329985022544861e-02
-4.598025232553482056e-02
-4.598743841052055359e-02
-4.597200825810432434e-02
-4.597278311848640442e-02
-4.597447440028190613e-02
-4.597304761409759521e-02
-4.598859325051307678e-02
-4.595373570919036865e-02
-4.596175253391265869e-02
-4.597431048750877380e-02
-4.597933962941169739e-02
-4.593852907419204712e-02
-4.597892612218856812e-02
-4.595840349793434143e-02
-4.598147049546241760e-02
-4.596380889415740967e-02
-4.597219452261924744e-02
-4.597298428416252136e-02
-4.596043005585670471e-02
-4.598783329129219055e-02
-4.596548527479171753e-02
-4.597726091742515564e-02
-4.597870633006095886e-02
-4.597070068120956421e-02
-4.597889631986618042e-02
-4.596705734729766846e-02
-4.596574231982231140e-02
-4.594334214925765991e-02
-4.593948274850845337e-02
-4.596420750021934509e-02
-4.597704112529754639e-02
-4.596498236060142517e-02
-4.596423357725143433e-02
-4.598195105791091919e-02
-4.595630615949630737e-02
-4.596127942204475403e-02
-4.595206305384635925e-02
-4.598515480756759644e-02
-4.596199095249176025e-02
-4.596056044101715088e-02
-4.597859084606170654e-02
-4.598436132073402405e-02
-4.596216976642608643e-02
-4.596713930368423462e-02
-4.595976322889328003e-02
-4.596591740846633911e-02
-4.597241058945655823e-02
-4.598352685570716858e-02
-4.595596715807914734e-02
-4.598986357450485229e-02
-4.595572128891944885e-02
-4.596080258488655090e-02
-4.596601426601409912e-02
-4.596612229943275452e-02
-4.597661644220352173e-02
-4.597074165940284729e-02
-4.595627635717391968e-02
-4.598876461386680603e-02
-4.596354439854621887e-02
-4.596550390124320984e-02
-4.596699029207229614e-02
-4.595617949962615967e-02
-4.597803577780723572e-02
-4.597631841897964478e-02
-4.596962779760360718e-02
-4.597174003720283508e-02
-4.595397412776947021e-02
-4.597220569849014282e-02
-4.595750197768211365e-02
-4.596282914280891418e-02
-4.598420113325119019e-02
-4.597080126404762268e-02
-4.596792906522750854e-02
-4.597949609160423279e-02
-4.596131294965744019e-02
-4.596913233399391174e-02
-4.597364738583564758e-02
-4.598091542720794678e-02
-4.595876857638359070e-02
-4.597232118248939514e-02
-4.595471918582916260e-02
-4.596231132745742798e-02
-4.596380144357681274e-02
-4.595987871289253235e-02
-4.595210030674934387e-02
-4.595243185758590698e-02
-4.597180336713790894e-02
-4.597072303295135498e-02
-4.596347361803054810e-02
-4.597942531108856201e-02
-4.597087576985359192e-02
-4.595676809549331665e-02
-4.598187655210494995e-02
-4.596594721078872681e-02
-4.594168439507484436e-02
-4.596534743905067444e-02
-4.597832262516021729e-02
-4.596706479787826538e-02
-4.596982151269912720e-02
-4.595860466361045837e-02
-4.597250744700431824e-02
-4.597252979874610901e-02
-4.596422612667083740e-02
-4.598389193415641785e-02
-4.596486315131187439e-02
-4.597415030002593994e-02
-4.598868265748023987e-02
-4.597439989447593689e-02
-4.598047584295272827e-02
-4.596237838268280029e-02
-4.597990214824676514e-02
-4.597936570644378662e-02
-4.595910012722015381e-02
-4.596936330199241638e-02
-4.597960412502288818e-02
-4.597599431872367859e-02
-4.598457738757133484e-02
-4.595735296607017517e-02
-4.596897587180137634e-02
-4.597134515643119812e-02
-4.596569016575813293e-02
-4.596396908164024353e-02
-4.598401114344596863e-02
-4.598092287778854370e-02
-4.598473012447357178e-02
-4.597982019186019897e-02
-4.598204791545867920e-02
-4.597477614879608154e-02
-4.596139490604400635e-02
-4.596822708845138550e-02
-4.596565663814544678e-02
-4.596475139260292053e-02
-4.597398266196250916e-02
-4.596592485904693604e-02
-4.597051814198493958e-02
-4.596980661153793335e-02
-4.598421230912208557e-02
-4.596694186329841614e-02
-4.597584158182144165e-02
-4.596284776926040649e-02
-4.596211761236190796e-02
-4.596726596355438232e-02
-4.596640169620513916e-02
-4.598626121878623962e-02
-4.598222672939300537e-02
-4.598032683134078979e-02
-4.597435519099235535e-02
-4.596911370754241943e-02
-4.597863182425498962e-02
-4.595742747187614441e-02
-4.596074298024177551e-02
-4.598569124937057495e-02
-4.596656188368797302e-02
-4.597013443708419800e-02
-4.596031829714775085e-02
-4.597217217087745667e-02
-4.596816748380661011e-02
-4.597757756710052490e-02
-4.597022011876106262e-02
-4.597742483019828796e-02
-4.596643149852752686e-02
-4.599512368440628052e-02
-4.598277062177658081e-02
-4.597563296556472778e-02
-4.597618803381919861e-02
-4.598188772797584534e-02
-4.598503932356834412e-02
-4.598068445920944214e-02
-4.597660526633262634e-02
-4.598415270447731018e-02
-4.595811292529106140e-02
-4.597664624452590942e-02
-4.596574231982231140e-02
-4.597963392734527588e-02
-4.597876593470573425e-02
-4.596547782421112061e-02
-4.597334563732147217e-02
-4.594198614358901978e-02
-4.596557468175888062e-02
-4.598017036914825439e-02
-4.597271233797073364e-02
-4.597113281488418579e-02
-4.597005993127822876e-02
-4.597182944416999817e-02
-4.597925767302513123e-02
-4.596335813403129578e-02
-4.597673565149307251e-02
-4.596306383609771729e-02
-4.595495387911796570e-02
-4.596430435776710510e-02
-4.596692696213722229e-02
-4.597868025302886963e-02
-4.597919061779975891e-02
-4.597406834363937378e-02
-4.597311839461326599e-02
-4.599321261048316956e-02
-4.597596079111099243e-02
-4.596519097685813904e-02
-4.598252847790718079e-02
-4.596507921814918518e-02
-4.596562311053276062e-02
-4.597491770982742310e-02
-4.598382860422134399e-02
-4.598321765661239624e-02
-4.597453773021697998e-02
-4.596972838044166565e-02
-4.599064961075782776e-02
-4.597841203212738037e-02
-4.596043005585670471e-02
-4.595558345317840576e-02
-4.593764245510101318e-02
-4.598186910152435303e-02
-4.598206654191017151e-02
-4.596001654863357544e-02
-4.596631601452827454e-02
-4.596228525042533875e-02
-4.595788195729255676e-02
-4.595776274800300598e-02
-4.597276821732521057e-02
-4.596478119492530823e-02
-4.595830664038658142e-02
-4.596217349171638489e-02
-4.598892852663993835e-02
-4.597575962543487549e-02
-4.597831517457962036e-02
-4.595439881086349487e-02
-4.596590250730514526e-02
-4.596910625696182251e-02
-4.598076641559600830e-02
-4.597138985991477966e-02
-4.597012698650360107e-02
-4.596463218331336975e-02
-4.595915228128433228e-02
-4.597271606326103210e-02
-4.597809165716171265e-02
-4.598221927881240845e-02
-4.596993699669837952e-02
-4.596943780779838562e-02
-4.597081243991851807e-02
-4.595447331666946411e-02
-4.596322029829025269e-02
-4.596957191824913025e-02
-4.596810042858123779e-02
-4.595192149281501770e-02
-4.596962779760360718e-02
-4.596706107258796692e-02
-4.596398770809173584e-02
-4.597513377666473389e-02
-4.598159715533256531e-02
-4.597352445125579834e-02
-4.596804082393646240e-02
-4.597444087266921997e-02
-4.598316922783851624e-02
-4.595964401960372925e-02
-4.597137495875358582e-02
-4.598513990640640259e-02
-4.598613828420639038e-02
-4.596565663814544678e-02
-4.596994072198867798e-02
-4.596458747982978821e-02
-4.595265910029411316e-02
-4.597850516438484192e-02
-4.598548635840415955e-02
-4.597229510545730591e-02
-4.597983509302139282e-02
-4.596612602472305298e-02
-4.597851261496543884e-02
-4.598992317914962769e-02
-4.597419127821922302e-02
-4.597276076674461365e-02
-4.596327245235443115e-02
-4.597403109073638916e-02
-4.595633223652839661e-02
-4.596413671970367432e-02
-4.598207399249076843e-02
-4.595814645290374756e-02
-4.597340151667594910e-02
-4.596317186951637268e-02
-4.598363861441612244e-02
-4.597151651978492737e-02
-4.596967250108718872e-02
-4.597302898764610291e-02
-4.596291482448577881e-02
-4.597273096442222595e-02
-4.598655179142951965e-02
-4.598130658268928528e-02
-4.596911743283271790e-02
-4.597936943173408508e-02
-4.598959162831306458e-02
-4.597497358918190002e-02
-4.597739875316619873e-02
-4.596086218953132629e-02
-4.596622660756111145e-02
-4.596918076276779175e-02
-4.597284272313117981e-02
-4.597647115588188171e-02
-4.596350342035293579e-02
-4.597718641161918640e-02
-4.595853015780448914e-02
-4.597435519099235535e-02
-4.597773775458335876e-02
-4.596525058150291443e-02
-4.597751051187515259e-02
-4.597925022244453430e-02
-4.598724097013473511e-02
-4.597958177328109741e-02
-4.597824439406394958e-02
-4.597470909357070923e-02
-4.596461728215217590e-02
-4.596644267439842224e-02
-4.597399383783340454e-02
-4.597488790750503540e-02
-4.597298055887222290e-02
-4.597516730427742004e-02
-4.597407951951026917e-02
-4.598177596926689148e-02
-4.598184302449226379e-02
-4.597599431872367859e-02
-4.596992954611778259e-02
-4.597727954387664795e-02
-4.596700891852378845e-02
-4.596018418669700623e-02
-4.597155749797821045e-02
-4.596378654241561890e-02
-4.596322029829025269e-02
-4.595776647329330444e-02
-4.596193507313728333e-02
-4.596700146794319153e-02
-4.595847427845001221e-02
-4.597180336713790894e-02
-4.596188291907310486e-02
-4.596845805644989014e-02
-4.596333950757980347e-02
-4.597199335694313049e-02
-4.596219584345817566e-02
-4.598254710435867310e-02
-4.596212878823280334e-02
-4.598056524991989136e-02
-4.596812650561332703e-02
-4.596398770809173584e-02
-4.599193483591079712e-02
-4.595609754323959351e-02
-4.596287384629249573e-02
-4.598920419812202454e-02
-4.596937075257301331e-02
-4.595834389328956604e-02
-4.597063735127449036e-02
-4.596848413348197937e-02
-4.597545415163040161e-02
-4.598036035895347595e-02
-4.598052427172660828e-02
-4.597796872258186340e-02
-4.596992209553718567e-02
-4.598681256175041199e-02
-4.597235098481178284e-02
-4.597822949290275574e-02
-4.596196860074996948e-02
-4.597240313887596130e-02
-4.594626650214195251e-02
-4.595148190855979919e-02
-4.597484692931175232e-02
-4.596785455942153931e-02
-4.597116634249687195e-02
-4.597658291459083557e-02
-4.596913978457450867e-02
-4.598646610975265503e-02
-4.596273601055145264e-02
-4.596313461661338806e-02
-4.595953971147537231e-02
-4.594354331493377686e-02
-4.596692696213722229e-02
-4.595570266246795654e-02
-4.597086086869239807e-02
-4.596168175339698792e-02
-4.596709460020065308e-02
-4.596750438213348389e-02
-4.597508162260055542e-02
-4.596086591482162476e-02
-4.597101733088493347e-02
-4.596800729632377625e-02
-4.596345126628875732e-02
-4.595869407057762146e-02
-4.598468914628028870e-02
-4.596643894910812378e-02
-4.595052823424339294e-02
-4.598066955804824829e-02
-4.597766697406768799e-02
-4.597161337733268738e-02
-4.595192149281501770e-02
-4.597002640366554260e-02
-4.597062245011329651e-02
-4.595658928155899048e-02
-4.598610103130340576e-02
-4.597106948494911194e-02
-4.597418010234832764e-02
-4.599236324429512024e-02
-4.597396031022071838e-02
-4.597119987010955811e-02
-4.597273096442222595e-02
-4.595299437642097473e-02
-4.595285281538963318e-02
-4.598231241106987000e-02
-4.596763104200363159e-02
-4.595258086919784546e-02
-4.598280414938926697e-02
-4.598640277981758118e-02
-4.596114903688430786e-02
-4.598293453454971313e-02
-4.598749428987503052e-02
-4.597068578004837036e-02
-4.597436264157295227e-02
-4.597632214426994324e-02
-4.597777873277664185e-02
-4.598502069711685181e-02
-4.597012698650360107e-02
-4.596216604113578796e-02
-4.595407098531723022e-02
-4.596586152911186218e-02
-4.597586020827293396e-02
-4.597876593470573425e-02
-4.597188159823417664e-02
-4.597207531332969666e-02
-4.598467797040939331e-02
-4.596983641386032104e-02
-4.597204178571701050e-02
-4.597671702504158020e-02
-4.595595970749855042e-02
-4.597504436969757080e-02
-4.598238691687583923e-02
-4.598633572459220886e-02
-4.598452523350715637e-02
-4.596754536032676697e-02
-4.596937075257301331e-02
-4.596692696213722229e-02
-4.595179483294487000e-02
-4.597746580839157104e-02
-4.596752673387527466e-02
-4.597045108675956726e-02
-4.596539214253425598e-02
-4.597956687211990356e-02
-4.596753045916557312e-02
-4.594690352678298950e-02
-4.596744105219841003e-02
-4.595444351434707642e-02
-4.594966024160385132e-02
-4.596907272934913635e-02
-4.596010968089103699e-02
-4.597406834363937378e-02
-4.597858339548110962e-02
-4.597929865121841431e-02
-4.598159715533256531e-02
-4.595620185136795044e-02
-4.598712176084518433e-02
-4.595497623085975647e-02
-4.596186801791191101e-02
-4.596299305558204651e-02
-4.595849663019180298e-02
-4.597602784633636475e-02
-4.596258327364921570e-02
-4.597197845578193665e-02
-4.595180228352546692e-02
-4.595107585191726685e-02
-4.595963284373283386e-02
-4.597194120287895203e-02
-4.597068205475807190e-02
-4.596804827451705933e-02
-4.597762972116470337e-02
-4.597892612218856812e-02
-4.595412686467170715e-02
-4.597314819693565369e-02
-4.597545787692070007e-02
-4.596070200204849243e-02
-4.599387571215629578e-02
-4.597618803381919861e-02
-4.598561674356460571e-02
-4.598243162035942078e-02
-4.599120095372200012e-02
-4.598010703921318054e-02
-4.597152769565582275e-02
-4.598273709416389465e-02
-4.597500339150428772e-02
-4.595512524247169495e-02
-4.596927016973495483e-02
-4.597589746117591858e-02
-4.596688225865364075e-02
-4.596506059169769287e-02
-4.595897719264030457e-02
-4.596029967069625854e-02
-4.597293585538864136e-02
-4.597219079732894897e-02
-4.595489427447319031e-02
-4.595255106687545776e-02
-4.598057642579078674e-02
-4.598038643598556519e-02
-4.598400741815567017e-02
-4.598086327314376831e-02
-4.595393314957618713e-02
-4.596541821956634521e-02
-4.596203938126564026e-02
-4.596276581287384033e-02
-4.595161974430084229e-02
-4.597782343626022339e-02
-4.595616087317466736e-02
-4.594958946108818054e-02
-4.596449062228202820e-02
-4.597645252943038940e-02
-4.597124084830284119e-02
-4.596786946058273315e-02
-4.596716538071632385e-02
-4.597802460193634033e-02
-4.596551880240440369e-02
-4.598003998398780823e-02
-4.597587138414382935e-02
-4.596245661377906799e-02
-4.597329348325729370e-02
-4.597483575344085693e-02
-4.595611616969108582e-02
-4.597218707203865051e-02
-4.596979916095733643e-02
-4.597168043255805969e-02
-4.598604142665863037e-02
-4.597682878375053406e-02
-4.597449675202369690e-02
-4.596865922212600708e-02
-4.595978185534477234e-02
-4.596933349967002869e-02
-4.596753045916557312e-02
-4.595920071005821228e-02
-4.597071930766105652e-02
-4.596307501196861267e-02
-4.597746580839157104e-02
-4.597299918532371521e-02
-4.598213359713554382e-02
-4.597606882452964783e-02
-4.597146436572074890e-02
-4.597739130258560181e-02
-4.596142470836639404e-02
-4.596463218331336975e-02
-4.597446694970130920e-02
-4.597320780158042908e-02
-4.596787318587303162e-02
-4.595844075083732605e-02
-4.597418010234832764e-02
-4.596769437193870544e-02
-4.596609994769096375e-02
-4.597566276788711548e-02
-4.598284140229225159e-02
-4.596922546625137329e-02
-4.598027840256690979e-02
-4.599116370081901550e-02
-4.597370699048042297e-02
-4.597587138414382935e-02
-4.596916958689689636e-02
-4.596275836229324341e-02
-4.598464444279670715e-02
-4.597916826605796814e-02
-4.596429318189620972e-02
-4.596697539091110229e-02
-4.597780480980873108e-02
-4.595617949962615967e-02
-4.597118869423866272e-02
-4.597247019410133362e-02
-4.597229138016700745e-02
-4.596385732293128967e-02
-4.598370939493179321e-02
-4.597648605704307556e-02
-4.596732556819915771e-02
-4.598110169172286987e-02
-4.598103836178779602e-02
-4.597977548837661743e-02
-4.598072543740272522e-02
-4.595664516091346741e-02
-4.598020762205123901e-02
-4.596612229943275452e-02
-4.597247764468193054e-02
-4.595858603715896606e-02
-4.595692083239555359e-02
-4.597274959087371826e-02
-4.596426710486412048e-02
-4.597222059965133667e-02
-4.596941918134689331e-02
-4.596630111336708069e-02
-4.595633968710899353e-02
-4.597020894289016724e-02
-4.597131535410881042e-02
-4.596973583102226257e-02
-4.597220569849014282e-02
-4.597667604684829712e-02
-4.596959054470062256e-02
-4.596162214875221252e-02
-4.597375541925430298e-02
-4.595312848687171936e-02
-4.597100988030433655e-02
-4.597041383385658264e-02
-4.597268253564834595e-02
-4.596282914280891418e-02
-4.597388952970504761e-02
-4.596722498536109924e-02
-4.596778377890586853e-02
-4.598559066653251648e-02
-4.597742483019828796e-02
-4.597346484661102295e-02
-4.598166048526763916e-02
-4.598133638501167297e-02
-4.596712812781333923e-02
-4.597558453679084778e-02
-4.596276953816413879e-02
-4.598223045468330383e-02
-4.598579555749893188e-02
-4.597552493214607239e-02
-4.597551003098487854e-02
-4.596726596355438232e-02
-4.595827311277389526e-02
-4.599606245756149292e-02
-4.597859084606170654e-02
-4.598646983504295349e-02
-4.596877470612525940e-02
-4.597795754671096802e-02
-4.598240554332733154e-02
-4.597087204456329346e-02
-4.594857990741729736e-02
-4.595927149057388306e-02
-4.596578329801559448e-02
-4.595528915524482727e-02
-4.597378894686698914e-02
-4.597180336713790894e-02
-4.597894847393035889e-02
-4.596480354666709900e-02
-4.598232358694076538e-02
-4.596998170018196106e-02
-4.598093405365943909e-02
-4.596889391541481018e-02
-4.594729840755462646e-02
-4.595523327589035034e-02
-4.596038535237312317e-02
-4.596351087093353271e-02
-4.597053676843643188e-02
-4.597793519496917725e-02
-4.598068073391914368e-02
-4.597008973360061646e-02
-4.599396139383316040e-02
-4.596694931387901306e-02
-4.596879333257675171e-02
-4.597924649715423584e-02
-4.598392918705940247e-02
-4.597457125782966614e-02
-4.596642032265663147e-02
-4.597268253564834595e-02
-4.598619416356086731e-02
-4.596062377095222473e-02
-4.597011581063270569e-02
-4.596794024109840393e-02
-4.595369473099708557e-02
-4.597617685794830322e-02
-4.596457257866859436e-02
-4.596603289246559143e-02
-4.595451429486274719e-02
-4.596654325723648071e-02
-4.595307260751724243e-02
-4.594260081648826599e-02
-4.596276953816413879e-02
-4.596829786896705627e-02
-4.596682265400886536e-02
-4.596181213855743408e-02
-4.597320035099983215e-02
-4.596445709466934204e-02
-4.597797617316246033e-02
-4.597865790128707886e-02
-4.597102105617523193e-02
-4.596680775284767151e-02
-4.596955329179763794e-02
-4.596916586160659790e-02
-4.596587643027305603e-02
-4.596562683582305908e-02
-4.596783220767974854e-02
-4.597579315304756165e-02
-4.596310108900070190e-02
-4.597531259059906006e-02
-4.597337916493415833e-02
-4.598100855946540833e-02
-4.599481076002120972e-02
-4.597323015332221985e-02
-4.597379267215728760e-02
-4.598154500126838684e-02
-4.596803709864616394e-02
-4.596504196524620056e-02
-4.597627371549606323e-02
-4.598478972911834717e-02
-4.598253220319747925e-02
-4.596148431301116943e-02
-4.597329720854759216e-02
-4.596122726798057556e-02
-4.595551639795303345e-02
-4.598601534962654114e-02
-4.598610103130340576e-02
-4.596697539091110229e-02
-4.596526548266410828e-02
-4.598384350538253784e-02
-4.595826193690299988e-02
-4.595981538295745850e-02
-4.595213383436203003e-02
-4.596954956650733948e-02
-4.595854133367538452e-02
-4.596951231360435486e-02
-4.596614092588424683e-02
-4.595878347754478455e-02
-4.597752541303634644e-02
-4.597069695591926575e-02
-4.597019031643867493e-02
-4.597302153706550598e-02
-4.596068337559700012e-02
-4.597643762826919556e-02
-4.595850780606269836e-02
-4.595284909009933472e-02
-4.597215354442596436e-02
-4.598502442240715027e-02
-4.599051177501678467e-02
-4.596411436796188354e-02
-4.597019404172897339e-02
-4.597089439630508423e-02
-4.597069695591926575e-02
-4.598226770758628845e-02
-4.597704857587814331e-02
-4.596328362822532654e-02
-4.596032574772834778e-02
-4.597375169396400452e-02
-4.597614705562591553e-02
-4.596773535013198853e-02
-4.596415907144546509e-02
-4.598425328731536865e-02
-4.597786813974380493e-02
-4.598446562886238098e-02
-4.597568139433860779e-02
-4.596387594938278198e-02
-4.596211761236190796e-02
-4.598201811313629150e-02
-4.596172273159027100e-02
-4.596715047955513000e-02
-4.596521332859992981e-02
-4.596273228526115417e-02
-4.595042392611503601e-02
-4.596447572112083435e-02
-4.596898704767227173e-02
-4.597783461213111877e-02
-4.597149044275283813e-02
-4.596666246652603149e-02
-4.597105085849761963e-02
-4.596491530537605286e-02
-4.597120359539985657e-02
-4.597008600831031799e-02
-4.596879705786705017e-02
-4.596506059169769287e-02
-4.598013311624526978e-02
-4.597611352801322937e-02
-4.599331319332122803e-02
-4.597267135977745056e-02
-4.595030471682548523e-02
-4.597421362996101379e-02
-4.596687108278274536e-02
-4.595785588026046753e-02
-4.596745222806930542e-02
-4.598506167531013489e-02
-4.595454409718513489e-02
-4.596595466136932373e-02
-4.597567766904830933e-02
-4.597698152065277100e-02
-4.596867039799690247e-02
-4.598585516214370728e-02
-4.597446694970130920e-02
-4.596401378512382507e-02
-4.597260430455207825e-02
-4.597280174493789673e-02
-4.598814994096755981e-02
-4.598286002874374390e-02
-4.597279056906700134e-02
-4.596431925892829895e-02
-4.596245661377906799e-02
-4.596702754497528076e-02
-4.595197364687919617e-02
-4.596211388707160950e-02
-4.596139863133430481e-02
-4.596804082393646240e-02
-4.597299173474311829e-02
-4.596741870045661926e-02
-4.597429931163787842e-02
-4.596282169222831726e-02
-4.596979543566703796e-02
-4.596565663814544678e-02
-4.596605151891708374e-02
-4.596007987856864929e-02
-4.597049206495285034e-02
-4.596965759992599487e-02
-4.596366733312606812e-02
-4.597608745098114014e-02
-4.597832635045051575e-02
-4.596817865967750549e-02
-4.596097394824028015e-02
-4.599479585886001587e-02
-4.599567875266075134e-02
-4.596425965428352356e-02
-4.596106335520744324e-02
-4.597594216465950012e-02
-4.597686603665351868e-02
-4.596219211816787720e-02
-4.596168920397758484e-02
-4.597043618559837341e-02
-4.598115384578704834e-02
-4.595348611474037170e-02
-4.597033187747001648e-02
-4.597020521759986877e-02
-4.597454518079757690e-02
-4.598291590809822083e-02
-4.598478227853775024e-02
-4.597193375229835510e-02
-4.596781358122825623e-02
-4.597409442067146301e-02
-4.598759859800338745e-02
-4.596678167581558228e-02
-4.596013948321342468e-02
-4.596221074461936951e-02
-4.597670212388038635e-02
-4.596219956874847412e-02
-4.596507921814918518e-02
-4.596815258264541626e-02
-4.598112776875495911e-02
-4.595469310879707336e-02
-4.598154500126838684e-02
-4.597594216465950012e-02
-4.597224667668342590e-02
-4.596545174717903137e-02
-4.597870260477066040e-02
-4.595952853560447693e-02
-4.595877975225448608e-02
-4.597024247050285339e-02
-4.595496878027915955e-02
-4.598262161016464233e-02
-4.599187523126602173e-02
-4.597829282283782959e-02
-4.596356302499771118e-02
-4.598702117800712585e-02
-4.599623382091522217e-02
-4.598417133092880249e-02
-4.597515985369682312e-02
-4.598915949463844299e-02
-4.597749188542366028e-02
-4.595863446593284607e-02
-4.597445949912071228e-02
-4.598635807633399963e-02
-4.598892107605934143e-02
-4.598370939493179321e-02
-4.597317427396774292e-02
-4.597719386219978333e-02
-4.597092792391777039e-02
-4.596639052033424377e-02
-4.596178606152534485e-02
-4.597966372966766357e-02
-4.598317667841911316e-02
-4.598208516836166382e-02
-4.595671966671943665e-02
-4.594807326793670654e-02
-4.597273096442222595e-02
-4.597417265176773071e-02
-4.596815258264541626e-02
-4.596037790179252625e-02
-4.596955701708793640e-02
-4.597141221165657043e-02
-4.597611352801322937e-02
-4.597174376249313354e-02
-4.597109928727149963e-02
-4.598369076848030090e-02
-4.597563669085502625e-02
-4.597810283303260803e-02
-4.596372321248054504e-02
-4.597579687833786011e-02
-4.597559943795204163e-02
-4.597734659910202026e-02
-4.596180096268653870e-02
-4.595967009663581848e-02
-4.598110169172286987e-02
-4.596398770809173584e-02
-4.595417156815528870e-02
-4.598600789904594421e-02
-4.598422348499298096e-02
-4.597152397036552429e-02
-4.597407951951026917e-02
-4.597316682338714600e-02
-4.598791524767875671e-02
-4.598353058099746704e-02
-4.595514759421348572e-02
-4.595066979527473450e-02
-4.596170410513877869e-02
-4.595103487372398376e-02
-4.595926031470298767e-02
-4.596976935863494873e-02
-4.597491398453712463e-02
-4.597068205475807190e-02
-4.596528783440589905e-02
-4.596374556422233582e-02
-4.597480222582817078e-02
-4.598741233348846436e-02
-4.594999924302101135e-02
-4.597944766283035278e-02
-4.598696529865264893e-02
-4.597421362996101379e-02
-4.597372189164161682e-02
-4.595935717225074768e-02
-4.595739021897315979e-02
-4.596392065286636353e-02
-4.597812145948410034e-02
-4.594980552792549133e-02
-4.597433283925056458e-02
-4.596057161688804626e-02
-4.598148539662361145e-02
-4.597135260701179504e-02
-4.598443210124969482e-02
-4.593916609883308411e-02
-4.597812145948410034e-02
-4.598302766680717468e-02
-4.595668986439704895e-02
-4.596678912639617920e-02
-4.595198109745979309e-02
-4.596875607967376709e-02
-4.597645252943038940e-02
-4.596574231982231140e-02
-4.595739021897315979e-02
-4.596429318189620972e-02
-4.597939923405647278e-02
-4.596992209553718567e-02
-4.598138481378555298e-02
-4.596931859850883484e-02
-4.598243162035942078e-02
-4.599205404520034790e-02
-4.599226266145706177e-02
-4.597689583897590637e-02
-4.597810655832290649e-02
-4.596213251352310181e-02
-4.595632478594779968e-02
-4.595167189836502075e-02
-4.598767682909965515e-02
-4.597521200776100159e-02
-4.596728459000587463e-02
-4.596851393580436707e-02
-4.598046466708183289e-02
-4.597185552120208740e-02
-4.600655287504196167e-02
-4.596875235438346863e-02
-4.596806690096855164e-02
-4.597285017371177673e-02
-4.597616568207740784e-02
-4.598898068070411682e-02
-4.597925022244453430e-02
-4.595404118299484253e-02
-4.595099762082099915e-02
-4.596693441271781921e-02
-4.596821218729019165e-02
-4.598121345043182373e-02
-4.598868265748023987e-02
-4.597403481602668762e-02
-4.599343985319137573e-02
-4.598466306924819946e-02
-4.597865417599678040e-02
-4.598285257816314697e-02
-4.597212001681327820e-02
-4.597990959882736206e-02
-4.595530778169631958e-02
-4.596687108278274536e-02
-4.595470055937767029e-02
-4.597821086645126343e-02
-4.598971083760261536e-02
-4.596517607569694519e-02
-4.598576948046684265e-02
-4.598067328333854675e-02
-4.597488418221473694e-02
-4.596568644046783447e-02
-4.595438390970230103e-02
-4.596761614084243774e-02
-4.596758261322975159e-02
-4.597445577383041382e-02
-4.596529901027679443e-02
-4.595783725380897522e-02
-4.596861079335212708e-02
-4.597228392958641052e-02
-4.599594324827194214e-02
-4.597682878375053406e-02
-4.598122090101242065e-02
-4.599754512310028076e-02
-4.596467316150665283e-02
-4.596402123570442200e-02
-4.597536474466323853e-02
-4.599149525165557861e-02
-4.598455131053924561e-02
-4.597588628530502319e-02
-4.596650972962379456e-02
-4.596615210175514221e-02
-4.596394672989845276e-02
-4.596153646707534790e-02
-4.596297442913055420e-02
-4.598247259855270386e-02
-4.599077627062797546e-02
-4.596773535013198853e-02
-4.599853605031967163e-02
-4.596258699893951416e-02
-4.595347121357917786e-02
-4.596052318811416626e-02
-4.596931114792823792e-02
-4.595107957720756531e-02
-4.597546532750129700e-02
-4.597545042634010315e-02
-4.595927894115447998e-02
-4.598987475037574768e-02
-4.596043750643730164e-02
-4.595028981566429138e-02
-4.595645517110824585e-02
-4.597780480980873108e-02
-4.600526019930839539e-02
-4.596693441271781921e-02
-4.597561433911323547e-02
-4.597107321023941040e-02
-4.598090797662734985e-02
-4.596624523401260376e-02
-4.594420641660690308e-02
-4.595943912863731384e-02
-4.596150293946266174e-02
-4.596415907144546509e-02
-4.598255082964897156e-02
-4.596816748380661011e-02
-4.596925154328346252e-02
-4.597456008195877075e-02
-4.597706720232963562e-02
-4.596226662397384644e-02
-4.597312584519386292e-02
-4.597307369112968445e-02
-4.597250372171401978e-02
-4.596716538071632385e-02
-4.597287997603416443e-02
-4.596226662397384644e-02
-4.595493897795677185e-02
-4.595126584172248840e-02
-4.598100110888481140e-02
-4.598707333207130432e-02
-4.597000777721405029e-02
-4.598500207066535950e-02
-4.599865898489952087e-02
-4.597010836005210876e-02
-4.597510397434234619e-02
-4.599080234766006470e-02
-4.598185047507286072e-02
-4.597483575344085693e-02
-4.596629366278648376e-02
-4.597730562090873718e-02
-4.597812145948410034e-02
-4.595354944467544556e-02
-4.597863182425498962e-02
-4.596253857016563416e-02
-4.596366360783576965e-02
-4.599436745047569275e-02
-4.596737772226333618e-02
-4.596354439854621887e-02
-4.596697539091110229e-02
-4.597850516438484192e-02
-4.598099365830421448e-02
-4.596585407853126526e-02
-4.598516970872879028e-02
-4.597853124141693115e-02
-4.598038271069526672e-02
-4.596390575170516968e-02
-4.597098007798194885e-02
-4.596265405416488647e-02
-4.595294222235679626e-02
-4.595289379358291626e-02
-4.597143828868865967e-02
-4.599045962095260620e-02
-4.597875103354454041e-02
-4.596719890832901001e-02
-4.595846310257911682e-02
-4.597092792391777039e-02
-4.597859829664230347e-02
-4.597145691514015198e-02
-4.596671089529991150e-02
-4.598223417997360229e-02
-4.595505446195602417e-02
-4.596157744526863098e-02
-4.597719758749008179e-02
-4.597137123346328735e-02
-4.596307501196861267e-02
-4.596823826432228088e-02
-4.597081989049911499e-02
-4.599625244736671448e-02
-4.598364606499671936e-02
-4.596906527876853943e-02
-4.596334323287010193e-02
-4.596357792615890503e-02
-4.595921561121940613e-02
-4.596558958292007446e-02
-4.596051946282386780e-02
-4.597213491797447205e-02
-4.595427960157394409e-02
-4.596719890832901001e-02
-4.597439989447593689e-02
-4.597428813576698303e-02
-4.595613852143287659e-02
-4.597965255379676819e-02
-4.596973583102226257e-02
-4.597365111112594604e-02
-4.597229138016700745e-02
-4.597927629947662354e-02
-4.597453773021697998e-02
-4.599720612168312073e-02
-4.597612842917442322e-02
-4.597705975174903870e-02
-4.596212878823280334e-02
-4.597369581460952759e-02
-4.596977680921554565e-02
-4.594467580318450928e-02
-4.597312584519386292e-02
-4.597063735127449036e-02
-4.596014320850372314e-02
-4.595029726624488831e-02
-4.596064239740371704e-02
-4.597221314907073975e-02
-4.595244675874710083e-02
-4.597855359315872192e-02
-4.596186429262161255e-02
-4.595868289470672607e-02
-4.595961049199104309e-02
-4.596267640590667725e-02
-4.596965014934539795e-02
-4.596691206097602844e-02
-4.597302153706550598e-02
-4.596043005585670471e-02
-4.597549885511398315e-02
-4.596580937504768372e-02
-4.597350582480430603e-02
-4.598997905850410461e-02
-4.597751051187515259e-02
-4.595766216516494751e-02
-4.598176851868629456e-02
-4.598141834139823914e-02
-4.596545174717903137e-02
-4.597275704145431519e-02
-4.596355184912681580e-02
-4.595528542995452881e-02
-4.597525298595428467e-02
-4.598117992281913757e-02
-4.597574844956398010e-02
-4.597897082567214966e-02
-4.595293849706649780e-02
-4.596890509128570557e-02
-4.598434269428253174e-02
-4.596393182873725891e-02
-4.597501456737518311e-02
-4.596807435154914856e-02
-4.596750065684318542e-02
-4.597450792789459229e-02
-4.596142470836639404e-02
-4.596122726798057556e-02
-4.595973342657089233e-02
-4.597074165940284729e-02
-4.596666246652603149e-02
-4.596486315131187439e-02
-4.595853760838508606e-02
-4.598704725503921509e-02
-4.598430544137954712e-02
-4.597189649939537048e-02
-4.596849158406257629e-02
-4.596394672989845276e-02
-4.596438631415367126e-02
-4.596517235040664673e-02
-4.598138108849525452e-02
-4.597292095422744751e-02
-4.597386345267295837e-02
-4.596577584743499756e-02
-4.596940428018569946e-02
-4.596005380153656006e-02
-4.596614465117454529e-02
-4.595364257693290710e-02
-4.595734551548957825e-02
-4.597009345889091492e-02
-4.596378281712532043e-02
-4.597091302275657654e-02
-4.598405584692955017e-02
-4.596034064888954163e-02
-4.598238691687583923e-02
-4.597572609782218933e-02
-4.596143215894699097e-02
-4.595566540956497192e-02
-4.596242681145668030e-02
-4.596567898988723755e-02
-4.597637802362442017e-02
-4.597081989049911499e-02
-4.596693441271781921e-02
-4.596219211816787720e-02
-4.597325250506401062e-02
-4.597217962145805359e-02
-4.595718532800674438e-02
-4.595807939767837524e-02
-4.597407951951026917e-02
-4.596701636910438538e-02
-4.596959054470062256e-02
-4.596867039799690247e-02
-4.598409682512283325e-02
-4.597683250904083252e-02
-4.598167911171913147e-02
-4.598978906869888306e-02
-4.595888033509254456e-02
-4.597741737961769104e-02
-4.598034918308258057e-02
-4.598646238446235657e-02
-4.596387594938278198e-02
-4.598213359713554382e-02
-4.597555100917816162e-02
-4.596760496497154236e-02
-4.596572369337081909e-02
-4.597299546003341675e-02
-4.596454277634620667e-02
-4.595278203487396240e-02
-4.597705230116844177e-02
-4.595883563160896301e-02
-4.596449062228202820e-02
-4.596482217311859131e-02
-4.596466943621635437e-02
-4.598385840654373169e-02
-4.596879705786705017e-02
-4.597329348325729370e-02
-4.597342386841773987e-02
-4.597850516438484192e-02
-4.598238691687583923e-02
-4.597301408648490906e-02
-4.596214741468429565e-02
-4.594941809773445129e-02
-4.597929492592811584e-02
-4.597503319382667542e-02
-4.597737640142440796e-02
-4.597575962543487549e-02
-4.597280919551849365e-02
-4.598627984523773193e-02
-4.596735164523124695e-02
-4.596364870667457581e-02
-4.598946124315261841e-02
-4.596365988254547119e-02
-4.597733169794082642e-02
-4.598505422472953796e-02
-4.597168043255805969e-02
-4.596095904707908630e-02
-4.595489427447319031e-02
-4.596473649144172668e-02
-4.595904052257537842e-02
-4.595385864377021790e-02
-4.597453773021697998e-02
-4.596810787916183472e-02
-4.597200080752372742e-02
-4.597253724932670593e-02
-4.596501961350440979e-02
-4.597999528050422668e-02
-4.599273949861526489e-02
-4.599063098430633545e-02
-4.597155004739761353e-02
-4.597648605704307556e-02
-4.596506804227828979e-02
-4.595686122775077820e-02
-4.596558585762977600e-02
-4.596631973981857300e-02
-4.596965759992599487e-02
-4.597022011876106262e-02
-4.597366973757743835e-02
-4.596607387065887451e-02
-4.597428068518638611e-02
-4.598255082964897156e-02
-4.597775638103485107e-02
-4.596776887774467468e-02
-4.597298800945281982e-02
-4.598788172006607056e-02
-4.596825316548347473e-02
-4.597849771380424500e-02
-4.597781226038932800e-02
-4.598137363791465759e-02
-4.597305506467819214e-02
-4.596501216292381287e-02
-4.596562311053276062e-02
-4.596976190805435181e-02
-4.595894366502761841e-02
-4.597286507487297058e-02
-4.596588760614395142e-02
-4.598271474242210388e-02
-4.598880931735038757e-02
-4.597695916891098022e-02
-4.595967009663581848e-02
-4.599593207240104675e-02
-4.596750065684318542e-02
-4.596813395619392395e-02
-4.596621915698051453e-02
-4.596424475312232971e-02
-4.597405344247817993e-02
-4.597677662968635559e-02
-4.595761001110076904e-02
-4.596311971545219421e-02
-4.597995430231094360e-02
-4.596991464495658875e-02
-4.595880582928657532e-02
-4.595986753702163696e-02
-4.596202820539474487e-02
-4.597793146967887878e-02
-4.597481712698936462e-02
-4.596903547644615173e-02
-4.596182331442832947e-02
-4.596755653619766235e-02
-4.598518833518028259e-02
-4.599267616868019104e-02
-4.596866294741630554e-02
-4.595494642853736877e-02
-4.597236588597297668e-02
-4.598002880811691284e-02
-4.596834257245063782e-02
-4.596691951155662537e-02
-4.599226638674736023e-02
-4.596164077520370483e-02
-4.598492756485939026e-02
-4.598357155919075012e-02
-4.595945030450820923e-02
-4.597739875316619873e-02
-4.597979038953781128e-02
-4.595808684825897217e-02
-4.597771540284156799e-02
-4.598062857985496521e-02
-4.598119482398033142e-02
-4.598066583275794983e-02
-4.595687612891197205e-02
-4.598273709416389465e-02
-4.596338421106338501e-02
-4.596358910202980042e-02
-4.599162563681602478e-02
-4.597284272313117981e-02
-4.595318064093589783e-02
-4.596576467156410217e-02
-4.595728591084480286e-02
-4.596498981118202209e-02
-4.595083370804786682e-02
-4.597551748156547546e-02
-4.597477242350578308e-02
-4.599029943346977234e-02
-4.595060646533966064e-02
-4.595879465341567993e-02
-4.596695676445960999e-02
-4.596030339598655701e-02
-4.595789685845375061e-02
-4.595160856842994690e-02
-4.595221951603889465e-02
-4.596708714962005615e-02
-4.598541557788848877e-02
-4.598039016127586365e-02
-4.597636312246322632e-02
-4.596033319830894470e-02
-4.597772285342216492e-02
-4.596822336316108704e-02
-4.598999395966529846e-02
-4.597656428813934326e-02
-4.597487673163414001e-02
-4.599389806389808655e-02
-4.597548022866249084e-02
-4.598649218678474426e-02
-4.596529155969619751e-02
-4.596131667494773865e-02
-4.597357288002967834e-02
-4.596909508109092712e-02
-4.598077759146690369e-02
-4.595217853784561157e-02
-4.595880955457687378e-02
-4.599471017718315125e-02
-4.595668241381645203e-02
-4.599977284669876099e-02
-4.597490280866622925e-02
-4.597499594092369080e-02
-4.597057029604911804e-02
-4.598164930939674377e-02
-4.597357660531997681e-02
-4.596667736768722534e-02
-4.596347734332084656e-02
-4.596048966050148010e-02
-4.595298692584037781e-02
-4.596858471632003784e-02
-4.596884176135063171e-02
-4.597290232777595520e-02
-4.595602676272392273e-02
-4.596164450049400330e-02
-4.595629125833511353e-02
-4.595992341637611389e-02
-4.597429186105728149e-02
-4.598600044846534729e-02
-4.598519578576087952e-02
-4.596270993351936340e-02
-4.597475752234458923e-02
-4.597949236631393433e-02
-4.597885534167289734e-02
-4.596472531557083130e-02
-4.598290845751762390e-02
-4.596360027790069580e-02
-4.596963152289390564e-02
-4.597294703125953674e-02
-4.596913233399391174e-02
-4.596170037984848022e-02
-4.597318917512893677e-02
-4.596995189785957336e-02
-4.595816880464553833e-02
-4.595637694001197815e-02
-4.596450552344322205e-02
-4.597962275147438049e-02
-4.597467556595802307e-02
-4.596853628754615784e-02
-4.597160965204238892e-02
-4.594795033335685730e-02
-4.597126692533493042e-02
-4.597321525216102600e-02
-4.596973583102226257e-02
-4.595169052481651306e-02
-4.596022516489028931e-02
-4.595058411359786987e-02
-4.598736017942428589e-02
-4.599649831652641296e-02
-4.597648233175277710e-02
-4.597946256399154663e-02
-4.597768560051918030e-02
-4.597975686192512512e-02
-4.597090184688568115e-02
-4.597555100917816162e-02
-4.596955329179763794e-02
-4.597652330994606018e-02
-4.598048701882362366e-02
-4.598765447735786438e-02
-4.597216472029685974e-02
-4.595599323511123657e-02
-4.595090821385383606e-02
-4.596189409494400024e-02
-4.596510156989097595e-02
-4.596574231982231140e-02
-4.595757275819778442e-02
-4.597137123346328735e-02
-4.596778377890586853e-02
-4.596776142716407776e-02
-4.594324529170989990e-02
-4.599424824118614197e-02
-4.598781093955039978e-02
-4.598113521933555603e-02
-4.597111791372299194e-02
-4.595978185534477234e-02
-4.595206677913665771e-02
-4.596287757158279419e-02
-4.597375541925430298e-02
-4.596472904086112976e-02
-4.595888406038284302e-02
-4.597150161862373352e-02
-4.597562924027442932e-02
-4.596647247672080994e-02
-4.597915336489677429e-02
-4.598581045866012573e-02
-4.596631973981857300e-02
-4.597352445125579834e-02
-4.596888273954391479e-02
-4.597023874521255493e-02
-4.596569016575813293e-02
-4.596127569675445557e-02
-4.596946388483047485e-02
-4.596521332859992981e-02
-4.595934227108955383e-02
-4.597537219524383545e-02
-4.596458375453948975e-02
-4.597924649715423584e-02
-4.595574364066123962e-02
-4.596045985817909241e-02
-4.598553106188774109e-02
-4.598566517233848572e-02
-4.596895724534988403e-02
-4.594871029257774353e-02
-4.596791416406631470e-02
-4.598823934793472290e-02
-4.596831649541854858e-02
-4.596906527876853943e-02
-4.595996811985969543e-02
-4.594860598444938660e-02
-4.596337303519248962e-02
-4.596363753080368042e-02
-4.595007374882698059e-02
-4.597071930766105652e-02
-4.598312452435493469e-02
-4.597209021449089050e-02
-4.598066955804824829e-02
-4.598070308566093445e-02
-4.597999528050422668e-02
-4.598886147141456604e-02
-4.598765075206756592e-02
-4.597802832722663879e-02
-4.596871510148048401e-02
-4.595121368765830994e-02
-4.596759006381034851e-02
-4.598833993077278137e-02
-4.597798362374305725e-02
-4.598832502961158752e-02
-4.595648869872093201e-02
-4.597380384802818298e-02
-4.597341269254684448e-02
-4.598653689026832581e-02
-4.597953706979751587e-02
-4.598399624228477478e-02
-4.595857113599777222e-02
-4.597062245011329651e-02
-4.597524181008338928e-02
-4.596105590462684631e-02
-4.596739262342453003e-02
-4.596044868230819702e-02
-4.596454277634620667e-02
-4.595893248915672302e-02
-4.596337303519248962e-02
-4.596964642405509949e-02
-4.598137363791465759e-02
-4.597015306353569031e-02
-4.596639052033424377e-02
-4.597947746515274048e-02
-4.596939310431480408e-02
-4.597982391715049744e-02
-4.595667868852615356e-02
-4.596782103180885315e-02
-4.598613455891609192e-02
-4.597273841500282288e-02
-4.596217721700668335e-02
-4.595929756760597229e-02
-4.597889259457588196e-02
-4.597427323460578918e-02
-4.597345367074012756e-02
-4.599322751164436340e-02
-4.598972946405410767e-02
-4.596225172281265259e-02
-4.596479982137680054e-02
-4.597002640366554260e-02
-4.598394781351089478e-02
-4.596007242798805237e-02
-4.597884789109230042e-02
-4.598575457930564880e-02
-4.596376791596412659e-02
-4.598476365208625793e-02
-4.598008841276168823e-02
-4.596050456166267395e-02
-4.598395526409149170e-02
-4.597027227282524109e-02
-4.598629102110862732e-02
-4.596956446766853333e-02
-4.597195610404014587e-02
-4.596515372395515442e-02
-4.597773030400276184e-02
-4.596578329801559448e-02
-4.595467820763587952e-02
-4.596010968089103699e-02
-4.598762467503547668e-02
-4.596360400319099426e-02
-4.595931619405746460e-02
-4.597386345267295837e-02
-4.595882818102836609e-02
-4.597656801342964172e-02
-4.597171023488044739e-02
-4.598270356655120850e-02
-4.597590863704681396e-02
-4.596569016575813293e-02
-4.596774652600288391e-02
-4.596037045121192932e-02
-4.597315937280654907e-02
-4.597784206271171570e-02
-4.597503691911697388e-02
-4.598598927259445190e-02
-4.597203433513641357e-02
-4.595580324530601501e-02
-4.596723243594169617e-02
-4.598163440823554993e-02
-4.598896577954292297e-02
-4.596762731671333313e-02
-4.597588256001472473e-02
-4.597878083586692810e-02
-4.598381742835044861e-02
-4.597099497914314270e-02
-4.598335176706314087e-02
-4.596514627337455750e-02
-4.595849290490150452e-02
-4.596502706408500671e-02
-4.597456008195877075e-02
-4.598555713891983032e-02
-4.597709700465202332e-02
-4.594791680574417114e-02
-4.597259312868118286e-02
-4.597466439008712769e-02
-4.597078263759613037e-02
-4.596918076276779175e-02
-4.596944525837898254e-02
-4.596196860074996948e-02
-4.596259444952011108e-02
-4.597364366054534912e-02
-4.596053063869476318e-02
-4.594757035374641418e-02
-4.597243294119834900e-02
-4.597922787070274353e-02
-4.595528542995452881e-02
-4.596854001283645630e-02
-4.598160833120346069e-02
-4.597164317965507507e-02
-4.597522318363189697e-02
-4.596597328782081604e-02
-4.597311839461326599e-02
-4.598082974553108215e-02
-4.598437994718551636e-02
-4.597235098481178284e-02
-4.597758129239082336e-02
-4.598134011030197144e-02
-4.597939178347587585e-02
-4.596396908164024353e-02
-4.597296193242073059e-02
-4.597765952348709106e-02
-4.597343876957893372e-02
-4.597307369112968445e-02
-4.597027972340583801e-02
-4.597258940339088440e-02
-4.597084969282150269e-02
-4.596987739205360413e-02
-4.597177356481552124e-02
-4.597521200776100159e-02
-4.597134888172149658e-02
-4.595756903290748596e-02
-4.596764221787452698e-02
-4.596216976642608643e-02
-4.597294703125953674e-02
-4.597713053226470947e-02
-4.596438631415367126e-02
-4.598011448979377747e-02
-4.596648365259170532e-02
-4.597960412502288818e-02
-4.597821459174156189e-02
-4.597876965999603271e-02
-4.598136246204376221e-02
-4.595936462283134460e-02
-4.596455022692680359e-02
-4.598430544137954712e-02
-4.598177969455718994e-02
-4.597988352179527283e-02
-4.597215726971626282e-02
-4.596101492643356323e-02
-4.598344489932060242e-02
-4.597098752856254578e-02
-4.596187546849250793e-02
-4.596753045916557312e-02
-4.594710841774940491e-02
-4.596882313489913940e-02
-4.597733169794082642e-02
-4.596447199583053589e-02
-4.597982391715049744e-02
-4.595185443758964539e-02
-4.597199335694313049e-02
-4.597206786274909973e-02
-4.598996788263320923e-02
-4.595817625522613525e-02
-4.595417901873588562e-02
-4.597908630967140198e-02
-4.596858844161033630e-02
-4.597916454076766968e-02
-4.597061127424240112e-02
-4.596640542149543762e-02
-4.597764089703559875e-02
-4.595704004168510437e-02
-4.596553742885589600e-02
-4.598198831081390381e-02
-4.597749561071395874e-02
-4.597438499331474304e-02
-4.597805067896842957e-02
-4.595988243818283081e-02
-4.596918448805809021e-02
