-7.614226458236436623e-02
-7.605320677307426946e-02
-7.678811120690502701e-02
-7.694757454714144795e-02
-7.700089271925554535e-02
-7.799628444202670596e-02
-7.874067062870938882e-02
-7.791518026084427728e-02
-7.882508382589906160e-02
-7.800483698847235359e-02
-7.870527351057041154e-02
-7.885787868958592239e-02
-7.889479499191794087e-02
-7.908552896222786899e-02
-7.907522763968945212e-02
-7.906541189162452632e-02
-7.926771590010554813e-02
-7.941224648509884187e-02
-7.914835190952637656e-02
-7.938345710927996457e-02
-7.928623902273503055e-02
-7.931111637688643967e-02
-7.948315754148212176e-02
-7.947784180818519284e-02
-7.958338305157772186e-02
-7.939758864825595397e-02
-7.941285383872388748e-02
-7.951468293047671276e-02
-7.955009269225607471e-02
-7.955218467779830160e-02
-7.935284410539843181e-02
-7.954265366667044590e-02
-7.926909979325243161e-02
-7.954945843209247636e-02
-7.944149677133818810e-02
-7.950717516365966853e-02
-7.935023783427307131e-02
-7.941494720027866827e-02
-7.963345544568842249e-02
-7.943959949569849577e-02
-7.948532948287342914e-02
-7.937681792146558668e-02
-7.944521060830909975e-02
-7.961444690185856543e-02
-7.946701547452240944e-02
-7.922214190180283666e-02
-7.992786716550301374e-02
-7.942572638297286380e-02
-7.946478072724903752e-02
-7.931831893277453693e-02
-7.961476910694077758e-02
-7.923474915306082111e-02
-7.925780296883266907e-02
-7.950157410952025938e-02
-7.934036133727584428e-02
-7.968240072605056734e-02
-7.961787561428354532e-02
-7.944113301456598442e-02
-7.922476921848368991e-02
-7.934445295180998781e-02
-7.933678532766284819e-02
-7.943085773857964937e-02
-7.919661065013938739e-02
-7.936124478734822574e-02
-7.922479692732144196e-02
-7.947333157873784359e-02
-7.953918761232903201e-02
-7.952011758264333763e-02
-7.936093395323713662e-02
-7.933805350701299275e-02
-7.941075200468929174e-02
-7.944388539035382446e-02
-7.920440601211063691e-02
-7.939154648249877044e-02
-7.955226750061057672e-02
-7.954731793605500367e-02
-7.946600334972363233e-02
-7.939921037655998937e-02
-7.944816300263952968e-02
-7.957670146430211033e-02
-7.954468426065434972e-02
-7.970307552613731250e-02
-7.980098261248438907e-02
-7.941074204604847697e-02
-7.941125407949971293e-02
-7.955650771535184573e-02
-7.946738445447024124e-02
-7.954749994840251692e-02
-7.952518497253643903e-02
-7.953637875531481549e-02
-7.977076087260016879e-02
-7.964701599779133723e-02
-7.947770625668137967e-02
-7.923886118750513019e-02
-7.925615635757542188e-02
-7.921321123638112860e-02
-7.938272383507226360e-02
-7.954086550807241973e-02
-7.929193169794349072e-02
-7.942990522133648590e-02
-7.944384566937527647e-02
-7.947988108356425496e-02
-7.926599391762703672e-02
-7.937025840191765103e-02
-7.949904551471786984e-02
-7.963167288100961305e-02
-7.986373643373283204e-02
-7.969759188234437630e-02
-7.943503385534055050e-02
-7.966358849699069211e-02
-8.001181885536109983e-02
-7.895215691256389501e-02
-7.928329199037732755e-02
-7.935756847941215220e-02
-7.948042515535333474e-02
-7.964936497461103104e-02
-7.964858576807001822e-02
-7.976948863339004825e-02
-7.936738236350875109e-02
-7.936892524891793477e-02
-7.969221901612913439e-02
-7.957888220946555957e-02
-7.947071089882902506e-02
-7.940399940579870308e-02
-7.945119518469738462e-02
-7.976799481570430450e-02
-7.937192307930195090e-02
-7.928807307998234077e-02
-7.943699923379275718e-02
-7.962926721824982457e-02
-7.971350508865833462e-02
-7.943941834857881634e-02
-7.970165531291499572e-02
-7.965066755883418170e-02
-7.948198055915486893e-02
-7.962651084256018585e-02
-7.923440454571366309e-02
-7.954976906897670563e-02
-7.975355218432074456e-02
-7.926274351951087538e-02
-7.952716884472117720e-02
-7.951616473616410219e-02
-7.955912652172071609e-02
-7.935498276557240160e-02
-7.958684074924683716e-02
-7.939953445208158822e-02
-7.969123412445758281e-02
-7.930681454630092442e-02
-7.946462917906628454e-02
-7.923529354757774534e-02
-7.953978764174687854e-02
-7.955385580013858704e-02
-7.970947246664737695e-02
-7.948990630082597431e-02
-7.957656385849729008e-02
-7.959680154729387169e-02
-7.978657123623385250e-02
-7.965596514244854820e-02
-7.962029084780215815e-02
-7.950360685515610315e-02
-7.948126561286758540e-02
-7.955577480651387923e-02
-7.958752355579983007e-02
-7.968690363495718743e-02
-7.962585575042543939e-02
-7.959342783468105476e-02
-7.961240920281446865e-02
-7.949112275513416093e-02
-7.954336234356947088e-02
-7.972450644043085899e-02
-7.962911468628715295e-02
-7.956353091542663070e-02
-7.959844415739499024e-02
-7.950722427097864364e-02
-7.963603721389127255e-02
-7.953873126172247843e-02
-7.963145077830047214e-02
-7.956566026350789245e-02
-7.969799252526710287e-02
-7.964463033399882264e-02
-7.974540889261916288e-02
-7.940041571820512234e-02
-7.970140627509085529e-02
-7.950828799911346945e-02
-7.938506434710790316e-02
-7.952548874634424170e-02
-7.971566641562752298e-02
-7.964229013872099749e-02
-7.954413266020592121e-02
-7.954440263080650442e-02
-7.979175523010814675e-02
-7.968341877113827021e-02
-7.943632800958470852e-02
-7.959403491054851953e-02
-7.933873981071326575e-02
-7.979270728054944917e-02
-7.942705109389566753e-02
-7.979350818454229721e-02
-7.918464256737570151e-02
-7.961964153290243540e-02
-7.962958629367102026e-02
-7.966050656510281769e-02
-7.965890880218165493e-02
-7.968863292934134923e-02
-7.973714889637768810e-02
-7.960264593941655809e-02
-7.954813138789193494e-02
-7.960405172665163676e-02
-7.960442825161269387e-02
-7.958682171246146686e-02
-7.944438344450323319e-02
-7.963602990920304325e-02
-7.965520307010680312e-02
-7.963868331356152575e-02
-7.955685753094580981e-02
-7.956642708964047073e-02
-7.979804802685494525e-02
-7.931530255075391889e-02
-7.943788718730224185e-02
-7.972373479905180138e-02
-7.951943008352214959e-02
-7.972853145504796291e-02
-7.960420684383413825e-02
-7.970674765986980603e-02
-7.954351074734870852e-02
-7.959029420489462103e-02
-7.965789184997706940e-02
-7.962821003944463294e-02
-7.950969610088401418e-02
-7.981249179982376207e-02
-7.951524339985446832e-02
-7.950522925572857391e-02
-7.967563340977716624e-02
-7.943964663669268733e-02
-7.957341855866083280e-02
-7.968725834621281923e-02
-7.969845409568805661e-02
-7.971988403065084772e-02
-7.967276725158918549e-02
-7.967853174315893405e-02
-7.952293809602660468e-02
-7.963874525076815314e-02
-7.953212725664160487e-02
-7.978227642754595617e-02
-7.947901483756592000e-02
-7.964230423315922514e-02
-7.978992518118059596e-02
-7.958462164379480341e-02
-7.947346523957479758e-02
-7.961070330250209770e-02
-7.967239075961052297e-02
-7.966551860598587720e-02
-7.969561165538054104e-02
-7.978567803187315566e-02
-7.970418086138676694e-02
-7.966943340286061770e-02
-7.951022012975365871e-02
-7.964142149584566011e-02
-7.955110017306009362e-02
-7.958688164448848856e-02
-7.952064847218741350e-02
-7.986575190948252967e-02
-7.934437282466293151e-02
-7.955605171390996155e-02
-7.981254483422135781e-02
-7.976748192105850843e-02
-7.961067629821995395e-02
-7.949666374743258324e-02
-7.977301205175593712e-02
-7.951285790062655179e-02
-7.972054821676789749e-02
-7.951864489222490451e-02
-7.952080873299491315e-02
-7.973686493505137418e-02
-7.836148335815008859e-02
-7.921001917389368374e-02
-7.955224548194363143e-02
-7.968937729612017573e-02
-7.963042076818016568e-02
-7.970546199399633491e-02
-7.957064793881284126e-02
-7.956359450997417537e-02
-7.977407955350422630e-02
-7.971382554654844743e-02
-7.960912079589498036e-02
-7.938333250647655603e-02
-7.979013817352245685e-02
-7.970727475791876404e-02
-7.957270511830974447e-02
-7.974666610316938353e-02
-7.964336459833092075e-02
-7.960686610520492645e-02
-7.952739321415194795e-02
-7.939879959512438634e-02
-7.973783132797154782e-02
-7.969164833218012056e-02
-7.956368686880523067e-02
-7.971375200836293418e-02
-7.955341802575004173e-02
-7.985585655775626068e-02
-7.966579570491194584e-02
-7.956894397536377894e-02
-7.962442934481921142e-02
-7.949561040377796373e-02
-7.974806310024530609e-02
-7.949748287767090249e-02
-7.940977015245488657e-02
-7.956427414323719027e-02
-7.948626865364123717e-02
-7.961523913782031503e-02
-7.973811030427439828e-02
-7.969975267749042358e-02
-7.974093491264487576e-02
-7.881417818380365148e-02
-7.963820967171923726e-02
-7.956346419382349933e-02
-7.972678265809786391e-02
-7.978658248974181133e-02
-7.974830129173533788e-02
-7.963768015984050430e-02
-7.959544302250898262e-02
-7.969275855147514576e-02
-7.951059990744549499e-02
-7.977314835635465617e-02
-7.967174788085304438e-02
-7.972504549705369814e-02
-7.958202986606736917e-02
-7.965896750698631124e-02
-7.963072886095996783e-02
-7.962419320450868365e-02
-7.969815131947985409e-02
-7.969577865052619725e-02
-7.977049210548019242e-02
-7.975710667586732860e-02
-7.967472026948828334e-02
-7.966202185624855769e-02
-7.948780473704185334e-02
-7.965020319571587681e-02
-7.961445080286266851e-02
-7.985676050951574789e-02
-7.974195662320157640e-02
-7.951673135369161094e-02
-7.984702964574978690e-02
-7.973506075717047559e-02
-7.965709863023191784e-02
-7.954020049829566008e-02
-7.952804946740352210e-02
-7.960549782268354357e-02
-7.952490084932874181e-02
-7.960370124441383533e-02
-7.961472589251672449e-02
-7.961087389241157386e-02
-7.962824258299663893e-02
-7.976572742289501916e-02
-7.961685328367795744e-02
-7.961941545563019917e-02
-7.956196701043691255e-02
-7.959496836494706073e-02
-7.957305752037446833e-02
-7.974118421763543019e-02
-7.961555104705340946e-02
-7.967033736941202260e-02
-7.965847048204843794e-02
-7.970239045935809119e-02
-7.951632920897744317e-02
-7.955295670756971915e-02
-7.959204672356927357e-02
-7.960923397860361628e-02
-7.966558107166481217e-02
-7.973437980328249020e-02
-7.985688300804828776e-02
-7.964635020159391288e-02
-7.974496763372405927e-02
-7.961626199740420851e-02
-8.001745588601359704e-02
-7.905000822430374718e-02
-7.949273949277760321e-02
-7.961210195631721054e-02
-7.965399787599990178e-02
-7.983622012546369440e-02
-7.965335698579846524e-02
-7.957473021037712868e-02
-7.980403400183988527e-02
-7.974944382272963761e-02
-7.981594925232728122e-02
-7.948660732713964949e-02
-7.969347411907115597e-02
-7.974227302463862688e-02
-7.962733185308579209e-02
-7.964665540316250014e-02
-7.962344631137059647e-02
-7.980847538322397017e-02
-7.969577859620526061e-02
-7.963422648028274653e-02
-7.977270548699368080e-02
-7.966596792200879296e-02
-7.976968899136267777e-02
-7.970683549226904863e-02
-7.964637865531420946e-02
-7.973596117955207563e-02
-7.962179977054573143e-02
-7.969748665950540656e-02
-7.964423033666971630e-02
-7.956050023149630057e-02
-7.979425575864519671e-02
-7.952158062931379001e-02
-7.960439309206875091e-02
-7.969035677478088220e-02
-7.967717072757543595e-02
-7.956161133903753846e-02
-7.966285381814160182e-02
-7.962323666406154188e-02
-7.962643404645779188e-02
-7.964260569880973750e-02
-7.964890483717668168e-02
-7.971560024528898114e-02
-7.977743275350869523e-02
-7.924905815983770974e-02
-7.961559585690390628e-02
-7.965181517792883914e-02
-7.959440685419094663e-02
-7.966936539556598862e-02
-7.965696660929540152e-02
-7.963566787281939341e-02
-7.959096457922387735e-02
-7.971606055515498279e-02
-7.967620130758550079e-02
-7.954230215059561460e-02
-7.968063132024642836e-02
-7.957586241445056829e-02
-7.965358187550686253e-02
-7.985346548355523599e-02
-7.963441871810997275e-02
-7.967082798397513710e-02
-7.973563633869051870e-02
-7.965971558827214527e-02
-7.984741097719941227e-02
-7.983562745294574270e-02
-7.965471224670316042e-02
-7.968162618799289054e-02
-7.963763788943833966e-02
-7.972316300746531970e-02
-7.953085588820159313e-02
-7.960528337595225434e-02
-7.971973363460704842e-02
-7.966822300529503853e-02
-7.979467815709884171e-02
-7.957550202882744672e-02
-7.965854453130186141e-02
-7.979863557184521672e-02
-7.943122041834228819e-02
-7.949356140247054725e-02
-7.937073120999081632e-02
-7.954697422433357201e-02
-7.964678442601673403e-02
-7.969671057177526996e-02
-7.959946273225983193e-02
-7.961541172227833141e-02
-7.961620551061485140e-02
-7.977018614281873587e-02
-7.977482599832018406e-02
-7.974335765166092049e-02
-7.962883916299519360e-02
-7.967728721450233198e-02
-7.963103635896151555e-02
-7.961058309694278579e-02
-7.971105918943988122e-02
-7.967267201682035060e-02
-7.981190395668155690e-02
-7.976158848695091841e-02
-7.931455312089823184e-02
-7.958346395014115338e-02
-7.965946037080971764e-02
-7.955419002891772617e-02
-7.982573687542686425e-02
-7.976030258308744458e-02
-7.959539629059883548e-02
-7.969832057034091644e-02
-7.956129987560135730e-02
-7.959455614526414480e-02
-7.972513165680059077e-02
-7.965183800458554286e-02
-7.964185034609858049e-02
-7.960225906853378441e-02
-7.963174979397044662e-02
-7.965323844599998815e-02
-7.972026849821296779e-02
-7.960330124105603755e-02
-7.970717769293186872e-02
-7.975860070401401269e-02
-7.965178913198621424e-02
-7.968738173605684205e-02
-7.962773685627930198e-02
-7.968626403017542437e-02
-7.965844074164109279e-02
-7.970590035937320794e-02
-7.987747212410607756e-02
-7.959272058748802225e-02
-7.972229229135249784e-02
-7.971588347015011455e-02
-7.976779652936706599e-02
-7.957240570628432152e-02
-7.974191562592602978e-02
-7.971993000216488767e-02
-7.968462570090328878e-02
-7.966882357218138533e-02
-7.968168475331882661e-02
-7.972320850762278088e-02
-7.981420065166378031e-02
-7.962331542811185159e-02
-7.965934524911164050e-02
-7.950599032118277343e-02
-7.963931839444139682e-02
-7.971184646478159108e-02
-7.965373605726375206e-02
-7.975392245791741719e-02
-7.973729762415494859e-02
-7.976289770913806698e-02
-7.992335145457196699e-02
-7.975163140953135665e-02
-7.965731241906330584e-02
-7.964587035279969973e-02
-7.979731081540597515e-02
-7.966895430138835887e-02
-7.974370886142449766e-02
-7.971740498906622341e-02
-7.967175519861559307e-02
-7.976720984486058985e-02
-7.962424372327037148e-02
-7.963778443681666930e-02
-7.962831797388249255e-02
-7.964952108532633024e-02
-7.968348551396933765e-02
-7.979092137849812250e-02
-7.965989663877337534e-02
-7.969454616228373312e-02
-7.982624589821958605e-02
-7.969824909390973988e-02
-7.972009106209669571e-02
-7.969168990353789339e-02
-7.975181121196402156e-02
-7.981422942190179171e-02
-7.958759796470857295e-02
-7.971276845118592524e-02
-7.962257440221030824e-02
-7.953413179486786000e-02
-7.980860717300967966e-02
-7.974547090224662349e-02
-7.959532341663852484e-02
-7.960778045049862750e-02
-7.965265306842443660e-02
-7.954140614483987126e-02
-7.954096453128843558e-02
-7.964725692543440927e-02
-7.974408916326859720e-02
-7.962983643654315824e-02
-7.975717374416170513e-02
-7.978319730813807076e-02
-7.964598807584508111e-02
-7.959946147477496570e-02
-7.970515760211052680e-02
-7.962526819662264777e-02
-7.962540685309187072e-02
-7.964903104500073439e-02
-7.962460527193074289e-02
-7.952164546236441256e-02
-7.964556897477466368e-02
-7.967667371839236290e-02
-7.964394498576414516e-02
-7.969194758488130914e-02
-7.964907283956260131e-02
-7.971300201378446471e-02
-7.981519531904789078e-02
-7.969991191456816948e-02
-7.976569595627468201e-02
-7.969126990840048885e-02
-7.960440549513944641e-02
-7.956177887788010161e-02
-7.956969761109045081e-02
-7.967681774566967579e-02
-7.964438400402443219e-02
-7.969782654378887443e-02
-7.971284854391899599e-02
-7.975669538857113605e-02
-7.976521351903209656e-02
-7.986416768955988121e-02
-7.976202703695342566e-02
-7.974950375151282356e-02
-7.955115076617753911e-02
-7.962345131517654939e-02
-7.972780126389809874e-02
-7.975252454391845713e-02
-7.967018176269292928e-02
-7.971206185143651923e-02
-7.961091219943372543e-02
-7.963286693641495606e-02
-7.961030535964942756e-02
-7.967197798495097294e-02
-7.966815878209072832e-02
-7.972001643742435140e-02
-7.970901978574056190e-02
-7.969549930111778646e-02
-7.972504042085760967e-02
-7.948654810268465654e-02
-7.957431907261861004e-02
-7.975352303553039091e-02
-7.956852722307557191e-02
-7.971164134118380318e-02
-7.981941445232491883e-02
-7.974619319998718647e-02
-7.965219990797127447e-02
-7.970823292880013788e-02
-7.974864350713453676e-02
-7.957227173493795769e-02
-7.951821660830171723e-02
-7.979893168332828635e-02
-7.971581304796944434e-02
-7.961297276636516984e-02
-7.968495801403453760e-02
-7.969063972651224681e-02
-7.980258011810532903e-02
-7.957688433540818784e-02
-7.957964478596626923e-02
-7.968849686886390893e-02
-7.985578947334359690e-02
-7.983662232365176803e-02
-7.963107975268779448e-02
-7.966210519791598610e-02
-7.972845347252124903e-02
-7.971048638551415932e-02
-7.965588878341590962e-02
-7.959368691876271551e-02
-7.976205437952813004e-02
-7.986226479380596766e-02
-7.972304631607109171e-02
-7.951438436641558583e-02
-7.969855578092431558e-02
-7.961507239853857221e-02
-7.957304669772310990e-02
-7.954277439683107853e-02
-7.968513073156138771e-02
-7.974181055174964228e-02
-7.951365168617929857e-02
-7.957299719580213093e-02
-7.949977627114583612e-02
-7.969874706730772917e-02
-7.977880063074056782e-02
-7.969158384468519318e-02
-7.986250484768102342e-02
-7.968855997406119884e-02
-7.959839761751270892e-02
-7.964886123297278131e-02
-7.967654236337927409e-02
-7.974833238969507299e-02
-7.976271222568373509e-02
-7.974478101563521604e-02
-7.976825116499711155e-02
-7.970558207028768938e-02
-7.977441252050170017e-02
-7.961011053554586936e-02
-7.951962340292957621e-02
-7.970938327461161987e-02
-7.975631277713364498e-02
-7.967355844751490557e-02
-7.973612923417641718e-02
-7.965296488586658119e-02
-7.973103947918047663e-02
-7.959009010791613659e-02
-7.969072215470289489e-02
-7.962759631723005660e-02
-7.965191547770464342e-02
-7.970339037460151543e-02
-7.968834876820533875e-02
-7.976850346448657869e-02
-7.973649308902379385e-02
-7.961165074381355844e-02
-7.971174781097258022e-02
-7.964798551649557301e-02
-7.963830896146513461e-02
-7.968430602086458425e-02
-7.967740940862060028e-02
-7.987146689797468280e-02
-7.991437769024394011e-02
-7.975900647320373349e-02
-7.972187818636075618e-02
-7.972544685024270106e-02
-7.948757881913352807e-02
-7.964139859042169978e-02
-7.958842311332058050e-02
-7.980303015529448263e-02
-7.926782968422539655e-02
-7.968330379917223927e-02
-7.970282618912161166e-02
-7.981260594880497383e-02
-7.972467810344695260e-02
-7.962751711462823234e-02
-7.966691422738050865e-02
-7.978642208382449863e-02
-7.971258372334480424e-02
-7.970848437610142390e-02
-7.954232826085225194e-02
-7.946711138840616140e-02
-7.964833155761831540e-02
-7.978747770893880598e-02
-7.957023259569348528e-02
-7.972327893384266451e-02
-7.964874607611578672e-02
-7.978686971268258987e-02
-7.968355239249214073e-02
-7.953462933591774753e-02
-7.976333813314721854e-02
-7.976615261039368687e-02
-7.963242741446183159e-02
-7.966292646058599491e-02
-7.970233277393044824e-02
-7.978347467997763676e-02
-7.976203196331924095e-02
-7.979323340801139364e-02
-7.983949078530840071e-02
-7.972722645281771214e-02
-7.970418019478213434e-02
-7.978319903441501160e-02
-7.970246983435355648e-02
-7.975721047006256725e-02
-7.983861651674049875e-02
-7.958144969914812683e-02
-7.978241554033586869e-02
-7.969066374071988312e-02
-7.979577251658069581e-02
-7.977380305326427223e-02
-7.969351170795481443e-02
-7.971410883424388805e-02
-7.959702367877367901e-02
-7.969565371577129465e-02
-7.973043630571689799e-02
-7.986804879761887077e-02
-7.977005577219332955e-02
-7.964762028949921857e-02
-7.967990283698982157e-02
-7.969003023795899476e-02
-7.974159853271042819e-02
-7.980704015596414014e-02
-7.973105989354564715e-02
-7.953690940784359509e-02
-7.974186756545033339e-02
-7.937019298730804695e-02
-7.955257437276562482e-02
-7.972403833091987191e-02
-7.967894188353549789e-02
-7.955064291515213937e-02
-7.972248654736135975e-02
-7.966238077769494108e-02
-7.976565427011829412e-02
-7.947431852780242889e-02
-7.966662996704065858e-02
-7.978142461030901522e-02
-7.981897933117264310e-02
-7.961349206166572212e-02
-7.968365187932395510e-02
-7.975584944538846588e-02
-7.972787827001462380e-02
-7.962214871724178356e-02
-7.965856416663120998e-02
-7.973505186463000771e-02
-7.967461178146785505e-02
-7.978389418005216172e-02
-7.957729645853432732e-02
-7.963635922296463665e-02
-7.949065199470965737e-02
-7.970549814919614118e-02
-7.972621643822311310e-02
-7.971000357476852594e-02
-7.958366144105233353e-02
-7.966369970251840904e-02
-7.953802354589264989e-02
-7.958997154082873837e-02
-7.961556609287101516e-02
-7.973782006143949330e-02
-7.957351971708982730e-02
-7.982660435656588338e-02
-7.965773984206032943e-02
-7.971034233717103068e-02
-7.964824570602804799e-02
-7.953748336215633874e-02
-7.984133401378569472e-02
-7.950855930148578721e-02
-7.974394928750597189e-02
-7.967677868331536628e-02
-7.977193514251357254e-02
-7.973984780082242485e-02
-7.974514477008698421e-02
-7.951545952516962668e-02
-7.957257382116604549e-02
-7.959498917049387390e-02
-7.975445307884433677e-02
-7.976389845624419495e-02
-7.967782156308032826e-02
-7.957672104657935452e-02
-7.969253270863808913e-02
-7.973935941658215343e-02
-7.974424003091995505e-02
-7.976705164604432075e-02
-7.980420406268695643e-02
-7.970592612424758083e-02
-7.971556460999708327e-02
-7.964130328588023278e-02
-7.958319359900180301e-02
-7.957034122829782785e-02
-7.986632829015592738e-02
-7.972026432482774705e-02
-7.967652588389581569e-02
-7.979437159487431930e-02
-7.982749527987795246e-02
-7.963916275641512443e-02
-7.972681606161180490e-02
-7.960260544845584874e-02
-7.975387565178868043e-02
-7.950664917893081329e-02
-7.966694354057209104e-02
-7.957714619234101949e-02
-7.977654106284881586e-02
-7.977459756289061177e-02
-7.981014817944097339e-02
-7.963710188800707246e-02
-7.984302551613213506e-02
-7.969059195747729696e-02
-7.958915427680678112e-02
-7.972669048572078587e-02
-7.968479173071107979e-02
-7.967107304281821623e-02
-7.973694913785174532e-02
-7.974473421361170933e-02
-7.967464633296704457e-02
-7.958053807555869053e-02
-7.963779758107876472e-02
-7.975580013130999235e-02
-7.982082176408510088e-02
-7.939602629494289798e-02
-7.979918483722893419e-02
-7.943193152059056794e-02
-7.961801968165262144e-02
-7.967377979975567848e-02
-7.965488282332068570e-02
-7.964373195537044481e-02
-7.983558906621977813e-02
-7.963960041118735289e-02
-7.967362384559296962e-02
-7.964252375180244647e-02
-7.968225895332359254e-02
-7.960546875791009447e-02
-7.968822345322486289e-02
-7.984215525324930840e-02
-7.956757099743572148e-02
-7.962591854396201818e-02
-7.966893586154345785e-02
-7.953763916687746349e-02
-7.961093478652837840e-02
-7.961172181394672587e-02
-7.959885561844178004e-02
-7.952596480110256383e-02
-7.973964198430574801e-02
-7.969155949279116413e-02
-7.959262791564546136e-02
-7.975635976045612752e-02
-7.971698616997370535e-02
-7.974348562502885096e-02
-7.963460200058193605e-02
-7.977830849737503616e-02
-7.974196428779443957e-02
-7.976645758074410453e-02
-7.979819078703076496e-02
-7.951268229800224907e-02
-7.975253076129251717e-02
-7.960896858068652882e-02
-7.957887770404455108e-02
-7.990245002395134077e-02
-7.969765410808651862e-02
-7.953686163990481006e-02
-7.974397516262825281e-02
-7.959531721731973042e-02
-7.976565414361479200e-02
-7.964632023290932339e-02
-7.969168908078609614e-02
-7.964471191129145200e-02
-7.972760383231311532e-02
-7.959206504423479989e-02
-7.979344505306186497e-02
-7.957627857488568102e-02
-7.960596138078897266e-02
-7.972400213720480522e-02
-7.976172090686765859e-02
-7.966791421357591330e-02
-7.962988915264689049e-02
-7.963443862690823549e-02
-7.965566000978112349e-02
-7.975078386756170867e-02
-7.969119847714077609e-02
-7.963510576619951820e-02
-7.948607986987386853e-02
-7.963751882573485985e-02
-7.954872525238905479e-02
-7.972704308928880990e-02
-7.966641984982057723e-02
-7.982539936380514400e-02
-7.973097467354531287e-02
-7.968428567815395713e-02
-7.972041661106674115e-02
-7.967790418895770443e-02
-7.973007805234280654e-02
-7.963168270045513364e-02
-7.960543185447017944e-02
-7.973883301977820193e-02
-7.969399352530440184e-02
-7.990610099921331699e-02
-7.972705675311789197e-02
-7.971908352196285796e-02
-7.983529583461369816e-02
-7.967045757876234369e-02
-7.975331559675298554e-02
-7.973843013543291391e-02
-7.971828757750845651e-02
-7.983848795249663677e-02
-7.939956397791840537e-02
-7.968545585421960009e-02
-7.973864565620204792e-02
-7.977199917620649006e-02
-7.961795759458610566e-02
-7.954104879320790522e-02
-7.971964340862261467e-02
-7.970056199692333865e-02
-7.970578749790231676e-02
-7.950313522336448224e-02
-7.978803489857651254e-02
-7.968234936461170148e-02
-7.989280753597034768e-02
-7.952592551598407222e-02
-7.962449508278258981e-02
-7.978968598354185815e-02
-7.955375120161474467e-02
-7.974085332633425172e-02
-7.968195152413584670e-02
-7.971126551140818306e-02
-7.969547986384119265e-02
-7.953166279738545230e-02
-7.972790006219231118e-02
-7.959758139151154599e-02
-7.977238292678014153e-02
-7.960360490012809154e-02
-7.964033081490443089e-02
-7.980393026275860169e-02
-7.971922919761804949e-02
-7.958978776176736658e-02
-7.966283594249080890e-02
-7.978611030463547693e-02
-7.965959164031488626e-02
-7.962315764315171240e-02
-7.967267191175773922e-02
-7.985623112212374142e-02
-7.955558133154325140e-02
-7.974534342879077697e-02
-7.972214317017582708e-02
-7.980150644206018828e-02
-7.963860184350392279e-02
-7.968733326844626430e-02
-7.955574503585151336e-02
-7.971441506758668305e-02
-7.969579385852146314e-02
-7.963448884327842259e-02
-7.970036406755307001e-02
-7.971425432153241009e-02
-7.974730527941224778e-02
-7.977943861231126532e-02
-7.971072433238747534e-02
-7.958012332270761324e-02
-7.962848505407990607e-02
-7.972057734775057913e-02
-7.961044715091321333e-02
-7.977597226560244337e-02
-7.958339023072454055e-02
-7.955915761812175357e-02
-7.976053996055422479e-02
-7.974269572357388369e-02
-7.974787090087424868e-02
-7.968490152326772324e-02
-7.967458636598176436e-02
-7.971259087111483288e-02
-7.974491672636828399e-02
-7.962187026388520272e-02
-7.965466984227186076e-02
-7.975237527400201587e-02
-7.939459823548020156e-02
-7.961917727352867125e-02
-7.954781990393071378e-02
-7.983214157169034320e-02
-7.966062952721950086e-02
-7.988128901283227112e-02
-7.967446642050432515e-02
-7.947639548265857112e-02
-7.947925674700595522e-02
-7.973961230019856183e-02
-8.000372839459915508e-02
-7.966418422161915258e-02
-7.964678937662508784e-02
-7.979145657458361351e-02
-7.963908589991308684e-02
-7.979493677088557446e-02
-7.966714782060556332e-02
-7.967029882943996166e-02
-7.964200573731412824e-02
-7.972764938208395935e-02
-7.984247932700434813e-02
-7.970120167652201826e-02
-7.958031120675017334e-02
-7.973983728992020681e-02
-7.968809340270226194e-02
-7.962298666616988985e-02
-7.954744715375224040e-02
-7.971256228223730367e-02
-7.995873817524994098e-02
-7.942910918797106701e-02
-7.943780965498303814e-02
-7.961615169040300866e-02
-7.971103135340414092e-02
-7.971973378230902407e-02
-7.990600383923963934e-02
-7.972478245526948282e-02
-7.970914677411508609e-02
-7.968610292472391721e-02
-7.966370532704004914e-02
-7.969205656331899978e-02
-7.980249594068697383e-02
-7.978708398480958974e-02
-7.973761736621234886e-02
-7.968807898472733686e-02
-7.957432673537698231e-02
-7.978916118166969051e-02
-7.972727473416880983e-02
-7.964645119366174641e-02
-7.971919956876591384e-02
-7.956544684166454162e-02
-7.959188039815037752e-02
-7.970757457006112656e-02
-7.959676150267812333e-02
-7.965784793304850342e-02
-7.957171879868708830e-02
-7.983751386543568029e-02
-7.962433636958485272e-02
-7.969108908999068819e-02
-7.961462754617236459e-02
-7.962310552181738055e-02
-7.968686827140376849e-02
-7.977981766817664189e-02
-7.978580817870685460e-02
-7.970795642682067250e-02
-7.963119666313754619e-02
-7.961648315936062370e-02
-7.972215628822791611e-02
-7.958238954729786319e-02
-7.982329838911346453e-02
-7.969546117860940027e-02
-7.970762266370504112e-02
-7.970504632294705960e-02
-7.967097632183706146e-02
-7.965195991812393239e-02
-7.963571016254229751e-02
-7.967348936890364386e-02
-7.971458009699257385e-02
-7.958201575673752581e-02
-7.975953992021257710e-02
-7.968241253201908958e-02
-7.955602291187101327e-02
-7.982774736367358182e-02
-7.964607793289189830e-02
-7.981989227224409178e-02
-7.976878424577907301e-02
-7.965545060805699629e-02
-7.966506239147666535e-02
-7.965673600245777586e-02
-7.975687662301630954e-02
-7.971670649073694936e-02
-7.972504644472688806e-02
-7.954485448269939252e-02
-7.966052485597867328e-02
-7.966148329447007848e-02
-7.973132534486145062e-02
-7.957620244320939840e-02
-7.974958930431556847e-02
-7.973011755269486522e-02
-7.976221884448551902e-02
-7.953029197482021362e-02
-7.959698293955949633e-02
-7.976932937704130089e-02
-7.963639367655235557e-02
-7.974827849907285826e-02
-7.984445538148013388e-02
-7.967869494773958949e-02
-7.973180498493019630e-02
-7.963632549070166766e-02
-7.984759458777981878e-02
-7.961454299448902927e-02
-7.955512556609849184e-02
-7.963871031673565304e-02
-7.981957338903855614e-02
-7.972322252855443270e-02
-7.965612489314713440e-02
-7.992001072921743610e-02
-7.982740644634997440e-02
-7.961200228164118375e-02
-7.963008757797836179e-02
-7.960602752311421448e-02
-7.980583210630440294e-02
-7.968487958774876645e-02
-7.959111911131719341e-02
-7.968378290528706220e-02
-7.969965244626571466e-02
-7.960753984009778794e-02
-7.969405416940437969e-02
-7.964148597016675046e-02
-7.971784507569730505e-02
-7.961150033112095181e-02
-7.975000604330549636e-02
-7.966405305965343353e-02
-7.954149825126329010e-02
-7.958080816852995676e-02
-7.966755775438517928e-02
-7.969732547728722305e-02
-7.970893418326582824e-02
-7.961428096624358075e-02
-7.973462415825900707e-02
-7.949233775446742922e-02
-7.968440986767633127e-02
-7.972380200322294608e-02
-7.977674149885824462e-02
-7.953588176602696680e-02
-7.961081344169031182e-02
-7.976714941909805734e-02
-7.973916175629933156e-02
-7.964527623074928175e-02
-7.968131524561872236e-02
-7.960868105425122909e-02
-7.965523523049014565e-02
-7.979172846599305591e-02
-7.974754117923180119e-02
-7.979611369925213027e-02
-7.964027082774685629e-02
-7.972738696697513616e-02
-7.978073709789576529e-02
-7.967460739732677710e-02
-7.973007744406208908e-02
-7.977364308250402269e-02
-7.981689501591780755e-02
-7.969644015123815428e-02
-7.968542868125351453e-02
-7.963286767814913014e-02
-7.963304033299334339e-02
-7.974861241639595588e-02
-7.975059055888514270e-02
-7.964652633737265286e-02
-7.973682235773187077e-02
-7.978072383191024686e-02
-7.968561745854997602e-02
-7.951973645805621160e-02
-7.975807523753832007e-02
-7.972307753555188392e-02
-7.970571836836858048e-02
-7.960887020797725866e-02
-7.960031891511705482e-02
-7.975048254842427575e-02
-7.970572479962842460e-02
-7.970283947497840138e-02
-7.960696460254215734e-02
-7.961111301447180988e-02
-7.973530057976704888e-02
-7.958828101569280500e-02
-7.967116518066665043e-02
-7.971516122593362563e-02
-7.961465931347165570e-02
-7.961872737858846638e-02
-7.969157375661280185e-02
-7.960673657150470206e-02
-7.982068885651580348e-02
-7.969748793619238492e-02
-7.964593848044079771e-02
-7.974786207989666142e-02
-7.978054356053727869e-02
-7.966631234994180077e-02
-7.967851032687819912e-02
-7.961080552439271651e-02
-7.972439585518875660e-02
-7.975993695599152555e-02
-7.965698360010030343e-02
-7.980331845011201519e-02
-7.959397967209798364e-02
-7.967287820367055518e-02
-7.972042119002649418e-02
-7.966370034100597741e-02
-7.964337158345159706e-02
-7.985140877984317487e-02
-7.932361062717870059e-02
-7.955778045743931715e-02
-7.959966868227903725e-02
-7.967426511421825397e-02
-7.985982239556155271e-02
-7.990165400402789164e-02
-7.973380441133715024e-02
-7.963889517181151068e-02
-7.960362691872210905e-02
-7.971738795486014995e-02
-7.965558989567554649e-02
-7.948103713191546904e-02
-7.975485114643286744e-02
-7.974798348472320053e-02
-7.967542945177956415e-02
-7.967409773404569850e-02
-7.976597612895226785e-02
-7.972547663011857189e-02
-7.975439092768556171e-02
-7.960452122173820866e-02
-7.976754555299188365e-02
-7.978214511116396568e-02
-7.984725481645520151e-02
-7.961058722398635379e-02
-7.965024171030536670e-02
-7.974801907886931718e-02
-7.958276264860894567e-02
-7.973134539957700551e-02
-7.975532453272424216e-02
-7.989834287539855640e-02
-7.954854202069590319e-02
-7.957903594246748535e-02
-7.976688013745780736e-02
-7.964826648579263757e-02
-7.967679181766285090e-02
-7.961266382739141945e-02
-7.963208318044100176e-02
-7.978299460557260192e-02
-7.966579347572724790e-02
-7.977181393953809707e-02
-7.973245637357399829e-02
-7.978260435157470687e-02
-7.962183373726369751e-02
-7.973639395602624691e-02
-7.954333798542714828e-02
-7.961602287700694780e-02
-7.978678235802023899e-02
-7.969832297136861254e-02
-7.972743150480965380e-02
-7.964465500426434752e-02
-7.961774867360113528e-02
-7.979150657191867724e-02
-7.970229769537427733e-02
-7.976801707226387206e-02
-7.967680452854355999e-02
-7.969878207783361035e-02
-7.954359664380224182e-02
-7.955115416163890951e-02
-7.962871988610771556e-02
-7.985661603699566180e-02
-7.953669673848935695e-02
-7.968862641229833288e-02
-7.972958677859863508e-02
-7.964523669176626353e-02
-7.975323413933550765e-02
-7.969922184639731400e-02
-7.984394759359017546e-02
-7.955406461665696927e-02
-7.968921287347388582e-02
-7.973577340748849718e-02
-7.967672511678820790e-02
-7.980154126053032315e-02
-7.956664547931882603e-02
-7.972120937899163096e-02
-8.000372138616028417e-02
-7.980733734496925358e-02
-7.970513871107054449e-02
-7.973489402786856917e-02
-7.977158460957942121e-02
-7.980611976881332725e-02
-7.956259360158837723e-02
-7.960251943807747366e-02
-7.958513031424603590e-02
-7.980229596810727022e-02
-7.977281987190264212e-02
-7.987468976233637330e-02
-7.928934484787093784e-02
-7.957521429643489574e-02
-7.967137914202861160e-02
-7.964218555783060538e-02
-7.954369885527981521e-02
-7.981995847971241898e-02
-7.961915138245016788e-02
-7.954156445514118379e-02
-7.964665719219787832e-02
-7.959624099937172292e-02
-7.972604435557316405e-02
-7.966361334549043605e-02
-7.970574677886126114e-02
-7.972739120185866335e-02
-7.978246075573706964e-02
-7.980643138663680303e-02
-7.972343452617471071e-02
-7.966222965254592114e-02
-7.965889844970498734e-02
-7.959787676264809542e-02
-7.971606362908043031e-02
-7.971903623588179333e-02
-7.975621488985497332e-02
-7.990241917453504150e-02
-7.964743160413149947e-02
-7.950149554005245256e-02
-7.970393939986834819e-02
-7.970295282268947956e-02
-7.962939757380264882e-02
-7.976492247859771900e-02
-7.969698493466267908e-02
-7.972516274074745168e-02
-7.959893054869053575e-02
-7.974886937440130164e-02
-7.966949176459323101e-02
-7.982520898233411155e-02
-7.964856828459040972e-02
-7.996197167310306608e-02
-7.957787670591212614e-02
-7.956189163648673401e-02
-7.969562285209930153e-02
-7.978201132790674333e-02
-7.993504943389093120e-02
-7.973990857433647939e-02
-7.981296645122822053e-02
-7.950157879259418803e-02
-7.966433117235481587e-02
-7.968304008887650003e-02
-7.976355991628272801e-02
-7.968725087934595830e-02
-7.988059591264697057e-02
-7.981773596154694006e-02
-7.981379920868000855e-02
-7.972001806243857180e-02
-7.950960567368545173e-02
-7.958338213012229601e-02
-7.989121339225968566e-02
-7.980633586444994820e-02
-7.968273048203167175e-02
-7.973123066679928261e-02
-7.968911718161397761e-02
-7.961645225226836320e-02
-7.963798501855481882e-02
-7.980278243010009709e-02
-7.973393816520550625e-02
-7.974351995961932726e-02
-7.957020420663231397e-02
-7.947823189726574422e-02
-7.963357405027744751e-02
-7.969500371090318391e-02
-7.965128902678242362e-02
-7.969354940570658186e-02
-7.965538620233801603e-02
-7.965352363578206973e-02
-7.963115706543091865e-02
-7.972965694161886219e-02
-7.955351113395184304e-02
-7.948959525588418507e-02
-7.947195799509422509e-02
-7.970843464175360327e-02
-7.957955412196041078e-02
-7.963904507750833861e-02
-7.981287038539279510e-02
-7.969493131181897005e-02
-7.958420115510934922e-02
-7.980506669305606482e-02
-7.974755224113984353e-02
-7.967602783473592964e-02
-7.970149902389442320e-02
-7.959334727172240331e-02
-7.972009541435090552e-02
-7.972658728930921701e-02
-7.975323780773033167e-02
-7.970754652228931314e-02
-7.984641220426771935e-02
-7.970937750696256707e-02
-7.970285302260690652e-02
-7.966133825970869720e-02
-7.972105912690687080e-02
-7.967938660274673235e-02
-7.962310062212273054e-02
-7.962127606640069521e-02
-7.978227101504239971e-02
-7.968700982936996469e-02
-7.971018222899864392e-02
-7.966949403018477871e-02
-7.977873520554444597e-02
-7.956975116535247583e-02
-7.964605571807829854e-02
-7.957842816585285195e-02
-7.972135117089816647e-02
-7.964900851788050962e-02
-7.960274943468034770e-02
-7.969993782839554508e-02
-7.970121464796323107e-02
-7.964408118105305301e-02
-7.969744806847771368e-02
-7.960647838820422706e-02
-7.982846425109661748e-02
-7.969277511504326006e-02
-7.967438577927235532e-02
-7.985653773632404862e-02
-7.979522182239159878e-02
-7.986590418976675931e-02
-7.958709248369680300e-02
-7.960122318060060265e-02
-7.966328832720750985e-02
-7.963244556592148637e-02
-7.961235942011193889e-02
-7.996977389299850247e-02
-7.970739222214569264e-02
-7.973286516376416888e-02
-7.967401005756240273e-02
-7.983163581939196896e-02
-7.953134311705156723e-02
-7.976431522106677829e-02
-7.969686574492818032e-02
-7.980847581533402624e-02
-7.968830646964253361e-02
-7.959572386820713830e-02
-7.970726868852102964e-02
-7.973313754935477948e-02
-7.982436277044938078e-02
-7.973806081259533773e-02
-7.967332875558751082e-02
-7.963058877417043824e-02
-7.971146180903285194e-02
-7.972543149175602417e-02
-7.959414506226872299e-02
-7.974506282773782817e-02
-7.963353309243643985e-02
-7.970335526960956041e-02
-7.971975695640638737e-02
-7.965222823687312381e-02
-7.958715065291784019e-02
-7.965994017857409848e-02
-7.985520162187853543e-02
-7.964386242941634553e-02
-7.950849439756660364e-02
-7.961007424649853281e-02
-7.953763505292436864e-02
-7.952782253121733202e-02
-7.980442007025247142e-02
-7.965108362596670655e-02
-7.974713286852651295e-02
-7.974056415483522786e-02
-7.980891049632342360e-02
-7.963202793814384839e-02
-7.955815939411335636e-02
-7.969859419416966406e-02
-7.977057405932418133e-02
-7.971865805871822253e-02
-7.964598756453404593e-02
-7.961379402615145762e-02
-7.979178296468746046e-02
-7.967108435982774017e-02
-7.981233831106357424e-02
-7.977489089313542781e-02
-7.968235893053814134e-02
-7.976271123950857966e-02
-7.968079713342088310e-02
-7.984621310312098319e-02
-7.955015702204602801e-02
-7.972760085948697728e-02
-7.983867852164885925e-02
-7.970914985961156940e-02
-7.981362316204641816e-02
-7.987873330125502824e-02
-7.972487058996059750e-02
-7.955466929747558036e-02
-7.960495545126641814e-02
-7.970780507319111252e-02
-7.969029566051576141e-02
-7.964956833606513797e-02
-7.967755965599450374e-02
-7.964401650519913056e-02
-7.967215575157264584e-02
-7.974990446023132173e-02
-7.976765863617482633e-02
-7.972138112955071132e-02
-7.968261188288927599e-02
-7.958429949382120339e-02
-7.975433910857317177e-02
-7.967939713089607079e-02
-7.970203549061506687e-02
-7.966423340363826266e-02
-7.975133930120693881e-02
-7.981968408277750893e-02
-7.974371849786303368e-02
-7.972369330359183048e-02
-7.975334818947607540e-02
-7.949631827836331488e-02
-7.969127363597820757e-02
-7.986823234788310855e-02
-7.968006147667054673e-02
-7.963191122998658500e-02
-7.963712201946641922e-02
-7.970020784385380141e-02
-7.968259689971970983e-02
-7.978519706475352413e-02
-7.966426623352726444e-02
-7.968978667465058396e-02
-7.972735285829436747e-02
-7.956592984734320306e-02
-7.951973104781735746e-02
-7.977503051816477175e-02
-7.958872334934505299e-02
-7.964936833378681580e-02
-7.975561282011822684e-02
-7.963426921105021261e-02
-7.968293094546148592e-02
-7.973687910039448101e-02
-7.972375420869963480e-02
-7.966251355810724522e-02
-7.963120701821270464e-02
-7.966028478486741893e-02
-7.972125279374098206e-02
-7.966325113117790624e-02
-7.966285489349458904e-02
-7.973178012797661751e-02
-7.976234453045645545e-02
-7.969767304400325603e-02
-7.966740833777165298e-02
-7.979009570306473675e-02
-7.975651023583682497e-02
-7.974621321106763194e-02
-7.981294312611171560e-02
-7.971841327044100478e-02
-7.984422659347781281e-02
-7.973622469162193471e-02
-7.957336708038278972e-02
-7.954331408260122138e-02
-7.976870483184690663e-02
-7.966983842355565559e-02
-7.969336485761638333e-02
-7.968817698239462344e-02
-7.958920652465957535e-02
-7.971269265177143015e-02
-7.969479389739626829e-02
-7.975165585537413726e-02
-7.954780937638705751e-02
-7.959291943783362855e-02
-7.967055001469988684e-02
-7.981382422840418989e-02
-7.962701164984993529e-02
-7.973225527040109228e-02
-7.972552755668892155e-02
-7.962421662118283894e-02
-7.957679784338279882e-02
-7.966552205957021238e-02
-7.965579986061319118e-02
-7.971808488137899218e-02
-7.970467445438354781e-02
-7.964487611196077732e-02
-7.971052184734210566e-02
-7.968536021849302597e-02
-7.967313443958169705e-02
-7.970265755601040059e-02
-7.971387552662810572e-02
-7.965459413647690834e-02
-7.968583149693175827e-02
-7.966603339866462630e-02
-7.974040889106652485e-02
-7.964617268938962991e-02
-7.966573730942760889e-02
-7.965557220078721412e-02
-7.971604810992606593e-02
-7.979349071842141428e-02
-7.964023887351150133e-02
-7.969024893394956177e-02
-7.973597693853691493e-02
-7.960724572252519948e-02
-7.966655989169822705e-02
-7.967013444623767537e-02
-7.969620120679701825e-02
-7.976426541115466673e-02
-7.969032414169295586e-02
-7.975393099846250777e-02
-7.976459929638490820e-02
-7.973536603346507989e-02
-7.966699813383830431e-02
-7.968949243258238724e-02
-7.965930917142939605e-02
-7.980372135993815674e-02
-7.972858497062149108e-02
-7.961300274579929948e-02
-7.969076939643797430e-02
-7.969910777055629059e-02
-7.972955988238396297e-02
-7.985892038318440078e-02
-7.970632587663170621e-02
-7.971701708604185532e-02
-7.980968046524195003e-02
-7.971294887187638234e-02
-7.983325455744362531e-02
-7.963916810445005601e-02
-7.970612046413137752e-02
-7.964249508497012187e-02
-7.966060248610624950e-02
-7.966979380394888233e-02
-7.975228346677040725e-02
-7.969061216624363786e-02
-7.957567876489468617e-02
-7.977063858350570691e-02
-7.977508833867490157e-02
-7.972020798487981785e-02
-7.965445266525726653e-02
-7.953712537621135392e-02
-7.968435146177743622e-02
-7.968005591858122461e-02
-7.964844774577338471e-02
-7.966271263222667043e-02
-7.979774210406419266e-02
-7.959477901536961275e-02
-7.966047760840543057e-02
-7.972207009745005402e-02
-7.963548106780267422e-02
-7.984016497879030394e-02
-7.968807984912060216e-02
-7.963719828192436512e-02
-7.964749025473075172e-02
-7.961575511841165187e-02
-7.985726169041436340e-02
-7.973876095833951072e-02
-7.965916663571137590e-02
-7.980222476069152859e-02
-7.969690366086645827e-02
-7.979552584647615909e-02
-7.955576598419296375e-02
-7.962718692816699029e-02
-7.971765383430826080e-02
-7.955429513425511800e-02
-7.968693143784741362e-02
-7.980974170771107379e-02
-8.014276804142202171e-02
-7.911859677256535828e-02
-7.944650496076596791e-02
-7.965837985027575396e-02
-7.990229936129249200e-02
-7.958220219608445889e-02
-7.978968179902959368e-02
-7.961595373274413245e-02
-7.979792049245899854e-02
-7.973203110327194143e-02
-7.984685153160360482e-02
-7.969535732786600657e-02
-7.977391954657085671e-02
-7.974813072196006158e-02
-7.974745604193488047e-02
-7.958604848220872385e-02
-7.962229866781402043e-02
-7.970607017071669465e-02
-7.971325561612378763e-02
-7.970977958907525529e-02
-7.974715075551896959e-02
-7.966603784158955703e-02
-7.966916910098424676e-02
-7.951184018913559637e-02
-7.966849517140386916e-02
-7.954433226857059169e-02
-7.965182553342146921e-02
-7.954705681047540000e-02
-7.978431169992657168e-02
-7.975076361739784347e-02
-7.960602103518578387e-02
-7.972947961865413380e-02
-7.976478792976007814e-02
-7.984475629203816038e-02
-7.997030540805902254e-02
-7.970859390690145097e-02
-7.976386106454667890e-02
-7.984763941224214123e-02
-7.963021451671056794e-02
-7.974746319743228340e-02
-7.972014633399424066e-02
-7.975098298120568419e-02
-7.970143970128251709e-02
-7.976409525444812243e-02
-7.979560180174881390e-02
-7.976101113184849711e-02
-7.960916205672566304e-02
-7.966614154823174754e-02
-7.970009772346720034e-02
-7.975545683060837610e-02
-7.982505356113853145e-02
-7.956347249656205156e-02
-7.968464830107804819e-02
-7.976923721648046528e-02
-7.964308127353299238e-02
-7.971654452885737485e-02
-7.956190848094522872e-02
-7.969402150858871658e-02
-7.972769349215313994e-02
-7.984418059530730416e-02
-7.956605028951882486e-02
-7.964717619731605247e-02
-7.979551956075121855e-02
-7.981152934501098417e-02
-7.974431344014960843e-02
-7.972767893379521797e-02
-7.955388867364376893e-02
-7.971659363889893601e-02
-7.961155698121528956e-02
-7.978008099658805141e-02
-7.967765274393437402e-02
-7.969159042989844288e-02
-7.976408459689425523e-02
-7.961598100724054383e-02
-7.967301570261531296e-02
-7.963724335342335647e-02
-7.972199346138673925e-02
-7.971300651625243261e-02
-7.966782745989421655e-02
-7.973571797802994632e-02
-7.955112717368964526e-02
-7.976334530772631604e-02
-7.985527500639186260e-02
-7.972945246474678893e-02
-7.973841732554591555e-02
-7.969018191249757632e-02
-7.971926370632938241e-02
-7.979845620620119873e-02
-7.962447165283108308e-02
-7.966866402266983838e-02
-7.980925443571666722e-02
-7.973572232818879058e-02
-7.952147017715717470e-02
-7.970585078310876703e-02
-7.974262653430637393e-02
-7.970060525436152565e-02
-7.968712941105914049e-02
-7.960453508349936425e-02
-7.973698765882565598e-02
-7.964532480034465511e-02
-7.979360961113392270e-02
-7.977184735354825307e-02
-7.969842746777237863e-02
-7.978312648250016070e-02
-7.965400866081932818e-02
-7.958098990252719662e-02
-7.980922222650035924e-02
-7.988209464061278575e-02
-7.962851906688293846e-02
-7.964084135847246393e-02
-7.971070563505981699e-02
-8.029440570801645027e-02
-7.914704655745596895e-02
-7.946202435312572920e-02
-7.953655077644186666e-02
-7.969386312859293164e-02
-7.965388399089826099e-02
-7.955140437792149188e-02
-7.958681325868520451e-02
-7.967300543360500420e-02
-7.970860492713062462e-02
-7.980602664981081840e-02
-7.981803441017613909e-02
-7.979432897239251143e-02
-7.966882726471671838e-02
-7.968128174824815058e-02
-7.966795655446709534e-02
-7.989248439644665301e-02
-7.972786764100810164e-02
-7.994010003316695534e-02
-7.965288657389478499e-02
-7.956555373978867196e-02
-7.971652796504281879e-02
-7.985812259937928592e-02
-7.950783641421746428e-02
-7.961226254743462849e-02
-7.967452419315979029e-02
-7.968072589013763807e-02
-7.967624536367241828e-02
-7.970889042037063166e-02
-7.974182138585331203e-02
-7.986558547876876357e-02
-7.969194022926005816e-02
-7.965473443552549548e-02
-7.970335845000756092e-02
-7.974176343889895213e-02
-7.963982880563914846e-02
-7.970632502409626119e-02
-7.968140338269737166e-02
-7.969284471937089498e-02
-7.968146564000422316e-02
-7.973636283950713555e-02
-7.968579983616150275e-02
-7.964607616521694744e-02
-7.986437600215223753e-02
-7.968454204244533601e-02
-7.965298514018294418e-02
-7.960989413923784397e-02
-7.958617224481580321e-02
-7.972568306244162684e-02
-7.968392288690288872e-02
-7.979121188952362220e-02
-7.976995785684490303e-02
-7.972217373919128491e-02
-7.958715980946531876e-02
-7.973954976626355939e-02
-7.975339879161609524e-02
-7.960856253478608424e-02
-7.964172718030958220e-02
-7.964079246554058023e-02
-7.979270582609784834e-02
-7.962508848932889349e-02
-7.963586126203689441e-02
-7.959739184335905271e-02
-7.974073759477259826e-02
-7.981281448104456111e-02
-7.959533481734805405e-02
-7.966342712113569369e-02
-7.978434007754373058e-02
-7.976693717123160832e-02
-7.979160040652193142e-02
-7.986584404577469487e-02
-7.969259715954775392e-02
-7.980721731175689782e-02
-7.967602754221259076e-02
-7.976668920276205887e-02
-7.950430015635008563e-02
-7.970968696757209371e-02
-7.960450965700387183e-02
-7.961211036038250144e-02
-7.973635864432508658e-02
-7.983886011370885938e-02
-7.972048497600633943e-02
-7.963943336234317882e-02
-7.978075165064109353e-02
-7.964710797986929158e-02
-7.946673001336433673e-02
-7.971461745457934789e-02
-7.983983269558977969e-02
-7.975060683482657065e-02
-7.962182116790549047e-02
-7.958488363391678921e-02
-7.967610059542848400e-02
-7.986691452051584983e-02
-7.984552117880519551e-02
-7.983988101409837668e-02
-7.970486110344590647e-02
-7.968531428684599849e-02
-7.976868011442281303e-02
-7.965673901905120924e-02
-7.979026567891203681e-02
-7.968764326343172333e-02
-7.969198550517818391e-02
-7.967558090608527210e-02
-7.982586355860989136e-02
-7.977401144273799094e-02
-7.988407892809415434e-02
-7.977794001383695099e-02
-7.976022532271474785e-02
-7.981624079225861645e-02
-7.968659647124587408e-02
-7.962849495849430581e-02
-7.977195437377916643e-02
-7.971515953174668212e-02
-7.965860447353605156e-02
-7.965449786641867758e-02
-7.961556640790226624e-02
-7.970664452882628148e-02
-7.969076088418199089e-02
-7.966343085186082529e-02
-7.969401534472311810e-02
-7.967294415504515281e-02
-7.983426937635264287e-02
-7.970487645413422417e-02
-7.993730241306372386e-02
-7.967861723247447736e-02
-7.974639227450834589e-02
-7.975468882795413994e-02
-7.959270643004560941e-02
-7.985356105068361354e-02
-7.969774787879761735e-02
-7.959471165802038672e-02
-7.952471247647001362e-02
-7.982221757775932736e-02
-7.982648199743448691e-02
-7.975929656524612110e-02
-7.967782960589478436e-02
-7.965644503919044883e-02
-7.971695697477332310e-02
-7.973005016063172690e-02
-7.968489399200054391e-02
-7.966877204305797266e-02
-7.961576583381793637e-02
-7.962079748811860813e-02
-7.977571714059165930e-02
-7.966154312016847372e-02
-7.977201714199476379e-02
-7.951965226803979492e-02
-7.972915784606267320e-02
-7.981894905935472961e-02
-7.981179701402577042e-02
-7.964802911632805349e-02
-7.966392619762349692e-02
-7.985571902542340506e-02
-7.980157487050044962e-02
-7.994298362995581886e-02
-7.981590451772779815e-02
-7.991435709426490674e-02
-7.974068235624463818e-02
-7.981213066347005169e-02
-7.972660103105902452e-02
-7.971003914640013843e-02
-7.985669471445060175e-02
-7.962869711879497214e-02
-7.973751238752435633e-02
-7.978415063030673549e-02
-7.958487880361994615e-02
-7.973132365142714117e-02
-7.988211183936436144e-02
-7.954744734328943190e-02
-7.972296134868339657e-02
-7.959530621442836851e-02
-7.959132012819233881e-02
-7.981412715427733950e-02
-7.978779154087216330e-02
-7.961852822674707342e-02
-7.961668847044227337e-02
-7.963041132919039533e-02
-7.967350376721969718e-02
-7.963529988981568608e-02
-7.978387097551668805e-02
-7.966484668840576044e-02
-7.969470238156819986e-02
-7.962156734129781366e-02
-7.961767876042971648e-02
-7.985931958522751728e-02
-7.961579591250803056e-02
-7.984606805728998447e-02
-7.952930261294517689e-02
-7.984192779166154885e-02
-7.968190014817079503e-02
-7.966987743497802588e-02
-7.973089599636551394e-02
-7.980705436609539238e-02
-7.995380735510883297e-02
-7.976835809538866673e-02
-7.975618012632290643e-02
-7.973096317094068020e-02
-7.966001177756111551e-02
-7.962273825827506646e-02
-7.965291301563101611e-02
-7.973345376004394025e-02
-7.964734615637751591e-02
-7.956112310925092523e-02
-7.980410385815704666e-02
-7.977850477729951650e-02
-7.975680068347082430e-02
-7.960502568922632471e-02
-7.963187416216278847e-02
-7.965060250930802721e-02
-7.958694954231661234e-02
-7.956078811545909402e-02
-7.978220695145352148e-02
-7.972912629791413519e-02
-7.968258640610993704e-02
-7.974839249273758812e-02
-7.970064413470177855e-02
-7.980333342878558056e-02
-7.970437987208486841e-02
-7.949215258149033847e-02
-7.960594293908308805e-02
-7.968581013233867749e-02
-7.983783275063462137e-02
-7.969120525018739964e-02
-7.975685465834703169e-02
-7.973477407347638601e-02
-7.963818323710650238e-02
-7.958249669972958240e-02
-7.981456276423989915e-02
-7.971113289297056259e-02
-7.977882739135332135e-02
-7.954254070599429960e-02
-7.962563628976586372e-02
-7.983940892719051940e-02
-7.971842691956657068e-02
-7.975159714488708196e-02
-7.972576497283424823e-02
-7.978418202327022812e-02
-7.975764029856183268e-02
-7.972388703939316257e-02
-7.977423914455293585e-02
-7.980236782092160752e-02
-7.972510240456094632e-02
-7.971187730118016457e-02
-7.961206873456669331e-02
-7.972950463968131452e-02
-7.968305678502544953e-02
-7.979449632270448067e-02
-7.973402464879154883e-02
-7.965002537314488928e-02
-7.971875744471150493e-02
-7.974606467046517488e-02
