5.768603830807889077e-01
5.818161839856627049e-01
5.797297309182732894e-01
5.768986861530704946e-01
5.761894231829691737e-01
5.770999970658138301e-01
5.771410972820530949e-01
5.743264924704262198e-01
5.772028868695527892e-01
5.761644657824425142e-01
5.754899781887470311e-01
5.790263570231566348e-01
5.738878056679348472e-01
5.767889351619019944e-01
5.767681743791575055e-01
5.780106762049054270e-01
5.798987551671405116e-01
5.781690888932592420e-01
5.742085836481330974e-01
5.747651308712791174e-01
5.789082458216160409e-01
5.735997043925900041e-01
5.732969149447332269e-01
5.783148634148599365e-01
5.750919427367650050e-01
5.766308855319602911e-01
5.763648942205941150e-01
5.740677763047367099e-01
5.769363779601007769e-01
5.727856049775182923e-01
5.772552356839879550e-01
5.727020921952121757e-01
5.731864608173348197e-01
5.756199770994344656e-01
5.760153322372086881e-01
5.765599657950856161e-01
5.713007193818289142e-01
5.723585592304557546e-01
5.722162510479059661e-01
5.705742510998494943e-01
5.703278417206893991e-01
5.731146332055450099e-01
5.731710857318920160e-01
5.704410906844306073e-01
5.744427815642286772e-01
5.721637992609126533e-01
5.734293144767185213e-01
5.730664135955141347e-01
5.714866820923132362e-01
5.702009359237595332e-01
5.735615662304675011e-01
5.726867271617702704e-01
5.729569278576439606e-01
5.704517566645955773e-01
5.696703738046550169e-01
5.741665437371994418e-01
5.739280120409958608e-01
5.714638176449955420e-01
5.691181100184231623e-01
5.731745034672938166e-01
5.733871130266081639e-01
5.722091237674177266e-01
5.756868294601470426e-01
5.721088810662774415e-01
5.722599741586155142e-01
5.701127062326640793e-01
5.720277677188273513e-01
5.705649250961920549e-01
5.693020058470220635e-01
5.720323517989841511e-01
5.703372010450995511e-01
5.700098579539863985e-01
5.725533797917758960e-01
5.706818141510305864e-01
5.705559586846464804e-01
5.686451127057442489e-01
5.721009244838458629e-01
5.724183250099379450e-01
5.713895109241725612e-01
5.713527456296146889e-01
5.703781837604312566e-01
5.706856344566922923e-01
5.707971674037568555e-01
5.719647835443562034e-01
5.697741677520583581e-01
5.679214867768912489e-01
5.710356081705471043e-01
5.695840632706949958e-01
5.718732159730539610e-01
5.693406491633662414e-01
5.690537339058655553e-01
5.703998494357850335e-01
5.702854123128767716e-01
5.706953313441249787e-01
5.716671504333943332e-01
5.694245195902762902e-01
5.698839427950226355e-01
5.699222525785544446e-01
5.699196313791121682e-01
5.710392777228817662e-01
5.696475686333162258e-01
5.684095121607569689e-01
5.699453221774699596e-01
5.696029539116128637e-01
5.690126137471503975e-01
5.701864708067437837e-01
5.695392001444856689e-01
5.696296185500967502e-01
5.680195417686814130e-01
5.696639370987870432e-01
5.708887547274289487e-01
5.693327705108358616e-01
5.697076743193162374e-01
5.699017736081947172e-01
5.695508156934576682e-01
5.695472425256609128e-01
5.692421462043454339e-01
5.700593823406444605e-01
5.686791938809976354e-01
5.697137490332770948e-01
5.696611680392694721e-01
5.703507442365938207e-01
5.696643859440400082e-01
5.701133446253818793e-01
5.699958744376971698e-01
5.696107357240730584e-01
5.688117740389259103e-01
5.683381143687771253e-01
5.693533329680398047e-01
5.690448804352775669e-01
5.706709104189177095e-01
5.688440266878399543e-01
5.688625917993551662e-01
5.690503653485686764e-01
5.678051965712119786e-01
5.687991074927907231e-01
5.690774330538290737e-01
5.688962666157652004e-01
5.686895388031397713e-01
5.672395747542163802e-01
5.684625986433353706e-01
5.699680755933957954e-01
5.691733959844124113e-01
5.698180716146659108e-01
5.695870656920175579e-01
5.684829095746132266e-01
5.689891706825925821e-01
5.696836012030399576e-01
5.700369700287266639e-01
5.697132316860048507e-01
5.696727192703754383e-01
5.691271016918214576e-01
5.704751359517991061e-01
5.695100283984417811e-01
5.685720665556557307e-01
5.697917274417029221e-01
5.684125881921000545e-01
5.697036858827827510e-01
5.695004492436516186e-01
5.709719469826490812e-01
5.708038979636032018e-01
5.698691091802120523e-01
5.706615440501069392e-01
5.698660088387044187e-01
5.704831920300642567e-01
5.674513223653195881e-01
5.697147733147195359e-01
5.698005457631668547e-01
5.703330853517935006e-01
5.697983444504883810e-01
5.707825867665067276e-01
5.693651248572805246e-01
5.697904659547023964e-01
5.690777905437156559e-01
5.701852822625567141e-01
5.695457336915504820e-01
5.704314557644052375e-01
5.712767935928979579e-01
5.693335747068164476e-01
5.697038813793455780e-01
5.689259275664138027e-01
5.692729861127937552e-01
5.695917953643948595e-01
5.694097548958673149e-01
5.694689345700465477e-01
5.692876254666165980e-01
5.691234749976543661e-01
5.693782599212299234e-01
5.709066261610231674e-01
5.687060769101653923e-01
5.686808044427634767e-01
5.693267521339188120e-01
5.690991130808369380e-01
5.692834298330946563e-01
5.698051561443987501e-01
5.692350926200479000e-01
5.703255836810302570e-01
5.702377169112492483e-01
5.692918633485295477e-01
5.696785581271331944e-01
5.700505119939165422e-01
5.702487161101047475e-01
5.694320033648446744e-01
5.687311281515531336e-01
5.691750149624124067e-01
5.694484975661993076e-01
5.694799646484739464e-01
5.689063942113276040e-01
5.686830644428255699e-01
5.684337541261491600e-01
5.692561599102049508e-01
5.688103991826337635e-01
5.695430903037091985e-01
5.695499455312480475e-01
5.707334197554857491e-01
5.699457101710605489e-01
5.693440681436847672e-01
5.702870814482493556e-01
5.685244996693669117e-01
5.680186351345815066e-01
5.698210345827866563e-01
5.695294059425011213e-01
5.684464798712320910e-01
5.698123101133258928e-01
5.700560087217581007e-01
5.690282007010738496e-01
5.703618370084717615e-01
5.693519835592003586e-01
5.694208134239457930e-01
5.695975993469414300e-01
5.693866765319490764e-01
5.697581979851760181e-01
5.697443491920841652e-01
5.703485055384777125e-01
5.695280405522525902e-01
5.691933767149449652e-01
5.709431049076016951e-01
5.697689386957126567e-01
5.691317308313007528e-01
5.684338521928218313e-01
5.693380043698204052e-01
5.696857687804062209e-01
5.701608676129630293e-01
5.692978037195909335e-01
5.691759084736105478e-01
5.697063789690350877e-01
5.682941633836574580e-01
5.695367097617448637e-01
5.682954549004363143e-01
5.709904067433472230e-01
5.699413314064730729e-01
5.682428827360804791e-01
5.700492300068679130e-01
5.698268883885033720e-01
5.694653261787829823e-01
5.682206612288409620e-01
5.676587132641447431e-01
5.690519289811505343e-01
5.695221135108866628e-01
5.703275796846508650e-01
5.694244490894612154e-01
5.682424550035075628e-01
5.680392349246233819e-01
5.682432392530437637e-01
5.708297860231054122e-01
5.692769770799506190e-01
5.679115724568152279e-01
5.688073006501798146e-01
5.695470619117252165e-01
5.693076197282971318e-01
5.699064699688273228e-01
5.695999802061768591e-01
5.700867457786130688e-01
5.689303269264137652e-01
5.693768112444651530e-01
5.689880370561851697e-01
5.697309863194071067e-01
5.696140278414335567e-01
5.702091866854228641e-01
5.690279990653663855e-01
5.689602170725308605e-01
5.691855818143672918e-01
5.700982474090051655e-01
5.685558525981874167e-01
5.708591214341350861e-01
5.688057490626896584e-01
5.685922769188772596e-01
5.694890782560995124e-01
5.673767370256685982e-01
5.696309557101054688e-01
5.697916867229696480e-01
5.691177723378493258e-01
5.696489460334245303e-01
5.684664820494073068e-01
5.678431773464548415e-01
5.706326747300937141e-01
5.693483690121761143e-01
5.688503316004351884e-01
5.694151020382793860e-01
5.692385176932048818e-01
5.681662096347721569e-01
5.695573538680070991e-01
5.689888073551728764e-01
5.699549443335191201e-01
5.680617027062372371e-01
5.696545888417626768e-01
5.696034594889091141e-01
5.697828531241282413e-01
5.691967535373251286e-01
5.698971951167502992e-01
5.705419321814663158e-01
5.689692715319952798e-01
5.682186976069535378e-01
5.673364017910446089e-01
5.695143343914597089e-01
5.683370547584855048e-01
5.704226438771881069e-01
5.689683324082618343e-01
5.690723778211029815e-01
5.690063713266797496e-01
5.701296183325059719e-01
5.697589828475460028e-01
5.686308255192230598e-01
5.678692269677493298e-01
5.675943635718240232e-01
5.688861251047050427e-01
5.704557290291810689e-01
5.700055385893382232e-01
5.686604516510808116e-01
5.698196752217866701e-01
5.685831996648824660e-01
5.700680647902294229e-01
5.700597113485386114e-01
5.697805914115825487e-01
5.679454755755074524e-01
5.702652590910863850e-01
5.695783235675060396e-01
5.688502027441065811e-01
5.693223612734400474e-01
5.695637504369551740e-01
5.702195965580919568e-01
5.695535666540122444e-01
5.685938357519871866e-01
5.680695742382653179e-01
5.711683207412845409e-01
5.700784914315655261e-01
5.690866181486130548e-01
5.683729593718693796e-01
5.700398147950419547e-01
5.696196481439814718e-01
5.697534280065190693e-01
5.700074995437315328e-01
5.693189722161851041e-01
5.695936605817537579e-01
5.694313036413369833e-01
5.695360406753932070e-01
5.699841734513878544e-01
5.685523791873999810e-01
5.689830786901401982e-01
5.695553816457705754e-01
5.697532740330781831e-01
5.686177504775108416e-01
5.693469910012275426e-01
5.695333388706568245e-01
5.686794743871719238e-01
5.702512262112824359e-01
5.698222527142571270e-01
5.692364872938849851e-01
5.687291007669721399e-01
5.689793043158848374e-01
5.673910770017706051e-01
5.690791780539681266e-01
5.671204045415177974e-01
5.682562974412876944e-01
5.696420739056349269e-01
5.700894438771297867e-01
5.689171630454640249e-01
5.689533715316389406e-01
5.697104668618970802e-01
5.694990726083292154e-01
5.682164067398332019e-01
5.696454814011230328e-01
5.696063839597097500e-01
5.695595198966690864e-01
5.687491239293238632e-01
5.702197338739998234e-01
5.682402121166656439e-01
5.688483610261466650e-01
5.688567387469800618e-01
5.683846257485848374e-01
5.690628679407800927e-01
5.687530090855700271e-01
5.694275349746111825e-01
5.702036606823517317e-01
5.698888963074127956e-01
5.686576447831137582e-01
5.697381673725627760e-01
5.698784062087499658e-01
5.691866321880902913e-01
5.688648489117736906e-01
5.693792652095044371e-01
5.684665106696699111e-01
5.690739805761536596e-01
5.691781884619532272e-01
5.701538305857677402e-01
5.690768581158732742e-01
5.697920175356894212e-01
5.695182965108049888e-01
5.694350436978931063e-01
5.686174052186474537e-01
5.698196846838973206e-01
5.688376334717031302e-01
5.694724548919334328e-01
5.691953396486276739e-01
5.682317082536793018e-01
5.686672978792769451e-01
5.680415550125027524e-01
5.693718783302781361e-01
5.690875247872808629e-01
5.698618186682754549e-01
5.696482169858627653e-01
5.695691409140481998e-01
5.686205707035763002e-01
5.693562834185954546e-01
5.691890361291500611e-01
5.695786372090962946e-01
5.685750029322856891e-01
5.682017286815704837e-01
5.697829414350359389e-01
5.700793810894552172e-01
5.702239170961778125e-01
5.698106592448098917e-01
5.699841966195152709e-01
5.685095632588242909e-01
5.696470646410807248e-01
5.683274995552741737e-01
5.697767786700815851e-01
5.688444282727368462e-01
5.693235820629825028e-01
5.691206296115650654e-01
5.694833785846032947e-01
5.693310423613067162e-01
5.702075578437331149e-01
5.703165500919118447e-01
5.708832085093413777e-01
5.691506255965415040e-01
5.687925105823732341e-01
5.698756244067147980e-01
5.680526263598072445e-01
5.693897358946198306e-01
5.686999014671837438e-01
5.705296818748174514e-01
5.691493847585685772e-01
5.688053055868129704e-01
5.693870970006342791e-01
5.681385972690277120e-01
5.696883090866017296e-01
5.691710682850640302e-01
5.698736393077734608e-01
5.694002371938877705e-01
5.688215163684497977e-01
5.689075079710609328e-01
5.689914510424969318e-01
5.687671745394663469e-01
5.700035784250079285e-01
5.702404632662737560e-01
5.689523942921096422e-01
5.694401972457979744e-01
5.698118685782176396e-01
5.686863780144701952e-01
5.689856889197758560e-01
5.678746650192003642e-01
5.698525866696380060e-01
5.681016148353826845e-01
5.693899572645052531e-01
5.698085515019163383e-01
5.690662164125582789e-01
5.691600967629903973e-01
5.687553299012469976e-01
5.683047263193343746e-01
5.687136496543312436e-01
5.684596553793183071e-01
5.677780713479035901e-01
5.698777796165979126e-01
5.703447686283614759e-01
5.678175080335476910e-01
5.712162143905835654e-01
5.689479472191126819e-01
5.673366926421057332e-01
5.689816353416157213e-01
5.696122032898000009e-01
5.695272696123672151e-01
5.689415349620767781e-01
5.686521024053085016e-01
5.672145277025435472e-01
5.692977743012599401e-01
5.688244455268461897e-01
5.694359789616671996e-01
5.700556217110110957e-01
5.691877986482591911e-01
5.688705169728008881e-01
5.707015057661585233e-01
5.694165934619014324e-01
5.681390236452409370e-01
5.687827203600585024e-01
5.691183487344859682e-01
5.688133454976453951e-01
5.695471014123958398e-01
5.701014369294453710e-01
5.700090480134362148e-01
5.690157710178592732e-01
5.684874637256993601e-01
5.687771479748690018e-01
5.703454917191059792e-01
5.679950059975147347e-01
5.696489589551394506e-01
5.696018308465753410e-01
5.689490566904156221e-01
5.686682784182190975e-01
5.700033668092887584e-01
5.688978298400647615e-01
5.683871156186234286e-01
5.692607001471164940e-01
5.694074391833020554e-01
5.690379902819010516e-01
5.696597553335599473e-01
5.695700672538991371e-01
5.640336080295222931e-01
5.697598235876579764e-01
5.693582786124927742e-01
5.696543577358796906e-01
5.682612383063493366e-01
5.692328959155347201e-01
5.693935964404499561e-01
5.690825831673050894e-01
5.693784490531333953e-01
5.698323748944466027e-01
5.697158029694812109e-01
5.678469969522742522e-01
5.688752998202718514e-01
5.693058533509040009e-01
5.683630517521146563e-01
5.677735991814522043e-01
5.693059761140042419e-01
5.684060850468480863e-01
5.685053719568501363e-01
5.695471565536001091e-01
5.689644442520808143e-01
5.698608910368526681e-01
5.689567081440446428e-01
5.690358044630681178e-01
5.688322233770760628e-01
5.690632867775066162e-01
5.692631784343739065e-01
5.688247507419637028e-01
5.691533639285356605e-01
5.695928468378321785e-01
5.674301570186184307e-01
5.688285640706141066e-01
5.663543321189709046e-01
5.692155753301388899e-01
5.686433441528024879e-01
5.686942320931069883e-01
5.695598874704873582e-01
5.686067874145289691e-01
5.691938426221334613e-01
5.691181216589240588e-01
5.689362363407922674e-01
5.697149345826258982e-01
5.696682425056356358e-01
5.694551979516330187e-01
5.693826967974940922e-01
5.685920350636824994e-01
5.689775381478410221e-01
5.694018155972335737e-01
5.696215624262274124e-01
5.694395569294579129e-01
5.699635154812673354e-01
5.694636284622313083e-01
5.685574195031658506e-01
5.692026820098917694e-01
5.694940373751189444e-01
5.691136147129998157e-01
5.705670340622067682e-01
5.693584048897726291e-01
5.694531455220938065e-01
5.684800630715381997e-01
5.695604503837761179e-01
5.687594645790076120e-01
5.693456361092860130e-01
5.690611333225209512e-01
5.694805558718808447e-01
5.694698429280917740e-01
5.690789013813150055e-01
5.690990034087451965e-01
5.687714247456953087e-01
5.685003547675334667e-01
5.677341596586741312e-01
5.683750609845245050e-01
5.687314955358699908e-01
5.688406536969956573e-01
5.692087029753890581e-01
5.684473617165758386e-01
5.687192906475388998e-01
5.688823384045986753e-01
5.693154470633039477e-01
5.675045212212347367e-01
5.689214167370562070e-01
5.694027354941185726e-01
5.685183313887751666e-01
5.687049522052840533e-01
5.693606158564329389e-01
5.704537025741061029e-01
5.687090189965491316e-01
5.700497375517833420e-01
5.686339736100053388e-01
5.705922523094778542e-01
5.693976867587694501e-01
5.690899676703515819e-01
5.691148999443805812e-01
5.702838189646499689e-01
5.692512842754305913e-01
5.690450572211012137e-01
5.684728478039000610e-01
5.699036215590187471e-01
5.698482101102898545e-01
5.693644099576042894e-01
5.692257020832397485e-01
5.692653187553243788e-01
5.688915646409432592e-01
5.695697136815119910e-01
5.697186736887622782e-01
5.687230272541879961e-01
5.680749536488950424e-01
5.710476902727160686e-01
5.694004575022549863e-01
5.687996124792078501e-01
5.687644290754975129e-01
5.686681503277036809e-01
5.688166732035787598e-01
5.687008716150958598e-01
5.691523021315723074e-01
5.698004564301373254e-01
5.683993818650943108e-01
5.695948548497780095e-01
5.694747153034578346e-01
5.693400295325209415e-01
5.698250957147840134e-01
5.692895681498989502e-01
5.691114381066002537e-01
5.694228905076732516e-01
5.691340462522344046e-01
5.703197398028166942e-01
5.692951125122760470e-01
5.674913301106747632e-01
5.697834843361013757e-01
5.692432314664127579e-01
5.687722000992233573e-01
5.686624907560288156e-01
5.691767136745337075e-01
5.676946707870987874e-01
5.691813435528932930e-01
5.691184195227985132e-01
5.676314990177606656e-01
5.691295737766748353e-01
5.691231563057642662e-01
5.702223049151334822e-01
5.694292517848548174e-01
5.699479006218649557e-01
5.697459217444353907e-01
5.698466783570322880e-01
5.681990317583613948e-01
5.693018695696007159e-01
5.687913832036290973e-01
5.697910133113411879e-01
5.690737410234462113e-01
5.694813267330965934e-01
5.692241763434378043e-01
5.685170388857112567e-01
5.684993542137340983e-01
5.692486919016874758e-01
5.685281694857871049e-01
5.689840051714374347e-01
5.684884415707802674e-01
5.683157315739849613e-01
5.681265477907475603e-01
5.679009004679969053e-01
5.691184613884638921e-01
5.703967584403326629e-01
5.705323419585468514e-01
5.704121780294248989e-01
5.695000580672393564e-01
5.678583747092571521e-01
5.688545513502017981e-01
5.699752148620029768e-01
5.684318945175541593e-01
5.701438952861515030e-01
5.681324423801863421e-01
5.699348538151066679e-01
5.684017693529976878e-01
5.688403414062989105e-01
5.691948674851626810e-01
5.692353708180913907e-01
5.691356482748579637e-01
5.690224942329821234e-01
5.697667860185481326e-01
5.697688767392881104e-01
5.675149363323314100e-01
5.693762209495608628e-01
5.688768594216562224e-01
5.698079561995752496e-01
5.686899804509853995e-01
5.694197458258100086e-01
5.679057894138269669e-01
5.687813154466258014e-01
5.695569825227009275e-01
5.689333316577694921e-01
5.687198746995262288e-01
5.691021410760048749e-01
5.698008837266288484e-01
5.692234458404482611e-01
5.691834176360430764e-01
5.701758142653300387e-01
5.694997594142837682e-01
5.689395542488517865e-01
5.690258939266842342e-01
5.697635643583977005e-01
5.682667521505082586e-01
5.689339770485775105e-01
5.682118620998184433e-01
5.696449253569018101e-01
5.694370190754650674e-01
5.690278936540738020e-01
5.678756499616824938e-01
5.693163119185212784e-01
5.696649732910046282e-01
5.694023922848113761e-01
5.694434192078722257e-01
5.678757144707669013e-01
5.696446533218666453e-01
5.693572664739851019e-01
5.694321720945876297e-01
5.675049849026062576e-01
5.691518158406749794e-01
5.699337529539864056e-01
5.672511081867103178e-01
5.679770305371397709e-01
5.693805027316427569e-01
5.707223462766916056e-01
5.688891568450745728e-01
5.698662459550147830e-01
5.703044218187602876e-01
5.693711349819520207e-01
5.695050565108386031e-01
5.703502740946977401e-01
5.694940315436189948e-01
5.702472037555360584e-01
5.698155573564359644e-01
5.708384447632457448e-01
5.689639376021916606e-01
5.695785823991872387e-01
5.695139885408753155e-01
5.689024754562764796e-01
5.698411220423124091e-01
5.690117307055647666e-01
5.698256990014967105e-01
5.696218985144927416e-01
5.690923901313004185e-01
5.694411395802951859e-01
5.696669185475758956e-01
5.697428041230986340e-01
5.679119772140471811e-01
5.691135332486861875e-01
5.691392512571553652e-01
5.691159902787096270e-01
5.690618290808896473e-01
5.688240216585447317e-01
5.694116691779947947e-01
5.684739732839659831e-01
5.696303757837772874e-01
5.692191957709137329e-01
5.686858682173275836e-01
5.694905286580486115e-01
5.695535876076122106e-01
5.695502228624388374e-01
5.690910225236988085e-01
5.711445635414955646e-01
5.679316766030627628e-01
5.698159937833512378e-01
5.693821237836952376e-01
5.689784079132643724e-01
5.693529553919826069e-01
5.690627209253441565e-01
5.697731240490148119e-01
5.694198342998519902e-01
5.692825629226585527e-01
5.683740309664371271e-01
5.685984227977718408e-01
5.690520776830056970e-01
5.701792636922073942e-01
5.700278120859009201e-01
5.690894399997905584e-01
5.683619025935183755e-01
5.689889022843216404e-01
5.693963015875317391e-01
5.695909895756002816e-01
5.694078060570463284e-01
5.700906130353821100e-01
5.698611666454220792e-01
5.694220296837370077e-01
5.690372248575741310e-01
5.716312681916229099e-01
5.711779128047893561e-01
5.685428631829739787e-01
5.690743877305731724e-01
5.693223455324776250e-01
5.700528062021863462e-01
5.694326423441365970e-01
5.685572519986162865e-01
5.689005242583536903e-01
5.695760046365088147e-01
5.692687760950364551e-01
5.693976346666376198e-01
5.689044462698137350e-01
5.682630760503585288e-01
5.693960259361502407e-01
5.690293577854452778e-01
5.688457426145684392e-01
5.692507500217860450e-01
5.685181196896080813e-01
5.707657060165037821e-01
5.688100360787038401e-01
5.693293867098032646e-01
5.681994082913160993e-01
5.689396344208136336e-01
5.695401032353893944e-01
5.698135930172736341e-01
5.702038427234308315e-01
5.670650445424769703e-01
5.690889868647025507e-01
5.688622967791022722e-01
5.685293234625966585e-01
5.702069017416249164e-01
5.709438096838501675e-01
5.690513253315490072e-01
5.685165974081058948e-01
5.690572545190788478e-01
5.688131846937982683e-01
5.697993196867121579e-01
5.689756938652829055e-01
5.694211106181025217e-01
5.693856743172186485e-01
5.697040237956946251e-01
5.690085873698677021e-01
5.696607972228830974e-01
5.685048439513420426e-01
5.694960740405371480e-01
5.692880047931971887e-01
5.682481848131134550e-01
5.696056589758194955e-01
5.696175369378118081e-01
5.690511771521675755e-01
5.688796847058010808e-01
5.687493229252768012e-01
5.702896434270557924e-01
5.696556583180463207e-01
5.628071004839803049e-01
5.693669746081165828e-01
5.684277548741779595e-01
5.690817130854713968e-01
5.690659001997440125e-01
5.700085232168239369e-01
5.698862153939933117e-01
5.684338882370044699e-01
5.689218677010315917e-01
5.697843600806890008e-01
5.695535014226799087e-01
5.696195948497246864e-01
5.692602565722604258e-01
5.685330436710049895e-01
5.704074938110244020e-01
5.697761762441947431e-01
5.688382797871187613e-01
5.692589409181564308e-01
5.682697598399061301e-01
5.687947273117328617e-01
5.690620182231471702e-01
5.677145266469639795e-01
5.696670073522137612e-01
5.689262695442430795e-01
5.694931629026621644e-01
5.694178403292493584e-01
5.696278328275770075e-01
5.697167108189667983e-01
5.694419784413301544e-01
5.693963920339760731e-01
5.695703201069860500e-01
5.693111418593103101e-01
5.690135997942579182e-01
5.692302356123316587e-01
5.692531346852011120e-01
5.691481491724686981e-01
5.696852388690041291e-01
5.693407877418327212e-01
5.696738799052247781e-01
5.696331396636609146e-01
5.694448241400392741e-01
5.698178304683366724e-01
5.698163763676575844e-01
5.701114342736254281e-01
5.696848083846468569e-01
5.677588712305151608e-01
5.697064779816701785e-01
5.677776905411363595e-01
5.681286931005631313e-01
5.689762624606183872e-01
5.687958059418808388e-01
5.690480881837673977e-01
5.669886858099746352e-01
5.679540000035875336e-01
5.680116322200345902e-01
5.700464204944662994e-01
5.684874602861490489e-01
5.686534936388348838e-01
5.697898520069843986e-01
5.698436549629150027e-01
5.699413241094583027e-01
5.693312444699053509e-01
5.705877857240374551e-01
5.686713616843910302e-01
5.695646967621459389e-01
5.694099355909953974e-01
5.696686238277102188e-01
5.689901111635236042e-01
5.689769467907892508e-01
5.703433835364417614e-01
5.699019237047503461e-01
5.695727851662815144e-01
5.680597006138869975e-01
5.691170717038387394e-01
5.692190508707622998e-01
5.692004724278103556e-01
5.684622121625928504e-01
5.689768784789455136e-01
5.686606570558787599e-01
5.698049479772500092e-01
5.687258755810649102e-01
5.705066587170105619e-01
5.697470097040334691e-01
5.691641530373556801e-01
5.688962262759611477e-01
5.701626691169086047e-01
5.685144925178865494e-01
5.694487303175945758e-01
5.694812631192701646e-01
5.677402630115842008e-01
5.692960877041032264e-01
5.700461273725130340e-01
5.694799696910793907e-01
5.696156819793330994e-01
5.687906996647817959e-01
5.689323270239946551e-01
5.694957540683289743e-01
5.689102377675120392e-01
5.690244452278776510e-01
5.698565615129685957e-01
5.685604790119972440e-01
5.686635825358259400e-01
5.691442842119398549e-01
5.685925862750818016e-01
5.699952377440987705e-01
5.694031830482267909e-01
5.685069463200960183e-01
5.697004303560805338e-01
5.696314276730277681e-01
5.693877353422925891e-01
5.700059733359549297e-01
5.692324309452129194e-01
5.697550153413508678e-01
5.691399574671234252e-01
5.685162131578465061e-01
5.688971714243924449e-01
5.696638562916004345e-01
5.688787577889753422e-01
5.694321572059891645e-01
5.693766518924647801e-01
5.688293651747368118e-01
5.699510555180804516e-01
5.688846302737257110e-01
5.687531852194392945e-01
5.684076893802877395e-01
5.693692949985090790e-01
5.687794990263462802e-01
5.695448524581332439e-01
5.677559275869058508e-01
5.669575282642096425e-01
5.699942139787304018e-01
5.686185631128586326e-01
5.679469388701905430e-01
5.697475115126919842e-01
5.692261077739367847e-01
5.690237244618590040e-01
5.695692289092239013e-01
5.695468075307593692e-01
5.693969724473970651e-01
5.691816729577365841e-01
5.696297233994537246e-01
5.694368150831149444e-01
5.694257757007885612e-01
5.693370964300975556e-01
5.694373672956710708e-01
5.686588556594325272e-01
5.699769580181762718e-01
5.695800891539288813e-01
5.696749372000243783e-01
5.694398917811738237e-01
5.688189444652592686e-01
5.688988679999779086e-01
5.701429003342449731e-01
5.688893452778007731e-01
5.699104451010839067e-01
5.680041706062765039e-01
5.693925446082673814e-01
5.691822514009621248e-01
5.693047692005615001e-01
5.692739943633311483e-01
5.689424411378287694e-01
5.699175927220284654e-01
5.694732452670784317e-01
5.684235547396496724e-01
5.685013965963274796e-01
5.679695239376661986e-01
5.697617988515408793e-01
5.692617178441171655e-01
5.692912616108809498e-01
5.702408540614981591e-01
5.690843186191941738e-01
5.685630311937471815e-01
5.692434791722511545e-01
5.694518189632871152e-01
5.689282680052845098e-01
5.688558850255980293e-01
5.696935118040623580e-01
5.685350199640260005e-01
5.681349002753756094e-01
5.689718285819133081e-01
5.693083390816034983e-01
5.687630683043086721e-01
5.700568715153779831e-01
5.696871163790894199e-01
5.689464634769897389e-01
5.689577642998538964e-01
5.691784753321574852e-01
5.699147960666205437e-01
5.702579794438367156e-01
5.703689784848796629e-01
5.682565033457306347e-01
5.693342638024675439e-01
5.693352566605585086e-01
5.691536284107101551e-01
5.693647164903926639e-01
5.696870178698117959e-01
5.701205197592468243e-01
5.693838055570615841e-01
5.697419969152737185e-01
5.693590859945865112e-01
5.691221777464795517e-01
5.693045603442330460e-01
5.693650989199257051e-01
5.689841000626635337e-01
5.704153580845705562e-01
5.691798090971659230e-01
5.687317244927481141e-01
5.696567659313964693e-01
5.675889515377092742e-01
5.682759163151601678e-01
5.688615565598527102e-01
5.696206022964611648e-01
5.689854790558402931e-01
5.692217323555738284e-01
5.695731666655262648e-01
5.696360088429076596e-01
5.679812696149394435e-01
5.699296217115337182e-01
5.688471572462786563e-01
5.684270093755147135e-01
5.699067328672093868e-01
5.698701363429348188e-01
5.688538691215337950e-01
5.688962538620884191e-01
5.703201161936248820e-01
5.701941402597150432e-01
5.695944509037428327e-01
5.644130186411552286e-01
5.686596290606737991e-01
5.693884254622265662e-01
5.700246235272322659e-01
5.689055676979363207e-01
5.694609323286213831e-01
5.680555281380088584e-01
5.691554755708410074e-01
5.692947808556880762e-01
5.687966760520933862e-01
5.689358540520348395e-01
5.689553706293823954e-01
5.689184502881402539e-01
5.690521898563186687e-01
5.684987222778729032e-01
5.687372708037746749e-01
5.708058758076678396e-01
5.696359055691251339e-01
5.694720756683145924e-01
5.696791370995681891e-01
5.652962248017819880e-01
5.697707293139793183e-01
5.668367607960488330e-01
5.700629366754521588e-01
5.695812926855893243e-01
5.690502353802175950e-01
5.700178325075597741e-01
5.686914985666707834e-01
5.693619518597524687e-01
5.700230834821812254e-01
5.693855541093144623e-01
5.694144368395133160e-01
5.682769245522442114e-01
5.689638044135397754e-01
5.698117846856050051e-01
5.683154249017461357e-01
5.688346322509337805e-01
5.693056192839410778e-01
5.685842190321163114e-01
5.689657923209695545e-01
5.698965146586963959e-01
5.696427156137413572e-01
5.696080599519273147e-01
5.695627602694002256e-01
5.695452815175822137e-01
5.693394113307839177e-01
5.689537664892282409e-01
5.696108083250926990e-01
5.692231482873365556e-01
5.700539868749086025e-01
5.680123236251419794e-01
5.695171533956336907e-01
5.690363028511630228e-01
5.697277028934101262e-01
5.692075891377338381e-01
5.690724284961916624e-01
5.692602970368316750e-01
5.677265182478509198e-01
5.703873629341664753e-01
5.688373846535060840e-01
5.696311238627920215e-01
5.693080798006846521e-01
5.686433293337349593e-01
5.693307582489675056e-01
5.693365906651811637e-01
5.705825990577966245e-01
5.698408273756343512e-01
5.686354454508626421e-01
5.698606771018409622e-01
5.691895513586872069e-01
5.690007579104413571e-01
5.691932113990176845e-01
5.693222862263039863e-01
5.697281261044591094e-01
5.693145540870184762e-01
5.690707043207440252e-01
5.703025914926959095e-01
5.681980112157078988e-01
5.678538294517107010e-01
5.692455199861303772e-01
5.697742006919442881e-01
5.693917097391137938e-01
5.693311669182182788e-01
5.697256263360371831e-01
5.691480368864909600e-01
5.686943035747009656e-01
5.699205615585435369e-01
5.703890443955971223e-01
5.700807078593542743e-01
5.695373664312761708e-01
5.688423765569415869e-01
5.687568198700898581e-01
5.684885234989789371e-01
5.694569543894022479e-01
5.681428593979654940e-01
5.689553250818188967e-01
5.691066198727504633e-01
5.690467896732017694e-01
5.686426191577665934e-01
5.690754870598471182e-01
5.697122088218148361e-01
5.692233771226428152e-01
5.684935013765105571e-01
5.683236372104469858e-01
5.701897196820590041e-01
5.694764491068623480e-01
5.692276757576034685e-01
5.691089183326685230e-01
5.702507301337964574e-01
5.685165757584391688e-01
5.690726981050970856e-01
5.685119314733630969e-01
5.696653345080803232e-01
5.689145828803272575e-01
5.695155739014908791e-01
5.689629306891786920e-01
5.695774835523607083e-01
5.704183011302854656e-01
5.679868123706255378e-01
5.686238402093073407e-01
5.683104649178248868e-01
5.694265842720019899e-01
5.690346160113043394e-01
5.688246340175153737e-01
5.699842557003691468e-01
5.689031389375537318e-01
5.681284761379831183e-01
5.684992380522115862e-01
5.694229512945909732e-01
5.688741446889140629e-01
5.684357043818246691e-01
5.692764859089243235e-01
5.691807389708927190e-01
5.686883091395987799e-01
5.684749891983128522e-01
5.695635401086606153e-01
5.692310633780168772e-01
5.693730477827375624e-01
5.683274317883588722e-01
5.699743687118388191e-01
5.700271240386628468e-01
5.695601388843780644e-01
5.688918185750401202e-01
5.693382280237543336e-01
5.685749331056294542e-01
5.686576072914099056e-01
5.692702984691744295e-01
5.693758717391848023e-01
5.680186414640856496e-01
5.708253013357680317e-01
5.694052631009298704e-01
5.688926425014250166e-01
5.695745081587867409e-01
5.683705107321662675e-01
5.695339111956094769e-01
5.687383232017551027e-01
5.699433886821837492e-01
5.700399834638728569e-01
5.686187560661135620e-01
5.679852836755980849e-01
5.690355579795851604e-01
5.701390328288091780e-01
5.688898362498875372e-01
5.693675736748043947e-01
5.697393787129828580e-01
5.687747408128733806e-01
5.696184725557296158e-01
5.700923937617394799e-01
5.691679111648523248e-01
5.696303018788153594e-01
5.690328647118362282e-01
5.687279911237544949e-01
5.700271483987359167e-01
5.694475044369787797e-01
5.698020677932802425e-01
5.701986103121620131e-01
5.689405476009969931e-01
5.694531220389930093e-01
5.695009467561449323e-01
5.689168932044817995e-01
5.695705484514280714e-01
5.688030431405943776e-01
5.700108738261241426e-01
5.707695992867755086e-01
5.692160598801062621e-01
5.697061893356959450e-01
5.686888097088839134e-01
5.677934396845911724e-01
5.686225843701325777e-01
5.687495271569431576e-01
5.687467478553022149e-01
5.681521363592884066e-01
5.688485063326712554e-01
5.695350222090221903e-01
5.693136297630337905e-01
5.691198833164499149e-01
5.690217661360688073e-01
5.701404169890808005e-01
5.691625448182984215e-01
5.694732548572311037e-01
5.698536900796126181e-01
5.689111943468586619e-01
5.678262291009403828e-01
5.701675620011428247e-01
5.695444481848557228e-01
5.703880723353523807e-01
5.701936559363282031e-01
5.696980819914987393e-01
5.691508132870645165e-01
5.701069557965993129e-01
5.693532736383969395e-01
5.688877920175398062e-01
5.685738903638810626e-01
5.700098502486005136e-01
5.683896106747268195e-01
5.683000183661512938e-01
5.685563906309775151e-01
5.702950024721805677e-01
5.692646289143747929e-01
5.687708444282458808e-01
5.678957385786537193e-01
5.685242782235321313e-01
5.691828790787731851e-01
5.696413678667041625e-01
5.700568253867693835e-01
5.686395565472294189e-01
5.696075575544836678e-01
5.702574020571085089e-01
5.687030344475970667e-01
5.694664136502645135e-01
5.692201481315336542e-01
5.691020139884689355e-01
5.683763311548896136e-01
5.691635880483317811e-01
5.691939082567091246e-01
5.703716031146291998e-01
5.700709770968852563e-01
5.696481099426595751e-01
5.692755207038053822e-01
5.691203070393725527e-01
5.698911375634898580e-01
5.694033694947194801e-01
5.690602035510369250e-01
5.697429620945727580e-01
5.684009179234463804e-01
5.694242481274305323e-01
5.701969035058913615e-01
5.691955439165071740e-01
5.697843488900923292e-01
5.696694987500796614e-01
5.691071733920810560e-01
5.679130830338201541e-01
5.706061294446778120e-01
5.700151155164268069e-01
5.690628197596335758e-01
5.678382968825121946e-01
5.683991774665650976e-01
5.694455919107788144e-01
5.678376170690363489e-01
5.685375247951661715e-01
5.694963772783796507e-01
5.696974201762191603e-01
5.698174564384449470e-01
5.700810387561132675e-01
5.696481255644053610e-01
5.695293924334741131e-01
5.702525438312163741e-01
5.678967664824662309e-01
5.686972761700428425e-01
5.695189776036252427e-01
5.685103759390106593e-01
5.693370699833331106e-01
5.680768003295595392e-01
5.691211815683007158e-01
5.687808829661278320e-01
5.687947121100757064e-01
5.683296518933753649e-01
5.696446576428879638e-01
5.691837195327453802e-01
5.693640541724998005e-01
5.690193949618517211e-01
5.691387518154796821e-01
5.692914271104422275e-01
5.695575311833706023e-01
5.686793857774338212e-01
5.699749148596197079e-01
5.694433120228248324e-01
5.685743773600190343e-01
5.690041676937096504e-01
5.701079140935456646e-01
5.696445617589847021e-01
5.697123820764519175e-01
5.689748921984112418e-01
5.688691386353357249e-01
5.694219461153002815e-01
5.705009971767407428e-01
5.690988689981971715e-01
5.683271573687739275e-01
5.702777324852057461e-01
5.693396224718654253e-01
5.687248201695893624e-01
5.691658540152065848e-01
5.695433211639048254e-01
5.671090320003625562e-01
5.693794464321521032e-01
5.687833192472077082e-01
5.689970375346954379e-01
5.683289055293844205e-01
5.680142013498449272e-01
5.686651812597408595e-01
5.689594264725582606e-01
5.688833459662767655e-01
5.696702092622788483e-01
5.700402006961592383e-01
5.700423169031332282e-01
5.690834938679316668e-01
5.690930153990295670e-01
5.681439766637469413e-01
5.690886664204509726e-01
5.691121980040467765e-01
5.694225796644456494e-01
5.697478528584765112e-01
5.687665370617284166e-01
5.696076977683971476e-01
5.686079563872807885e-01
5.695549395852325114e-01
5.699521792271107223e-01
5.689667245662850537e-01
5.683344426552509043e-01
5.697149419495165512e-01
5.695481639878171576e-01
5.692902533158534784e-01
5.686607401017506058e-01
5.693497420885833549e-01
5.694122274963374641e-01
5.694363581187770196e-01
5.692259698694500658e-01
5.685630887083620300e-01
5.686044809579268167e-01
5.694124165126300818e-01
5.692404418941841016e-01
5.680888909044969903e-01
5.691100237666032458e-01
5.689562895307915813e-01
5.690677974467133193e-01
5.688389217964300304e-01
5.694911947984862000e-01
5.691093831827969129e-01
5.699439518165781982e-01
5.689544485120781037e-01
5.687792467831507270e-01
5.691035565451666445e-01
5.703278361073006453e-01
5.693065632544626054e-01
5.685137954137671201e-01
5.694639795037125252e-01
5.679875944586390002e-01
5.693269516219218174e-01
5.691861013229665422e-01
5.684635422159420859e-01
5.695643825519037806e-01
5.690254506488622299e-01
5.694318316879242170e-01
5.691962465235073099e-01
5.686892541952300872e-01
5.689685800327128895e-01
5.694362022555075065e-01
5.695191535114073611e-01
5.694467001110401494e-01
5.690997466708470620e-01
5.692160831045416369e-01
5.697520656696003494e-01
5.691231157582409272e-01
5.702049846067179795e-01
5.692992356157634548e-01
5.688760576533943292e-01
5.700932096232966817e-01
5.693172500516613388e-01
5.692457175576784989e-01
5.692216459289501929e-01
5.697374564540368391e-01
5.691561321222157188e-01
5.701549879897654938e-01
5.695264960702551837e-01
5.697189612663871028e-01
5.701346912020783808e-01
5.696504015595660331e-01
5.697218853890106960e-01
5.689473466180853256e-01
5.695834866428196586e-01
5.693557645792672872e-01
5.687834598296969135e-01
5.684370913566880734e-01
5.684483923637190239e-01
5.695385082054306158e-01
5.682497353796719386e-01
5.690248195711384849e-01
5.691593781386731221e-01
5.692063103870718122e-01
5.691801971095371560e-01
5.688344218601423252e-01
5.698038145059467485e-01
5.698545636295977435e-01
5.696477301593392273e-01
5.691281333015926203e-01
5.694637267912086021e-01
5.684975746434509647e-01
5.682503492551841395e-01
5.692169336482446607e-01
5.693973217665699860e-01
5.695236323263900280e-01
5.684985196942210495e-01
5.685442064412559171e-01
5.698815197520422648e-01
5.701747881490387693e-01
5.691879005947255710e-01
5.686097416317340558e-01
5.690242932888456284e-01
5.683812871319605664e-01
5.688270485753176287e-01
5.699647845476188968e-01
5.689271711854544389e-01
5.696503094821611102e-01
5.688380208237859836e-01
5.696685329765590611e-01
5.682761852393887203e-01
5.702466748382510886e-01
5.700892820099093816e-01
5.690308553700790251e-01
5.696511136295833166e-01
5.687871880060052510e-01
5.688138369258631810e-01
5.690027872681676646e-01
5.694675032821513438e-01
5.695178478822482404e-01
5.696964564905251382e-01
5.694983250680357711e-01
5.693181433661494983e-01
5.676200799266432062e-01
5.690382765985494418e-01
5.688763007948486328e-01
5.685343664419387766e-01
5.696820154019588411e-01
5.686602684618108361e-01
5.689526733401338854e-01
5.685113769572041065e-01
5.682628853690890880e-01
5.690594477355973568e-01
5.696220747034482779e-01
5.698004628983062148e-01
5.690379306773266643e-01
5.692337829560842888e-01
5.690079392337229480e-01
5.694488638145465131e-01
5.696803906569450904e-01
5.686245754367117433e-01
5.691206164268046708e-01
5.698363805414051741e-01
5.683515076218029760e-01
5.702159930538315269e-01
5.697317882037038483e-01
5.684501095458422970e-01
5.694768045500239184e-01
5.693751173272383337e-01
5.692604047348110985e-01
5.689602854996198555e-01
5.693233244680494520e-01
5.691996265638035180e-01
5.698800089941878921e-01
5.696008413339889165e-01
5.696020930987060193e-01
5.698150232135686943e-01
5.691026099454942200e-01
5.691507269451533402e-01
5.682556795943238814e-01
5.694603686596633185e-01
5.693427077878608911e-01
5.690251610441773300e-01
5.689144107426339358e-01
5.691396663542399592e-01
5.687617897833651126e-01
5.692048280454971021e-01
5.693530660517115427e-01
5.691739676696145889e-01
5.694271401551939116e-01
5.692872909056285735e-01
5.689680418627141023e-01
5.690722882912850888e-01
5.699216247440469507e-01
5.695504744754292803e-01
5.686497558388221574e-01
5.699729791329035677e-01
5.692852103621557358e-01
5.700797569555119404e-01
5.692379874173727483e-01
5.697129240007157147e-01
5.694503260940469991e-01
5.679416857911302463e-01
5.691551182254049879e-01
5.691429314209749402e-01
5.688361367802106106e-01
5.681427079345252595e-01
5.698877978411636125e-01
5.689080914509870857e-01
5.699555776253736328e-01
5.690083766130428211e-01
5.686573333028739352e-01
5.695440678009860980e-01
5.688886304620985879e-01
5.691692366369017764e-01
5.694106155952397552e-01
5.694567639173605533e-01
5.688144235102020607e-01
5.690848933100690621e-01
5.686321033201642283e-01
5.665182539820798890e-01
5.692424924113075324e-01
5.692675415558665630e-01
5.693182870292379238e-01
5.693364108078790009e-01
5.694909156994301114e-01
5.683616555916651825e-01
5.688311344233698552e-01
5.686403920273717105e-01
5.681964898501051797e-01
5.686655292788138638e-01
5.695797291687734187e-01
5.698877631269706479e-01
5.693380602503165244e-01
5.681302202254633338e-01
5.687635419178650453e-01
5.697148401881607649e-01
5.691891279886230892e-01
5.683285170519052354e-01
5.678870288804297450e-01
5.689968466250362455e-01
5.695252386291145275e-01
5.693189879501167061e-01
5.696966970935178898e-01
5.685570300855030679e-01
5.687895460328966646e-01
5.690142622488602031e-01
5.694904315682689511e-01
5.697322613739325137e-01
5.701731341329666636e-01
5.697316169160225874e-01
5.693289409179850269e-01
5.682750576413093668e-01
5.692539729893653089e-01
5.695900532364611690e-01
5.700207534036051404e-01
5.691177385388134224e-01
5.697608291974363137e-01
5.686637287855538236e-01
5.687138477534554593e-01
5.684815233450905003e-01
5.685798325775995865e-01
5.687919800227321243e-01
5.697666263623112348e-01
5.679055892032406350e-01
5.697400152511780114e-01
5.691340219895050234e-01
5.694247761832083032e-01
5.694640031510684874e-01
5.696347656526751235e-01
5.694351053849411315e-01
5.696853444195316696e-01
5.687180280613139960e-01
5.687411452745545493e-01
5.684092798328759244e-01
5.699385556593142832e-01
5.687069144980750890e-01
5.698796658146300098e-01
5.700091474982250661e-01
5.687954000923622910e-01
5.676356317419625208e-01
5.694953467293476512e-01
5.680472197843616788e-01
5.688930964086851283e-01
5.683698924157873922e-01
5.681145522136464843e-01
5.691023725995900673e-01
5.687380309495747577e-01
5.690596352044134942e-01
5.697671909837441762e-01
5.679847059243291474e-01
5.683333742240773701e-01
5.692267059739331003e-01
5.696465343947013649e-01
5.690135682636439096e-01
5.697328328756003923e-01
5.682651643236911188e-01
5.699557255728532335e-01
5.693032599309997277e-01
5.703915822416713022e-01
5.690877266195057960e-01
5.689069504551644840e-01
5.700414758417482464e-01
5.696872141100890463e-01
5.701733315666054347e-01
5.694726538802751259e-01
5.692743870110622550e-01
5.687805761995717857e-01
5.701772787585733804e-01
5.694614177013769263e-01
5.689082096840092362e-01
5.701661132021811351e-01
5.682403839869035744e-01
5.694094307644178565e-01
5.699891240367367384e-01
5.692060657529374179e-01
5.694879740052624095e-01
5.696409947122560435e-01
5.687564144514789533e-01
5.696072585605095329e-01
5.693723799540750807e-01
5.687315607923844052e-01
5.695134721281711609e-01
5.686680799363407202e-01
5.699463107941712403e-01
5.696137180613163320e-01
5.690123144011840495e-01
5.696938214781221976e-01
5.669990114564802397e-01
5.695215725589090061e-01
5.696615915523507434e-01
5.677416954863948595e-01
5.694363256694117137e-01
5.696738894649175933e-01
5.682907216913560822e-01
5.693132648804208884e-01
5.691514087504842001e-01
5.692973487938040034e-01
5.692718330559046747e-01
5.699026674106894008e-01
5.679033116814913296e-01
5.689889516118020740e-01
5.687499122824031250e-01
5.698352165989895024e-01
5.689702642544619549e-01
5.689235992497458927e-01
5.677599841270815073e-01
5.691050587029157226e-01
5.691716833061025715e-01
5.690161219712187579e-01
5.695848693961689246e-01
5.700585879775510456e-01
5.688287382039792783e-01
5.681920199861983933e-01
5.701059058510320465e-01
5.703037218006262732e-01
5.693101050731375068e-01
5.688572269292370143e-01
5.699813115315556233e-01
5.695399517384794885e-01
5.682039386803638958e-01
5.695165653090130675e-01
5.692716046361854243e-01
5.687697805403848506e-01
5.694400948244526806e-01
5.696785815321629975e-01
5.686014565317920599e-01
5.682934094683457227e-01
5.695130317207149906e-01
5.693118474655839423e-01
5.691571527912228090e-01
5.688789299449280579e-01
5.695078210302582100e-01
5.684756083273907468e-01
5.703685968107710114e-01
5.694400847176430691e-01
5.683269398903112446e-01
5.695062410755241666e-01
5.697721253420898746e-01
5.700359451982058845e-01
5.679100622995663095e-01
5.692258205352720424e-01
5.698273748012313566e-01
5.701342786640183347e-01
5.680704897339846626e-01
5.695618489257087136e-01
5.686748854999338354e-01
5.690918282991395127e-01
5.686377952039073369e-01
5.701429815459027051e-01
5.691237063871776858e-01
5.700640937120561302e-01
5.692270851540587318e-01
5.688791886378095075e-01
5.686387821109363250e-01
5.687781656895191107e-01
5.701751694834787942e-01
5.675663480505743763e-01
5.685657242424390079e-01
5.700354409599335259e-01
5.694884374949916728e-01
5.686959583056813150e-01
5.693824296938491125e-01
5.686426321531869998e-01
5.701273265825191894e-01
5.694257873306113327e-01
5.690739599626566392e-01
5.687071851432253800e-01
5.692313507468883538e-01
5.690600281142573769e-01
5.692258368978773131e-01
5.680763537409788677e-01
5.685583209782626435e-01
5.687627472232337222e-01
5.690807191263124176e-01
5.691566855880924036e-01
5.698896590296959053e-01
5.699188691877152824e-01
5.687222964585242346e-01
5.691683847364775728e-01
5.690163558825828138e-01
5.689193650899022625e-01
5.697182604663684202e-01
5.683588193168429559e-01
5.699849117286927003e-01
5.698890132493967808e-01
5.693683518778346331e-01
5.678344805494101033e-01
5.705618891025366901e-01
5.699407913811934678e-01
5.686019206400971804e-01
5.692960960469063414e-01
5.694751694159891908e-01
5.697825799086368992e-01
5.674096147444005478e-01
5.685602808517112861e-01
5.689615001376042702e-01
5.696072890338017558e-01
5.693115560380521689e-01
5.698513982299963088e-01
5.698757870098216660e-01
5.683319617034741089e-01
5.659984145883707463e-01
5.696104676815955115e-01
5.681334829726902846e-01
5.696664385500324057e-01
5.692007031112573667e-01
5.691855164370027698e-01
5.695767614478023377e-01
5.698083750695140948e-01
5.693812132437573448e-01
5.703744482289828666e-01
5.689435072165645035e-01
5.676652036687771519e-01
5.695942814680218236e-01
5.696632577342021220e-01
5.698174042640553605e-01
5.688112865951797659e-01
5.680507247806045878e-01
5.691671744922802700e-01
5.684953426222932871e-01
5.695537475152955276e-01
5.698769155205510861e-01
5.693825591063307323e-01
5.678526962213005236e-01
5.692474357831632803e-01
5.696217222140015357e-01
5.694863037209242362e-01
5.677457703845731896e-01
5.691345046589225687e-01
5.686272663698950236e-01
5.685912568121047617e-01
5.691775696092615799e-01
5.690751361623430649e-01
5.698343585058145422e-01
5.697477779821492616e-01
5.686238119845973271e-01
5.698322126171492252e-01
5.693423938610813195e-01
5.686394705947590555e-01
5.702090184967071318e-01
5.705335291398132558e-01
5.685387243457311612e-01
5.690507801024595746e-01
5.683370247488911398e-01
5.680465729245899320e-01
5.693264497277951142e-01
5.694990988846116986e-01
5.684382578094694383e-01
5.690590880084204217e-01
5.685851936814492191e-01
5.696138344473269388e-01
5.696649698746436563e-01
5.688126222782067254e-01
5.692740837388967634e-01
5.688820563741713299e-01
5.681311482353937903e-01
5.686300409079639850e-01
5.694751370595171336e-01
5.694377637917817925e-01
5.694630490732255357e-01
5.693195236503169054e-01
5.688510274834480684e-01
5.690138502717413393e-01
5.683494968344924292e-01
5.696621982742978707e-01
5.681190871604402393e-01
5.666001295367515400e-01
5.690148051507621929e-01
5.687432589494607615e-01
5.682260343079753584e-01
5.684415152299808760e-01
5.688921242116190546e-01
5.686862733836728356e-01
5.699464926214827809e-01
5.692722008767441277e-01
5.687993413764694806e-01
5.699602971827218978e-01
5.696080026649651407e-01
5.695518670113201010e-01
5.691622930612457720e-01
5.702157105119702862e-01
5.691618001859305442e-01
5.694629530243007220e-01
5.689014975016355447e-01
5.693330795369138109e-01
5.698325497890051050e-01
5.689323074371939182e-01
5.690420685240245025e-01
5.692094542864176709e-01
5.686377670892687197e-01
5.693513461438198808e-01
5.684004371370543485e-01
5.693560509735108299e-01
5.677999450257422698e-01
5.693785557345965032e-01
5.693849897530600668e-01
5.693144444882063393e-01
5.698529073584071014e-01
5.682830838392380901e-01
5.691591696791441501e-01
5.691235707510212682e-01
5.695907769112807939e-01
5.680891591534430463e-01
5.686890738210782503e-01
5.690227288281064499e-01
5.695865308200562804e-01
5.697950063592496228e-01
5.701247739821110327e-01
5.695565844638722508e-01
5.696998248128359865e-01
5.687310349445600099e-01
5.693192163382326809e-01
5.696725911612422477e-01
5.688075305910877955e-01
5.696914858200525789e-01
5.699016454308866164e-01
5.696761951554809578e-01
5.695654648998004221e-01
5.693875650334454530e-01
5.694148916017740536e-01
5.690344401825327969e-01
5.698829415668276166e-01
5.683065468911069340e-01
5.684494920899264558e-01
5.693963262453854979e-01
5.692445513869532903e-01
5.671108765568110277e-01
5.696468297375140155e-01
5.693410518101782447e-01
5.698367469066722979e-01
5.682842446629285948e-01
5.692158520278992606e-01
5.691578202262127517e-01
5.691958843089401920e-01
5.690653791121648153e-01
5.692580187769292754e-01
5.695327810752297548e-01
5.696057193654374684e-01
5.695817199462064329e-01
5.691466005835361663e-01
5.696188009668131658e-01
5.692928208732783713e-01
5.697719054642841341e-01
5.692522764705321148e-01
5.682832102298637222e-01
5.694419568720576752e-01
5.687853723360692948e-01
5.701461400232261667e-01
5.696791200900076513e-01
5.686514848165962199e-01
5.689555969154733717e-01
5.693708170373972255e-01
5.698504263407746517e-01
5.690110065948899010e-01
5.688033750044800829e-01
5.687980150687288461e-01
5.693659392389113227e-01
5.689035173471584939e-01
5.690194850561515194e-01
5.682614342889494852e-01
5.683584846497603538e-01
5.683597921193340730e-01
5.698521182811421282e-01
5.692554737515246321e-01
5.690526224548023704e-01
5.700407893838356221e-01
5.691507307465161203e-01
5.696832958207591613e-01
5.694026757283128237e-01
5.696384674759733535e-01
5.691184612755980643e-01
