-3.879259526729583740e-02
-3.918825834989547729e-02
-3.974522277712821960e-02
-4.030018299818038940e-02
-4.070367291569709778e-02
-4.105835407972335815e-02
-4.131070524454116821e-02
-4.151913151144981384e-02
-4.185585677623748779e-02
-4.204506054520606995e-02
-4.226610809564590454e-02
-4.244044050574302673e-02
-4.254962876439094543e-02
-4.271974042057991028e-02
-4.284758493304252625e-02
-4.301398247480392456e-02
-4.305214807391166687e-02
-4.318859055638313293e-02
-4.334083944559097290e-02
-4.339465126395225525e-02
-4.342028126120567322e-02
-4.352106526494026184e-02
-4.354664310812950134e-02
-4.366961494088172913e-02
-4.371814429759979248e-02
-4.374668747186660767e-02
-4.382269829511642456e-02
-4.389894753694534302e-02
-4.401187226176261902e-02
-4.399120062589645386e-02
-4.405987635254859924e-02
-4.407920315861701965e-02
-4.415828362107276917e-02
-4.419833794236183167e-02
-4.422945901751518250e-02
-4.434727504849433899e-02
-4.428265988826751709e-02
-4.430770501494407654e-02
-4.440242797136306763e-02
-4.442489519715309143e-02
-4.443901032209396362e-02
-4.445182532072067261e-02
-4.445399716496467590e-02
-4.448343068361282349e-02
-4.450720921158790588e-02
-4.454963281750679016e-02
-4.454543814063072205e-02
-4.451721534132957458e-02
-4.460122063755989075e-02
-4.463111236691474915e-02
-4.462989047169685364e-02
-4.465598240494728088e-02
-4.466925933957099915e-02
-4.472786560654640198e-02
-4.475163295865058899e-02
-4.472896084189414978e-02
-4.473998770117759705e-02
-4.476313292980194092e-02
-4.478128999471664429e-02
-4.481291025876998901e-02
-4.484320059418678284e-02
-4.483293741941452026e-02
-4.486661404371261597e-02
-4.490134865045547485e-02
-4.489214718341827393e-02
-4.490976780652999878e-02
-4.491159692406654358e-02
-4.491897672414779663e-02
-4.496733844280242920e-02
-4.495777189731597900e-02
-4.495914652943611145e-02
-4.500146210193634033e-02
-4.498871043324470520e-02
-4.499653726816177368e-02
-4.500804096460342407e-02
-4.501195251941680908e-02
-4.504727199673652649e-02
-4.506365209817886353e-02
-4.510245844721794128e-02
-4.506389051675796509e-02
-4.509600624442100525e-02
-4.512555524706840515e-02
-4.511587694287300110e-02
-4.512144997715950012e-02
-4.512619227170944214e-02
-4.515011981129646301e-02
-4.515831172466278076e-02
-4.518957808613777161e-02
-4.517113417387008667e-02
-4.517565295100212097e-02
-4.520402848720550537e-02
-4.522522911429405212e-02
-4.523608833551406860e-02
-4.524111375212669373e-02
-4.523306339979171753e-02
-4.522324725985527039e-02
-4.529662057757377625e-02
-4.529502242803573608e-02
-4.528070613741874695e-02
-4.529630020260810852e-02
-4.531228914856910706e-02
-4.528931528329849243e-02
-4.529949650168418884e-02
-4.532579332590103149e-02
-4.531652107834815979e-02
-4.534129798412322998e-02
-4.534817859530448914e-02
-4.535520449280738831e-02
-4.537023976445198059e-02
-4.534908011555671692e-02
-4.536633193492889404e-02
-4.535955563187599182e-02
-4.538579285144805908e-02
-4.537963122129440308e-02
-4.539443179965019226e-02
-4.539655148983001709e-02
-4.537076875567436218e-02
-4.537792131304740906e-02
-4.537666216492652893e-02
-4.539249837398529053e-02
-4.537883773446083069e-02
-4.540943726897239685e-02
-4.542802646756172180e-02
-4.542031139135360718e-02
-4.541338607668876648e-02
-4.540963843464851379e-02
-4.541748389601707458e-02
-4.541641846299171448e-02
-4.542088881134986877e-02
-4.542706906795501709e-02
-4.540047794580459595e-02
-4.543613642454147339e-02
-4.542784020304679871e-02
-4.541929438710212708e-02
-4.545722156763076782e-02
-4.541818052530288696e-02
-4.540212824940681458e-02
-4.543184489011764526e-02
-4.542865976691246033e-02
-4.544991627335548401e-02
-4.545075073838233948e-02
-4.544822126626968384e-02
-4.544757306575775146e-02
-4.547803476452827454e-02
-4.546461626887321472e-02
-4.546557366847991943e-02
-4.546771943569183350e-02
-4.545740783214569092e-02
-4.546372219920158386e-02
-4.547224193811416626e-02
-4.545617476105690002e-02
-4.545044526457786560e-02
-4.549231007695198059e-02
-4.548068717122077942e-02
-4.552711546421051025e-02
-4.548951610922813416e-02
-4.546682164072990417e-02
-4.550001770257949829e-02
-4.547597467899322510e-02
-4.551162198185920715e-02
-4.550417885184288025e-02
-4.551913961768150330e-02
-4.549534991383552551e-02
-4.550451412796974182e-02
-4.550825804471969604e-02
-4.551335051655769348e-02
-4.548142105340957642e-02
-4.552933946251869202e-02
-4.552318155765533447e-02
-4.552426189184188843e-02
-4.553146287798881531e-02
-4.553515091538429260e-02
-4.553357139229774475e-02
-4.551639407873153687e-02
-4.554176703095436096e-02
-4.554554075002670288e-02
-4.555631056427955627e-02
-4.553352296352386475e-02
-4.555723816156387329e-02
-4.555076733231544495e-02
-4.553301259875297546e-02
-4.552146419882774353e-02
-4.553298279643058777e-02
-4.550779983401298523e-02
-4.550571367144584656e-02
-4.551950842142105103e-02
-4.553953558206558228e-02
-4.552016779780387878e-02
-4.557229951024055481e-02
-4.555762186646461487e-02
-4.552619159221649170e-02
-4.555316269397735596e-02
-4.556717351078987122e-02
-4.552294686436653137e-02
-4.553908854722976685e-02
-4.557304829359054565e-02
-4.558093473315238953e-02
-4.554001241922378540e-02
-4.556955024600028992e-02
-4.557167738676071167e-02
-4.557398706674575806e-02
-4.559234157204627991e-02
-4.559864103794097900e-02
-4.557016119360923767e-02
-4.558179154992103577e-02
-4.556600004434585571e-02
-4.554271325469017029e-02
-4.557150974869728088e-02
-4.558702930808067322e-02
-4.557120054960250854e-02
-4.557590931653976440e-02
-4.560711234807968140e-02
-4.561767727136611938e-02
-4.560671746730804443e-02
-4.558447748422622681e-02
-4.561927542090415955e-02
-4.559595510363578796e-02
-4.559874162077903748e-02
-4.561028629541397095e-02
-4.561357200145721436e-02
-4.558454081416130066e-02
-4.561360552906990051e-02
-4.561006650328636169e-02
-4.561338946223258972e-02
-4.560604318976402283e-02
-4.560847207903862000e-02
-4.564131796360015869e-02
-4.563842341303825378e-02
-4.564319550991058350e-02
-4.564585909247398376e-02
-4.563931375741958618e-02
-4.564954712986946106e-02
-4.564953222870826721e-02
-4.563491791486740112e-02
-4.565211012959480286e-02
-4.566610231995582581e-02
-4.568671435117721558e-02
-4.567756131291389465e-02
-4.567588493227958679e-02
-4.565561190247535706e-02
-4.568740352988243103e-02
-4.569343477487564087e-02
-4.566746577620506287e-02
-4.564557224512100220e-02
-4.566764459013938904e-02
-4.568956419825553894e-02
-4.567719623446464539e-02
-4.566922038793563843e-02
-4.567357152700424194e-02
-4.567622765898704529e-02
-4.565877094864845276e-02
-4.568298533558845520e-02
-4.570342600345611572e-02
-4.572337493300437927e-02
-4.571460187435150146e-02
-4.571723192930221558e-02
-4.571953788399696350e-02
-4.571031779050827026e-02
-4.571818932890892029e-02
-4.570898041129112244e-02
-4.570928961038589478e-02
-4.570974037051200867e-02
-4.571621119976043701e-02
-4.574700444936752319e-02
-4.571122676134109497e-02
-4.573537036776542664e-02
-4.574271664023399353e-02
-4.570749774575233459e-02
-4.571460187435150146e-02
-4.573527723550796509e-02
-4.575338587164878845e-02
-4.573876038193702698e-02
-4.574002325534820557e-02
-4.575290158390998840e-02
-4.571905359625816345e-02
-4.576569050550460815e-02
-4.572274535894393921e-02
-4.573307931423187256e-02
-4.571685940027236938e-02
-4.576209932565689087e-02
-4.575870931148529053e-02
-4.573541134595870972e-02
-4.574517905712127686e-02
-4.577895626425743103e-02
-4.576475918292999268e-02
-4.575782269239425659e-02
-4.577792808413505554e-02
-4.577132314443588257e-02
-4.576198756694793701e-02
-4.573626071214675903e-02
-4.574562609195709229e-02
-4.575897753238677979e-02
-4.575973376631736755e-02
-4.575931653380393982e-02
-4.576946422457695007e-02
-4.576494172215461731e-02
-4.576523229479789734e-02
-4.576877504587173462e-02
-4.579304158687591553e-02
-4.577310010790824890e-02
-4.577313363552093506e-02
-4.579510912299156189e-02
-4.577752575278282166e-02
-4.577102884650230408e-02
-4.577655717730522156e-02
-4.579032212495803833e-02
-4.578277096152305603e-02
-4.578614979982376099e-02
-4.578578844666481018e-02
-4.577454552054405212e-02
-4.578427970409393311e-02
-4.579631984233856201e-02
-4.581023752689361572e-02
-4.580635949969291687e-02
-4.580080881714820862e-02
-4.577835276722908020e-02
-4.576986283063888550e-02
-4.580361768603324890e-02
-4.577849060297012329e-02
-4.579324647784233093e-02
-4.579209536314010620e-02
-4.579018801450729370e-02
-4.580228775739669800e-02
-4.578999429941177368e-02
-4.579869657754898071e-02
-4.580191522836685181e-02
-4.580146446824073792e-02
-4.576930031180381775e-02
-4.577475041151046753e-02
-4.578982666134834290e-02
-4.581430181860923767e-02
-4.580828174948692322e-02
-4.581709206104278564e-02
-4.581073671579360962e-02
-4.580263048410415649e-02
-4.577988013625144958e-02
-4.579477757215499878e-02
-4.578704014420509338e-02
-4.579341784119606018e-02
-4.580700770020484924e-02
-4.579285159707069397e-02
-4.581272974610328674e-02
-4.579081386327743530e-02
-4.578793421387672424e-02
-4.579024761915206909e-02
-4.578453674912452698e-02
-4.580639302730560303e-02
-4.579741880297660828e-02
-4.579075053334236145e-02
-4.579781368374824524e-02
-4.580676928162574768e-02
-4.580968990921974182e-02
-4.579217731952667236e-02
-4.582798853516578674e-02
-4.580510407686233521e-02
-4.582104459404945374e-02
-4.581493884325027466e-02
-4.581844434142112732e-02
-4.580026492476463318e-02
-4.583615437150001526e-02
-4.582362622022628784e-02
-4.581363499164581299e-02
-4.583985358476638794e-02
-4.582184925675392151e-02
-4.584646597504615784e-02
-4.582386836409568787e-02
-4.584404081106185913e-02
-4.583678767085075378e-02
-4.584912955760955811e-02
-4.583352059125900269e-02
-4.584149271249771118e-02
-4.581966623663902283e-02
-4.582927376031875610e-02
-4.582159221172332764e-02
-4.582394286990165710e-02
-4.584411159157752991e-02
-4.581448808312416077e-02
-4.583464562892913818e-02
-4.582665488123893738e-02
-4.583223536610603333e-02
-4.585147276520729065e-02
-4.584898799657821655e-02
-4.586284607648849487e-02
-4.581945016980171204e-02
-4.583591595292091370e-02
-4.583330824971199036e-02
-4.582868516445159912e-02
-4.584299772977828979e-02
-4.586217552423477173e-02
-4.582599177956581116e-02
-4.583287611603736877e-02
-4.585437476634979248e-02
-4.580556228756904602e-02
-4.585013538599014282e-02
-4.583119601011276245e-02
-4.583679512143135071e-02
-4.583767428994178772e-02
-4.584864154458045959e-02
-4.584998264908790588e-02
-4.584322869777679443e-02
-4.585682973265647888e-02
-4.584183916449546814e-02
-4.585881903767585754e-02
-4.584731906652450562e-02
-4.583465680480003357e-02
-4.584592208266258240e-02
-4.583413898944854736e-02
-4.585938155651092529e-02
-4.583926871418952942e-02
-4.585795849561691284e-02
-4.585609957575798035e-02
-4.585116729140281677e-02
-4.585305601358413696e-02
-4.584654420614242554e-02
-4.583933576941490173e-02
-4.584207013249397278e-02
-4.585420340299606323e-02
-4.582520201802253723e-02
-4.583905264735221863e-02
-4.584950581192970276e-02
-4.584494978189468384e-02
-4.583666473627090454e-02
-4.583651572465896606e-02
-4.584781825542449951e-02
-4.583187028765678406e-02
-4.586127027869224548e-02
-4.587160050868988037e-02
-4.584752023220062256e-02
-4.585929214954376221e-02
-4.585762694478034973e-02
-4.585670307278633118e-02
-4.586357623338699341e-02
-4.586644843220710754e-02
-4.588075727224349976e-02
-4.588588699698448181e-02
-4.587079212069511414e-02
-4.585791379213333130e-02
-4.586789757013320923e-02
-4.585220292210578918e-02
-4.589441046118736267e-02
-4.588705673813819885e-02
-4.588486626744270325e-02
-4.588449373841285706e-02
-4.586615785956382751e-02
-4.587537422776222229e-02
-4.586072638630867004e-02
-4.583388939499855042e-02
-4.584956541657447815e-02
-4.586532339453697205e-02
-4.583726823329925537e-02
-4.586373269557952881e-02
-4.586283862590789795e-02
-4.587442055344581604e-02
-4.586143791675567627e-02
-4.586779326200485229e-02
-4.586388543248176575e-02
-4.584066569805145264e-02
-4.586562886834144592e-02
-4.587342217564582825e-02
-4.587779194116592407e-02
-4.585226625204086304e-02
-4.585555940866470337e-02
-4.586305096745491028e-02
-4.588521644473075867e-02
-4.587320238351821899e-02
-4.591633751988410950e-02
-4.586988314986228943e-02
-4.586744681000709534e-02
-4.587370529770851135e-02
-4.587822034955024719e-02
-4.584424942731857300e-02
-4.586450010538101196e-02
-4.584925621747970581e-02
-4.584938660264015198e-02
-4.585136845707893372e-02
-4.586387798190116882e-02
-4.588021710515022278e-02
-4.585672542452812195e-02
-4.586694017052650452e-02
-4.588165134191513062e-02
-4.587192460894584656e-02
-4.588764160871505737e-02
-4.586803168058395386e-02
-4.587433487176895142e-02
-4.586471244692802429e-02
-4.586124792695045471e-02
-4.584896191954612732e-02
-4.588659480214118958e-02
-4.589252173900604248e-02
-4.587057605385780334e-02
-4.588102549314498901e-02
-4.587639123201370239e-02
-4.588902369141578674e-02
-4.586283117532730103e-02
-4.587009176611900330e-02
-4.590056464076042175e-02
-4.587265476584434509e-02
-4.587728902697563171e-02
-4.587693884968757629e-02
-4.588574916124343872e-02
-4.586619511246681213e-02
-4.588523134589195251e-02
-4.585887491703033447e-02
-4.589121788740158081e-02
-4.588391259312629700e-02
-4.588107392191886902e-02
-4.588163644075393677e-02
-4.588231816887855530e-02
-4.586433619260787964e-02
-4.587395116686820984e-02
-4.587614163756370544e-02
-4.586918652057647705e-02
-4.587930813431739807e-02
-4.587523266673088074e-02
-4.588906466960906982e-02
-4.590303450822830200e-02
-4.588259756565093994e-02
-4.589487239718437195e-02
-4.588054120540618896e-02
-4.589031636714935303e-02
-4.589438810944557190e-02
-4.588675126433372498e-02
-4.588083550333976746e-02
-4.589052498340606689e-02
-4.589520394802093506e-02
-4.587171971797943115e-02
-4.586671665310859680e-02
-4.587828367948532104e-02
-4.587455466389656067e-02
-4.587091878056526184e-02
-4.588145390152931213e-02
-4.588438943028450012e-02
-4.588686674833297729e-02
-4.589564353227615356e-02
-4.589565843343734741e-02
-4.588408023118972778e-02
-4.590155556797981262e-02
-4.588837921619415283e-02
-4.590811952948570251e-02
-4.588622972369194031e-02
-4.588237032294273376e-02
-4.588116332888603210e-02
-4.589142650365829468e-02
-4.590622335672378540e-02
-4.587242752313613892e-02
-4.588132724165916443e-02
-4.590592533349990845e-02
-4.589717090129852295e-02
-4.589526727795600891e-02
-4.587430879473686218e-02
-4.589987918734550476e-02
-4.589333385229110718e-02
-4.588548839092254639e-02
-4.589178040623664856e-02
-4.587898403406143188e-02
-4.588876292109489441e-02
-4.589015990495681763e-02
-4.588874429464340210e-02
-4.588736593723297119e-02
-4.589668661355972290e-02
-4.589643701910972595e-02
-4.586701095104217529e-02
-4.587711393833160400e-02
-4.589652270078659058e-02
-4.588240012526512146e-02
-4.588325321674346924e-02
-4.589283838868141174e-02
-4.588612541556358337e-02
-4.588537663221359253e-02
-4.587729647755622864e-02
-4.588952288031578064e-02
-4.590266197919845581e-02
-4.586226120591163635e-02
-4.590142890810966492e-02
-4.586397111415863037e-02
-4.588134586811065674e-02
-4.588783159852027893e-02
-4.588890448212623596e-02
-4.587422311305999756e-02
-4.586578533053398132e-02
-4.588654264807701111e-02
-4.588478058576583862e-02
-4.589287191629409790e-02
-4.589977487921714783e-02
-4.591313377022743225e-02
-4.587724432349205017e-02
-4.589369520545005798e-02
-4.587158188223838806e-02
-4.591449722647666931e-02
-4.590513557195663452e-02
-4.589071497321128845e-02
-4.590754583477973938e-02
-4.589281976222991943e-02
-4.592327773571014404e-02
-4.589993134140968323e-02
-4.590510576963424683e-02
-4.590116441249847412e-02
-4.588290676474571228e-02
-4.590460285544395447e-02
-4.589462652802467346e-02
-4.589647799730300903e-02
-4.590510204434394836e-02
-4.590189829468727112e-02
-4.590990766882896423e-02
-4.589648544788360596e-02
-4.589686915278434753e-02
-4.589226096868515015e-02
-4.588891565799713135e-02
-4.590179398655891418e-02
-4.589221626520156860e-02
-4.589458927512168884e-02
-4.589500650763511658e-02
-4.588007181882858276e-02
-4.590814560651779175e-02
-4.591998085379600525e-02
-4.590115696191787720e-02
-4.590143263339996338e-02
-4.588546603918075562e-02
-4.588417336344718933e-02
-4.589949548244476318e-02
-4.588629677891731262e-02
-4.588041454553604126e-02
-4.589723050594329834e-02
-4.588954895734786987e-02
-4.589798673987388611e-02
-4.588545486330986023e-02
-4.590103402733802795e-02
-4.589590057730674744e-02
-4.590664431452751160e-02
-4.592467844486236572e-02
-4.590598493814468384e-02
-4.589766636490821838e-02
-4.587196558713912964e-02
-4.588178545236587524e-02
-4.588386043906211853e-02
-4.586914926767349243e-02
-4.587519541382789612e-02
-4.588397219777107239e-02
-4.590011760592460632e-02
-4.590482264757156372e-02
-4.589753225445747375e-02
-4.589896276593208313e-02
-4.589739814400672913e-02
-4.587314650416374207e-02
-4.591048136353492737e-02
-4.589548334479331970e-02
-4.588817059993743896e-02
-4.589467495679855347e-02
-4.589514061808586121e-02
-4.588725790381431580e-02
-4.590535536408424377e-02
-4.589789733290672302e-02
-4.588075727224349976e-02
-4.588044062256813049e-02
-4.588687792420387268e-02
-4.588689282536506653e-02
-4.588742554187774658e-02
-4.590503126382827759e-02
-4.591822996735572815e-02
-4.590065404772758484e-02
-4.591410607099533081e-02
-4.592159017920494080e-02
-4.590431973338127136e-02
-4.588769376277923584e-02
-4.588876292109489441e-02
-4.589790478348731995e-02
-4.589981585741043091e-02
-4.590577259659767151e-02
-4.591532424092292786e-02
-4.590930789709091187e-02
-4.589765518903732300e-02
-4.590951278805732727e-02
-4.589901491999626160e-02
-4.591025039553642273e-02
-4.590997844934463501e-02
-4.590586572885513306e-02
-4.589854180812835693e-02
-4.591163247823715210e-02
-4.588933289051055908e-02
-4.590041562914848328e-02
-4.591206833720207214e-02
-4.589755460619926453e-02
-4.590987414121627808e-02
-4.590893164277076721e-02
-4.588960111141204834e-02
-4.591283574700355530e-02
-4.590338841080665588e-02
-4.589446261525154114e-02
-4.589800536632537842e-02
-4.589637741446495056e-02
-4.590193182229995728e-02
-4.589121043682098389e-02
-4.590093716979026794e-02
-4.591989889740943909e-02
-4.589782655239105225e-02
-4.590009525418281555e-02
-4.592524468898773193e-02
-4.591044411063194275e-02
-4.590746387839317322e-02
-4.589594155550003052e-02
-4.589581862092018127e-02
-4.591109231114387512e-02
-4.592354968190193176e-02
-4.592251032590866089e-02
-4.590742662549018860e-02
-4.592727124691009521e-02
-4.590481892228126526e-02
-4.591085389256477356e-02
-4.590556770563125610e-02
-4.590341821312904358e-02
-4.589842259883880615e-02
-4.590013250708580017e-02
-4.588607698678970337e-02
-4.592386633157730103e-02
-4.591290280222892761e-02
-4.589429125189781189e-02
-4.589364677667617798e-02
-4.589067772030830383e-02
-4.588798433542251587e-02
-4.589870199561119080e-02
-4.591344296932220459e-02
-4.589605703949928284e-02
-4.590098559856414795e-02
-4.588992521166801453e-02
-4.591495171189308167e-02
-4.591338336467742920e-02
-4.589913412928581238e-02
-4.587537422776222229e-02
-4.589740186929702759e-02
-4.588619619607925415e-02
-4.590876027941703796e-02
-4.592915996909141541e-02
-4.589820653200149536e-02
-4.590585082769393921e-02
-4.592943936586380005e-02
-4.591205343604087830e-02
-4.590225592255592346e-02
-4.590211436152458191e-02
-4.591547325253486633e-02
-4.589613154530525208e-02
-4.591200873255729675e-02
-4.589294269680976868e-02
-4.590258747339248657e-02
-4.591966420412063599e-02
-4.590502008795738220e-02
-4.590760916471481323e-02
-4.593146219849586487e-02
-4.589249193668365479e-02
-4.589912667870521545e-02
-4.591687396168708801e-02
-4.590623080730438232e-02
-4.590041562914848328e-02
-4.592167958617210388e-02
-4.592399299144744873e-02
-4.592162743210792542e-02
-4.589660093188285828e-02
-4.591476172208786011e-02
-4.591876640915870667e-02
-4.591858759522438049e-02
-4.590781405568122864e-02
-4.591292515397071838e-02
-4.591892659664154053e-02
-4.589858278632164001e-02
-4.589024931192398071e-02
-4.591031745076179504e-02
-4.589177295565605164e-02
-4.592270404100418091e-02
-4.591951146721839905e-02
-4.592251032590866089e-02
-4.591144993901252747e-02
-4.592886194586753845e-02
-4.590322449803352356e-02
-4.589435830712318420e-02
-4.591257497668266296e-02
-4.592316597700119019e-02
-4.592585936188697815e-02
-4.592068865895271301e-02
-4.591034725308418274e-02
-4.591385275125503540e-02
-4.591254889965057373e-02
-4.591060057282447815e-02
-4.590102285146713257e-02
-4.591546952724456787e-02
-4.591612517833709717e-02
-4.591533914208412170e-02
-4.592102020978927612e-02
-4.592198505997657776e-02
-4.591858014464378357e-02
-4.590713605284690857e-02
-4.591681435704231262e-02
-4.591393843293190002e-02
-4.592205211520195007e-02
-4.592038318514823914e-02
-4.589588567614555359e-02
-4.593310505151748657e-02
-4.591634497046470642e-02
-4.592483490705490112e-02
-4.592010006308555603e-02
-4.592410475015640259e-02
-4.591366276144981384e-02
-4.592139646410942078e-02
-4.591127857565879822e-02
-4.590572416782379150e-02
-4.592060670256614685e-02
-4.592097550630569458e-02
-4.593235999345779419e-02
-4.591178521513938904e-02
-4.592214524745941162e-02
-4.590619355440139771e-02
-4.591578617691993713e-02
-4.592195898294448853e-02
-4.589645192027091980e-02
-4.592258855700492859e-02
-4.592163115739822388e-02
-4.593152180314064026e-02
-4.592189937829971313e-02
-4.591900482773780823e-02
-4.591604694724082947e-02
-4.591097310185432434e-02
-4.591436684131622314e-02
-4.591657593846321106e-02
-4.591777548193931580e-02
-4.591859877109527588e-02
-4.593614861369132996e-02
-4.594405740499496460e-02
-4.593791812658309937e-02
-4.591379314661026001e-02
-4.591311886906623840e-02
-4.589790478348731995e-02
-4.589302092790603638e-02
-4.592176154255867004e-02
-4.592416808009147644e-02
-4.591267928481101990e-02
-4.594399407505989075e-02
-4.591035097837448120e-02
-4.593791812658309937e-02
-4.591013118624687195e-02
-4.594559594988822937e-02
-4.592030495405197144e-02
-4.591111466288566589e-02
-4.591410234570503235e-02
-4.591375961899757385e-02
-4.593806713819503784e-02
-4.593383520841598511e-02
-4.593079537153244019e-02
-4.591738432645797729e-02
-4.591580480337142944e-02
-4.593412578105926514e-02
-4.591503366827964783e-02
-4.590834304690361023e-02
-4.590630903840065002e-02
-4.592145234346389771e-02
-4.592224210500717163e-02
-4.592112451791763306e-02
-4.592553153634071350e-02
-4.590753465890884399e-02
-4.591639339923858643e-02
-4.594076797366142273e-02
-4.593003913760185242e-02
-4.593006148934364319e-02
-4.592644050717353821e-02
-4.592093080282211304e-02
-4.593284800648689270e-02
-4.594493284821510315e-02
-4.591027647256851196e-02
-4.592970386147499084e-02
-4.592884704470634460e-02
-4.591824486851692200e-02
-4.593295231461524963e-02
-4.592526704072952271e-02
-4.592553526163101196e-02
-4.593007266521453857e-02
-4.592401534318923950e-02
-4.593606665730476379e-02
-4.592843353748321533e-02
-4.591759666800498962e-02
-4.592609778046607971e-02
-4.593150317668914795e-02
-4.593454301357269287e-02
-4.592787474393844604e-02
-4.592197760939598083e-02
-4.592115059494972229e-02
-4.592891409993171692e-02
-4.592296853661537170e-02
-4.593991488218307495e-02
-4.595085233449935913e-02
-4.592014476656913757e-02
-4.593982920050621033e-02
-4.592587053775787354e-02
-4.592437297105789185e-02
-4.592355340719223022e-02
-4.590185731649398804e-02
-4.591723904013633728e-02
-4.589504376053810120e-02
-4.592800512909889221e-02
-4.592443630099296570e-02
-4.593531787395477295e-02
-4.593816027045249939e-02
-4.593177512288093567e-02
-4.592319205403327942e-02
-4.592541605234146118e-02
-4.593119770288467407e-02
-4.592502489686012268e-02
-4.593313112854957581e-02
-4.591649025678634644e-02
-4.591455683112144470e-02
-4.594017565250396729e-02
-4.592896997928619385e-02
-4.593174159526824951e-02
-4.593025147914886475e-02
-4.592011496424674988e-02
-4.593430832028388977e-02
-4.591599851846694946e-02
-4.589162766933441162e-02
-4.593646898865699768e-02
-4.594201594591140747e-02
-4.592237621545791626e-02
-4.593181237578392029e-02
-4.593630135059356689e-02
-4.592623934149742126e-02
-4.591190442442893982e-02
-4.592595249414443970e-02
-4.592691361904144287e-02
-4.590533301234245300e-02
-4.590070992708206177e-02
-4.593699425458908081e-02
-4.591119661927223206e-02
-4.592840746045112610e-02
-4.592446610331535339e-02
-4.592499881982803345e-02
-4.592654854059219360e-02
-4.591333493590354919e-02
-4.591389372944831848e-02
-4.594258964061737061e-02
-4.593046382069587708e-02
-4.592206701636314392e-02
-4.594739153981208801e-02
-4.594318941235542297e-02
-4.592608660459518433e-02
-4.592213779687881470e-02
-4.593857005238533020e-02
-4.594238102436065674e-02
-4.593849927186965942e-02
-4.590167850255966187e-02
-4.593385383486747742e-02
-4.591878131031990051e-02
-4.591824859380722046e-02
-4.593496397137641907e-02
-4.592677205801010132e-02
-4.592331126332283020e-02
-4.590226337313652039e-02
-4.593447595834732056e-02
-4.595165699720382690e-02
-4.593138024210929871e-02
-4.594043642282485962e-02
-4.592343792319297791e-02
-4.592723026871681213e-02
-4.593705385923385620e-02
-4.592524096369743347e-02
-4.592763260006904602e-02
-4.593484476208686829e-02
-4.592367261648178101e-02
-4.593567550182342529e-02
-4.593906551599502563e-02
-4.591464251279830933e-02
-4.594347253441810608e-02
-4.593230038881301880e-02
-4.592258855700492859e-02
-4.594798013567924500e-02
-4.592791572213172913e-02
-4.592352360486984253e-02
-4.595134779810905457e-02
-4.592832550406455994e-02
-4.593323916196823120e-02
-4.594407975673675537e-02
-4.594127833843231201e-02
-4.593038186430931091e-02
-4.591568931937217712e-02
-4.592658951878547668e-02
-4.593146219849586487e-02
-4.592464864253997803e-02
-4.592437669634819031e-02
-4.591756686568260193e-02
-4.594046249985694885e-02
-4.593772813677787781e-02
-4.593053087592124939e-02
-4.594312980771064758e-02
-4.593157395720481873e-02
-4.593459516763687134e-02
-4.593786969780921936e-02
-4.594293981790542603e-02
-4.592452570796012878e-02
-4.593915119767189026e-02
-4.593237861990928650e-02
-4.593626409769058228e-02
-4.593158885836601257e-02
-4.594315215945243835e-02
-4.593859985470771790e-02
-4.595461115241050720e-02
-4.593464359641075134e-02
-4.592649638652801514e-02
-4.593514278531074524e-02
-4.593635722994804382e-02
-4.593189433217048645e-02
-4.592354223132133484e-02
-4.592574760317802429e-02
-4.593773558735847473e-02
-4.593354836106300354e-02
-4.592851176857948303e-02
-4.592934995889663696e-02
-4.592948406934738159e-02
-4.592004790902137756e-02
-4.592823609709739685e-02
-4.593898728489875793e-02
-4.593560472130775452e-02
-4.593069478869438171e-02
-4.594162851572036743e-02
-4.594283178448677063e-02
-4.592193290591239929e-02
-4.595082253217697144e-02
-4.592772200703620911e-02
-4.592799767851829529e-02
-4.594205319881439209e-02
-4.593949019908905029e-02
-4.593672230839729309e-02
-4.593686759471893311e-02
-4.594348371028900146e-02
-4.593544825911521912e-02
-4.594583809375762939e-02
-4.593153297901153564e-02
-4.594816640019416809e-02
-4.594770818948745728e-02
-4.593706503510475159e-02
-4.592309519648551941e-02
-4.592095315456390381e-02
-4.593187198042869568e-02
-4.595266282558441162e-02
-4.594157636165618896e-02
-4.593361541628837585e-02
-4.593288525938987732e-02
-4.595004767179489136e-02
-4.591913893818855286e-02
-4.593633115291595459e-02
-4.594856873154640198e-02
-4.593959078192710876e-02
-4.591105133295059204e-02
-4.594422876834869385e-02
-4.594095796346664429e-02
-4.593808948993682861e-02
-4.592645540833473206e-02
-4.595016688108444214e-02
-4.594229906797409058e-02
-4.594773799180984497e-02
-4.594909772276878357e-02
-4.593716189265251160e-02
-4.593440517783164978e-02
-4.593922942876815796e-02
-4.593842476606369019e-02
-4.593532532453536987e-02
-4.594544321298599243e-02
-4.593587294220924377e-02
-4.594517871737480164e-02
-4.595653712749481201e-02
-4.593206942081451416e-02
-4.595234617590904236e-02
-4.592815786600112915e-02
-4.594129696488380432e-02
-4.593626782298088074e-02
-4.593450203537940979e-02
-4.592280834913253784e-02
-4.593215510249137878e-02
-4.592447727918624878e-02
-4.592883959412574768e-02
-4.594264924526214600e-02
-4.595694690942764282e-02
-4.595108330249786377e-02
-4.596104100346565247e-02
-4.594941809773445129e-02
-4.591916501522064209e-02
-4.593361541628837585e-02
-4.592682793736457825e-02
-4.592599719762802124e-02
-4.594812542200088501e-02
-4.597068950533866882e-02
-4.594233259558677673e-02
-4.593827947974205017e-02
-4.593661054968833923e-02
-4.593645781278610229e-02
-4.593659192323684692e-02
-4.592180997133255005e-02
-4.594179615378379822e-02
-4.594070091843605042e-02
-4.594770446419715881e-02
-4.593718424439430237e-02
-4.594189301133155823e-02
-4.592753574252128601e-02
-4.593545570969581604e-02
-4.593656957149505615e-02
-4.592032358050346375e-02
-4.594668373465538025e-02
-4.595106095075607300e-02
-4.592169821262359619e-02
-4.592116922140121460e-02
-4.593776166439056396e-02
-4.595135524868965149e-02
-4.593391716480255127e-02
-4.592409357428550720e-02
-4.592438414692878723e-02
-4.593933001160621643e-02
-4.590819776058197021e-02
-4.594890028238296509e-02
-4.592924192547798157e-02
-4.594125226140022278e-02
-4.594042524695396423e-02
-4.593728482723236084e-02
-4.592746868729591370e-02
-4.594556242227554321e-02
-4.594806209206581116e-02
-4.594555124640464783e-02
-4.594609886407852173e-02
-4.592689126729965210e-02
-4.591934010386466980e-02
-4.594553634524345398e-02
-4.594011232256889343e-02
-4.594617336988449097e-02
-4.595102742314338684e-02
-4.596533253788948059e-02
-4.596121981739997864e-02
-4.593607410788536072e-02
-4.594502225518226624e-02
-4.594669491052627563e-02
-4.594777524471282959e-02
-4.594035074114799500e-02
-4.594574868679046631e-02
-4.594113677740097046e-02
-4.595242440700531006e-02
-4.593057185411453247e-02
-4.593636840581893921e-02
-4.593940451741218567e-02
-4.593523964285850525e-02
-4.595011100172996521e-02
-4.595505446195602417e-02
-4.593983665108680725e-02
-4.593731835484504700e-02
-4.594601318240165710e-02
-4.592518135905265808e-02
-4.595533758401870728e-02
-4.594306647777557373e-02
-4.595820605754852295e-02
-4.594279825687408447e-02
-4.594083502888679504e-02
-4.593364894390106201e-02
-4.594733938574790955e-02
-4.594875499606132507e-02
-4.595993831753730774e-02
-4.594596102833747864e-02
-4.594286903738975525e-02
-4.593047127127647400e-02
-4.593290388584136963e-02
-4.592597857117652893e-02
-4.592017456889152527e-02
-4.592923074960708618e-02
-4.591925442218780518e-02
-4.594486579298973083e-02
-4.594804346561431885e-02
-4.595087468624114990e-02
-4.592728242278099060e-02
-4.592749103903770447e-02
-4.594665393233299255e-02
-4.594603925943374634e-02
-4.593725875020027161e-02
-4.595468565821647644e-02
-4.594959691166877747e-02
-4.593697562813758850e-02
-4.593353718519210815e-02
-4.596390202641487122e-02
-4.593235626816749573e-02
-4.593265801668167114e-02
-4.592617973685264587e-02
-4.591736942529678345e-02
-4.593017324805259705e-02
-4.593652859330177307e-02
-4.592095687985420227e-02
-4.592841118574142456e-02
-4.595533758401870728e-02
-4.593953117728233337e-02
-4.592838138341903687e-02
-4.594039171934127808e-02
-4.592607170343399048e-02
-4.591400548815727234e-02
-4.594521224498748779e-02
-4.594920575618743896e-02
-4.595250263810157776e-02
-4.592825844883918762e-02
-4.594442620873451233e-02
-4.592982679605484009e-02
-4.593333229422569275e-02
-4.593009874224662781e-02
-4.593187943100929260e-02
-4.594732820987701416e-02
-4.595286026597023010e-02
-4.595442116260528564e-02
-4.593638330698013306e-02
-4.594684019684791565e-02
-4.592623934149742126e-02
-4.593663662672042847e-02
-4.595030471682548523e-02
-4.592761024832725525e-02
-4.595657810568809509e-02
-4.594816640019416809e-02
-4.595992714166641235e-02
-4.594846442341804504e-02
-4.595624655485153198e-02
-4.594380035996437073e-02
-4.591314867138862610e-02
-4.593424499034881592e-02
-4.594295099377632141e-02
-4.592609778046607971e-02
-4.593264684081077576e-02
-4.593501985073089600e-02
-4.595402628183364868e-02
-4.596403986215591431e-02
-4.594377428293228149e-02
-4.593779519200325012e-02
-4.594366997480392456e-02
-4.595392197370529175e-02
-4.595043510198593140e-02
-4.595175012946128845e-02
-4.593376442790031433e-02
-4.595521837472915649e-02
-4.594303295016288757e-02
-4.594485461711883545e-02
-4.593796655535697937e-02
-4.597325995564460754e-02
-4.593553021550178528e-02
-4.594793543219566345e-02
-4.594691097736358643e-02
-4.594058170914649963e-02
-4.593126848340034485e-02
-4.595122486352920532e-02
-4.594903439283370972e-02
-4.594366252422332764e-02
-4.595772176980972290e-02
-4.595755785703659058e-02
-4.594713076949119568e-02
-4.594521224498748779e-02
-4.595400020480155945e-02
-4.596139118075370789e-02
-4.594359546899795532e-02
-4.594861716032028198e-02
-4.591779783368110657e-02
-4.591650143265724182e-02
-4.594116657972335815e-02
-4.594026505947113037e-02
-4.595275595784187317e-02
-4.594786092638969421e-02
-4.594884440302848816e-02
-4.597014561295509338e-02
-4.593648388981819153e-02
-4.595893993973731995e-02
-4.594629630446434021e-02
-4.592929407954216003e-02
-4.594992473721504211e-02
-4.594892635941505432e-02
-4.593994840979576111e-02
-4.594071581959724426e-02
-4.593823105096817017e-02
-4.595392197370529175e-02
-4.594923555850982666e-02
-4.593421891331672668e-02
-4.593984782695770264e-02
-4.595512524247169495e-02
-4.595132544636726379e-02
-4.594160988926887512e-02
-4.594938457012176514e-02
-4.594838246703147888e-02
-4.593590274453163147e-02
-4.595587402582168579e-02
-4.593900591135025024e-02
-4.595644772052764893e-02
-4.596493393182754517e-02
-4.594301804900169373e-02
-4.595624655485153198e-02
-4.594620689749717712e-02
-4.596318677067756653e-02
-4.593327268958091736e-02
-4.594762995839118958e-02
-4.594314470887184143e-02
-4.594083502888679504e-02
-4.597676172852516174e-02
-4.593800008296966553e-02
-4.592656716704368591e-02
-4.596422240138053894e-02
-4.595110192894935608e-02
-4.594733193516731262e-02
-4.595307260751724243e-02
-4.594349488615989685e-02
-4.592927172780036926e-02
-4.594317823648452759e-02
-4.594953358173370361e-02
-4.595065489411354065e-02
-4.594383016228675842e-02
-4.594727233052253723e-02
-4.594405367970466614e-02
-4.595559090375900269e-02
-4.593261703848838806e-02
-4.592504724860191345e-02
-4.594473540782928467e-02
-4.594381526112556458e-02
-4.594780877232551575e-02
-4.594465717673301697e-02
-4.595901444554328918e-02
-4.596430435776710510e-02
-4.595549777150154114e-02
-4.594763740897178650e-02
-4.593703895807266235e-02
-4.594488814473152161e-02
-4.593606665730476379e-02
-4.597073048353195190e-02
-4.595444351434707642e-02
-4.594827815890312195e-02
-4.595668986439704895e-02
-4.595353826880455017e-02
-4.593206569552421570e-02
-4.595087468624114990e-02
-4.596100002527236938e-02
-4.595474153757095337e-02
-4.595949500799179077e-02
-4.596547409892082214e-02
-4.593837633728981018e-02
-4.594818875193595886e-02
-4.594459012150764465e-02
-4.597253352403640747e-02
-4.595162346959114075e-02
-4.598500952124595642e-02
-4.595591500401496887e-02
-4.593358188867568970e-02
-4.593019187450408936e-02
-4.593918099999427795e-02
-4.595156759023666382e-02
-4.596228525042533875e-02
-4.594876244664192200e-02
-4.595452174544334412e-02
-4.595844447612762451e-02
-4.595260322093963623e-02
-4.596727341413497925e-02
-4.594665393233299255e-02
-4.593770578503608704e-02
-4.593699052929878235e-02
-4.594426602125167847e-02
-4.593812674283981323e-02
-4.597415402531623840e-02
-4.596212878823280334e-02
-4.595159366726875305e-02
-4.593331739306449890e-02
-4.595388844609260559e-02
-4.596511274576187134e-02
-4.594494029879570007e-02
-4.592841118574142456e-02
-4.596145078539848328e-02
-4.595512524247169495e-02
-4.593025892972946167e-02
-4.593533650040626526e-02
-4.594205319881439209e-02
-4.595081508159637451e-02
-4.595826566219329834e-02
-4.596707969903945923e-02
-4.593892022967338562e-02
-4.593541845679283142e-02
-4.594113305211067200e-02
-4.594699293375015259e-02
-4.595645517110824585e-02
-4.593211784958839417e-02
-4.594085365533828735e-02
-4.595927149057388306e-02
-4.594417661428451538e-02
-4.593506827950477600e-02
-4.593015089631080627e-02
-4.594854637980461121e-02
-4.592532292008399963e-02
-4.595418646931648254e-02
-4.596441611647605896e-02
-4.597128555178642273e-02
-4.596265777945518494e-02
-4.595868289470672607e-02
-4.596288129687309265e-02
-4.595126584172248840e-02
-4.594265297055244446e-02
-4.596125334501266479e-02
-4.593731090426445007e-02
-4.593558236956596375e-02
-4.595387354493141174e-02
-4.595912620425224304e-02
-4.595131799578666687e-02
-4.594453051686286926e-02
-4.592756927013397217e-02
-4.593795910477638245e-02
-4.595554247498512268e-02
-4.593295976519584656e-02
-4.592813178896903992e-02
-4.595217481255531311e-02
-4.594876989722251892e-02
-4.594471678137779236e-02
-4.594706743955612183e-02
-4.594955593347549438e-02
-4.594808071851730347e-02
-4.595697298645973206e-02
-4.594510421156883240e-02
-4.597277939319610596e-02
-4.596174135804176331e-02
-4.594719782471656799e-02
-4.597087949514389038e-02
-4.595247656106948853e-02
-4.595540836453437805e-02
-4.594739153981208801e-02
-4.595891758799552917e-02
-4.594992473721504211e-02
-4.596441239118576050e-02
-4.596741124987602234e-02
-4.594899713993072510e-02
-4.596202820539474487e-02
-4.594971612095832825e-02
-4.596079513430595398e-02
-4.595430567860603333e-02
-4.595031216740608215e-02
-4.597599059343338013e-02
-4.597283527255058289e-02
-4.595286771655082703e-02
-4.595574364066123962e-02
-4.593722149729728699e-02
-4.595641791820526123e-02
-4.596594721078872681e-02
-4.595674201846122742e-02
-4.597840085625648499e-02
-4.595049098134040833e-02
-4.596468433737754822e-02
-4.597793892025947571e-02
-4.596069082617759705e-02
-4.594797268509864807e-02
-4.595537856221199036e-02
-4.594747722148895264e-02
-4.596172645688056946e-02
-4.594265669584274292e-02
-4.594976454973220825e-02
-4.596745595335960388e-02
-4.597730189561843872e-02
-4.595771059393882751e-02
-4.596247151494026184e-02
-4.596497491002082825e-02
-4.594468697905540466e-02
-4.593391343951225281e-02
-4.592683538794517517e-02
-4.594551771879196167e-02
-4.593576863408088684e-02
-4.594006016850471497e-02
-4.592052847146987915e-02
-4.594721645116806030e-02
-4.595365375280380249e-02
-4.594612494111061096e-02
-4.595901444554328918e-02
-4.593925178050994873e-02
-4.595525562763214111e-02
-4.596885666251182556e-02
-4.595290869474411011e-02
-4.596496000885963440e-02
-4.593717306852340698e-02
-4.597114026546478271e-02
-4.595365002751350403e-02
-4.595697298645973206e-02
-4.595120996236801147e-02
-4.595668241381645203e-02
-4.595414549112319946e-02
-4.593585059046745300e-02
-4.595821350812911987e-02
-4.595900699496269226e-02
-4.594956710934638977e-02
-4.595265537500381470e-02
-4.594051092863082886e-02
-4.593513160943984985e-02
-4.593935981392860413e-02
-4.594127088785171509e-02
-4.595280438661575317e-02
-4.596327245235443115e-02
-4.594589397311210632e-02
-4.595971480011940002e-02
-4.597999155521392822e-02
-4.597820341587066650e-02
-4.595731943845748901e-02
-4.594084247946739197e-02
-4.594870284199714661e-02
-4.597008600831031799e-02
-4.596276581287384033e-02
-4.595161601901054382e-02
-4.595027863979339600e-02
-4.595375433564186096e-02
-4.595262929797172546e-02
-4.594799503684043884e-02
-4.595950990915298462e-02
-4.595929756760597229e-02
-4.594750329852104187e-02
-4.594882577657699585e-02
-4.597469046711921692e-02
-4.597276821732521057e-02
-4.596047848463058472e-02
-4.594694077968597412e-02
-4.597262293100357056e-02
-4.594061523675918579e-02
-4.594558849930763245e-02
-4.597372934222221375e-02
-4.593699052929878235e-02
-4.596413299441337585e-02
-4.594185203313827515e-02
-4.595297947525978088e-02
-4.596272855997085571e-02
-4.596694931387901306e-02
-4.595107585191726685e-02
-4.594900831580162048e-02
-4.594980925321578979e-02
-4.596428945660591125e-02
-4.594970121979713440e-02
-4.595576226711273193e-02
-4.593452438712120056e-02
-4.593857750296592712e-02
-4.595298320055007935e-02
-4.597486183047294617e-02
-4.595649614930152893e-02
-4.594787582755088806e-02
-4.597713425755500793e-02
-4.598239809274673462e-02
-4.596808180212974548e-02
-4.595184698700904846e-02
-4.596734791994094849e-02
-4.596371576189994812e-02
-4.596694931387901306e-02
-4.597025364637374878e-02
-4.596095532178878784e-02
-4.596373066306114197e-02
-4.596196115016937256e-02
-4.596110805869102478e-02
-4.595282301306724548e-02
-4.596138373017311096e-02
-4.595665633678436279e-02
-4.596199467778205872e-02
-4.598614200949668884e-02
-4.597546905279159546e-02
-4.596138373017311096e-02
-4.595448449254035950e-02
-4.596878215670585632e-02
-4.596426337957382202e-02
-4.595067352056503296e-02
-4.595052078366279602e-02
-4.594936594367027283e-02
-4.596253484487533569e-02
-4.598014801740646362e-02
-4.596725851297378540e-02
-4.597378149628639221e-02
-4.595138505101203918e-02
-4.594684019684791565e-02
-4.595055058598518372e-02
-4.594894871115684509e-02
-4.594373330473899841e-02
-4.597039893269538879e-02
-4.595919698476791382e-02
-4.598320275545120239e-02
-4.593676701188087463e-02
-4.594890773296356201e-02
-4.595723375678062439e-02
-4.595934599637985229e-02
-4.596239700913429260e-02
-4.595001786947250366e-02
-4.596950858831405640e-02
-4.596059024333953857e-02
-4.596474394202232361e-02
-4.596681147813796997e-02
-4.597400873899459839e-02
-4.596119374036788940e-02
-4.595823585987091064e-02
-4.596887528896331787e-02
-4.595241695642471313e-02
-4.597218707203865051e-02
-4.595761746168136597e-02
-4.594929888844490051e-02
-4.595319181680679321e-02
-4.597180336713790894e-02
-4.596937075257301331e-02
-4.597956314682960510e-02
-4.595471918582916260e-02
-4.594361037015914917e-02
-4.596384614706039429e-02
-4.596728459000587463e-02
-4.598217457532882690e-02
-4.597767814993858337e-02
-4.596141725778579712e-02
-4.595918953418731689e-02
-4.595850408077239990e-02
-4.596885666251182556e-02
-4.596544802188873291e-02
-4.596241191029548645e-02
-4.595108330249786377e-02
-4.595115408301353455e-02
-4.596755653619766235e-02
-4.597527161240577698e-02
-4.594009369611740112e-02
-4.597124084830284119e-02
-4.594752565026283264e-02
-4.595213010907173157e-02
-4.596550017595291138e-02
-4.596029222011566162e-02
-4.596426710486412048e-02
-4.596656933426856995e-02
-4.596528038382530212e-02
-4.597465321421623230e-02
-4.596030339598655701e-02
-4.594884067773818970e-02
-4.594777524471282959e-02
-4.598120599985122681e-02
-4.595886543393135071e-02
-4.595226421952247620e-02
-4.595530405640602112e-02
-4.596266523003578186e-02
-4.596035927534103394e-02
-4.598262533545494080e-02
-4.597386345267295837e-02
-4.595299437642097473e-02
-4.595391452312469482e-02
-4.595750942826271057e-02
-4.595770314335823059e-02
-4.594455286860466003e-02
-4.595122113823890686e-02
-4.595728963613510132e-02
-4.597022011876106262e-02
-4.595578834414482117e-02
-4.596443846821784973e-02
-4.597261175513267517e-02
-4.595919325947761536e-02
-4.596774280071258545e-02
-4.595544189214706421e-02
-4.597865790128707886e-02
-4.598922654986381531e-02
-4.598103836178779602e-02
-4.597058147192001343e-02
-4.597894474864006042e-02
-4.598208516836166382e-02
-4.598412662744522095e-02
-4.595809802412986755e-02
-4.596171528100967407e-02
-4.596779868006706238e-02
-4.596190899610519409e-02
-4.596081003546714783e-02
-4.595869034528732300e-02
-4.595275595784187317e-02
-4.596230760216712952e-02
-4.594521224498748779e-02
-4.597008600831031799e-02
-4.595295339822769165e-02
-4.597078263759613037e-02
-4.596933349967002869e-02
-4.598363116383552551e-02
-4.596565663814544678e-02
-4.595562070608139038e-02
-4.595489054918289185e-02
-4.594987258315086365e-02
-4.596491158008575439e-02
-4.595694690942764282e-02
-4.597391560673713684e-02
-4.595377668738365173e-02
-4.594702646136283875e-02
-4.594637826085090637e-02
-4.597164317965507507e-02
-4.597160965204238892e-02
-4.596891626715660095e-02
-4.596514254808425903e-02
-4.595585912466049194e-02
-4.597366228699684143e-02
-4.595262184739112854e-02
-4.596039280295372009e-02
-4.595883563160896301e-02
-4.597714170813560486e-02
-4.595584049820899963e-02
-4.595869407057762146e-02
-4.595349729061126709e-02
-4.596347734332084656e-02
-4.597364366054534912e-02
-4.597543179988861084e-02
-4.597054421901702881e-02
-4.598641768097877502e-02
-4.596812650561332703e-02
-4.596121236681938171e-02
-4.596074670553207397e-02
-4.596729204058647156e-02
-4.596621915698051453e-02
-4.598918184638023376e-02
-4.595912620425224304e-02
-4.596489295363426208e-02
-4.595176130533218384e-02
-4.595547169446945190e-02
-4.597066715359687805e-02
-4.597866907715797424e-02
-4.596983641386032104e-02
-4.596464335918426514e-02
-4.596992954611778259e-02
-4.596431925892829895e-02
-4.595866426825523376e-02
-4.596413671970367432e-02
-4.595617577433586121e-02
-4.597310721874237061e-02
-4.595584794878959656e-02
-4.595997184514999390e-02
-4.596274346113204956e-02
-4.597416147589683533e-02
-4.596637561917304993e-02
-4.596898704767227173e-02
-4.594884067773818970e-02
-4.598012194037437439e-02
-4.597520083189010620e-02
-4.595933109521865845e-02
-4.596130549907684326e-02
-4.597750678658485413e-02
-4.597211256623268127e-02
-4.598126187920570374e-02
-4.596347361803054810e-02
-4.595669731497764587e-02
-4.596090689301490784e-02
-4.596344009041786194e-02
-4.598092287778854370e-02
-4.596135765314102173e-02
-4.595724865794181824e-02
-4.596003517508506775e-02
-4.595518857240676880e-02
-4.594706743955612183e-02
-4.598220065236091614e-02
-4.595978185534477234e-02
-4.597345739603042603e-02
-4.595428332686424255e-02
-4.597295448184013367e-02
-4.596836492419242859e-02
-4.595770686864852905e-02
-4.596494138240814209e-02
-4.598077759146690369e-02
-4.597286880016326904e-02
-4.599022120237350464e-02
-4.597787559032440186e-02
-4.596329107880592346e-02
-4.595284163951873779e-02
-4.597143828868865967e-02
-4.596709460020065308e-02
-4.596470296382904053e-02
-4.597402736544609070e-02
-4.596904665231704712e-02
-4.598455876111984253e-02
-4.595264419913291931e-02
-4.594980180263519287e-02
-4.597764462232589722e-02
-4.598548263311386108e-02
-4.595949128270149231e-02
-4.595123976469039917e-02
-4.596463963389396667e-02
-4.597279056906700134e-02
-4.597641155123710632e-02
-4.596460238099098206e-02
-4.596642404794692993e-02
-4.598012194037437439e-02
-4.597832635045051575e-02
-4.596531763672828674e-02
-4.597592726349830627e-02
-4.597290605306625366e-02
-4.596658796072006226e-02
-4.597162082791328430e-02
-4.597493633627891541e-02
-4.595665633678436279e-02
-4.597108811140060425e-02
-4.596005380153656006e-02
-4.595846310257911682e-02
-4.596497863531112671e-02
-4.596768692135810852e-02
-4.594821110367774963e-02
-4.595918953418731689e-02
-4.597584530711174011e-02
-4.597017541527748108e-02
-4.594807326793670654e-02
-4.598447307944297791e-02
-4.596735909581184387e-02
-4.596025124192237854e-02
-4.597254469990730286e-02
-4.596995934844017029e-02
-4.597090929746627808e-02
-4.595924913883209229e-02
-4.596929252147674561e-02
-4.595892131328582764e-02
-4.597032442688941956e-02
-4.597367718815803528e-02
-4.598239809274673462e-02
-4.597623646259307861e-02
-4.596976190805435181e-02
-4.596737772226333618e-02
-4.597502201795578003e-02
-4.596395418047904968e-02
-4.598214104771614075e-02
-4.596484825015068054e-02
-4.595651105046272278e-02
-4.595848545432090759e-02
-4.596975818276405334e-02
-4.595260322093963623e-02
-4.599335417151451111e-02
-4.596025124192237854e-02
-4.597057774662971497e-02
-4.598123952746391296e-02
-4.597528651356697083e-02
-4.598229378461837769e-02
-4.599449783563613892e-02
-4.598590359091758728e-02
-4.596856981515884399e-02
-4.596997424960136414e-02
-4.596694186329841614e-02
-4.596474394202232361e-02
-4.597898945212364197e-02
-4.595749825239181519e-02
-4.598180204629898071e-02
-4.598896950483322144e-02
-4.597421362996101379e-02
-4.597031697630882263e-02
-4.597333446145057678e-02
-4.596973583102226257e-02
-4.600502178072929382e-02
-4.597045108675956726e-02
-4.596821218729019165e-02
-4.598185792565345764e-02
-4.598190262913703918e-02
-4.598423093557357788e-02
-4.597573354840278625e-02
-4.597720131278038025e-02
-4.597371444106101990e-02
-4.595189914107322693e-02
-4.595723375678062439e-02
-4.597351700067520142e-02
-4.596868529915809631e-02
-4.596905782818794250e-02
-4.597128555178642273e-02
-4.596156999468803406e-02
-4.597251862287521362e-02
-4.597984999418258667e-02
-4.598119109869003296e-02
-4.599514976143836975e-02
-4.598208144307136536e-02
-4.598039761185646057e-02
-4.596347361803054810e-02
-4.596258699893951416e-02
-4.595032706856727600e-02
-4.596769064664840698e-02
-4.597797617316246033e-02
-4.596417397260665894e-02
-4.596687480807304382e-02
-4.598433524370193481e-02
-4.596827924251556396e-02
-4.597400873899459839e-02
-4.597919434309005737e-02
-4.597182199358940125e-02
-4.596104845404624939e-02
-4.595443233847618103e-02
-4.595489427447319031e-02
-4.595176130533218384e-02
-4.596836119890213013e-02
-4.596589878201484680e-02
-4.596098139882087708e-02
-4.596109315752983093e-02
-4.596970975399017334e-02
-4.598890990018844604e-02
-4.596488177776336670e-02
-4.598430171608924866e-02
-4.597306624054908752e-02
-4.595040529966354370e-02
-4.598421975970268250e-02
-4.597658291459083557e-02
-4.597732052206993103e-02
-4.597501084208488464e-02
-4.598190262913703918e-02
-4.597330465912818909e-02
-4.599410668015480042e-02
-4.598755761981010437e-02
-4.597518965601921082e-02
-4.595584049820899963e-02
-4.597189277410507202e-02
-4.597755149006843567e-02
-4.598086327314376831e-02
-4.597903043031692505e-02
-4.597400873899459839e-02
-4.596813395619392395e-02
-4.597794264554977417e-02
-4.598335176706314087e-02
-4.596850648522377014e-02
-4.599941149353981018e-02
-4.598513618111610413e-02
-4.598926007747650146e-02
-4.596300795674324036e-02
-4.598983377218246460e-02
-4.598448053002357483e-02
-4.596083983778953552e-02
-4.596103727817535400e-02
-4.595381766557693481e-02
-4.597582295536994934e-02
-4.597822949290275574e-02
-4.597520455718040466e-02
-4.595705494284629822e-02
-4.597490653395652771e-02
-4.598205909132957458e-02
-4.598660394549369812e-02
-4.598247259855270386e-02
-4.598126560449600220e-02
-4.598242416977882385e-02
-4.597559198737144470e-02
-4.598934948444366455e-02
-4.597141593694686890e-02
-4.596538841724395752e-02
-4.597694799304008484e-02
-4.596225172281265259e-02
-4.597604647278785706e-02
-4.597676917910575867e-02
-4.596365615725517273e-02
-4.597109928727149963e-02
-4.597900807857513428e-02
-4.595426097512245178e-02
-4.597826674580574036e-02
-4.596854001283645630e-02
-4.597384855151176453e-02
-4.597930982708930969e-02
-4.597039893269538879e-02
-4.597716033458709717e-02
-4.596773535013198853e-02
-4.598817974328994751e-02
-4.596524685621261597e-02
-4.598125442862510681e-02
-4.597206786274909973e-02
-4.599947482347488403e-02
-4.597482830286026001e-02
-4.597925022244453430e-02
-4.598460346460342407e-02
-4.597993567585945129e-02
-4.597663134336471558e-02
-4.597504809498786926e-02
-4.598243162035942078e-02
-4.597561806440353394e-02
-4.597712308168411255e-02
-4.596589505672454834e-02
-4.597931355237960815e-02
-4.598286002874374390e-02
-4.598887637257575989e-02
-4.598915949463844299e-02
-4.596417024731636047e-02
-4.596305266022682190e-02
-4.596361145377159119e-02
-4.596564546227455139e-02
-4.597262293100357056e-02
-4.596884176135063171e-02
-4.597181454300880432e-02
-4.596529901027679443e-02
-4.598049446940422058e-02
-4.598478972911834717e-02
-4.597315564751625061e-02
-4.596928507089614868e-02
-4.599354416131973267e-02
-4.598762467503547668e-02
-4.596659168601036072e-02
-4.597807303071022034e-02
-4.598066955804824829e-02
-4.596507921814918518e-02
-4.599127545952796936e-02
-4.596795514225959778e-02
-4.599057883024215698e-02
-4.597951099276542664e-02
-4.598491638898849487e-02
-4.596275463700294495e-02
-4.598921164870262146e-02
-4.598211497068405151e-02
-4.597883671522140503e-02
-4.596762359142303467e-02
-4.598234221339225769e-02
-4.598720744252204895e-02
-4.598109424114227295e-02
-4.598091915249824524e-02
-4.598100855946540833e-02
-4.597936943173408508e-02
-4.598649591207504272e-02
-4.597657173871994019e-02
-4.599141702055931091e-02
-4.596664384007453918e-02
-4.598513618111610413e-02
-4.597919434309005737e-02
-4.598125442862510681e-02
-4.599545150995254517e-02
-4.597433283925056458e-02
-4.596434161067008972e-02
-4.597659036517143250e-02
-4.597865417599678040e-02
-4.599295556545257568e-02
-4.597417265176773071e-02
-4.597095400094985962e-02
-4.597469419240951538e-02
-4.599262773990631104e-02
-4.599948599934577942e-02
-4.595999047160148621e-02
