-1.850987784564495087e-02
-1.851382851600646973e-02
-1.850014552474021912e-02
-1.850055158138275146e-02
-1.849522814154624939e-02
-1.848928257822990417e-02
-1.850406266748905182e-02
-1.850273646414279938e-02
-1.851178333163261414e-02
-1.850561238825321198e-02
-1.851312629878520966e-02
-1.850406639277935028e-02
-1.850147172808647156e-02
-1.849758625030517578e-02
-1.850479468703269958e-02
-1.850528083741664886e-02
-1.850474439561367035e-02
-1.850586012005805969e-02
-1.850263774394989014e-02
-1.850670948624610901e-02
-1.851814240217208862e-02
-1.849734783172607422e-02
-1.850946247577667236e-02
-1.850552670657634735e-02
-1.850658282637596130e-02
-1.851967722177505493e-02
-1.851844228804111481e-02
-1.852235011756420135e-02
-1.853323914110660553e-02
-1.852041110396385193e-02
-1.853651739656925201e-02
-1.851630210876464844e-02
-1.851972192525863647e-02
-1.852903887629508972e-02
-1.853377930819988251e-02
-1.851595193147659302e-02
-1.850997470319271088e-02
-1.852076128125190735e-02
-1.851984113454818726e-02
-1.852127164602279663e-02
-1.852633059024810791e-02
-1.851513795554637909e-02
-1.852503418922424316e-02
-1.851524226367473602e-02
-1.851544901728630066e-02
-1.851314306259155273e-02
-1.851940900087356567e-02
-1.851652376353740692e-02
-1.852037385106086731e-02
-1.851624809205532074e-02
-1.852491125464439392e-02
-1.852912642061710358e-02
-1.851986162364482880e-02
-1.851519197225570679e-02
-1.852628216147422791e-02
-1.853237859904766083e-02
-1.853861287236213684e-02
-1.853137835860252380e-02
-1.854371279478073120e-02
-1.853483915328979492e-02
-1.853549107909202576e-02
-1.852198690176010132e-02
-1.853927969932556152e-02
-1.855438947677612305e-02
-1.853803172707557678e-02
-1.853447221219539642e-02
-1.853758469223976135e-02
-1.854878477752208710e-02
-1.853937655687332153e-02
-1.853347383439540863e-02
-1.853442564606666565e-02
-1.853417232632637024e-02
-1.853736862540245056e-02
-1.854757033288478851e-02
-1.853789202868938446e-02
-1.853513717651367188e-02
-1.854009181261062622e-02
-1.853775791823863983e-02
-1.853413134813308716e-02
-1.854521967470645905e-02
-1.854113303124904633e-02
-1.854743063449859619e-02
-1.854639500379562378e-02
-1.855136267840862274e-02
-1.855060458183288574e-02
-1.854809373617172241e-02
-1.854836568236351013e-02
-1.854374632239341736e-02
-1.853893138468265533e-02
-1.853938773274421692e-02
-1.855076290667057037e-02
-1.855873689055442810e-02
-1.854276098310947418e-02
-1.855250447988510132e-02
-1.855066977441310883e-02
-1.855281740427017212e-02
-1.855364441871643066e-02
-1.853744499385356903e-02
-1.854464970529079437e-02
-1.854871585965156555e-02
-1.856127381324768066e-02
-1.856270059943199158e-02
-1.856289245188236237e-02
-1.857186108827590942e-02
-1.856576651334762573e-02
-1.857395842671394348e-02
-1.856478862464427948e-02
-1.857620105147361755e-02
-1.858171261847019196e-02
-1.855818741023540497e-02
-1.856695860624313354e-02
-1.856776326894760132e-02
-1.857073605060577393e-02
-1.855825260281562805e-02
-1.855459436774253845e-02
-1.857112161815166473e-02
-1.855996064841747284e-02
-1.855580508708953857e-02
-1.857604458928108215e-02
-1.857294514775276184e-02
-1.858104020357131958e-02
-1.857596263289451599e-02
-1.856226846575737000e-02
-1.857772469520568848e-02
-1.857202313840389252e-02
-1.857107132673263550e-02
-1.857791654765605927e-02
-1.857024058699607849e-02
-1.857466809451580048e-02
-1.857844367623329163e-02
-1.857918128371238708e-02
-1.857431977987289429e-02
-1.858686655759811401e-02
-1.857523433864116669e-02
-1.857659034430980682e-02
-1.858663372695446014e-02
-1.858634315431118011e-02
-1.858424581587314606e-02
-1.857648231089115143e-02
-1.857868395745754242e-02
-1.859573088586330414e-02
-1.859490945935249329e-02
-1.858629286289215088e-02
-1.859544031322002411e-02
-1.859614811837673187e-02
-1.860716938972473145e-02
-1.859004609286785126e-02
-1.859332993626594543e-02
-1.858911849558353424e-02
-1.858529448509216309e-02
-1.859562098979949951e-02
-1.859530434012413025e-02
-1.859996654093265533e-02
-1.859957538545131683e-02
-1.858834736049175262e-02
-1.859314553439617157e-02
-1.859484426677227020e-02
-1.860890910029411316e-02
-1.860790513455867767e-02
-1.860241591930389404e-02
-1.860498264431953430e-02
-1.858531311154365540e-02
-1.859620027244091034e-02
-1.860104501247406006e-02
-1.859418489038944244e-02
-1.860285364091396332e-02
-1.861508935689926147e-02
-1.860489509999752045e-02
-1.861616224050521851e-02
-1.859890669584274292e-02
-1.860483735799789429e-02
-1.861834526062011719e-02
-1.860464178025722504e-02
-1.862614229321479797e-02
-1.860364153981208801e-02
-1.862121559679508209e-02
-1.860133744776248932e-02
-1.861394010484218597e-02
-1.862175576388835907e-02
-1.861935481429100037e-02
-1.861452683806419373e-02
-1.861277222633361816e-02
-1.862039603292942047e-02
-1.861499808728694916e-02
-1.862092129886150360e-02
-1.862446777522563934e-02
-1.861632801592350006e-02
-1.861846074461936951e-02
-1.862194016575813293e-02
-1.861293986439704895e-02
-1.861580833792686462e-02
-1.863094232976436615e-02
-1.862748712301254272e-02
-1.862859167158603668e-02
-1.862228475511074066e-02
-1.863056421279907227e-02
-1.862475648522377014e-02
-1.862650364637374878e-02
-1.862960681319236755e-02
-1.863337866961956024e-02
-1.864368282258510590e-02
-1.863581500947475433e-02
-1.862060278654098511e-02
-1.863344013690948486e-02
-1.864228770136833191e-02
-1.863235235214233398e-02
-1.862346194684505463e-02
-1.862156018614768982e-02
-1.863129809498786926e-02
-1.863751374185085297e-02
-1.864288374781608582e-02
-1.862956956028938293e-02
-1.864232867956161499e-02
-1.862494461238384247e-02
-1.863032206892967224e-02
-1.862900890409946442e-02
-1.864365302026271820e-02
-1.864608004689216614e-02
-1.865816861391067505e-02
-1.865087449550628662e-02
-1.865024678409099579e-02
-1.865584589540958405e-02
-1.864598132669925690e-02
-1.864482276141643524e-02
-1.864858344197273254e-02
-1.864968985319137573e-02
-1.865191012620925903e-02
-1.864762417972087860e-02
-1.864302903413772583e-02
-1.864234916865825653e-02
-1.864110305905342102e-02
-1.865098811686038971e-02
-1.864108443260192871e-02
-1.864776760339736938e-02
-1.862923800945281982e-02
-1.865393482148647308e-02
-1.865272037684917450e-02
-1.865462772548198700e-02
-1.865281164646148682e-02
-1.864964142441749573e-02
-1.866177283227443695e-02
-1.865400187671184540e-02
-1.865976862609386444e-02
-1.865424029529094696e-02
-1.866376772522926331e-02
-1.866226270794868469e-02
-1.866478472948074341e-02
-1.865642890334129333e-02
-1.867405325174331665e-02
-1.866585016250610352e-02
-1.867576315999031067e-02
-1.865708455443382263e-02
-1.866660825908184052e-02
-1.865934394299983978e-02
-1.866832934319972992e-02
-1.867929100990295410e-02
-1.868098974227905273e-02
-1.867620088160037994e-02
-1.867943257093429565e-02
-1.867007091641426086e-02
-1.866712793707847595e-02
-1.867635548114776611e-02
-1.866741478443145752e-02
-1.866676285862922668e-02
-1.868753693997859955e-02
-1.866915076971054077e-02
-1.867409795522689819e-02
-1.866281405091285706e-02
-1.867475360631942749e-02
-1.867000758647918701e-02
-1.869187317788600922e-02
-1.869087666273117065e-02
-1.866967976093292236e-02
-1.868224889039993286e-02
-1.867764815688133240e-02
-1.867156475782394409e-02
-1.868182420730590820e-02
-1.867660135030746460e-02
-1.869148761034011841e-02
-1.867626048624515533e-02
-1.868834346532821655e-02
-1.867948845028877258e-02
-1.868331246078014374e-02
-1.869185082614421844e-02
-1.870122179388999939e-02
-1.869499497115612030e-02
-1.869184337556362152e-02
-1.869987696409225464e-02
-1.869072392582893372e-02
-1.870721578598022461e-02
-1.870112866163253784e-02
-1.870805583894252777e-02
-1.869795843958854675e-02
-1.869903504848480225e-02
-1.869305409491062164e-02
-1.870369724929332733e-02
-1.870434731245040894e-02
-1.871848665177822113e-02
-1.870492473244667053e-02
-1.869058236479759216e-02
-1.869672536849975586e-02
-1.870459318161010742e-02
-1.870524510741233826e-02
-1.870780996978282928e-02
-1.870156638324260712e-02
-1.869927346706390381e-02
-1.870138011872768402e-02
-1.870447956025600433e-02
-1.871525309979915619e-02
-1.870399713516235352e-02
-1.870983466506004333e-02
-1.869699358940124512e-02
-1.871148310601711273e-02
-1.870100758969783783e-02
-1.870256289839744568e-02
-1.870377734303474426e-02
-1.869965903460979462e-02
-1.871259883046150208e-02
-1.870546862483024597e-02
-1.870714128017425537e-02
-1.872044429183006287e-02
-1.870415173470973969e-02
-1.871265098452568054e-02
-1.870560646057128906e-02
-1.872475445270538330e-02
-1.871295645833015442e-02
-1.872441917657852173e-02
-1.872019842267036438e-02
-1.871351525187492371e-02
-1.870394684374332428e-02
-1.872714981436729431e-02
-1.873242855072021484e-02
-1.873197220265865326e-02
-1.871461980044841766e-02
-1.872215233743190765e-02
-1.871941424906253815e-02
-1.872421614825725555e-02
-1.872613653540611267e-02
-1.872671209275722504e-02
-1.872602477669715881e-02
-1.873115077614784241e-02
-1.873490214347839355e-02
-1.873623952269554138e-02
-1.873779855668544769e-02
-1.873363554477691650e-02
-1.874049939215183258e-02
-1.874019764363765717e-02
-1.873747259378433228e-02
-1.873509027063846588e-02
-1.873212680220603943e-02
-1.873254030942916870e-02
-1.874957978725433350e-02
-1.873173564672470093e-02
-1.872905716300010681e-02
-1.873887144029140472e-02
-1.873403601348400116e-02
-1.874205283820629120e-02
-1.873804070055484772e-02
-1.874172501266002655e-02
-1.873793452978134155e-02
-1.873960718512535095e-02
-1.873741112649440765e-02
-1.874151639640331268e-02
-1.875020377337932587e-02
-1.874115318059921265e-02
-1.875573396682739258e-02
-1.875143498182296753e-02
-1.874870993196964264e-02
-1.874363422393798828e-02
-1.874523237347602844e-02
-1.874372735619544983e-02
-1.875454001128673553e-02
-1.875855401158332825e-02
-1.874985918402671814e-02
-1.874590292572975159e-02
-1.875915378332138062e-02
-1.874952577054500580e-02
-1.875063590705394745e-02
-1.877522468566894531e-02
-1.876075379550457001e-02
-1.875591278076171875e-02
-1.876114867627620697e-02
-1.875486783683300018e-02
-1.876626908779144287e-02
-1.876356638967990875e-02
-1.876825839281082153e-02
-1.876188255846500397e-02
-1.876081898808479309e-02
-1.876636222004890442e-02
-1.876509748399257660e-02
-1.877314411103725433e-02
-1.876954175531864166e-02
-1.875802129507064819e-02
-1.876582577824592590e-02
-1.876788586378097534e-02
-1.876915432512760162e-02
-1.876122318208217621e-02
-1.876679621636867523e-02
-1.876477338373661041e-02
-1.875328086316585541e-02
-1.875917240977287292e-02
-1.876302808523178101e-02
-1.877186261117458344e-02
-1.875139214098453522e-02
-1.876945607364177704e-02
-1.878022775053977966e-02
-1.877666637301445007e-02
-1.877520419657230377e-02
-1.878102682530879974e-02
-1.878038607537746429e-02
-1.876942254602909088e-02
-1.877915859222412109e-02
-1.878216117620468140e-02
-1.878146827220916748e-02
-1.878109201788902283e-02
-1.877643540501594543e-02
-1.878033950924873352e-02
-1.878318004310131073e-02
-1.878162287175655365e-02
-1.878019794821739197e-02
-1.878611370921134949e-02
-1.877630874514579773e-02
-1.877299882471561432e-02
-1.878697797656059265e-02
-1.879446022212505341e-02
-1.878490298986434937e-02
-1.878861151635646820e-02
-1.878462359309196472e-02
-1.878841035068035126e-02
-1.878147758543491364e-02
-1.879535615444183350e-02
-1.878971233963966370e-02
-1.879327557981014252e-02
-1.879976503551006317e-02
-1.878442242741584778e-02
-1.880515553057193756e-02
-1.879754289984703064e-02
-1.879918202757835388e-02
-1.880563236773014069e-02
-1.880408264696598053e-02
-1.879908517003059387e-02
-1.879808120429515839e-02
-1.879380457103252411e-02
-1.880441978573799133e-02
-1.880683936178684235e-02
-1.879818551242351532e-02
-1.881580799818038940e-02
-1.881259679794311523e-02
-1.881121098995208740e-02
-1.881475187838077545e-02
-1.881090924143791199e-02
-1.880191080272197723e-02
-1.880703307688236237e-02
-1.880445331335067749e-02
-1.879965513944625854e-02
-1.881845854222774506e-02
-1.881281472742557526e-02
-1.881142891943454742e-02
-1.881482079625129700e-02
-1.880623772740364075e-02
-1.882772520184516907e-02
-1.882279850542545319e-02
-1.882254704833030701e-02
-1.882221736013889313e-02
-1.881337165832519531e-02
-1.882762834429740906e-02
-1.881170645356178284e-02
-1.881248131394386292e-02
-1.881034113466739655e-02
-1.881488785147666931e-02
-1.882089115679264069e-02
-1.882451400160789490e-02
-1.882944442331790924e-02
-1.881442032754421234e-02
-1.881491392850875854e-02
-1.880906336009502411e-02
-1.880934461951255798e-02
-1.881369017064571381e-02
-1.880766823887825012e-02
-1.882068067789077759e-02
-1.883023232221603394e-02
-1.882410608232021332e-02
-1.882060989737510681e-02
-1.881947554647922516e-02
-1.881745085120201111e-02
-1.882145367562770844e-02
-1.881750673055648804e-02
-1.881768554449081421e-02
-1.882517896592617035e-02
-1.883026584982872009e-02
-1.883742585778236389e-02
-1.883114315569400787e-02
-1.883219555020332336e-02
-1.883710362017154694e-02
-1.883671246469020844e-02
-1.883011683821678162e-02
-1.883024722337722778e-02
-1.884438470005989075e-02
-1.883991993963718414e-02
-1.883705705404281616e-02
-1.883736252784729004e-02
-1.883434504270553589e-02
-1.884826272726058960e-02
-1.883762329816818237e-02
-1.884654723107814789e-02
-1.884008385241031647e-02
-1.883742585778236389e-02
-1.885198988020420074e-02
-1.883721910417079926e-02
-1.884331926703453064e-02
-1.884004287421703339e-02
-1.884360238909721375e-02
-1.884989999234676361e-02
-1.884767413139343262e-02
-1.885395497083663940e-02
-1.884205453097820282e-02
-1.884965598583221436e-02
-1.884050108492374420e-02
-1.885267160832881927e-02
-1.883097924292087555e-02
-1.883879303932189941e-02
-1.884196139872074127e-02
-1.884683035314083099e-02
-1.883774064481258392e-02
-1.885051466524600983e-02
-1.885269396007061005e-02
-1.885389722883701324e-02
-1.884553208947181702e-02
-1.885290816426277161e-02
-1.885954663157463074e-02
-1.885295473039150238e-02
-1.885067671537399292e-02
-1.885198801755905151e-02
-1.886223629117012024e-02
-1.886260509490966797e-02
-1.885790750384330750e-02
-1.885578967630863190e-02
-1.886127889156341553e-02
-1.886093243956565857e-02
-1.886552385985851288e-02
-1.885651797056198120e-02
-1.886248402297496796e-02
-1.886212825775146484e-02
-1.885784603655338287e-02
-1.886111125349998474e-02
-1.887214742600917816e-02
-1.885792613029479980e-02
-1.886360719799995422e-02
-1.886541210114955902e-02
-1.887199282646179199e-02
-1.887453906238079071e-02
-1.886743307113647461e-02
-1.887431740760803223e-02
-1.886758208274841309e-02
-1.887437328696250916e-02
-1.886719092726707458e-02
-1.886291615664958954e-02
-1.887195743620395660e-02
-1.886741816997528076e-02
-1.886791735887527466e-02
-1.887705549597740173e-02
-1.887717656791210175e-02
-1.887626759707927704e-02
-1.886750012636184692e-02
-1.888547651469707489e-02
-1.888272166252136230e-02
-1.887370645999908447e-02
-1.887913793325424194e-02
-1.887340471148490906e-02
-1.887816190719604492e-02
-1.887178048491477966e-02
-1.888485066592693329e-02
-1.889271475374698639e-02
-1.887950673699378967e-02
-1.888472773134708405e-02
-1.889706216752529144e-02
-1.887750625610351562e-02
-1.888007484376430511e-02
-1.888597942888736725e-02
-1.888198964297771454e-02
-1.888479851186275482e-02
-1.888010837137699127e-02
-1.889112591743469238e-02
-1.888320595026016235e-02
-1.889073103666305542e-02
-1.888472214341163635e-02
-1.889463141560554504e-02
-1.890447363257408142e-02
-1.889009773731231689e-02
-1.889603771269321442e-02
-1.888284459710121155e-02
-1.889831572771072388e-02
-1.888606511056423187e-02
-1.889582350850105286e-02
-1.889475435018539429e-02
-1.889657974243164062e-02
-1.889124140143394470e-02
-1.889545656740665436e-02
-1.890629157423973083e-02
-1.889627985656261444e-02
-1.889597810804843903e-02
-1.890826597809791565e-02
-1.889761909842491150e-02
-1.889554038643836975e-02
-1.889904588460922241e-02
-1.889101229608058929e-02
-1.888758875429630280e-02
-1.889091357588768005e-02
-1.890454255044460297e-02
-1.889535784721374512e-02
-1.889860071241855621e-02
-1.890735328197479248e-02
-1.890601590275764465e-02
-1.890106499195098877e-02
-1.890981756150722504e-02
-1.890924945473670959e-02
-1.890034414827823639e-02
-1.889503933489322662e-02
-1.890024170279502869e-02
-1.890659332275390625e-02
-1.891398988664150238e-02
-1.890996657311916351e-02
-1.891111396253108978e-02
-1.890837401151657104e-02
-1.891867257654666901e-02
-1.891854032874107361e-02
-1.890763640403747559e-02
-1.891977526247501373e-02
-1.891818642616271973e-02
-1.891789399087429047e-02
-1.890980079770088196e-02
-1.890926808118820190e-02
-1.891062594950199127e-02
-1.891638338565826416e-02
-1.891278661787509918e-02
-1.891745626926422119e-02
-1.891815103590488434e-02
-1.890657283365726471e-02
-1.891357079148292542e-02
-1.891931518912315369e-02
-1.892093382775783539e-02
-1.891531795263290405e-02
-1.891445741057395935e-02
-1.892214268445968628e-02
-1.892440393567085266e-02
-1.892378926277160645e-02
-1.892321184277534485e-02
-1.891658641397953033e-02
-1.892267540097236633e-02
-1.893283799290657043e-02
-1.892812550067901611e-02
-1.892885193228721619e-02
-1.892592757940292358e-02
-1.893268525600433350e-02
-1.892713084816932678e-02
-1.892294362187385559e-02
-1.892007701098918915e-02
-1.892776601016521454e-02
-1.892796717584133148e-02
-1.893231272697448730e-02
-1.892263442277908325e-02
-1.892638206481933594e-02
-1.892901770770549774e-02
-1.892323605716228485e-02
-1.891892030835151672e-02
-1.893274299800395966e-02
-1.892399042844772339e-02
-1.893009617924690247e-02
-1.892868243157863617e-02
-1.893981546163558960e-02
-1.893739774823188782e-02
-1.893111690878868103e-02
-1.893791556358337402e-02
-1.894006505608558655e-02
-1.892994344234466553e-02
-1.893682405352592468e-02
-1.894279755651950836e-02
-1.893794164061546326e-02
-1.894801855087280273e-02
-1.894961670041084290e-02
-1.895084232091903687e-02
-1.894287578761577606e-02
-1.894578710198402405e-02
-1.893832534551620483e-02
-1.894405484199523926e-02
-1.894515752792358398e-02
-1.894482225179672241e-02
-1.895126700401306152e-02
-1.894877478480339050e-02
-1.895182952284812927e-02
-1.895005255937576294e-02
-1.894723996520042419e-02
-1.895554177463054657e-02
-1.894386857748031616e-02
-1.895172894001007080e-02
-1.894550770521163940e-02
-1.895579695701599121e-02
-1.896155811846256256e-02
-1.895088888704776764e-02
-1.894994080066680908e-02
-1.894772984087467194e-02
-1.895789243280887604e-02
-1.896285451948642731e-02
-1.895449124276638031e-02
-1.895326189696788788e-02
-1.895725354552268982e-02
-1.895898580551147461e-02
-1.896042935550212860e-02
-1.896082982420921326e-02
-1.895192824304103851e-02
-1.895917393267154694e-02
-1.896034926176071167e-02
-1.895856671035289764e-02
-1.895776391029357910e-02
-1.893891207873821259e-02
-1.895077899098396301e-02
-1.895385235548019409e-02
-1.896471716463565826e-02
-1.895526424050331116e-02
-1.894916407763957977e-02
-1.896592229604721069e-02
-1.896245591342449188e-02
-1.897219568490982056e-02
-1.896080374717712402e-02
-1.896437630057334900e-02
-1.896679028868675232e-02
-1.897431351244449615e-02
-1.896116137504577637e-02
-1.896522939205169678e-02
-1.897520385682582855e-02
-1.897182501852512360e-02
-1.896396838128566742e-02
-1.896909438073635101e-02
-1.896534115076065063e-02
-1.895710825920104980e-02
-1.897312514483928680e-02
-1.897519826889038086e-02
-1.897005364298820496e-02
-1.896736584603786469e-02
-1.896561123430728912e-02
-1.897233352065086365e-02
-1.898421719670295715e-02
-1.896494254469871521e-02
-1.897847652435302734e-02
-1.896869763731956482e-02
-1.897139661014080048e-02
-1.897129043936729431e-02
-1.897187158465385437e-02
-1.896619237959384918e-02
-1.897826418280601501e-02
-1.897935569286346436e-02
-1.897921785712242126e-02
-1.897465810179710388e-02
-1.898176409304141998e-02
-1.898216456174850464e-02
-1.897882483899593353e-02
-1.897369138896465302e-02
-1.898242160677909851e-02
-1.898058317601680756e-02
-1.898246817290782928e-02
-1.898231171071529388e-02
-1.898106932640075684e-02
-1.897887326776981354e-02
-1.898170821368694305e-02
-1.898455992341041565e-02
-1.899386197328567505e-02
-1.899003237485885620e-02
-1.899001002311706543e-02
-1.898599974811077118e-02
-1.898436620831489563e-02
-1.898245885968208313e-02
-1.897809840738773346e-02
-1.898590847849845886e-02
-1.898234710097312927e-02
-1.898669078946113586e-02
-1.899894140660762787e-02
-1.900089904665946960e-02
-1.899593882262706757e-02
-1.898544467985630035e-02
-1.899087056517601013e-02
-1.899082772433757782e-02
-1.899545453488826752e-02
-1.900469511747360229e-02
-1.900033466517925262e-02
-1.898108795285224915e-02
-1.899237744510173798e-02
-1.898705214262008667e-02
-1.898975484073162079e-02
-1.898459903895854950e-02
-1.899052970111370087e-02
-1.900189369916915894e-02
-1.899980939924716949e-02
-1.899236440658569336e-02
-1.899518817663192749e-02
-1.900142058730125427e-02
-1.899953559041023254e-02
-1.898973062634468079e-02
-1.899675466120243073e-02
-1.900952681899070740e-02
-1.900009252130985260e-02
-1.900410652160644531e-02
-1.900310628116130829e-02
-1.900283806025981903e-02
-1.900757290422916412e-02
-1.900751702487468719e-02
-1.899667829275131226e-02
-1.899888366460800171e-02
-1.900345645844936371e-02
-1.900458894670009613e-02
-1.900133304297924042e-02
-1.900156959891319275e-02
-1.899817585945129395e-02
-1.901625655591487885e-02
-1.901164650917053223e-02
-1.900766231119632721e-02
-1.901537925004959106e-02
-1.900494657456874847e-02
-1.902160607278347015e-02
-1.900607720017433167e-02
-1.900516264140605927e-02
-1.900777220726013184e-02
-1.900305226445198059e-02
-1.900259964168071747e-02
-1.901399344205856323e-02
-1.901131868362426758e-02
-1.902580261230468750e-02
-1.900972798466682434e-02
-1.901435665786266327e-02
-1.901487074792385101e-02
-1.901930198073387146e-02
-1.902113296091556549e-02
-1.901378855109214783e-02
-1.900385878980159760e-02
-1.901208236813545227e-02
-1.901224255561828613e-02
-1.901336759328842163e-02
-1.901542954146862030e-02
-1.901682466268539429e-02
-1.901914551854133606e-02
-1.902016252279281616e-02
-1.902052387595176697e-02
-1.901332847774028778e-02
-1.901480183005332947e-02
-1.903708092868328094e-02
-1.901903003454208374e-02
-1.901263743638992310e-02
-1.900856010615825653e-02
-1.902243867516517639e-02
-1.903148740530014038e-02
-1.902833580970764160e-02
-1.902592182159423828e-02
-1.902270875871181488e-02
-1.902063749730587006e-02
-1.903581246733665466e-02
-1.901960745453834534e-02
-1.902205683290958405e-02
-1.902242377400398254e-02
-1.904021203517913818e-02
-1.902911998331546783e-02
-1.903292164206504822e-02
-1.903881505131721497e-02
-1.903330534696578979e-02
-1.902845501899719238e-02
-1.903150416910648346e-02
-1.903425902128219604e-02
-1.903863996267318726e-02
-1.903524249792098999e-02
-1.903493143618106842e-02
-1.903590187430381775e-02
-1.902880519628524780e-02
-1.904266327619552612e-02
-1.903625577688217163e-02
-1.904267072677612305e-02
-1.903337799012660980e-02
-1.904012635350227356e-02
-1.903492584824562073e-02
-1.904391497373580933e-02
-1.903875544667243958e-02
-1.903627067804336548e-02
-1.902401819825172424e-02
-1.904021203517913818e-02
-1.904823631048202515e-02
-1.904890872538089752e-02
-1.904057897627353668e-02
-1.904851756989955902e-02
-1.904770359396934509e-02
-1.904120855033397675e-02
-1.904605329036712646e-02
-1.903238147497177124e-02
-1.904384605586528778e-02
-1.903854683041572571e-02
-1.904479041695594788e-02
-1.903743669390678406e-02
-1.904151216149330139e-02
-1.904550753533840179e-02
-1.903565973043441772e-02
-1.904788613319396973e-02
-1.904228329658508301e-02
-1.903509907424449921e-02
-1.905087381601333618e-02
-1.904057711362838745e-02
-1.904631964862346649e-02
-1.905145496129989624e-02
-1.904806122183799744e-02
-1.905235275626182556e-02
-1.904883235692977905e-02
-1.904958114027976990e-02
-1.904784701764583588e-02
-1.904726587235927582e-02
-1.905137859284877777e-02
-1.904711686074733734e-02
-1.904413104057312012e-02
-1.905097626149654388e-02
-1.905132643878459930e-02
-1.905489526689052582e-02
-1.905084401369094849e-02
-1.905614137649536133e-02
-1.905630901455879211e-02
-1.906443946063518524e-02
-1.906084269285202026e-02
-1.906815171241760254e-02
-1.906916312873363495e-02
-1.906309090554714203e-02
-1.906097307801246643e-02
-1.905280910432338715e-02
-1.905465684831142426e-02
-1.905846036970615387e-02
-1.905719935894012451e-02
-1.906727626919746399e-02
-1.905737444758415222e-02
-1.907091774046421051e-02
-1.907211169600486755e-02
-1.906424202024936676e-02
-1.905947364866733551e-02
-1.905927434563636780e-02
-1.905890554189682007e-02
-1.906114071607589722e-02
-1.906635984778404236e-02
-1.905675604939460754e-02
-1.906750164926052094e-02
-1.905149221420288086e-02
-1.905206590890884399e-02
-1.906340569257736206e-02
-1.906863600015640259e-02
-1.905660331249237061e-02
-1.906174421310424805e-02
-1.905612275004386902e-02
-1.906253769993782043e-02
-1.906404830515384674e-02
-1.907308213412761688e-02
-1.906359568238258362e-02
-1.906659081578254700e-02
-1.906650327146053314e-02
-1.905976794660091400e-02
-1.906607300043106079e-02
-1.907079666852951050e-02
-1.907077431678771973e-02
-1.907001808285713196e-02
-1.907233335077762604e-02
-1.906876266002655029e-02
-1.907925307750701904e-02
-1.906983181834220886e-02
-1.906909421086311340e-02
-1.907143555581569672e-02
-1.907132007181644440e-02
-1.906752586364746094e-02
-1.906363479793071747e-02
-1.905540563166141510e-02
-1.906451955437660217e-02
-1.907808147370815277e-02
-1.907390914857387543e-02
-1.907860673964023590e-02
-1.907430216670036316e-02
-1.908159255981445312e-02
-1.905293390154838562e-02
-1.907461322844028473e-02
-1.907623931765556335e-02
-1.907336339354515076e-02
-1.906926371157169342e-02
-1.907541602849960327e-02
-1.907322369515895844e-02
-1.908409222960472107e-02
-1.907057128846645355e-02
-1.907703839242458344e-02
-1.907969452440738678e-02
-1.907894574105739594e-02
-1.908522099256515503e-02
-1.907997950911521912e-02
-1.908333227038383484e-02
-1.908827945590019226e-02
-1.908282376825809479e-02
-1.908803917467594147e-02
-1.908791065216064453e-02
-1.908329129219055176e-02
-1.908701658248901367e-02
-1.908068917691707611e-02
-1.908633671700954437e-02
-1.908989809453487396e-02
-1.909445971250534058e-02
-1.910107955336570740e-02
-1.908758841454982758e-02
-1.908732391893863678e-02
-1.908869482576847076e-02
-1.909438893198966980e-02
-1.908973976969718933e-02
-1.908863149583339691e-02
-1.908896863460540771e-02
-1.908390969038009644e-02
-1.908562146127223969e-02
-1.908437348902225494e-02
-1.908985897898674011e-02
-1.909160427749156952e-02
-1.908904872834682465e-02
-1.909675821661949158e-02
-1.909115910530090332e-02
-1.908981427550315857e-02
-1.909937709569931030e-02
-1.909033022820949554e-02
-1.909474469721317291e-02
-1.909521780908107758e-02
-1.909642294049263000e-02
-1.910519041121006012e-02
-1.909485459327697754e-02
-1.910092867910861969e-02
-1.908897422254085541e-02
-1.910182833671569824e-02
-1.910375989973545074e-02
-1.910233125090599060e-02
-1.910255290567874908e-02
-1.909915171563625336e-02
-1.909470185637474060e-02
-1.910744979977607727e-02
-1.910590939223766327e-02
-1.910327002406120300e-02
-1.910501345992088318e-02
-1.910240016877651215e-02
-1.910412311553955078e-02
-1.910406723618507385e-02
-1.910188794136047363e-02
-1.910522021353244781e-02
-1.910461299121379852e-02
-1.910287514328956604e-02
-1.910431310534477234e-02
-1.910617388784885406e-02
-1.909080147743225098e-02
-1.910161226987838745e-02
-1.910998858511447906e-02
-1.911278441548347473e-02
-1.910720765590667725e-02
-1.911500841379165649e-02
-1.910560391843318939e-02
-1.909562945365905762e-02
-1.910652033984661102e-02
-1.911083236336708069e-02
-1.910567283630371094e-02
-1.910525560379028320e-02
-1.910399459302425385e-02
-1.909345015883445740e-02
-1.910207979381084442e-02
-1.909129694104194641e-02
-1.909990608692169189e-02
-1.911048218607902527e-02
-1.911591738462448120e-02
-1.911312341690063477e-02
-1.911257207393646240e-02
-1.910552754998207092e-02
-1.911262609064579010e-02
-1.910706609487533569e-02
-1.910065859556198120e-02
-1.909399032592773438e-02
-1.910473220050334930e-02
-1.910690404474735260e-02
-1.910408772528171539e-02
-1.910869218409061432e-02
-1.911745779216289520e-02
-1.911079511046409607e-02
-1.911414042115211487e-02
-1.912091486155986786e-02
-1.912332139909267426e-02
-1.912571862339973450e-02
-1.911429315805435181e-02
-1.912622898817062378e-02
-1.911978982388973236e-02
-1.912310719490051270e-02
-1.912067644298076630e-02
-1.912350021302700043e-02
-1.912403479218482971e-02
-1.912168413400650024e-02
-1.911713927984237671e-02
-1.911986432969570160e-02
-1.913245022296905518e-02
-1.912068575620651245e-02
-1.912364922463893890e-02
-1.910956017673015594e-02
-1.911894045770168304e-02
-1.911773346364498138e-02
-1.911359839141368866e-02
-1.913431845605373383e-02
-1.913611963391304016e-02
-1.912975870072841644e-02
-1.912684179842472076e-02
-1.912073232233524323e-02
-1.912409998476505280e-02
-1.912398263812065125e-02
-1.912587508559226990e-02
-1.911910623311996460e-02
-1.913188956677913666e-02
-1.912219077348709106e-02
-1.913369633257389069e-02
-1.913284882903099060e-02
-1.912372745573520660e-02
-1.912718266248703003e-02
-1.913368329405784607e-02
-1.913207024335861206e-02
-1.913882046937942505e-02
-1.912973262369632721e-02
-1.913252286612987518e-02
-1.913113519549369812e-02
-1.913374662399291992e-02
-1.913595199584960938e-02
-1.913452893495559692e-02
-1.912115514278411865e-02
-1.912638172507286072e-02
-1.913664676249027252e-02
-1.912849023938179016e-02
-1.913374476134777069e-02
-1.912267133593559265e-02
-1.913682185113430023e-02
-1.913468167185783386e-02
-1.913249306380748749e-02
-1.914196833968162537e-02
-1.913273148238658905e-02
-1.912996731698513031e-02
-1.913480274379253387e-02
-1.912601105868816376e-02
-1.912659406661987305e-02
-1.913432590663433075e-02
-1.913756690919399261e-02
-1.913615316152572632e-02
-1.913664489984512329e-02
-1.913823001086711884e-02
-1.914290897548198700e-02
-1.914005726575851440e-02
-1.913884282112121582e-02
-1.914012432098388672e-02
-1.913554593920707703e-02
-1.913594081997871399e-02
-1.913205161690711975e-02
-1.913255266845226288e-02
-1.913869008421897888e-02
-1.914313435554504395e-02
-1.914563030004501343e-02
-1.914061978459358215e-02
-1.914541237056255341e-02
-1.914293318986892700e-02
-1.914466172456741333e-02
-1.914258860051631927e-02
-1.915330439805984497e-02
-1.914938539266586304e-02
-1.914833858609199524e-02
-1.913503557443618774e-02
-1.913789473474025726e-02
-1.914487220346927643e-02
-1.914470270276069641e-02
-1.914444379508495331e-02
-1.913894154131412506e-02
-1.914236508309841156e-02
-1.914160698652267456e-02
-1.914676837623119354e-02
-1.913620904088020325e-02
-1.914280094206333160e-02
-1.913971081376075745e-02
-1.915077306330204010e-02
-1.914961077272891998e-02
-1.915776357054710388e-02
-1.915848813951015472e-02
-1.914670318365097046e-02
-1.915419474244117737e-02
-1.915274374186992645e-02
-1.914479956030845642e-02
-1.914323307573795319e-02
-1.915514096617698669e-02
-1.915714703500270844e-02
-1.915356330573558807e-02
-1.914832741022109985e-02
-1.915082894265651703e-02
-1.915816031396389008e-02
-1.915408484637737274e-02
-1.914949528872966766e-02
-1.915736310184001923e-02
-1.916003786027431488e-02
-1.915929652750492096e-02
-1.916202716529369354e-02
-1.914684846997261047e-02
-1.915775611996650696e-02
-1.915412023663520813e-02
-1.915032975375652313e-02
-1.915121078491210938e-02
-1.915782317519187927e-02
-1.915250346064567566e-02
-1.915035024285316467e-02
-1.916400901973247528e-02
-1.916234940290451050e-02
-1.916162483394145966e-02
-1.914439164102077484e-02
-1.916128396987915039e-02
-1.916257105767726898e-02
-1.915571093559265137e-02
-1.915305107831954956e-02
-1.915743388235569000e-02
-1.915730908513069153e-02
-1.915120705962181091e-02
-1.916005089879035950e-02
-1.916562765836715698e-02
-1.915755495429039001e-02
-1.915764622390270233e-02
-1.916290819644927979e-02
-1.917230337858200073e-02
-1.916495710611343384e-02
-1.916779018938541412e-02
-1.916140317916870117e-02
-1.916592195630073547e-02
-1.917008496820926666e-02
-1.916464604437351227e-02
-1.916630379855632782e-02
-1.916926354169845581e-02
-1.916277408599853516e-02
-1.916102319955825806e-02
-1.916720904409885406e-02
-1.916695758700370789e-02
-1.916708797216415405e-02
-1.915894448757171631e-02
-1.916929706931114197e-02
-1.916438154876232147e-02
-1.916824840009212494e-02
-1.916196942329406738e-02
-1.917339488863945007e-02
-1.917438581585884094e-02
-1.916547864675521851e-02
-1.916468702256679535e-02
-1.918150298297405243e-02
-1.917162537574768066e-02
-1.917050033807754517e-02
-1.916990987956523895e-02
-1.917366124689579010e-02
-1.916414499282836914e-02
-1.916888728737831116e-02
-1.917535066604614258e-02
-1.917697116732597351e-02
-1.916896738111972809e-02
-1.916545443236827850e-02
-1.918409764766693115e-02
-1.917736977338790894e-02
-1.917254552245140076e-02
-1.917415857315063477e-02
-1.916537247598171234e-02
-1.916598528623580933e-02
-1.917603611946105957e-02
-1.917605847120285034e-02
-1.916453801095485687e-02
-1.916706189513206482e-02
-1.917399838566780090e-02
-1.918169483542442322e-02
-1.918688416481018066e-02
-1.918422430753707886e-02
-1.917734742164611816e-02
-1.918265782296657562e-02
-1.918291859328746796e-02
-1.917349919676780701e-02
-1.918254233896732330e-02
-1.917913928627967834e-02
-1.917592249810695648e-02
-1.918367855250835419e-02
-1.918561756610870361e-02
-1.918437890708446503e-02
-1.917584985494613647e-02
-1.918297819793224335e-02
-1.917572692036628723e-02
-1.918568462133407593e-02
-1.917937956750392914e-02
-1.918686367571353912e-02
-1.918587461113929749e-02
-1.918421685695648193e-02
-1.919301971793174744e-02
-1.918354257941246033e-02
-1.918938569724559784e-02
-1.919348351657390594e-02
-1.919470354914665222e-02
-1.918988302350044250e-02
-1.918121613562107086e-02
-1.917955279350280762e-02
-1.917804032564163208e-02
-1.918502710759639740e-02
-1.918447762727737427e-02
-1.918989419937133789e-02
-1.918317750096321106e-02
-1.917307078838348389e-02
-1.918812654912471771e-02
-1.918476074934005737e-02
-1.918423548340797424e-02
-1.919047906994819641e-02
-1.919511333107948303e-02
-1.918479055166244507e-02
-1.919653639197349548e-02
-1.919443160295486450e-02
-1.919353008270263672e-02
-1.918939687311649323e-02
-1.919109933078289032e-02
-1.918288692831993103e-02
-1.919195987284183502e-02
-1.919448748230934143e-02
-1.919631101191043854e-02
-1.920483447611331940e-02
-1.919704116880893707e-02
-1.919362507760524750e-02
-1.917785964906215668e-02
-1.919045299291610718e-02
-1.919918134808540344e-02
-1.918759383261203766e-02
-1.919882558286190033e-02
-1.918762549757957458e-02
-1.918617449700832367e-02
-1.919267699122428894e-02
-1.919270120561122894e-02
-1.919461041688919067e-02
-1.920091547071933746e-02
-1.919144392013549805e-02
-1.919370330870151520e-02
-1.920374296605587006e-02
-1.920252479612827301e-02
-1.919812522828578949e-02
-1.919264160096645355e-02
-1.919297315180301666e-02
-1.920044422149658203e-02
-1.920398883521556854e-02
-1.919266209006309509e-02
-1.920411363244056702e-02
-1.919921115040779114e-02
-1.920103840529918671e-02
-1.920544914901256561e-02
-1.919738762080669403e-02
-1.918335258960723877e-02
-1.920182816684246063e-02
-1.919017545878887177e-02
-1.919158175587654114e-02
-1.919801160693168640e-02
-1.919740065932273865e-02
-1.920163631439208984e-02
-1.919469237327575684e-02
-1.919856294989585876e-02
-1.919875293970108032e-02
-1.920537464320659637e-02
-1.919914782047271729e-02
-1.920630410313606262e-02
-1.921083405613899231e-02
-1.920925453305244446e-02
-1.920351386070251465e-02
-1.920006424188613892e-02
-1.919823512434959412e-02
-1.919304579496383667e-02
-1.920315623283386230e-02
-1.920112967491149902e-02
-1.918814145028591156e-02
-1.918924972414970398e-02
-1.919658482074737549e-02
-1.920941472053527832e-02
-1.920544728636741638e-02
-1.920705661177635193e-02
-1.920446380972862244e-02
-1.920788735151290894e-02
-1.919993385672569275e-02
-1.920799724757671356e-02
-1.920794695615768433e-02
-1.920697651803493500e-02
-1.920887455344200134e-02
-1.920987665653228760e-02
-1.921050064265727997e-02
-1.920694671571254730e-02
-1.920643262565135956e-02
-1.920553855597972870e-02
-1.921204291284084320e-02
-1.920921541750431061e-02
-1.920797303318977356e-02
-1.921237446367740631e-02
-1.920813322067260742e-02
-1.920905150473117828e-02
-1.921940594911575317e-02
-1.921277493238449097e-02
-1.921078190207481384e-02
-1.920986734330654144e-02
-1.921184733510017395e-02
-1.920851320028305054e-02
-1.919951662421226501e-02
-1.920831762254238129e-02
-1.920850388705730438e-02
-1.920419745147228241e-02
-1.921095885336399078e-02
-1.920711249113082886e-02
-1.921613328158855438e-02
-1.922236382961273193e-02
-1.922179572284221649e-02
-1.922309026122093201e-02
-1.921849697828292847e-02
-1.921768300235271454e-02
-1.921835355460643768e-02
-1.921654678881168365e-02
-1.921141892671585083e-02
-1.921118237078189850e-02
-1.921655982732772827e-02
-1.923292502760887146e-02
-1.921757683157920837e-02
-1.921256259083747864e-02
-1.921331882476806641e-02
-1.922251842916011810e-02
-1.922388002276420593e-02
-1.921888627111911774e-02
-1.921290531754493713e-02
-1.921937428414821625e-02
-1.922076195478439331e-02
-1.923217251896858215e-02
-1.921986788511276245e-02
-1.922761648893356323e-02
-1.921343058347702026e-02
-1.922395452857017517e-02
-1.921842247247695923e-02
-1.922589913010597229e-02
-1.922547444701194763e-02
-1.921994052827358246e-02
-1.922526583075523376e-02
-1.921971887350082397e-02
-1.921795681118965149e-02
-1.922330819070339203e-02
-1.922646909952163696e-02
-1.921517215669155121e-02
-1.922095380723476410e-02
-1.922414265573024750e-02
-1.922416687011718750e-02
-1.922661997377872467e-02
-1.922646164894104004e-02
-1.922805048525333405e-02
-1.922411657869815826e-02
-1.922129467129707336e-02
-1.923047751188278198e-02
-1.922455057501792908e-02
-1.922047138214111328e-02
-1.922429539263248444e-02
-1.922495290637016296e-02
-1.922397129237651825e-02
-1.923285797238349915e-02
-1.922564022243022919e-02
-1.922314614057540894e-02
-1.922841742634773254e-02
-1.922900229692459106e-02
-1.922309398651123047e-02
-1.923285424709320068e-02
-1.923218183219432831e-02
-1.923682540655136108e-02
-1.923373900353908539e-02
-1.922574080526828766e-02
-1.923428289592266083e-02
-1.922578550875186920e-02
-1.922485791146755219e-02
-1.923283375799655914e-02
-1.923029869794845581e-02
-1.922850683331489563e-02
-1.923535577952861786e-02
-1.923374831676483154e-02
-1.923622936010360718e-02
-1.923688501119613647e-02
-1.923411712050437927e-02
-1.923847198486328125e-02
-1.924173347651958466e-02
-1.924042962491512299e-02
-1.924492977559566498e-02
-1.923350989818572998e-02
-1.923502050340175629e-02
-1.923106051981449127e-02
-1.923333667218685150e-02
-1.923066936433315277e-02
-1.923586428165435791e-02
-1.922979578375816345e-02
-1.922961696982383728e-02
-1.924139820039272308e-02
-1.924039237201213837e-02
-1.923613063991069794e-02
-1.924156025052070618e-02
-1.924400590360164642e-02
-1.924809068441390991e-02
-1.923628896474838257e-02
-1.923851296305656433e-02
-1.923910528421401978e-02
-1.924353092908859253e-02
-1.924521289765834808e-02
-1.925182156264781952e-02
-1.924299821257591248e-02
-1.924677751958370209e-02
-1.923961751163005829e-02
-1.924150809645652771e-02
-1.923152431845664978e-02
-1.923405565321445465e-02
-1.925053261220455170e-02
-1.924010552465915680e-02
-1.924016699194908142e-02
-1.924060098826885223e-02
-1.923584938049316406e-02
-1.923923939466476440e-02
-1.924269460141658783e-02
-1.924353837966918945e-02
-1.923716440796852112e-02
-1.924210041761398315e-02
-1.923511736094951630e-02
-1.924431324005126953e-02
-1.924170553684234619e-02
-1.925224065780639648e-02
-1.925398781895637512e-02
-1.924618706107139587e-02
-1.924852840602397919e-02
-1.924408413469791412e-02
-1.924249529838562012e-02
-1.923877932131290436e-02
-1.924946531653404236e-02
-1.924583315849304199e-02
-1.924705877900123596e-02
-1.925169304013252258e-02
-1.924398541450500488e-02
-1.924429275095462799e-02
-1.924404315650463104e-02
-1.924306713044643402e-02
-1.924907043576240540e-02
-1.924625039100646973e-02
-1.924411766231060028e-02
-1.925039663910865784e-02
-1.925271749496459961e-02
-1.925334148108959198e-02
-1.924802921712398529e-02
-1.924766972661018372e-02
-1.925015822052955627e-02
-1.924649812281131744e-02
-1.924736239016056061e-02
-1.924940571188926697e-02
-1.925051771104335785e-02
-1.925653219223022461e-02
-1.925350725650787354e-02
-1.924630254507064819e-02
-1.924339868128299713e-02
-1.924592256546020508e-02
-1.924987509846687317e-02
-1.923985406756401062e-02
-1.924155093729496002e-02
-1.924330741167068481e-02
-1.924193464219570160e-02
-1.925153844058513641e-02
-1.925448514521121979e-02
-1.924717426300048828e-02
-1.926044002175331116e-02
-1.924658194184303284e-02
-1.925147324800491333e-02
-1.925414428114891052e-02
-1.924856007099151611e-02
-1.925095915794372559e-02
-1.925795339047908783e-02
-1.925587281584739685e-02
-1.924991235136985779e-02
-1.925520040094852448e-02
-1.924678124487400055e-02
-1.925580576062202454e-02
-1.925954781472682953e-02
-1.925379037857055664e-02
-1.925102621316909790e-02
-1.924476027488708496e-02
-1.925720088183879852e-02
-1.924470625817775726e-02
-1.925230585038661957e-02
-1.926358789205551147e-02
-1.925758831202983856e-02
-1.925685256719589233e-02
-1.925973966717720032e-02
-1.926171593368053436e-02
-1.925415173172950745e-02
-1.925213076174259186e-02
-1.924638263881206512e-02
-1.925696805119514465e-02
-1.926080882549285889e-02
-1.925463043153285980e-02
-1.925803348422050476e-02
-1.927084662020206451e-02
-1.926678232848644257e-02
-1.926890388131141663e-02
-1.925986632704734802e-02
-1.925312727689743042e-02
-1.925511471927165985e-02
-1.925999857485294342e-02
-1.926333829760551453e-02
-1.925905793905258179e-02
-1.925662718713283539e-02
-1.926501840353012085e-02
-1.926084607839584351e-02
-1.926956512033939362e-02
-1.927038654685020447e-02
-1.925896853208541870e-02
-1.925882138311862946e-02
-1.926096528768539429e-02
-1.925550960004329681e-02
-1.926799863576889038e-02
-1.926911994814872742e-02
-1.926570013165473938e-02
-1.926801539957523346e-02
-1.926631480455398560e-02
-1.926628500223159790e-02
-1.927347853779792786e-02
-1.927555724978446960e-02
-1.926063746213912964e-02
-1.926391571760177612e-02
-1.926929689943790436e-02
-1.927299425005912781e-02
-1.926190219819545746e-02
-1.926881633698940277e-02
-1.926157251000404358e-02
-1.926972903311252594e-02
-1.926733367145061493e-02
-1.927844621241092682e-02
-1.926612854003906250e-02
-1.926634646952152252e-02
-1.926725916564464569e-02
-1.926390267908573151e-02
-1.926672458648681641e-02
-1.925826631486415863e-02
-1.926643028855323792e-02
-1.926591806113719940e-02
-1.926904171705245972e-02
-1.926176622509956360e-02
-1.927360333502292633e-02
-1.926765963435173035e-02
-1.926376670598983765e-02
-1.927002891898155212e-02
-1.927189901471138000e-02
-1.927167735993862152e-02
-1.926805824041366577e-02
-1.926694624125957489e-02
-1.926851272583007812e-02
-1.926814392209053040e-02
-1.926670968532562256e-02
-1.927383616566658020e-02
-1.927597261965274811e-02
-1.926396228373050690e-02
-1.927418448030948639e-02
-1.927141658961772919e-02
-1.927495002746582031e-02
-1.927964389324188232e-02
-1.927961781620979309e-02
-1.927451789379119873e-02
-1.927383616566658020e-02
-1.926955580711364746e-02
-1.927093788981437683e-02
-1.927409321069717407e-02
-1.927473768591880798e-02
-1.927733980119228363e-02
-1.927156187593936920e-02
-1.927704177796840668e-02
-1.927086338400840759e-02
-1.927416771650314331e-02
-1.927735283970832825e-02
-1.927422359585762024e-02
-1.927025429904460907e-02
-1.927407830953598022e-02
-1.927454024553298950e-02
-1.927369274199008942e-02
-1.927435956895351410e-02
-1.927850395441055298e-02
-1.927814818918704987e-02
-1.926940120756626129e-02
-1.926925778388977051e-02
-1.928274147212505341e-02
-1.926767826080322266e-02
-1.928297616541385651e-02
-1.927847042679786682e-02
-1.928005181252956390e-02
-1.928483694791793823e-02
-1.928793266415596008e-02
-1.929047703742980957e-02
-1.927746087312698364e-02
-1.928108185529708862e-02
-1.928029768168926239e-02
-1.927535608410835266e-02
-1.928875222802162170e-02
-1.928473077714443207e-02
-1.927932910621166229e-02
-1.928089186549186707e-02
-1.928531751036643982e-02
-1.928151771426200867e-02
-1.928017102181911469e-02
-1.928037032485008240e-02
-1.929066516458988190e-02
-1.929359696805477142e-02
-1.927464827895164490e-02
-1.928275451064109802e-02
-1.928680017590522766e-02
-1.929081603884696960e-02
-1.929066143929958344e-02
-1.928455568850040436e-02
-1.928203366696834564e-02
-1.928490214049816132e-02
-1.927783712744712830e-02
-1.928768493235111237e-02
-1.928957179188728333e-02
-1.928779482841491699e-02
-1.928481087088584900e-02
-1.929055526852607727e-02
-1.928398385643959045e-02
-1.928586140275001526e-02
-1.929334551095962524e-02
-1.929928734898567200e-02
-1.929742097854614258e-02
-1.930406130850315094e-02
-1.929291337728500366e-02
-1.929009892046451569e-02
-1.928721182048320770e-02
-1.928670704364776611e-02
-1.928796991705894470e-02
-1.928990706801414490e-02
-1.928821764886379242e-02
-1.927919499576091766e-02
-1.928174495697021484e-02
-1.927956752479076385e-02
-1.927859522402286530e-02
-1.928093284368515015e-02
-1.928172260522842407e-02
-1.929223537445068359e-02
-1.929544843733310699e-02
-1.929665170609951019e-02
-1.928361132740974426e-02
-1.929820887744426727e-02
-1.929149962961673737e-02
-1.929419115185737610e-02
-1.929139718413352966e-02
-1.929361186921596527e-02
-1.929888129234313965e-02
-1.929465495049953461e-02
-1.929832063615322113e-02
-1.929455623030662537e-02
-1.928613521158695221e-02
-1.929004304111003876e-02
-1.929464936256408691e-02
-1.929179206490516663e-02
-1.929265260696411133e-02
-1.928696595132350922e-02
-1.930160261690616608e-02
-1.929925754666328430e-02
-1.930112019181251526e-02
-1.930157653987407684e-02
-1.930150389671325684e-02
-1.930131576955318451e-02
-1.929325610399246216e-02
-1.929106377065181732e-02
-1.929507590830326080e-02
-1.929546333849430084e-02
-1.928978040814399719e-02
-1.929764077067375183e-02
-1.930220797657966614e-02
-1.930279843509197235e-02
-1.929735392332077026e-02
-1.929539069533348083e-02
-1.930105313658714294e-02
-1.929885707795619965e-02
-1.929917372763156891e-02
-1.929948292672634125e-02
-1.930231973528862000e-02
-1.931170746684074402e-02
-1.931403577327728271e-02
-1.930227875709533691e-02
-1.930044218897819519e-02
-1.930088549852371216e-02
-1.930714584887027740e-02
-1.929689198732376099e-02
-1.930575631558895111e-02
-1.930409483611583710e-02
-1.929998770356178284e-02
-1.930936798453330994e-02
-1.929882168769836426e-02
-1.929868385195732117e-02
-1.930168084800243378e-02
-1.929970085620880127e-02
-1.929701678454875946e-02
-1.930322498083114624e-02
-1.929246261715888977e-02
-1.930144988000392914e-02
-1.930686831474304199e-02
-1.930186711251735687e-02
-1.930522918701171875e-02
-1.930631138384342194e-02
-1.931148022413253784e-02
-1.930615864694118500e-02
-1.930187456309795380e-02
-1.929521001875400543e-02
-1.931262016296386719e-02
-1.930341124534606934e-02
-1.930087059736251831e-02
-1.930253207683563232e-02
-1.930261403322219849e-02
-1.930304616689682007e-02
-1.930220238864421844e-02
-1.929943077266216278e-02
-1.931234821677207947e-02
-1.931178011000156403e-02
-1.930361427366733551e-02
-1.931005530059337616e-02
-1.931050419807434082e-02
-1.930590718984603882e-02
-1.930664293467998505e-02
-1.931496709585189819e-02
-1.930084824562072754e-02
-1.930562965571880341e-02
-1.930754259228706360e-02
-1.930479332804679871e-02
-1.931151747703552246e-02
-1.930672302842140198e-02
-1.930367946624755859e-02
-1.931283436715602875e-02
-1.931124553084373474e-02
-1.931259594857692719e-02
-1.931063644587993622e-02
-1.930622197687625885e-02
-1.930202543735504150e-02
-1.930655166506767273e-02
-1.930490136146545410e-02
-1.931348443031311035e-02
-1.930408179759979248e-02
-1.930869929492473602e-02
-1.931802742183208466e-02
-1.931131444871425629e-02
-1.932005025446414948e-02
-1.930789090692996979e-02
-1.930985413491725922e-02
-1.930479519069194794e-02
-1.931189745664596558e-02
-1.931301690638065338e-02
-1.931758224964141846e-02
-1.931970566511154175e-02
-1.931228302419185638e-02
-1.930945739150047302e-02
-1.930662989616394043e-02
-1.931481435894966125e-02
-1.931791938841342926e-02
-1.931500434875488281e-02
-1.931590400636196136e-02
-1.931666582822799683e-02
-1.931227557361125946e-02
-1.932034455239772797e-02
-1.932972297072410583e-02
-1.931908540427684784e-02
-1.932298578321933746e-02
-1.931441761553287506e-02
-1.931691728532314301e-02
-1.931596733629703522e-02
-1.932475715875625610e-02
-1.930247619748115540e-02
-1.931126415729522705e-02
-1.931648701429367065e-02
-1.931405067443847656e-02
-1.931673660874366760e-02
-1.931487396359443665e-02
-1.931317523121833801e-02
-1.931550353765487671e-02
-1.931710354983806610e-02
-1.931179873645305634e-02
-1.931976526975631714e-02
-1.932190172374248505e-02
-1.931817643344402313e-02
-1.931629888713359833e-02
-1.931329444050788879e-02
-1.932241767644882202e-02
-1.932203583419322968e-02
-1.931416243314743042e-02
-1.932987570762634277e-02
-1.931998692452907562e-02
-1.931582204997539520e-02
-1.932254247367382050e-02
-1.932358369231224060e-02
-1.931081525981426239e-02
-1.931256428360939026e-02
-1.932382211089134216e-02
-1.932560466229915619e-02
-1.931124180555343628e-02
-1.932016946375370026e-02
-1.932159997522830963e-02
-1.932507008314132690e-02
-1.932137086987495422e-02
-1.932031475007534027e-02
-1.933353021740913391e-02
-1.933147385716438293e-02
-1.932604424655437469e-02
-1.932812668383121490e-02
-1.932317391037940979e-02
-1.932779885828495026e-02
-1.932852528989315033e-02
-1.933141425251960754e-02
-1.932276599109172821e-02
-1.933144778013229370e-02
-1.931991055607795715e-02
-1.931750588119029999e-02
-1.932703331112861633e-02
-1.932680606842041016e-02
-1.932748407125473022e-02
-1.931846514344215393e-02
-1.932462304830551147e-02
-1.931906677782535553e-02
-1.932411640882492065e-02
-1.932409778237342834e-02
-1.932457648217678070e-02
-1.933816634118556976e-02
-1.933484151959419250e-02
-1.933114044368267059e-02
-1.932437531650066376e-02
-1.932991482317447662e-02
-1.932351849973201752e-02
-1.931714639067649841e-02
-1.932443119585514069e-02
-1.933426596224308014e-02
-1.932209730148315430e-02
-1.932704821228981018e-02
-1.933769881725311279e-02
-1.932515017688274384e-02
-1.933270506560802460e-02
-1.932979933917522430e-02
-1.933030225336551666e-02
-1.933496072888374329e-02
-1.933654770255088806e-02
-1.932711154222488403e-02
-1.933363452553749084e-02
-1.933586597442626953e-02
-1.933420263230800629e-02
-1.933297142386436462e-02
-1.932604052126407623e-02
-1.933447644114494324e-02
-1.933550462126731873e-02
-1.934233121573925018e-02
-1.933550834655761719e-02
-1.933165267109870911e-02
-1.932853460311889648e-02
-1.933598518371582031e-02
-1.933323591947555542e-02
-1.933407038450241089e-02
-1.933509670197963715e-02
-1.933876983821392059e-02
-1.933351531624794006e-02
-1.932993531227111816e-02
-1.932720467448234558e-02
-1.933462731540203094e-02
-1.934722624719142914e-02
-1.933219470083713531e-02
-1.933442987501621246e-02
-1.933764666318893433e-02
-1.933976262807846069e-02
-1.933905109763145447e-02
-1.933058723807334900e-02
-1.933130621910095215e-02
-1.933275163173675537e-02
-1.934330724179744720e-02
-1.932896487414836884e-02
-1.934077218174934387e-02
-1.933235675096511841e-02
-1.933642476797103882e-02
-1.933792233467102051e-02
-1.932995580136775970e-02
-1.933372020721435547e-02
-1.933049410581588745e-02
-1.934003457427024841e-02
-1.933708414435386658e-02
-1.932955160737037659e-02
-1.933368109166622162e-02
-1.933952420949935913e-02
-1.933801919221878052e-02
-1.934341900050640106e-02
-1.934450119733810425e-02
-1.933234743773937225e-02
-1.934216730296611786e-02
-1.934069395065307617e-02
-1.933644525706768036e-02
-1.933946646749973297e-02
-1.933657377958297729e-02
-1.932795159518718719e-02
-1.934493146836757660e-02
-1.933184638619422913e-02
-1.933651044964790344e-02
-1.934782601892948151e-02
-1.935158111155033112e-02
-1.934121362864971161e-02
-1.934410259127616882e-02
-1.933887600898742676e-02
-1.934018358588218689e-02
-1.934544555842876434e-02
-1.934356801211833954e-02
-1.934120617806911469e-02
-1.933200471103191376e-02
-1.933354139328002930e-02
-1.933645457029342651e-02
-1.935103908181190491e-02
-1.934774965047836304e-02
-1.933858357369899750e-02
-1.933862641453742981e-02
