-3.168584558534486700e-02
-3.169069578369101969e-02
-3.168491489271051120e-02
-3.167882728913439666e-02
-3.167971408549880713e-02
-3.168489510290115746e-02
-3.169387861560199471e-02
-3.168490573388823422e-02
-3.169357087877227447e-02
-3.169852151848547711e-02
-3.169616066495995615e-02
-3.168769271268167403e-02
-3.167504570625932075e-02
-3.168501125190328893e-02
-3.168465277260174018e-02
-3.168239048887204479e-02
-3.168421531318302981e-02
-3.169487284530693449e-02
-3.168706555135329672e-02
-3.168752237145820022e-02
-3.168218984491066870e-02
-3.168931826654938777e-02
-3.170473403451597866e-02
-3.169913696883896320e-02
-3.169110728915658370e-02
-3.169455014655209873e-02
-3.169062099005870436e-02
-3.167528145870817519e-02
-3.168604317192370845e-02
-3.168743068491822884e-02
-3.168150431536265188e-02
-3.169556530741846762e-02
-3.169454393013794447e-02
-3.168693095083711941e-02
-3.168771551734439473e-02
-3.169208769244711427e-02
-3.168721270129517403e-02
-3.167877445249967644e-02
-3.167131978665935904e-02
-3.169555411804923784e-02
-3.168463913896316791e-02
-3.168888272174180676e-02
-3.168282112340416873e-02
-3.168427669939594127e-02
-3.168936638214156498e-02
-3.168588142795880636e-02
-3.170127115947198038e-02
-3.168510972860903024e-02
-3.168161225320841046e-02
-3.168310361827639254e-02
-3.169250546616786401e-02
-3.169457506911437655e-02
-3.168604388086981860e-02
-3.168720777246399750e-02
-3.167476562930302691e-02
-3.169929143926605158e-02
-3.169843966760890058e-02
-3.169787509610375725e-02
-3.168595092889812948e-02
-3.168177601502294299e-02
-3.168289126660491645e-02
-3.168489370761513879e-02
-3.168841568798812236e-02
-3.168935140689382868e-02
-3.169005269160281302e-02
-3.169458865532031461e-02
-3.168691689044695475e-02
-3.169268585877904609e-02
-3.168655272784666466e-02
-3.167874686378775728e-02
-3.168269656481798729e-02
-3.168444412597102439e-02
-3.168548259543946949e-02
-3.168098196405814970e-02
-3.168745755961519667e-02
-3.167985554790331976e-02
-3.169074437246650194e-02
-3.168168193510508684e-02
-3.168491994309236698e-02
-3.168741412489920611e-02
-3.168126874906761203e-02
-3.168399058328680989e-02
-3.168415092283247830e-02
-3.168290699204442257e-02
-3.168389309418737781e-02
-3.169711780495084591e-02
-3.169044410281428303e-02
-3.170125461624339475e-02
-3.169785184300820402e-02
-3.168447254768600591e-02
-3.170152405091486436e-02
-3.168527183056728258e-02
-3.167876165931190341e-02
-3.171326321303898077e-02
-3.170666846026937158e-02
-3.170192775518420464e-02
-3.169340784262090344e-02
-3.168919080960738016e-02
-3.168995009016847136e-02
-3.169454233214791944e-02
-3.168523303581290140e-02
-3.167593776233504355e-02
-3.167625729016517594e-02
-3.168383182340565873e-02
-3.168960677276970450e-02
-3.167806199043778775e-02
-3.168493840120091554e-02
-3.168082035841046640e-02
-3.168212049463918489e-02
-3.169267481649906681e-02
-3.168551805765731921e-02
-3.167428025971805866e-02
-3.166331648826067879e-02
-3.167872511187948270e-02
-3.169886066764058402e-02
-3.167908009452021639e-02
-3.168360517808384985e-02
-3.168867839936941044e-02
-3.168396214995863186e-02
-3.168738709063431691e-02
-3.167331370012477221e-02
-3.168557279376727626e-02
-3.170230162436873250e-02
-3.167950844707187463e-02
-3.168380611668594055e-02
-3.170052134770336844e-02
-3.169693850633597404e-02
-3.169598849184283168e-02
-3.169944226999989179e-02
-3.168833551150394140e-02
-3.168807710848849102e-02
-3.167288167029468776e-02
-3.167941871415390354e-02
-3.167766427296860032e-02
-3.167813084150909037e-02
-3.167769980384604889e-02
-3.168579258704539575e-02
-3.167490762710973434e-02
-3.168131190987472090e-02
-3.169141099447516513e-02
-3.169595698450276139e-02
-3.169445075265414635e-02
-3.168539768281728591e-02
-3.168467374672469250e-02
-3.168246377391347596e-02
-3.168898565120936706e-02
-3.168359136973815382e-02
-3.168972393880939431e-02
-3.168267650361240861e-02
-3.168099138404382314e-02
-3.168681418437979680e-02
-3.168444666428212736e-02
-3.169341980194472636e-02
-3.169319894092585688e-02
-3.170804424905648150e-02
-3.168840232758412395e-02
-3.169113230935369230e-02
-3.167973621889123154e-02
-3.167236530381501575e-02
-3.167906443621838070e-02
-3.166924261566789189e-02
-3.168619357765154604e-02
-3.168761205461699537e-02
-3.169188738641120356e-02
-3.167991474062274715e-02
-3.166818482426938391e-02
-3.168074307980759535e-02
-3.167518850649412437e-02
-3.168343046619636477e-02
-3.167957956746763476e-02
-3.169872425965002821e-02
-3.169856474712322986e-02
-3.170047024750761305e-02
-3.168773716025951454e-02
-3.168757813524663430e-02
-3.170094014561975621e-02
-3.170273201925426915e-02
-3.169294619403986712e-02
-3.168612425655301101e-02
-3.168695387988366280e-02
-3.167477597818615237e-02
-3.168041164704047535e-02
-3.168134412232737757e-02
-3.169528247049728520e-02
-3.168522157867727229e-02
-3.169345176569469263e-02
-3.169377830741504365e-02
-3.169482109014670063e-02
-3.169028687218471835e-02
-3.170231386946713303e-02
-3.168443817322756650e-02
-3.169644889122668480e-02
-3.169646470169808217e-02
-3.168625265832652332e-02
-3.168233148477415939e-02
-3.169878991544872876e-02
-3.169893087924342823e-02
-3.169608743163716130e-02
-3.170002909370837202e-02
-3.169481627292353165e-02
-3.169350290431437872e-02
-3.168764389534580589e-02
-3.167586638910762503e-02
-3.168190796736385095e-02
-3.169212218932324771e-02
-3.168558515183451246e-02
-3.167675767831777678e-02
-3.168056527974220243e-02
-3.168819279355299112e-02
-3.169557284837692251e-02
-3.169315068812202096e-02
-3.168607846418856205e-02
-3.168337618137283956e-02
-3.169784723394837578e-02
-3.170264830915371645e-02
-3.168864701717864080e-02
-3.168807970159107784e-02
-3.168679376246134188e-02
-3.168614870941206113e-02
-3.168176852486231238e-02
-3.168810562301925537e-02
-3.169589280639919376e-02
-3.169151864007224706e-02
-3.168725658232737080e-02
-3.169471036251208379e-02
-3.169205530380053010e-02
-3.169805889964222995e-02
-3.168640780593678929e-02
-3.168984658594262149e-02
-3.168542795437914728e-02
-3.167409308370485593e-02
-3.169141168930466462e-02
-3.168789764475453408e-02
-3.170021134305998217e-02
-3.169434315639954591e-02
-3.169195463865649709e-02
-3.168508743093809837e-02
-3.170080683394648630e-02
-3.168811610896395126e-02
-3.168447021054726642e-02
-3.168168592169521430e-02
-3.170141944865666195e-02
-3.168664214666028212e-02
-3.167751129574771646e-02
-3.168512163748317401e-02
-3.169668870016491974e-02
-3.170338777351695836e-02
-3.168838748120521992e-02
-3.167403539831146336e-02
-3.169522177653749662e-02
-3.167902916996107737e-02
-3.168517148869853112e-02
-3.168613514819772908e-02
-3.169164633787630719e-02
-3.169090665635067999e-02
-3.169345708970902620e-02
-3.168756774588447900e-02
-3.167461165706749598e-02
-3.167945491807823422e-02
-3.168297446160425052e-02
-3.169464979714736730e-02
-3.169947366615739892e-02
-3.168074518405096518e-02
-3.169013589608643544e-02
-3.168320005713775450e-02
-3.169260657993311359e-02
-3.169421601936407012e-02
-3.168009246170435528e-02
-3.168424997972212748e-02
-3.167715157662469305e-02
-3.169346505808333381e-02
-3.168996723016880013e-02
-3.168007743202279347e-02
-3.168734313272710684e-02
-3.167630999572000616e-02
-3.168930846485235736e-02
-3.169042142308805404e-02
-3.168814400651336072e-02
-3.169078337454787203e-02
-3.168869730229140202e-02
-3.169503695315336461e-02
-3.168043943127903800e-02
-3.169572017406708381e-02
-3.168426562467218516e-02
-3.167876385757458640e-02
-3.169051134106306428e-02
-3.168314918760937321e-02
-3.169177131265116243e-02
-3.168673678207125505e-02
-3.169115182904036487e-02
-3.168469506357367294e-02
-3.169211710165898560e-02
-3.168329213497481783e-02
-3.168937355801041550e-02
-3.169226521239251054e-02
-3.169109366729681160e-02
-3.168724445434897841e-02
-3.169156132327106967e-02
-3.169071010173661607e-02
-3.169274182960398617e-02
-3.168805180792752529e-02
-3.168532610766183061e-02
-3.168682133519303001e-02
-3.169595410466291563e-02
-3.169203660414567081e-02
-3.168933123602919733e-02
-3.169334018330122182e-02
-3.168688922534633468e-02
-3.169062297458576788e-02
-3.170061920008575285e-02
-3.168957643761379644e-02
-3.168123068840245776e-02
-3.168133143202499225e-02
-3.168640237934977621e-02
-3.169591363444984600e-02
-3.170130341008380037e-02
-3.167605699646758310e-02
-3.169631520097412197e-02
-3.169075955391466304e-02
-3.168731688425523857e-02
-3.169237272444307141e-02
-3.168299867734993697e-02
-3.169324276723886613e-02
-3.168817742430190404e-02
-3.170296719233456351e-02
-3.169429104206152731e-02
-3.168850052772526071e-02
-3.168354182252081791e-02
-3.169758126418649458e-02
-3.169207055834193792e-02
-3.168146083517771328e-02
-3.168765620123044358e-02
-3.168685882831041162e-02
-3.168583095339742861e-02
-3.169401378001741182e-02
-3.168798240069376632e-02
-3.167113699983508529e-02
-3.169303244464739128e-02
-3.168349990777884900e-02
-3.167624573068068133e-02
-3.168468536627257193e-02
-3.168179370507611531e-02
-3.168428940290285434e-02
-3.167671345593766480e-02
-3.168662870392580100e-02
-3.170147089430335602e-02
-3.169903277352770915e-02
-3.168829385117881425e-02
-3.168961936201535046e-02
-3.168186559142412151e-02
-3.169550449949264104e-02
-3.168714195465320571e-02
-3.168380730709332432e-02
-3.169126975522085221e-02
-3.168843124277281875e-02
-3.167862202998809884e-02
-3.168247449559901535e-02
-3.169506963839503061e-02
-3.168871833824836448e-02
-3.168829440648213841e-02
-3.168749647322325474e-02
-3.169663285364899413e-02
-3.169450752208511496e-02
-3.168535050450108775e-02
-3.169466943616877641e-02
-3.169703763594581419e-02
-3.168157947070783520e-02
-3.168693595977513378e-02
-3.168691661526062270e-02
-3.169179294057178353e-02
-3.169493544581420547e-02
-3.169929540313241173e-02
-3.168636627968782205e-02
-3.169261661114371881e-02
-3.168156630717380851e-02
-3.169671960819963469e-02
-3.168283609457882982e-02
-3.167964460160930390e-02
-3.167541894442394562e-02
-3.166868371492190942e-02
-3.169120402645893980e-02
-3.168014253162770855e-02
-3.168134811947245777e-02
-3.167659188268343723e-02
-3.168258465743672980e-02
-3.168261922948233111e-02
-3.167184179792427445e-02
-3.169070629846519604e-02
-3.168194358319813275e-02
-3.168896633302972776e-02
-3.168915682127611960e-02
-3.169924098633746662e-02
-3.170084159226464748e-02
-3.168476835083426646e-02
-3.168204288749308650e-02
-3.169372574669875042e-02
-3.170152015460143274e-02
-3.169196702033655333e-02
-3.168442981614751075e-02
-3.168967275432563874e-02
-3.167777857324924340e-02
-3.168391591034756816e-02
-3.168992633659972746e-02
-3.168940877776933729e-02
-3.169656789424402099e-02
-3.169343969982703346e-02
-3.167524277297744523e-02
-3.167830811055979967e-02
-3.168313427913099084e-02
-3.168896930345445340e-02
-3.169251419289718930e-02
-3.169114907365087191e-02
-3.168132492194717514e-02
-3.168306100533970632e-02
-3.168552533270205945e-02
-3.169257131435537084e-02
-3.168612144117351898e-02
-3.168874805480852846e-02
-3.168829169848647737e-02
-3.169322194941424226e-02
-3.169559238588458977e-02
-3.168795205386253089e-02
-3.169597180005140347e-02
-3.168291187355009447e-02
-3.169075078907797327e-02
-3.168150360405994070e-02
-3.168912074239106647e-02
-3.169507395367732877e-02
-3.170220769903247388e-02
-3.168420053409035098e-02
-3.168068142924781311e-02
-3.168046990024821208e-02
-3.168745084617390073e-02
-3.169007979894584992e-02
-3.167807195563681483e-02
-3.169392950923470564e-02
-3.170370228832110338e-02
-3.169112841831098898e-02
-3.167675522499577984e-02
-3.167983416000125924e-02
-3.168299521257543494e-02
-3.168158756875554677e-02
-3.169536545894617585e-02
-3.168255512958126352e-02
-3.167949636505342642e-02
-3.169118668455220972e-02
-3.168857236104722502e-02
-3.169841994334177127e-02
-3.168862487343578060e-02
-3.168721493272208534e-02
-3.169584068941844190e-02
-3.168520226488915487e-02
-3.169246657747380735e-02
-3.168542838239132159e-02
-3.168337531449010730e-02
-3.168522845433557195e-02
-3.167770470599552690e-02
-3.169754154932621221e-02
-3.169848016334903679e-02
-3.170367136333310937e-02
-3.167834260132960239e-02
-3.169915148775716285e-02
-3.168257083054314138e-02
-3.168198196330854199e-02
-3.168426287194777563e-02
-3.168103258276398076e-02
-3.169822100826604622e-02
-3.168282191838577011e-02
-3.168672548094615682e-02
-3.169108370576242256e-02
-3.168633114585039240e-02
-3.167693774543196839e-02
-3.168730042415138226e-02
-3.169589779281675734e-02
-3.167068173359118000e-02
-3.168158769232711641e-02
-3.168419606231174385e-02
-3.168271880598734491e-02
-3.167542220906615497e-02
-3.167833486993551495e-02
-3.168886075801486540e-02
-3.169773182751744328e-02
-3.168613845564201975e-02
-3.167528437879010145e-02
-3.168701349028088532e-02
-3.169275489629819892e-02
-3.168552372721276933e-02
-3.169176300255681367e-02
-3.169279191935688023e-02
-3.168932461977532616e-02
-3.170144876982983195e-02
-3.169395904715991558e-02
-3.168066954889172532e-02
-3.168146559081367469e-02
-3.167798241292446582e-02
-3.168126811579385221e-02
-3.168021672751064610e-02
-3.168341960325619933e-02
-3.168011388705148368e-02
-3.167263455238690517e-02
-3.169318065884564606e-02
-3.168666073807633460e-02
-3.169361666820467299e-02
-3.169051046427913410e-02
-3.168054336495104706e-02
-3.168992333223882157e-02
-3.167544974853604700e-02
-3.167916345806792017e-02
-3.167900481377049215e-02
-3.169587501282043057e-02
-3.169771034778463142e-02
-3.168511704038477761e-02
-3.168274267499191638e-02
-3.168193657521826967e-02
-3.168260719130434194e-02
-3.169023994028630914e-02
-3.168549979638514424e-02
-3.169542815719308265e-02
-3.169355189458022276e-02
-3.168697432660095431e-02
-3.168388092475877410e-02
-3.168951043904964793e-02
-3.168243217023308106e-02
-3.169784861408336124e-02
-3.169707857013596281e-02
-3.168515475841421347e-02
-3.169501747480364673e-02
-3.168932072350907209e-02
-3.168256272364458614e-02
-3.168335336638821581e-02
-3.169352424776433058e-02
-3.168735516453598244e-02
-3.168274271720695340e-02
-3.168734836285404255e-02
-3.168312637028856960e-02
-3.169059223259872854e-02
-3.168783797791869389e-02
-3.167743110073245605e-02
-3.169103221522363151e-02
-3.168259012453012585e-02
-3.167578763608221853e-02
-3.169398940214497584e-02
-3.167411516710096075e-02
-3.167068008183609312e-02
-3.168562156801327939e-02
-3.168651847392926074e-02
-3.169747751846657691e-02
-3.168217727494331004e-02
-3.168217423759737972e-02
-3.169467388174489891e-02
-3.169531634201522979e-02
-3.169303006033259706e-02
-3.167851410317534117e-02
-3.169588462841570198e-02
-3.169360977661626194e-02
-3.168604081084933771e-02
-3.168531031490513794e-02
-3.169061084296826564e-02
-3.169155329996246190e-02
-3.168026654932713793e-02
-3.168346329164391934e-02
-3.168955128795342135e-02
-3.169392103609249695e-02
-3.168548702672562695e-02
-3.168823843825778475e-02
-3.168169401017702919e-02
-3.168095161810152022e-02
-3.169641425680028157e-02
-3.170106432457903828e-02
-3.168044354998050122e-02
-3.167706567579734594e-02
-3.168513340222769287e-02
-3.168798921867587576e-02
-3.169698012418985938e-02
-3.170137205446268286e-02
-3.169061496995614208e-02
-3.168470196649465775e-02
-3.168672702426882787e-02
-3.169110231118447280e-02
-3.168768597440365514e-02
-3.169158809490067730e-02
-3.169117615480827876e-02
-3.167814265234828591e-02
-3.168595945704658079e-02
-3.169715137767073476e-02
-3.169118650568884810e-02
-3.168274845301868176e-02
-3.168538867762762251e-02
-3.169813071201058735e-02
-3.169714875592008485e-02
-3.169350027725353902e-02
-3.167560843412585425e-02
-3.170061102287462934e-02
-3.168749024953474575e-02
-3.170139582069325668e-02
-3.168673111443105761e-02
-3.168916258253173107e-02
-3.168783580934741301e-02
-3.168724546408679260e-02
-3.168265832542355859e-02
-3.169848246722205276e-02
-3.169492053316601277e-02
-3.169716061394126788e-02
-3.168246500138290761e-02
-3.168048438463855199e-02
-3.168727302597421774e-02
-3.168308801466789698e-02
-3.167757008343824454e-02
-3.168682358370151358e-02
-3.167827131149660719e-02
-3.168505189593388838e-02
-3.169034221871087215e-02
-3.168793934224843623e-02
-3.169194750868688931e-02
-3.169448250301689501e-02
-3.169431655933076242e-02
-3.168592144731242899e-02
-3.169218833991741674e-02
-3.169136999136933086e-02
-3.168819124545026872e-02
-3.168986812861455948e-02
-3.169542612890772354e-02
-3.167614215884068801e-02
-3.167828778545682400e-02
-3.168082270242145171e-02
-3.168523219479677661e-02
-3.167816375900659592e-02
-3.169341025259778816e-02
-3.169188548249752407e-02
-3.168310135091163132e-02
-3.168385660722962405e-02
-3.169298961403996945e-02
-3.167826812940802844e-02
-3.169815205557136722e-02
-3.169330244134870717e-02
-3.168138745977148313e-02
-3.167633069043244293e-02
-3.167871507018254346e-02
-3.169994187577648143e-02
-3.170563438430092779e-02
-3.168134762225120055e-02
-3.168254564422044728e-02
-3.168234426843134777e-02
-3.169341351882213470e-02
-3.170069111155020269e-02
-3.168835452654502477e-02
-3.168676011645970431e-02
-3.167645473959914554e-02
-3.167606516231913361e-02
-3.167170028585823000e-02
-3.169441566297644119e-02
-3.168725574390766908e-02
-3.168069966176217250e-02
-3.168500703889010062e-02
-3.168511725563664255e-02
-3.168879205793500436e-02
-3.167554166005161903e-02
-3.169282803919842156e-02
-3.168936727667497066e-02
-3.169006167617118702e-02
-3.169291104186128250e-02
-3.168095432643958098e-02
-3.169252409347939059e-02
-3.168726864401676807e-02
-3.169368320989244397e-02
-3.169793535690550168e-02
-3.168778142079922006e-02
-3.168972682488916531e-02
-3.170591882204753381e-02
-3.168630527660994817e-02
-3.168368195208150911e-02
-3.168200345596067224e-02
-3.167828205979628803e-02
-3.167886195115681564e-02
-3.168492490133548861e-02
-3.168178525950612195e-02
-3.168547926106166784e-02
-3.169348608415117896e-02
-3.168711555210993597e-02
-3.167706071326493317e-02
-3.168522757079977187e-02
-3.169784896970669064e-02
-3.169863817706593256e-02
-3.169715575278760078e-02
-3.170278992371615423e-02
-3.169436040916968206e-02
-3.167815988445859404e-02
-3.168433913087988912e-02
-3.168145399932936757e-02
-3.169470251904184244e-02
-3.168046050949897829e-02
-3.169326261562303848e-02
-3.168253069474625400e-02
-3.169052065155421316e-02
-3.168640293950502479e-02
-3.169006108136946526e-02
-3.167928034878297883e-02
-3.168146508930261979e-02
-3.168141436508876280e-02
-3.168684032865632522e-02
-3.169428860105046042e-02
-3.168411535723168054e-02
-3.167354599125539460e-02
-3.168538429330147038e-02
-3.168299459785429983e-02
-3.168568168506600419e-02
-3.169215897471928250e-02
-3.167736776704956070e-02
-3.167786206497353457e-02
-3.169075420529116754e-02
-3.169312546411805209e-02
-3.168759462641648761e-02
-3.169567002895643665e-02
-3.168380131674648770e-02
-3.168830333258534221e-02
-3.169233338718637633e-02
-3.168104847857283052e-02
-3.168318467290177909e-02
-3.168576660677818735e-02
-3.167025209422329179e-02
-3.168598958248375341e-02
-3.168435343668026677e-02
-3.169442269910197757e-02
-3.169463813203383246e-02
-3.168832163935669799e-02
-3.168895569570822496e-02
-3.169708608533706312e-02
-3.170079141685135798e-02
-3.169863192251345940e-02
-3.168405745772678167e-02
-3.169009496324513842e-02
-3.168031302689779810e-02
-3.168406307400613992e-02
-3.169573051348888865e-02
-3.168713742484919466e-02
-3.169482165461671302e-02
-3.169073990570920457e-02
-3.167869346399761893e-02
-3.166823394384548490e-02
-3.168671055458149172e-02
-3.169597792603320863e-02
-3.169075283021548922e-02
-3.169762310533909277e-02
-3.169002808088433598e-02
-3.169275081621381746e-02
-3.168942331371922549e-02
-3.167953582054174738e-02
-3.169475864750424809e-02
-3.170829821177429536e-02
-3.168726460615417517e-02
-3.167471337210526344e-02
-3.169516788891498654e-02
-3.168062998272776210e-02
-3.168939973318862097e-02
-3.168405574214060161e-02
-3.167487038332911231e-02
-3.166603440143276466e-02
-3.167788749184182601e-02
-3.169859599915903631e-02
-3.169731649950938146e-02
-3.167661773255955188e-02
-3.169018587558820182e-02
-3.168848301044975557e-02
-3.169052794464484457e-02
-3.169005604422501371e-02
-3.167980632110029698e-02
-3.167869510775099540e-02
-3.167924561889826768e-02
-3.169776355450417554e-02
-3.168804392467262920e-02
-3.169267113497165750e-02
-3.169204372561081756e-02
-3.169552756963907314e-02
-3.168996725592062441e-02
-3.167329630416491210e-02
-3.169123066918860809e-02
-3.167448495030657230e-02
-3.169822710596303245e-02
-3.168933966608257491e-02
-3.167703105004543440e-02
-3.168263684903797894e-02
-3.168975154326744703e-02
-3.169318141221888485e-02
-3.168255213582158586e-02
-3.168523017233425276e-02
-3.168930594974260495e-02
-3.168617243445118886e-02
-3.168919458473534734e-02
-3.170259258578707329e-02
-3.168733412317509268e-02
-3.168033080755573022e-02
-3.168940235969099767e-02
-3.167902549138573720e-02
-3.169183666748361106e-02
-3.168336036076239981e-02
-3.168111497674949012e-02
-3.167986953034372666e-02
-3.167836498750475210e-02
-3.168103121274514627e-02
-3.167790087165812951e-02
-3.169211369607943113e-02
-3.168203684124336339e-02
-3.168980977786243353e-02
-3.168272939802073418e-02
-3.168082649061360750e-02
-3.168199241775809111e-02
-3.169192547344711758e-02
-3.169874381627190568e-02
-3.169786218689881613e-02
-3.167940385806660569e-02
-3.168472090138945568e-02
-3.168516546771080883e-02
-3.169251641231209116e-02
-3.168446162880362432e-02
-3.168327957020990876e-02
-3.168700468518822339e-02
-3.168325903011636607e-02
-3.168696460706857398e-02
-3.168252118498219444e-02
-3.168191667773655185e-02
-3.169208377388797043e-02
-3.169648886960742262e-02
-3.169003921750655761e-02
-3.169046096817908220e-02
-3.169397280943770517e-02
-3.168008443818513820e-02
-3.168568948990282963e-02
-3.169176961750845567e-02
-3.168003779992081825e-02
-3.168784207872196029e-02
-3.169131397579598441e-02
-3.168822715968664522e-02
-3.169601257073458023e-02
-3.170084304095621003e-02
-3.169334408027914968e-02
-3.168508719092694853e-02
-3.169129415606164457e-02
-3.168305253081097478e-02
-3.168621397604692164e-02
-3.168228688797467690e-02
-3.169388994149396899e-02
-3.169298183240089328e-02
-3.168310418181850829e-02
-3.168292889764118964e-02
-3.170055551096850194e-02
-3.169442329591966312e-02
-3.169943385219031046e-02
-3.168188935709952136e-02
-3.169217506965602699e-02
-3.168414409596018860e-02
-3.167878960294017582e-02
-3.167774601467503170e-02
-3.167875476129583534e-02
-3.167644942076195541e-02
-3.169124107127133799e-02
-3.168389747660751293e-02
-3.169651208187888869e-02
-3.168402222075537150e-02
-3.168809517766796313e-02
-3.169020903086746527e-02
-3.168737688969917865e-02
-3.169956419277281806e-02
-3.168510959403540023e-02
-3.168597146750928850e-02
-3.169057581305326915e-02
-3.168782810840888725e-02
-3.169152749252251988e-02
-3.169257419878170751e-02
-3.169685568288709704e-02
-3.169366996991068719e-02
-3.169718126970296618e-02
-3.168438804765653233e-02
-3.168561905255590921e-02
-3.167681559364414479e-02
-3.169139863349539066e-02
-3.168449462993756099e-02
-3.168632741977413930e-02
-3.168076115512351298e-02
-3.169670760629750283e-02
-3.168730142725545429e-02
-3.168764580298424199e-02
-3.170680778735257555e-02
-3.168324598363984890e-02
-3.168580080084242717e-02
-3.169604013359113986e-02
-3.168811733792459284e-02
-3.168431287724007145e-02
-3.169096690829732721e-02
-3.168637546114529135e-02
-3.169057259429141488e-02
-3.169708865234874967e-02
-3.169919838517072652e-02
-3.168275816322153188e-02
-3.168888097341261700e-02
-3.168380299963448332e-02
-3.168590014272567451e-02
-3.169190111655724451e-02
-3.169633194429943845e-02
-3.169342650760512831e-02
-3.168156701963894400e-02
-3.169782769837881098e-02
-3.169382041253716170e-02
-3.169035656195280659e-02
-3.169357062616080106e-02
-3.168719453733332553e-02
-3.168394036701895067e-02
-3.168813851319782909e-02
-3.168083751640215356e-02
-3.169114524927187787e-02
-3.166964479060720844e-02
-3.169558324597963189e-02
-3.168978014107069058e-02
-3.168800749802225952e-02
-3.167962174649101986e-02
-3.167479345043685418e-02
-3.168530684518773566e-02
-3.168354996257176370e-02
-3.168409839962493119e-02
-3.169508899033156996e-02
-3.168575172127736927e-02
-3.168721948773123298e-02
-3.168303325590928615e-02
-3.168266905826634672e-02
-3.169469125350538735e-02
-3.167599926509174352e-02
-3.167731615365620285e-02
-3.167944521131017821e-02
-3.167262148569099239e-02
-3.169305569367851516e-02
-3.169079946338800025e-02
-3.168953984834627091e-02
-3.169773458054740700e-02
-3.169142276224633237e-02
-3.168453721093424102e-02
-3.168208028048180580e-02
-3.168687146333738769e-02
-3.167462599636853421e-02
-3.170155439817486098e-02
-3.169535790489550614e-02
-3.169171976765829124e-02
-3.167294629357179231e-02
-3.167950765818754177e-02
-3.169152454670020463e-02
-3.169088515954997937e-02
-3.169286210719281932e-02
-3.168882139043110308e-02
-3.169057834559046993e-02
-3.167686834724486172e-02
-3.169029066192252664e-02
-3.168702922608305356e-02
-3.168783954409631204e-02
-3.168277470139654883e-02
-3.168440293799350965e-02
-3.167898821446940572e-02
-3.168178702007211356e-02
-3.169930354444235043e-02
-3.169081443832646311e-02
-3.168414898292810922e-02
-3.168198926887447892e-02
-3.169931257288490650e-02
-3.168840585531495363e-02
-3.169944378059599138e-02
-3.167420389518360579e-02
-3.169438365777853261e-02
-3.169504029937637857e-02
-3.169031837661896028e-02
-3.168725017574867270e-02
-3.168860948725744919e-02
-3.170607351848086369e-02
-3.169074063667361857e-02
-3.169081045011805375e-02
-3.168353298975730425e-02
-3.168913280380739050e-02
-3.168187195566504050e-02
-3.168747454383791240e-02
-3.168646716469762648e-02
-3.167841341894135632e-02
-3.169214754171371246e-02
-3.168539839573901451e-02
-3.169827579776425541e-02
-3.169479917737084290e-02
-3.168499116814397359e-02
-3.168173319819967554e-02
-3.168034622937636324e-02
-3.169228508556706098e-02
-3.168309409335121063e-02
-3.168806038597842684e-02
-3.168399770677914062e-02
-3.168903401150530846e-02
-3.169872404490081674e-02
-3.168555071458638989e-02
-3.170091057096219300e-02
-3.168784028239402667e-02
-3.169518491874152855e-02
-3.169150331089533312e-02
-3.169437520464540164e-02
-3.166941316332846229e-02
-3.168341955970999102e-02
-3.168878680497607542e-02
-3.167879300160879319e-02
