-2.424563281238079071e-02
-2.424151636660099030e-02
-2.424418739974498749e-02
-2.424203045666217804e-02
-2.425161935389041901e-02
-2.424738742411136627e-02
-2.424539998173713684e-02
-2.424719184637069702e-02
-2.423967234790325165e-02
-2.423905767500400543e-02
-2.424139343202114105e-02
-2.424413524568080902e-02
-2.424751967191696167e-02
-2.425626479089260101e-02
-2.424570545554161072e-02
-2.424075827002525330e-02
-2.424256317317485809e-02
-2.423726581037044525e-02
-2.424258925020694733e-02
-2.424014173448085785e-02
-2.423846535384654999e-02
-2.424710616469383240e-02
-2.424083091318607330e-02
-2.424231916666030884e-02
-2.424083091318607330e-02
-2.424758300185203552e-02
-2.424092963337898254e-02
-2.423984371125698090e-02
-2.423923462629318237e-02
-2.424058131873607635e-02
-2.424277737736701965e-02
-2.424327656626701355e-02
-2.423892728984355927e-02
-2.423934452235698700e-02
-2.423980459570884705e-02
-2.424841746687889099e-02
-2.424168772995471954e-02
-2.425310201942920685e-02
-2.424683421850204468e-02
-2.425247989594936371e-02
-2.424520812928676605e-02
-2.424922771751880646e-02
-2.424010261893272400e-02
-2.424442209303379059e-02
-2.424392290413379669e-02
-2.424170821905136108e-02
-2.424795180559158325e-02
-2.424226887524127960e-02
-2.424129657447338104e-02
-2.423641644418239594e-02
-2.423159219324588776e-02
-2.424178458750247955e-02
-2.424429729580879211e-02
-2.423975057899951935e-02
-2.423983439803123474e-02
-2.425290830433368683e-02
-2.423714846372604370e-02
-2.423639036715030670e-02
-2.424663864076137543e-02
-2.424413897097110748e-02
-2.423625625669956207e-02
-2.425020560622215271e-02
-2.424496971070766449e-02
-2.424495480954647064e-02
-2.424036338925361633e-02
-2.424399927258491516e-02
-2.424479834735393524e-02
-2.424416877329349518e-02
-2.423811331391334534e-02
-2.424180321395397186e-02
-2.424854785203933716e-02
-2.425692602992057800e-02
-2.424836903810501099e-02
-2.424367517232894897e-02
-2.422766201198101044e-02
-2.423747628927230835e-02
-2.423874102532863617e-02
-2.424536459147930145e-02
-2.425015904009342194e-02
-2.423585765063762665e-02
-2.424392849206924438e-02
-2.423965558409690857e-02
-2.423975057899951935e-02
-2.423998340964317322e-02
-2.424568496644496918e-02
-2.424277178943157196e-02
-2.424653246998786926e-02
-2.423864789307117462e-02
-2.424217388033866882e-02
-2.424937300384044647e-02
-2.424413524568080902e-02
-2.424975484609603882e-02
-2.424599416553974152e-02
-2.424789406359195709e-02
-2.424535900354385376e-02
-2.423397265374660492e-02
-2.424834296107292175e-02
-2.424620464444160461e-02
-2.424061112105846405e-02
-2.424225397408008575e-02
-2.424788661301136017e-02
-2.424479089677333832e-02
-2.424742467701435089e-02
-2.424295991659164429e-02
-2.425022795796394348e-02
-2.424639277160167694e-02
-2.424391545355319977e-02
-2.424634061753749847e-02
-2.424320206046104431e-02
-2.423664741218090057e-02
-2.424432151019573212e-02
-2.423926442861557007e-02
-2.423550002276897430e-02
-2.424133382737636566e-02
-2.424778789281845093e-02
-2.425155229866504669e-02
-2.424273453652858734e-02
-2.424614876508712769e-02
-2.425108104944229126e-02
-2.424988336861133575e-02
-2.424387447535991669e-02
-2.424008585512638092e-02
-2.424602024257183075e-02
-2.423230372369289398e-02
-2.423868514597415924e-02
-2.425020560622215271e-02
-2.423957549035549164e-02
-2.424846962094306946e-02
-2.425046637654304504e-02
-2.424649521708488464e-02
-2.424300089478492737e-02
-2.425036579370498657e-02
-2.424123510718345642e-02
-2.424584142863750458e-02
-2.424360252916812897e-02
-2.423577941954135895e-02
-2.423854358494281769e-02
-2.424071542918682098e-02
-2.424285747110843658e-02
-2.424552664160728455e-02
-2.424417994916439056e-02
-2.423869818449020386e-02
-2.423598431050777435e-02
-2.423484437167644501e-02
-2.423442155122756958e-02
-2.423912473022937775e-02
-2.424905449151992798e-02
-2.424170821905136108e-02
-2.423954196274280548e-02
-2.424064837396144867e-02
-2.424548752605915070e-02
-2.423945441842079163e-02
-2.424263395369052887e-02
-2.425324544310569763e-02
-2.424175851047039032e-02
-2.424095943570137024e-02
-2.423750236630439758e-02
-2.424339577555656433e-02
-2.424028143286705017e-02
-2.424159273505210876e-02
-2.424693293869495392e-02
-2.424808964133262634e-02
-2.424445934593677521e-02
-2.424273267388343811e-02
-2.425394207239151001e-02
-2.424118481576442719e-02
-2.425601705908775330e-02
-2.424745075404644012e-02
-2.425018139183521271e-02
-2.425258979201316833e-02
-2.424939349293708801e-02
-2.425403520464897156e-02
-2.425270713865756989e-02
-2.424302138388156891e-02
-2.424425818026065826e-02
-2.422885410487651825e-02
-2.424531243741512299e-02
-2.422990649938583374e-02
-2.423756383359432220e-02
-2.423857897520065308e-02
-2.424528822302818298e-02
-2.425233647227287292e-02
-2.424966916441917419e-02
-2.424127236008644104e-02
-2.424682304263114929e-02
-2.424102835357189178e-02
-2.423859201371669769e-02
-2.423951216042041779e-02
-2.424580231308937073e-02
-2.424009516835212708e-02
-2.424039691686630249e-02
-2.424107305705547333e-02
-2.424932830035686493e-02
-2.424202673137187958e-02
-2.424889057874679565e-02
-2.424463257193565369e-02
-2.424211986362934113e-02
-2.424575202167034149e-02
-2.424066513776779175e-02
-2.424012310802936554e-02
-2.424779161810874939e-02
-2.424716763198375702e-02
-2.424537390470504761e-02
-2.424196340143680573e-02
-2.424741722643375397e-02
-2.425114065408706665e-02
-2.424394711852073669e-02
-2.424702234566211700e-02
-2.424610964953899384e-02
-2.424783445894718170e-02
-2.424480952322483063e-02
-2.424130402505397797e-02
-2.424192987382411957e-02
-2.423856966197490692e-02
-2.424475178122520447e-02
-2.424014545977115631e-02
-2.424525097012519836e-02
-2.423926070332527161e-02
-2.424458973109722137e-02
-2.424712292850017548e-02
-2.424413897097110748e-02
-2.425265498459339142e-02
-2.424562908709049225e-02
-2.424529753625392914e-02
-2.423657849431037903e-02
-2.423728071153163910e-02
-2.424205467104911804e-02
-2.423792704939842224e-02
-2.424381300806999207e-02
-2.423761226236820221e-02
-2.424913085997104645e-02
-2.424441091716289520e-02
-2.424586191773414612e-02
-2.423929236829280853e-02
-2.424162998795509338e-02
-2.424678392708301544e-02
-2.424346655607223511e-02
-2.423145063221454620e-02
-2.423753589391708374e-02
-2.424594387412071228e-02
-2.423972636461257935e-02
-2.424583025276660919e-02
-2.424646727740764618e-02
-2.423852309584617615e-02
-2.425187453627586365e-02
-2.423992566764354706e-02
-2.424366585910320282e-02
-2.424580790102481842e-02
-2.423939295113086700e-02
-2.424133755266666412e-02
-2.423806861042976379e-02
-2.424625866115093231e-02
-2.424280531704425812e-02
-2.424281090497970581e-02
-2.424312196671962738e-02
-2.423919551074504852e-02
-2.423423901200294495e-02
-2.424663491547107697e-02
-2.424587495625019073e-02
-2.424590103328227997e-02
-2.424402907490730286e-02
-2.424408309161663055e-02
-2.423975989222526550e-02
-2.424484118819236755e-02
-2.423815242946147919e-02
-2.424642629921436310e-02
-2.424464933574199677e-02
-2.424168214201927185e-02
-2.423434704542160034e-02
-2.423705905675888062e-02
-2.424051612615585327e-02
-2.423660270869731903e-02
-2.424167655408382416e-02
-2.424268797039985657e-02
-2.424286864697933197e-02
-2.424021810293197632e-02
-2.424243651330471039e-02
-2.425039559602737427e-02
-2.423788048326969147e-02
-2.425136230885982513e-02
-2.424783445894718170e-02
-2.424231357872486115e-02
-2.424416318535804749e-02
-2.424260787665843964e-02
-2.423965558409690857e-02
-2.423723787069320679e-02
-2.424208261072635651e-02
-2.424352802336215973e-02
-2.424232475459575653e-02
-2.424723841249942780e-02
-2.425086125731468201e-02
-2.425317838788032532e-02
-2.424559742212295532e-02
-2.424049936234951019e-02
-2.423862367868423462e-02
-2.424802817404270172e-02
-2.424571476876735687e-02
-2.424247190356254578e-02
-2.424017153680324554e-02
-2.423889376223087311e-02
-2.424586750566959381e-02
-2.424188330769538879e-02
-2.423920482397079468e-02
-2.424178086221218109e-02
-2.424768172204494476e-02
-2.424216829240322113e-02
-2.423910982906818390e-02
-2.424176223576068878e-02
-2.424903772771358490e-02
-2.424222603440284729e-02
-2.424268983304500580e-02
-2.424893155694007874e-02
-2.424988895654678345e-02
-2.424005605280399323e-02
-2.425186708569526672e-02
-2.425144985318183899e-02
-2.424981631338596344e-02
-2.424569800496101379e-02
-2.424242161214351654e-02
-2.423572726547718048e-02
-2.424188144505023956e-02
-2.423640154302120209e-02
-2.424423955380916595e-02
-2.423432655632495880e-02
-2.424063719809055328e-02
-2.424560301005840302e-02
-2.423278056085109711e-02
-2.423897571861743927e-02
-2.424203790724277496e-02
-2.423660829663276672e-02
-2.424024976789951324e-02
-2.424749359488487244e-02
-2.425314858555793762e-02
-2.425014227628707886e-02
-2.424997463822364807e-02
-2.424273081123828888e-02
-2.423996664583683014e-02
-2.423813566565513611e-02
-2.424176409840583801e-02
-2.424272149801254272e-02
-2.424330823123455048e-02
-2.424046583473682404e-02
-2.423280850052833557e-02
-2.424007467925548553e-02
-2.424791082739830017e-02
-2.424453943967819214e-02
-2.424528449773788452e-02
-2.423126809298992157e-02
-2.423760108649730682e-02
-2.423721365630626678e-02
-2.423320896923542023e-02
-2.424269728362560272e-02
-2.423785068094730377e-02
-2.422440983355045319e-02
-2.423376962542533875e-02
-2.423565648496150970e-02
-2.424194663763046265e-02
-2.423822693526744843e-02
-2.423920109868049622e-02
-2.424214221537113190e-02
-2.423701435327529907e-02
-2.423578314483165741e-02
-2.423949725925922394e-02
-2.423449605703353882e-02
-2.423202246427536011e-02
-2.423207275569438934e-02
-2.423663251101970673e-02
-2.423642762005329132e-02
-2.423205040395259857e-02
-2.423937059938907623e-02
-2.423545904457569122e-02
-2.423436753451824188e-02
-2.423798665404319763e-02
-2.423507533967494965e-02
-2.423678897321224213e-02
-2.424495667219161987e-02
-2.423848584294319153e-02
-2.423932775855064392e-02
-2.423889189958572388e-02
-2.423825114965438843e-02
-2.424496598541736603e-02
-2.424151822924613953e-02
-2.423868514597415924e-02
-2.423636056482791901e-02
-2.423655241727828979e-02
-2.423818781971931458e-02
-2.424166165292263031e-02
-2.424456737935543060e-02
-2.424400299787521362e-02
-2.423758059740066528e-02
-2.423771098256111145e-02
-2.424278482794761658e-02
-2.423951961100101471e-02
-2.423815242946147919e-02
-2.423823066055774689e-02
-2.424297481775283813e-02
-2.424650080502033234e-02
-2.424175478518009186e-02
-2.423658035695552826e-02
-2.424474805593490601e-02
-2.424115501344203949e-02
-2.423895709216594696e-02
-2.424515038728713989e-02
-2.424750663340091705e-02
-2.424151822924613953e-02
-2.423926815390586853e-02
-2.423985488712787628e-02
-2.423308975994586945e-02
-2.423853613436222076e-02
-2.422815188765525818e-02
-2.422612160444259644e-02
-2.423674426972866058e-02
-2.423993498086929321e-02
-2.424075454473495483e-02
-2.423848584294319153e-02
-2.423998899757862091e-02
-2.424221113324165344e-02
-2.424625121057033539e-02
-2.423790283501148224e-02
-2.423879131674766541e-02
-2.423191629350185394e-02
-2.423385903239250183e-02
-2.423677220940589905e-02
-2.423336543142795563e-02
-2.424066141247749329e-02
-2.424352988600730896e-02
-2.424048259854316711e-02
-2.423477359116077423e-02
-2.424237690865993500e-02
-2.424418181180953979e-02
-2.423380129039287567e-02
-2.423612959682941437e-02
-2.422879450023174286e-02
-2.423805929720401764e-02
-2.423783577978610992e-02
-2.424659766256809235e-02
-2.423657663166522980e-02
-2.424395270645618439e-02
-2.423875592648983002e-02
-2.423579059541225433e-02
-2.424230985343456268e-02
-2.422464080154895782e-02
-2.424372546374797821e-02
-2.424224652349948883e-02
-2.424433454871177673e-02
-2.424431405961513519e-02
-2.424393780529499054e-02
-2.423956617712974548e-02
-2.424751594662666321e-02
-2.423179335892200470e-02
-2.423409558832645416e-02
-2.423745021224021912e-02
-2.423836104571819305e-02
-2.424431405961513519e-02
-2.424590103328227997e-02
-2.424551360309123993e-02
-2.423999458551406860e-02
-2.422945015132427216e-02
-2.423927746713161469e-02
-2.423455938696861267e-02
-2.423366159200668335e-02
-2.424267679452896118e-02
-2.424043603241443634e-02
-2.423675730824470520e-02
-2.423202060163021088e-02
-2.423204854130744934e-02
-2.423119172453880310e-02
-2.424383349716663361e-02
-2.423990704119205475e-02
-2.423386648297309875e-02
-2.423721365630626678e-02
-2.423602528870105743e-02
-2.423615567386150360e-02
-2.424074150621891022e-02
-2.423049695789813995e-02
-2.423628419637680054e-02
-2.423264272511005402e-02
-2.424834482371807098e-02
-2.424331754446029663e-02
-2.424473688006401062e-02
-2.423745952546596527e-02
-2.424318157136440277e-02
-2.423832379281520844e-02
-2.423496358096599579e-02
-2.424553595483303070e-02
-2.423806861042976379e-02
-2.423465810716152191e-02
-2.424118481576442719e-02
-2.422750182449817657e-02
-2.424156293272972107e-02
-2.423427067697048187e-02
-2.424498461186885834e-02
-2.424532547593116760e-02
-2.424499578773975372e-02
-2.424531243741512299e-02
-2.424246631562709808e-02
-2.423653937876224518e-02
-2.424514852464199066e-02
-2.423274703323841095e-02
-2.424367330968379974e-02
-2.424018457531929016e-02
-2.424376830458641052e-02
-2.424124255776405334e-02
-2.424704469740390778e-02
-2.422431297600269318e-02
-2.423180267214775085e-02
-2.424309775233268738e-02
-2.423196099698543549e-02
-2.422912232577800751e-02
-2.423561923205852509e-02
-2.424165047705173492e-02
-2.423099614679813385e-02
-2.424373477697372437e-02
-2.423936314880847931e-02
-2.423279359936714172e-02
-2.424801699817180634e-02
-2.424408867955207825e-02
-2.423860505223274231e-02
-2.423021942377090454e-02
-2.424209192395210266e-02
-2.424010261893272400e-02
-2.423124760389328003e-02
-2.423078753054141998e-02
-2.423915639519691467e-02
-2.424759604036808014e-02
-2.423904091119766235e-02
-2.423799969255924225e-02
-2.424382790923118591e-02
-2.424345351755619049e-02
-2.424488030374050140e-02
-2.424813993275165558e-02
-2.424381300806999207e-02
-2.423774451017379761e-02
-2.423697896301746368e-02
-2.423773147165775299e-02
-2.423975802958011627e-02
-2.424313314259052277e-02
-2.424808405339717865e-02
-2.423809282481670380e-02
-2.423043176531791687e-02
-2.423731423914432526e-02
-2.424383722245693207e-02
-2.424031868577003479e-02
-2.424634434282779694e-02
-2.424276433885097504e-02
-2.423977106809616089e-02
-2.424076385796070099e-02
-2.424109540879726410e-02
-2.424005977809429169e-02
-2.424127794802188873e-02
-2.424111589789390564e-02
-2.424397319555282593e-02
-2.423519082367420197e-02
-2.424454875290393829e-02
-2.424079738557338715e-02
-2.423953637480735779e-02
-2.423294819891452789e-02
-2.424509450793266296e-02
-2.423992007970809937e-02
-2.424229122698307037e-02
-2.423847652971744537e-02
-2.423239499330520630e-02
-2.423799782991409302e-02
-2.424230054020881653e-02
-2.424166537821292877e-02
-2.422607317566871643e-02
-2.422902919352054596e-02
-2.423474937677383423e-02
-2.424578741192817688e-02
-2.424525097012519836e-02
-2.424109168350696564e-02
-2.424214407801628113e-02
-2.423904649913311005e-02
-2.424258552491664886e-02
-2.423504926264286041e-02
-2.424002252519130707e-02
-2.424973808228969574e-02
-2.424742467701435089e-02
-2.424832805991172791e-02
-2.424148842692375183e-02
-2.424095757305622101e-02
-2.424733899533748627e-02
-2.423509210348129272e-02
-2.424044348299503326e-02
-2.424032427370548248e-02
-2.423818781971931458e-02
-2.424055524170398712e-02
-2.423913218080997467e-02
-2.423542924225330353e-02
-2.424187026917934418e-02
-2.424404770135879517e-02
-2.423670329153537750e-02
-2.423305623233318329e-02
-2.423641830682754517e-02
-2.424652688205242157e-02
-2.423753961920738220e-02
-2.423787675797939301e-02
-2.424238435924053192e-02
-2.424507960677146912e-02
-2.424513548612594604e-02
-2.423865906894207001e-02
-2.424500323832035065e-02
-2.424382045865058899e-02
-2.424173802137374878e-02
-2.423759549856185913e-02
-2.423208579421043396e-02
-2.423720806837081909e-02
-2.424152567982673645e-02
-2.423887327313423157e-02
-2.423309721052646637e-02
-2.423938736319541931e-02
-2.423710189759731293e-02
-2.423777803778648376e-02
-2.423690631985664368e-02
-2.424477413296699524e-02
-2.423501200973987579e-02
-2.423264458775520325e-02
-2.424058504402637482e-02
-2.423400245606899261e-02
-2.423626370728015900e-02
-2.424144186079502106e-02
-2.423456870019435883e-02
-2.423235960304737091e-02
-2.423500455915927887e-02
-2.423212863504886627e-02
-2.423617802560329437e-02
-2.424040995538234711e-02
-2.424526773393154144e-02
-2.423436753451824188e-02
-2.423966117203235626e-02
-2.424420975148677826e-02
-2.423444204032421112e-02
-2.424452453851699829e-02
-2.423631399869918823e-02
-2.423372492194175720e-02
-2.423601970076560974e-02
-2.423877641558647156e-02
-2.424343861639499664e-02
-2.423774264752864838e-02
-2.423987723886966705e-02
-2.424562908709049225e-02
-2.423866465687751770e-02
-2.423762157559394836e-02
-2.423713542520999908e-02
-2.423900738358497620e-02
-2.423555217683315277e-02
-2.423705719411373138e-02
-2.424515224993228912e-02
-2.423448674380779266e-02
-2.423522435128688812e-02
-2.423360571265220642e-02
-2.423597685992717743e-02
-2.424472942948341370e-02
-2.424613013863563538e-02
-2.424005977809429169e-02
-2.424218691885471344e-02
-2.424469217658042908e-02
-2.423362247645854950e-02
-2.423622086644172668e-02
-2.424375340342521667e-02
-2.424152567982673645e-02
-2.423922903835773468e-02
-2.423728257417678833e-02
-2.423837035894393921e-02
-2.423309162259101868e-02
-2.424050495028495789e-02
-2.423993870615959167e-02
-2.423957176506519318e-02
-2.425145544111728668e-02
-2.424333058297634125e-02
-2.423817850649356842e-02
-2.423769421875476837e-02
-2.422886714339256287e-02
-2.424313314259052277e-02
-2.424525469541549683e-02
-2.424256876111030579e-02
-2.423535659909248352e-02
-2.423462644219398499e-02
-2.424142695963382721e-02
-2.424107305705547333e-02
-2.423423714935779572e-02
-2.422956563532352448e-02
-2.423239685595035553e-02
-2.422977052628993988e-02
-2.424395643174648285e-02
-2.424120716750621796e-02
-2.423579432070255280e-02
-2.424447983503341675e-02
-2.424105629324913025e-02
-2.424563840031623840e-02
-2.424673922359943390e-02
-2.422876283526420593e-02
-2.423376776278018951e-02
-2.423642762005329132e-02
-2.424100786447525024e-02
-2.424029074609279633e-02
-2.424833364784717560e-02
-2.423874475061893463e-02
-2.423314936459064484e-02
-2.424436062574386597e-02
-2.424129657447338104e-02
-2.423586510121822357e-02
-2.423914894461631775e-02
-2.424335666000843048e-02
-2.424257807433605194e-02
-2.424270473420619965e-02
-2.423901297152042389e-02
-2.424762211740016937e-02
-2.424224093556404114e-02
-2.423953637480735779e-02
-2.424659579992294312e-02
-2.424658462405204773e-02
-2.423300035297870636e-02
-2.423763833940029144e-02
-2.423992380499839783e-02
-2.424387447535991669e-02
-2.424329705536365509e-02
-2.423695288598537445e-02
-2.423632703721523285e-02
-2.424417808651924133e-02
-2.424052543938159943e-02
-2.424145117402076721e-02
-2.424494363367557526e-02
-2.423572726547718048e-02
-2.423410490155220032e-02
-2.424025908112525940e-02
-2.423732914030551910e-02
-2.423835173249244690e-02
-2.423253841698169708e-02
-2.424172870814800262e-02
-2.423235215246677399e-02
-2.423543855547904968e-02
-2.424105443060398102e-02
-2.423050627112388611e-02
-2.424270100891590118e-02
-2.424275316298007965e-02
-2.423914894461631775e-02
-2.424161694943904877e-02
-2.424620278179645538e-02
-2.423189952969551086e-02
-2.424188144505023956e-02
-2.424947358667850494e-02
-2.424738183617591858e-02
-2.424392849206924438e-02
-2.424374781548976898e-02
-2.424351684749126434e-02
-2.425167337059974670e-02
-2.424206957221031189e-02
-2.424392476677894592e-02
-2.424399927258491516e-02
-2.424737438559532166e-02
-2.423981949687004089e-02
-2.423415891826152802e-02
-2.424041368067264557e-02
-2.424293942749500275e-02
-2.423479780554771423e-02
-2.424485795199871063e-02
-2.424052916467189789e-02
-2.423855476081371307e-02
-2.423557825386524200e-02
-2.424852363765239716e-02
-2.424510195851325989e-02
-2.423230372369289398e-02
-2.424127794802188873e-02
-2.423975057899951935e-02
-2.423499710857868195e-02
-2.423998527228832245e-02
-2.423389069736003876e-02
-2.423639409244060516e-02
-2.423473633825778961e-02
-2.423483319580554962e-02
-2.422931976616382599e-02
-2.424712851643562317e-02
-2.423368953168392181e-02
-2.423568442463874817e-02
-2.423787675797939301e-02
-2.423640340566635132e-02
-2.423434332013130188e-02
-2.423802576959133148e-02
-2.424263209104537964e-02
-2.424551919102668762e-02
-2.423604950308799744e-02
-2.424721606075763702e-02
-2.424721978604793549e-02
-2.424132451415061951e-02
-2.424303628504276276e-02
-2.423774451017379761e-02
-2.423866838216781616e-02
-2.423253282904624939e-02
-2.423950284719467163e-02
-2.424263581633567810e-02
-2.424008399248123169e-02
-2.423205599188804626e-02
-2.422904595732688904e-02
-2.424175292253494263e-02
-2.423616498708724976e-02
-2.424492686986923218e-02
-2.424631454050540924e-02
-2.423233725130558014e-02
-2.423466183245182037e-02
-2.424472756683826447e-02
-2.423687465488910675e-02
-2.423857897520065308e-02
-2.423553913831710815e-02
-2.423048391938209534e-02
-2.424332126975059509e-02
-2.423547953367233276e-02
-2.423640340566635132e-02
-2.423703856766223907e-02
-2.423779107630252838e-02
-2.424470521509647369e-02
-2.423839084804058075e-02
-2.423773519694805145e-02
-2.423914894461631775e-02
-2.423564530909061432e-02
-2.424031682312488556e-02
-2.423802949488162994e-02
-2.423592284321784973e-02
-2.423854544758796692e-02
-2.422991022467613220e-02
-2.425262145698070526e-02
-2.423808164894580841e-02
-2.424374036490917206e-02
-2.423899620771408081e-02
-2.423615008592605591e-02
-2.423618547618389130e-02
-2.423908375203609467e-02
-2.423745021224021912e-02
-2.425216883420944214e-02
-2.424361370503902435e-02
-2.423875778913497925e-02
-2.423678524792194366e-02
-2.424561232328414917e-02
-2.423530630767345428e-02
-2.424558252096176147e-02
-2.423595637083053589e-02
-2.424129098653793335e-02
-2.423791401088237762e-02
-2.423334307968616486e-02
-2.424627728760242462e-02
-2.423889003694057465e-02
-2.424605004489421844e-02
-2.424327470362186432e-02
-2.423342689871788025e-02
-2.423619851469993591e-02
-2.424045279622077942e-02
-2.424536831676959991e-02
-2.424309588968753815e-02
-2.424718998372554779e-02
-2.424978837370872498e-02
-2.423702366650104523e-02
-2.423793822526931763e-02
-2.423716150224208832e-02
-2.423807792365550995e-02
-2.424661628901958466e-02
-2.423172630369663239e-02
-2.424559928476810455e-02
-2.424463815987110138e-02
-2.423379011452198029e-02
-2.424542047083377838e-02
-2.423502318561077118e-02
-2.424055896699428558e-02
-2.423256076872348785e-02
-2.424515038728713989e-02
-2.424492873251438141e-02
-2.424166910350322723e-02
-2.423818036913871765e-02
-2.424835227429866791e-02
-2.424531430006027222e-02
-2.424396015703678131e-02
-2.424280717968940735e-02
-2.424086071550846100e-02
-2.424034662544727325e-02
-2.424993179738521576e-02
-2.424352988600730896e-02
-2.423887327313423157e-02
-2.424595691263675690e-02
-2.424266748130321503e-02
-2.423311583697795868e-02
-2.425069175660610199e-02
-2.424071542918682098e-02
-2.424312941730022430e-02
-2.423954941332340240e-02
-2.423455566167831421e-02
-2.423649467527866364e-02
-2.423791028559207916e-02
-2.423379011452198029e-02
-2.424525097012519836e-02
-2.424710430204868317e-02
-2.425118908286094666e-02
-2.424801513552665710e-02
-2.424025163054466248e-02
-2.424475736916065216e-02
-2.423918992280960083e-02
-2.423880808055400848e-02
-2.423585020005702972e-02
-2.424094453454017639e-02
-2.424106933176517487e-02
-2.423865534365177155e-02
-2.423773892223834991e-02
-2.423496171832084656e-02
-2.423729747533798218e-02
-2.424404583871364594e-02
-2.424722164869308472e-02
-2.423734031617641449e-02
-2.423276752233505249e-02
-2.423358149826526642e-02
-2.423330210149288177e-02
-2.423860505223274231e-02
-2.423806302249431610e-02
-2.423488721251487732e-02
-2.423994056880474091e-02
-2.423589304089546204e-02
-2.423722110688686371e-02
-2.424067072570323944e-02
-2.424034103751182556e-02
-2.423337288200855255e-02
-2.423541992902755737e-02
-2.423543296754360199e-02
-2.424145303666591644e-02
-2.423649281263351440e-02
-2.423607185482978821e-02
-2.424281090497970581e-02
-2.424268797039985657e-02
-2.424455620348453522e-02
-2.424122951924800873e-02
-2.423715032637119293e-02
-2.423488348722457886e-02
-2.424667403101921082e-02
-2.424138411879539490e-02
-2.424711920320987701e-02
-2.424576692283153534e-02
-2.423717454075813293e-02
-2.423853613436222076e-02
-2.424586750566959381e-02
-2.424659952521324158e-02
-2.423952147364616394e-02
-2.424198575317859650e-02
-2.423525974154472351e-02
-2.424364164471626282e-02
-2.424147166311740875e-02
-2.424425631761550903e-02
-2.424290962517261505e-02
-2.424552664160728455e-02
-2.423793449997901917e-02
-2.423376776278018951e-02
-2.423232607543468475e-02
-2.423989214003086090e-02
-2.424484118819236755e-02
-2.423696592450141907e-02
-2.422953024506568909e-02
-2.423921041190624237e-02
-2.423146739602088928e-02
-2.423697896301746368e-02
-2.423865161836147308e-02
-2.424301020801067352e-02
-2.424056455492973328e-02
-2.424073033034801483e-02
-2.424513176083564758e-02
-2.424180693924427032e-02
-2.423822134733200073e-02
-2.424315549433231354e-02
-2.424195781350135803e-02
-2.424371056258678436e-02
-2.424662187695503235e-02
-2.424464002251625061e-02
-2.424265816807746887e-02
-2.423588186502456665e-02
-2.423853985965251923e-02
-2.424215525388717651e-02
-2.424585074186325073e-02
-2.424266748130321503e-02
-2.424770221114158630e-02
-2.424373291432857513e-02
-2.423460967838764191e-02
-2.423490956425666809e-02
-2.424377016723155975e-02
-2.424217201769351959e-02
-2.424657903611660004e-02
-2.424837276339530945e-02
-2.424722537398338318e-02
-2.423759549856185913e-02
-2.423626370728015900e-02
-2.422966249287128448e-02
-2.423519827425479889e-02
-2.423891611397266388e-02
-2.423753961920738220e-02
-2.424930781126022339e-02
-2.424425631761550903e-02
-2.424717135727405548e-02
-2.423715777695178986e-02
-2.424655109643936157e-02
-2.424255199730396271e-02
-2.424314245581626892e-02
-2.424273826181888580e-02
-2.424002997577190399e-02
-2.423680946230888367e-02
-2.423438616096973419e-02
-2.423515543341636658e-02
-2.424708381295204163e-02
-2.423805184662342072e-02
-2.423568442463874817e-02
-2.423859201371669769e-02
-2.423826418817043304e-02
-2.423899620771408081e-02
-2.424273453652858734e-02
-2.424059249460697174e-02
-2.424049936234951019e-02
-2.424464933574199677e-02
-2.424522675573825836e-02
-2.424768730998039246e-02
-2.424271777272224426e-02
-2.424142323434352875e-02
-2.424408867955207825e-02
-2.423309534788131714e-02
-2.423316426575183868e-02
-2.425003238022327423e-02
-2.424268610775470734e-02
-2.423549257218837738e-02
-2.424513921141624451e-02
-2.424075454473495483e-02
-2.424312569200992584e-02
-2.424139343202114105e-02
-2.423946745693683624e-02
-2.424150891602039337e-02
-2.424172498285770416e-02
-2.424482069909572601e-02
-2.423797920346260071e-02
-2.423294819891452789e-02
-2.424376830458641052e-02
-2.423843368887901306e-02
-2.423725090920925140e-02
-2.424025721848011017e-02
-2.424054406583309174e-02
-2.424684725701808929e-02
-2.424272149801254272e-02
-2.423407509922981262e-02
-2.423944324254989624e-02
-2.423951216042041779e-02
-2.423932030797004700e-02
-2.423698082566261292e-02
-2.424112893640995026e-02
-2.424167469143867493e-02
-2.424034103751182556e-02
-2.423937059938907623e-02
-2.423418872058391571e-02
-2.423207275569438934e-02
-2.424429170787334442e-02
-2.424284256994724274e-02
-2.423819527029991150e-02
-2.424812875688076019e-02
-2.424379624426364899e-02
-2.424147166311740875e-02
-2.423856221139431000e-02
-2.424329705536365509e-02
-2.424267306923866272e-02
-2.424012869596481323e-02
-2.424301579594612122e-02
-2.424046583473682404e-02
-2.423874288797378540e-02
-2.423953451216220856e-02
-2.424304559826850891e-02
-2.424628101289272308e-02
-2.424249984323978424e-02
-2.424441091716289520e-02
-2.424781210720539093e-02
-2.424584142863750458e-02
-2.424184232950210571e-02
-2.423217147588729858e-02
-2.423290349543094635e-02
-2.423657290637493134e-02
-2.424673177301883698e-02
-2.424027770757675171e-02
-2.424092218279838562e-02
-2.424369007349014282e-02
-2.423487789928913116e-02
-2.423938177525997162e-02
-2.424096502363681793e-02
-2.424526400864124298e-02
-2.424539998173713684e-02
-2.424274012446403503e-02
-2.424397878348827362e-02
-2.423678897321224213e-02
-2.423117123544216156e-02
-2.424131147563457489e-02
-2.424254827201366425e-02
-2.423986047506332397e-02
-2.423669025301933289e-02
-2.424182742834091187e-02
-2.424547262489795685e-02
-2.423671819269657135e-02
-2.423859760165214539e-02
-2.424350567162036896e-02
-2.424108237028121948e-02
-2.424216084182262421e-02
-2.424594014883041382e-02
-2.424642257392406464e-02
-2.424315363168716431e-02
-2.424178458750247955e-02
-2.424149587750434875e-02
-2.424244396388530731e-02
-2.423747070133686066e-02
-2.423886768519878387e-02
-2.424676157534122467e-02
-2.424078434705734253e-02
-2.422857470810413361e-02
-2.423671260476112366e-02
-2.424013242125511169e-02
-2.424233034253120422e-02
-2.423655800521373749e-02
-2.423591166734695435e-02
-2.424207888543605804e-02
-2.424534782767295837e-02
-2.423493377864360809e-02
-2.424037642776966095e-02
-2.424124255776405334e-02
-2.424209378659725189e-02
-2.423366531729698181e-02
-2.423639409244060516e-02
-2.423758059740066528e-02
-2.424023672938346863e-02
-2.424250170588493347e-02
-2.424256317317485809e-02
-2.423768118023872375e-02
-2.424260228872299194e-02
-2.423279359936714172e-02
-2.423526532948017120e-02
-2.423904463648796082e-02
-2.424114011228084564e-02
-2.424203231930732727e-02
-2.423561550676822662e-02
-2.424402907490730286e-02
-2.424525283277034760e-02
-2.424690313637256622e-02
-2.423951588571071625e-02
-2.424108237028121948e-02
-2.424327470362186432e-02
-2.425107918679714203e-02
-2.424352429807186127e-02
-2.423448301851749420e-02
-2.424409426748752594e-02
-2.423901110887527466e-02
-2.423884719610214233e-02
-2.423248998820781708e-02
-2.423330210149288177e-02
-2.423414774239063263e-02
-2.423387952148914337e-02
-2.423554845154285431e-02
-2.423865161836147308e-02
-2.423467487096786499e-02
-2.423398569226264954e-02
-2.423139102756977081e-02
-2.423937432467937469e-02
-2.423105575144290924e-02
-2.423210814595222473e-02
-2.423891052603721619e-02
-2.424738369882106781e-02
-2.423698455095291138e-02
-2.424005232751369476e-02
-2.423704229295253754e-02
-2.423865534365177155e-02
-2.423460595309734344e-02
-2.424373850226402283e-02
-2.424945868551731110e-02
-2.423998527228832245e-02
-2.423931285738945007e-02
-2.423707395792007446e-02
-2.424725517630577087e-02
-2.424607239663600922e-02
-2.424144931137561798e-02
-2.423264458775520325e-02
-2.424012869596481323e-02
-2.424160577356815338e-02
-2.423234656453132629e-02
-2.423074655234813690e-02
-2.423107251524925232e-02
-2.423724718391895294e-02
-2.423601597547531128e-02
-2.424262836575508118e-02
-2.424410358071327209e-02
-2.423437312245368958e-02
-2.423822693526744843e-02
-2.424099482595920563e-02
-2.423936314880847931e-02
-2.423859387636184692e-02
-2.422782965004444122e-02
-2.423854731023311615e-02
-2.423789910972118378e-02
-2.423702925443649292e-02
-2.424927428364753723e-02
-2.424072846770286560e-02
-2.424931712448596954e-02
-2.424502559006214142e-02
-2.423677779734134674e-02
-2.424344047904014587e-02
-2.424511872231960297e-02
-2.424156479537487030e-02
-2.423759177327156067e-02
-2.423445694148540497e-02
-2.423796243965625763e-02
-2.423912845551967621e-02
-2.424233034253120422e-02
-2.424233779311180115e-02
-2.423270419239997864e-02
-2.424242347478866577e-02
-2.424302324652671814e-02
-2.424037083983421326e-02
-2.424398250877857208e-02
-2.424010448157787323e-02
-2.423831634223461151e-02
-2.424657531082630157e-02
-2.424292080104351044e-02
-2.423202060163021088e-02
-2.423504926264286041e-02
-2.424547635018825531e-02
-2.424260228872299194e-02
-2.424609847366809845e-02
-2.424467168748378754e-02
-2.423957176506519318e-02
-2.424017526209354401e-02
-2.424028143286705017e-02
-2.424779720604419708e-02
-2.424345165491104126e-02
-2.425118535757064819e-02
-2.424796670675277710e-02
-2.424880489706993103e-02
-2.423749677836894989e-02
-2.422842942178249359e-02
-2.424099668860435486e-02
-2.424266189336776733e-02
-2.423445321619510651e-02
-2.424454316496849060e-02
-2.423710934817790985e-02
-2.423840947449207306e-02
-2.423702366650104523e-02
-2.424749918282032013e-02
-2.424225024878978729e-02
-2.424271591007709503e-02
-2.424777857959270477e-02
-2.423223108053207397e-02
-2.424486726522445679e-02
-2.423851564526557922e-02
-2.424073405563831329e-02
-2.423615381121635437e-02
-2.423735149204730988e-02
-2.423743531107902527e-02
-2.424964867532253265e-02
-2.423308603465557098e-02
-2.423956803977489471e-02
-2.423641271889209747e-02
-2.423891052603721619e-02
-2.424271777272224426e-02
-2.424034662544727325e-02
-2.423521317541599274e-02
-2.424301952123641968e-02
-2.424212545156478882e-02
-2.424608543515205383e-02
-2.424761839210987091e-02
-2.423747070133686066e-02
-2.424510568380355835e-02
-2.424205094575881958e-02
-2.424289099872112274e-02
-2.423324063420295715e-02
-2.424620278179645538e-02
-2.424365095794200897e-02
-2.424568496644496918e-02
-2.424030192196369171e-02
-2.424191497266292572e-02
-2.424866147339344025e-02
-2.424520812928676605e-02
-2.424682117998600006e-02
-2.424706891179084778e-02
-2.422996982932090759e-02
-2.422864362597465515e-02
-2.423156239092350006e-02
-2.423113770782947540e-02
-2.423843182623386383e-02
-2.424194477498531342e-02
-2.423283085227012634e-02
-2.423443272709846497e-02
-2.423594519495964050e-02
-2.423539385199546814e-02
-2.423682622611522675e-02
-2.424178272485733032e-02
-2.423828467726707458e-02
-2.424419857561588287e-02
-2.424673549830913544e-02
-2.424175851047039032e-02
-2.424320764839649200e-02
-2.424214035272598267e-02
-2.423827908933162689e-02
-2.422640100121498108e-02
-2.424210123717784882e-02
-2.424118667840957642e-02
-2.424893714487552643e-02
-2.425031177699565887e-02
-2.424561046063899994e-02
-2.424163371324539185e-02
-2.424262091517448425e-02
-2.423355169594287872e-02
-2.425007708370685577e-02
-2.424606308341026306e-02
-2.424315363168716431e-02
-2.423632703721523285e-02
-2.424476854503154755e-02
-2.423526719212532043e-02
-2.423668280243873596e-02
-2.423220500349998474e-02
-2.424285747110843658e-02
-2.423806861042976379e-02
-2.424501627683639526e-02
-2.424097619950771332e-02
-2.423758991062641144e-02
-2.423744276165962219e-02
-2.423691377043724060e-02
-2.423151209950447083e-02
-2.423537895083427429e-02
-2.424426004290580750e-02
-2.424029633402824402e-02
-2.424073778092861176e-02
-2.424069494009017944e-02
-2.424106746912002563e-02
-2.424041740596294403e-02
-2.424210868775844574e-02
-2.423657663166522980e-02
-2.423564158380031586e-02
-2.423426322638988495e-02
-2.424358762800693512e-02
-2.424650825560092926e-02
-2.424605563282966614e-02
-2.424225397408008575e-02
-2.423625811934471130e-02
-2.424646355211734772e-02
-2.422933094203472137e-02
-2.423776872456073761e-02
-2.423886023461818695e-02
-2.424071542918682098e-02
-2.424336411058902740e-02
-2.423334307968616486e-02
-2.424187026917934418e-02
-2.424441836774349213e-02
-2.422801591455936432e-02
-2.423818223178386688e-02
-2.423810213804244995e-02
-2.423588000237941742e-02
-2.423801086843013763e-02
-2.424324117600917816e-02
-2.423493005335330963e-02
-2.422710508108139038e-02
-2.423341386020183563e-02
-2.424321509897708893e-02
-2.423660084605216980e-02
-2.424526400864124298e-02
-2.423773147165775299e-02
-2.423750981688499451e-02
-2.424357272684574127e-02
-2.424041740596294403e-02
-2.424051240086555481e-02
-2.423166111111640930e-02
-2.424376085400581360e-02
-2.423882111907005310e-02
-2.423612028360366821e-02
-2.423551492393016815e-02
-2.424082346260547638e-02
-2.424285374581813812e-02
-2.423773519694805145e-02
-2.423611469566822052e-02
-2.423250488936901093e-02
-2.423794940114021301e-02
-2.423905208706855774e-02
-2.424023486673831940e-02
-2.423873171210289001e-02
-2.423752471804618835e-02
-2.424457855522632599e-02
-2.423960343003273010e-02
-2.423756569623947144e-02
-2.423734217882156372e-02
-2.423772774636745453e-02
-2.423809841275215149e-02
-2.422866970300674438e-02
-2.423517033457756042e-02
-2.424225397408008575e-02
-2.424968592822551727e-02
-2.424853481352329254e-02
-2.424219995737075806e-02
-2.424305304884910583e-02
-2.424316480755805969e-02
-2.422835119068622589e-02
-2.424511872231960297e-02
-2.423928491771221161e-02
-2.424388378858566284e-02
-2.423886768519878387e-02
-2.423243597149848938e-02
-2.423891611397266388e-02
-2.424243837594985962e-02
-2.424539439380168915e-02
-2.423570677638053894e-02
-2.423972450196743011e-02
-2.423416450619697571e-02
-2.423487789928913116e-02
-2.423748932778835297e-02
-2.423662319779396057e-02
-2.423488721251487732e-02
-2.423320151865482330e-02
-2.423544973134994507e-02
-2.424260228872299194e-02
-2.423777244985103607e-02
-2.423393353819847107e-02
-2.424037270247936249e-02
-2.423848956823348999e-02
-2.424069494009017944e-02
-2.423914149403572083e-02
-2.423230558633804321e-02
-2.423793263733386993e-02
-2.423920482397079468e-02
-2.423751913011074066e-02
-2.424274943768978119e-02
-2.424131147563457489e-02
-2.424412034451961517e-02
-2.425072900950908661e-02
-2.424212545156478882e-02
-2.423970215022563934e-02
-2.423762343823909760e-02
-2.423832006752490997e-02
-2.423742972314357758e-02
-2.424737066030502319e-02
-2.423668093979358673e-02
-2.423469908535480499e-02
-2.423433028161525726e-02
-2.423654869198799133e-02
-2.423727698624134064e-02
-2.423983067274093628e-02
-2.423962578177452087e-02
-2.424014173448085785e-02
-2.423671074211597443e-02
-2.423483692109584808e-02
-2.423119731247425079e-02
-2.423279359936714172e-02
-2.423641644418239594e-02
-2.423652447760105133e-02
-2.424315921962261200e-02
-2.422996237874031067e-02
-2.424264512956142426e-02
-2.424258179962635040e-02
-2.423764206469058990e-02
-2.424353919923305511e-02
-2.423348277807235718e-02
-2.423866465687751770e-02
-2.424328774213790894e-02
-2.424370497465133667e-02
-2.423711679875850677e-02
-2.423692122101783752e-02
-2.424023672938346863e-02
-2.423805184662342072e-02
-2.424776740372180939e-02
-2.423885092139244080e-02
-2.423314191401004791e-02
-2.424049563705921173e-02
-2.424667216837406158e-02
-2.424164675176143646e-02
-2.423211187124252319e-02
-2.423582412302494049e-02
-2.424411289393901825e-02
-2.423616871237754822e-02
-2.423435635864734650e-02
-2.424842678010463715e-02
-2.424125187098979950e-02
-2.423771098256111145e-02
-2.423680759966373444e-02
-2.423802576959133148e-02
-2.423443272709846497e-02
-2.423908002674579620e-02
-2.424278669059276581e-02
-2.423513121902942657e-02
-2.424582280218601227e-02
-2.424002066254615784e-02
-2.424351498484611511e-02
-2.423699013888835907e-02
-2.424107305705547333e-02
-2.424733713269233704e-02
-2.423967793583869934e-02
-2.423984929919242859e-02
-2.423062734305858612e-02
-2.423594146966934204e-02
-2.424312569200992584e-02
-2.423597499728202820e-02
-2.423782460391521454e-02
-2.423770166933536530e-02
-2.424556948244571686e-02
-2.424019947648048401e-02
-2.423913031816482544e-02
-2.424278482794761658e-02
-2.423098869621753693e-02
-2.424032613635063171e-02
-2.424773015081882477e-02
-2.424458414316177368e-02
-2.423246577382087708e-02
-2.423536404967308044e-02
-2.423740364611148834e-02
-2.423731796443462372e-02
-2.424294874072074890e-02
-2.423820085823535919e-02
-2.424497343599796295e-02
-2.424180135130882263e-02
-2.423582598567008972e-02
-2.423725649714469910e-02
-2.425197884440422058e-02
-2.423186972737312317e-02
-2.424258925020694733e-02
-2.424434386193752289e-02
-2.423773519694805145e-02
-2.424835786223411560e-02
-2.424445189535617828e-02
-2.423910610377788544e-02
-2.423410676419734955e-02
-2.424047701060771942e-02
-2.423329092562198639e-02
-2.424015849828720093e-02
-2.423685230314731598e-02
-2.423937991261482239e-02
-2.423836663365364075e-02
-2.424613945186138153e-02
-2.425055019557476044e-02
-2.423789538443088531e-02
-2.424552291631698608e-02
-2.424139343202114105e-02
-2.424091286957263947e-02
-2.424538321793079376e-02
-2.424145862460136414e-02
-2.423444204032421112e-02
-2.424165233969688416e-02
-2.423981390893459320e-02
-2.423450909554958344e-02
-2.423600479960441589e-02
-2.424256317317485809e-02
-2.424523420631885529e-02
-2.423837035894393921e-02
-2.423696033656597137e-02
-2.424297295510768890e-02
-2.424516156315803528e-02
-2.423476614058017731e-02
-2.423996664583683014e-02
-2.423509396612644196e-02
-2.425413951277732849e-02
-2.424313686788082123e-02
-2.424079924821853638e-02
-2.423524297773838043e-02
-2.423912659287452698e-02
-2.424538694322109222e-02
-2.423126809298992157e-02
-2.424083463847637177e-02
-2.424265816807746887e-02
-2.423766441643238068e-02
-2.422999590635299683e-02
-2.423249743878841400e-02
-2.423902787268161774e-02
-2.423397265374660492e-02
-2.424088306725025177e-02
-2.423938736319541931e-02
-2.423434332013130188e-02
-2.423820272088050842e-02
-2.424508146941661835e-02
-2.423707954585552216e-02
-2.424808405339717865e-02
-2.423732541501522064e-02
-2.423689141869544983e-02
-2.424379065632820129e-02
-2.424075640738010406e-02
-2.424435690045356750e-02
-2.423255890607833862e-02
-2.423606626689434052e-02
-2.423784695565700531e-02
-2.423908188939094543e-02
-2.423815242946147919e-02
-2.424084953963756561e-02
-2.423358708620071411e-02
-2.423235028982162476e-02
-2.423759177327156067e-02
-2.423332445323467255e-02
-2.423037961125373840e-02
-2.424127236008644104e-02
-2.423717640340328217e-02
-2.424063533544540405e-02
-2.424894832074642181e-02
-2.424644492566585541e-02
-2.423617616295814514e-02
-2.424892410635948181e-02
-2.424226142466068268e-02
-2.423547953367233276e-02
-2.424636110663414001e-02
-2.424170821905136108e-02
-2.424281276762485504e-02
-2.424126304686069489e-02
-2.424874156713485718e-02
-2.424311451613903046e-02
-2.424552664160728455e-02
-2.424438670277595520e-02
-2.424026839435100555e-02
-2.424010075628757477e-02
-2.423446252942085266e-02
-2.423917129635810852e-02
-2.424398250877857208e-02
-2.424282394349575043e-02
-2.424194291234016418e-02
-2.424494735896587372e-02
-2.424310892820358276e-02
-2.424445189535617828e-02
-2.423400990664958954e-02
-2.423426136374473572e-02
-2.424227818846702576e-02
-2.423739247024059296e-02
-2.423340268433094025e-02
-2.424260042607784271e-02
-2.424609288573265076e-02
-2.424173988401889801e-02
-2.425020188093185425e-02
-2.423991076648235321e-02
-2.423539012670516968e-02
-2.423638850450515747e-02
-2.424011193215847015e-02
-2.424258552491664886e-02
-2.423947304487228394e-02
-2.424589730799198151e-02
-2.424147911369800568e-02
-2.424181066453456879e-02
-2.423612400889396667e-02
-2.424651756882667542e-02
-2.423871494829654694e-02
-2.423474565148353577e-02
-2.423728257417678833e-02
-2.423980273306369781e-02
-2.424339763820171356e-02
-2.424041368067264557e-02
-2.423854917287826538e-02
-2.422834001481533051e-02
-2.423007413744926453e-02
-2.424394711852073669e-02
-2.423876337707042694e-02
-2.424101345241069794e-02
-2.423716709017753601e-02
-2.424314804375171661e-02
-2.423636056482791901e-02
-2.424112707376480103e-02
-2.424489706754684448e-02
-2.424165792763233185e-02
-2.423404902219772339e-02
-2.423910610377788544e-02
-2.423693612217903137e-02
-2.423572167754173279e-02
-2.423343248665332794e-02
-2.423503249883651733e-02
-2.424104884266853333e-02
-2.424548007547855377e-02
-2.423687092959880829e-02
-2.424322254955768585e-02
-2.423838898539543152e-02
-2.423413470387458801e-02
-2.424782887101173401e-02
-2.424115128815174103e-02
-2.424102276563644409e-02
-2.424286119639873505e-02
-2.423359826207160950e-02
-2.423318475484848022e-02
-2.424728684127330780e-02
-2.424178458750247955e-02
-2.424014359712600708e-02
-2.424280717968940735e-02
-2.424058876931667328e-02
-2.424517832696437836e-02
-2.424606867134571075e-02
-2.423343621194362640e-02
-2.423533052206039429e-02
-2.424732223153114319e-02
-2.424238994717597961e-02
-2.424151636660099030e-02
-2.424327842891216278e-02
-2.423966489732265472e-02
-2.424225769937038422e-02
-2.423956617712974548e-02
-2.424724213778972626e-02
-2.424253895878791809e-02
-2.424128726124763489e-02
-2.424372546374797821e-02
-2.423766441643238068e-02
-2.423989400267601013e-02
-2.423977106809616089e-02
-2.424101158976554871e-02
-2.425047382712364197e-02
-2.424174174666404724e-02
-2.423763088881969452e-02
-2.423943392932415009e-02
-2.424307353794574738e-02
-2.424223534762859344e-02
-2.423899807035923004e-02
-2.424006909132003784e-02
-2.424066141247749329e-02
-2.422932535409927368e-02
-2.423954382538795471e-02
-2.423756942152976990e-02
-2.423963323235511780e-02
-2.424200437963008881e-02
-2.423155121505260468e-02
-2.424210868775844574e-02
-2.424173429608345032e-02
-2.424675785005092621e-02
-2.424197457730770111e-02
-2.424125559628009796e-02
-2.423995360732078552e-02
-2.424265258014202118e-02
-2.424112893640995026e-02
-2.424060925841331482e-02
-2.423602901399135590e-02
-2.424011938273906708e-02
-2.423313632607460022e-02
-2.423875778913497925e-02
-2.423813566565513611e-02
-2.424403652548789978e-02
-2.424386888742446899e-02
-2.423999272286891937e-02
-2.423597499728202820e-02
-2.423959411680698395e-02
-2.422876283526420593e-02
-2.423929050564765930e-02
-2.424534782767295837e-02
-2.424063533544540405e-02
-2.424464747309684753e-02
-2.424033731222152710e-02
-2.424107119441032410e-02
-2.424275502562522888e-02
-2.423562481999397278e-02
-2.424001879990100861e-02
-2.423702925443649292e-02
-2.424214594066143036e-02
-2.424088306725025177e-02
-2.424173802137374878e-02
-2.423626743257045746e-02
-2.424784377217292786e-02
-2.424203231930732727e-02
-2.424247935414314270e-02
-2.423778362572193146e-02
-2.424311265349388123e-02
-2.424185536801815033e-02
-2.423655800521373749e-02
-2.423618175089359283e-02
-2.424586750566959381e-02
-2.424316667020320892e-02
-2.424034103751182556e-02
-2.424008958041667938e-02
-2.424553595483303070e-02
-2.424643002450466156e-02
-2.423419244587421417e-02
-2.424116060137748718e-02
-2.424112148582935333e-02
-2.423792332410812378e-02
-2.423832751810550690e-02
-2.424648962914943695e-02
-2.424159459769725800e-02
-2.424557879567146301e-02
-2.424308285117149353e-02
-2.424160577356815338e-02
-2.424525469541549683e-02
-2.424043975770473480e-02
-2.424392662942409515e-02
-2.424902468919754028e-02
-2.423974126577377319e-02
-2.424350008368492126e-02
-2.424556203186511993e-02
-2.423869818449020386e-02
-2.424965240061283112e-02
-2.423905581235885620e-02
-2.422757260501384735e-02
-2.424459531903266907e-02
-2.424107305705547333e-02
-2.424055151641368866e-02
-2.424279786646366119e-02
-2.423337660729885101e-02
-2.424305304884910583e-02
-2.423884347081184387e-02
-2.424116805195808411e-02
-2.423461526632308960e-02
-2.424047328531742096e-02
-2.423953264951705933e-02
-2.424193359911441803e-02
-2.424699999392032623e-02
-2.424341812729835510e-02
-2.424120716750621796e-02
-2.424375154078006744e-02
-2.424265816807746887e-02
-2.423734217882156372e-02
-2.422912791371345520e-02
-2.424140088260173798e-02
-2.423894591629505157e-02
-2.423937991261482239e-02
-2.423191256821155548e-02
-2.424467355012893677e-02
-2.422787062823772430e-02
-2.423230372369289398e-02
-2.423310838639736176e-02
-2.423743344843387604e-02
-2.424170821905136108e-02
-2.424085885286331177e-02
-2.424450032413005829e-02
-2.424988336861133575e-02
-2.424000576138496399e-02
-2.423030883073806763e-02
-2.423043362796306610e-02
-2.423937432467937469e-02
-2.423121407628059387e-02
-2.423559688031673431e-02
-2.423704043030738831e-02
-2.423509582877159119e-02
-2.424691803753376007e-02
-2.424308843910694122e-02
-2.423034422099590302e-02
-2.423623763024806976e-02
-2.422416396439075470e-02
-2.423932217061519623e-02
-2.424450032413005829e-02
-2.423492260277271271e-02
-2.424855343997478485e-02
-2.424324862658977509e-02
-2.423854358494281769e-02
-2.423746511340141296e-02
-2.423608861863613129e-02
-2.423777431249618530e-02
-2.424116618931293488e-02
-2.423920482397079468e-02
-2.423455193638801575e-02
-2.424194663763046265e-02
-2.424532361328601837e-02
-2.424560859799385071e-02
-2.424226142466068268e-02
-2.424448356032371521e-02
-2.423981204628944397e-02
-2.423847839236259460e-02
-2.423764206469058990e-02
-2.423994615674018860e-02
-2.423748001456260681e-02
-2.424428798258304596e-02
-2.424866333603858948e-02
-2.423611842095851898e-02
-2.423121593892574310e-02
-2.424325607717037201e-02
-2.424068003892898560e-02
-2.424104325473308563e-02
-2.423915453255176544e-02
-2.423721179366111755e-02
-2.423322387039661407e-02
-2.423345297574996948e-02
-2.424014545977115631e-02
-2.423438802361488342e-02
-2.424194663763046265e-02
-2.423606067895889282e-02
-2.423423342406749725e-02
-2.424449846148490906e-02
-2.423150651156902313e-02
-2.424207702279090881e-02
-2.423612400889396667e-02
-2.423201687633991241e-02
-2.422790601849555969e-02
-2.424496971070766449e-02
-2.423622086644172668e-02
-2.423782460391521454e-02
-2.424207516014575958e-02
-2.424276247620582581e-02
-2.423420175909996033e-02
-2.424015477299690247e-02
-2.423374168574810028e-02
-2.423602901399135590e-02
-2.424267120659351349e-02
-2.423669025301933289e-02
-2.423558197915554047e-02
-2.424538694322109222e-02
-2.423712797462940216e-02
-2.423494867980480194e-02
-2.423526160418987274e-02
-2.423962205648422241e-02
-2.424989454448223114e-02
-2.424181252717971802e-02
-2.424411289393901825e-02
-2.424458973109722137e-02
-2.424215339124202728e-02
-2.424786612391471863e-02
-2.424505911767482758e-02
-2.424353547394275665e-02
-2.423582784831523895e-02
-2.423778921365737915e-02
-2.423986978828907013e-02
-2.423611097037792206e-02
-2.423865534365177155e-02
-2.423993870615959167e-02
-2.424037829041481018e-02
-2.423984743654727936e-02
-2.424431405961513519e-02
-2.424299903213977814e-02
-2.424119971692562103e-02
-2.423607558012008667e-02
-2.424097806215286255e-02
-2.423863671720027924e-02
-2.423957549035549164e-02
-2.423873730003833771e-02
-2.423886395990848541e-02
-2.423370815813541412e-02
-2.424186654388904572e-02
-2.423777431249618530e-02
-2.424848452210426331e-02
-2.423853240907192230e-02
-2.424556948244571686e-02
-2.423403970897197723e-02
-2.424149960279464722e-02
-2.423816546797752380e-02
-2.423749305307865143e-02
-2.424102276563644409e-02
-2.423848956823348999e-02
-2.423999272286891937e-02
-2.423777803778648376e-02
-2.424034290015697479e-02
-2.423924952745437622e-02
-2.423805184662342072e-02
-2.424182929098606110e-02
-2.423913590610027313e-02
-2.423279359936714172e-02
-2.423750236630439758e-02
-2.423736639320850372e-02
-2.424395270645618439e-02
-2.423917874693870544e-02
-2.424056641757488251e-02
-2.424081973731517792e-02
-2.424361370503902435e-02
-2.424547262489795685e-02
-2.424852363765239716e-02
-2.424744144082069397e-02
-2.424775250256061554e-02
-2.423976734280586243e-02
-2.424773760139942169e-02
-2.424212358891963959e-02
-2.423074096441268921e-02
-2.422942966222763062e-02
-2.422947622835636139e-02
-2.423218078911304474e-02
-2.423371002078056335e-02
-2.423636987805366516e-02
-2.423118613660335541e-02
-2.423335984349250793e-02
-2.423183433711528778e-02
-2.424121461808681488e-02
-2.423423156142234802e-02
-2.424210682511329651e-02
-2.423789165914058685e-02
-2.424708567559719086e-02
-2.424678020179271698e-02
-2.423635497689247131e-02
-2.424745634198188782e-02
-2.423855848610401154e-02
-2.424157224595546722e-02
-2.424157969653606415e-02
-2.424507588148117065e-02
-2.423349954187870026e-02
-2.423810027539730072e-02
-2.424924634397029877e-02
-2.424539998173713684e-02
-2.423520758748054504e-02
-2.424143627285957336e-02
-2.423408068716526031e-02
-2.423483878374099731e-02
-2.424382045865058899e-02
-2.423729375004768372e-02
-2.424496598541736603e-02
-2.424508705735206604e-02
-2.424565888941287994e-02
-2.422947250306606293e-02
-2.425190061330795288e-02
-2.424017153680324554e-02
-2.424769848585128784e-02
-2.424379251897335052e-02
-2.423981018364429474e-02
-2.423127740621566772e-02
-2.423727139830589294e-02
-2.424496784806251526e-02
-2.424296922981739044e-02
-2.424278296530246735e-02
-2.424882538616657257e-02
-2.425064891576766968e-02
-2.423579432070255280e-02
-2.423559874296188354e-02
-2.423497289419174194e-02
-2.423938736319541931e-02
-2.423897944390773773e-02
-2.423465438187122345e-02
-2.424104139208793640e-02
-2.425176836550235748e-02
-2.424368821084499359e-02
-2.423763461410999298e-02
-2.423618547618389130e-02
-2.424246817827224731e-02
-2.424313873052597046e-02
-2.423908933997154236e-02
-2.423861250281333923e-02
-2.424362488090991974e-02
-2.423510327935218811e-02
