-2.177129552436125794e-03
-2.857170948643502316e-03
-3.306023479811017688e-03
-9.168890604574702436e-04
-2.908433036062020322e-03
-6.754596706072335012e-03
-6.048113384081195594e-03
-6.095983964171628085e-03
-7.289906587227226557e-03
-7.645144204302845026e-03
-7.363537131678153484e-03
-7.742599856690559820e-03
-5.368581712169856815e-03
-6.782389937851241758e-03
-6.505329343843610501e-03
-7.692329254021058015e-03
-6.058287479082428983e-03
-7.414719806881254691e-03
-6.115324050061911321e-03
-6.674385362626616795e-03
-7.416960784173280349e-03
-7.174186422602229184e-03
-6.776621820520836205e-03
-8.332991534749223730e-03
-7.654896932192825111e-03
-8.566020942085429343e-03
-6.877336535006660888e-03
-6.902613181873357671e-03
-6.106386267494270763e-03
-6.212836423901752468e-03
-7.637317448773703332e-03
-8.392605022964558237e-03
-9.118315462556453310e-03
-7.565765694436217201e-03
-7.506333061950612624e-03
-8.130326549115092158e-03
-6.831972261009733316e-03
-7.880806349519030654e-03
-6.644363514233826880e-03
-7.797563647905762438e-03
-8.144754548703789579e-03
-7.477087056069862611e-03
-7.521792204880565005e-03
-7.692725796534843376e-03
-7.978844710595518752e-03
-7.970279350010598882e-03
-7.626512131803786856e-03
-8.335034151530086935e-03
-7.671692953129144107e-03
-7.699436818826012677e-03
-7.680293958009515830e-03
-7.952594795987413465e-03
-7.702833107699864727e-03
-7.862323963120157466e-03
-7.927061336150828530e-03
-7.880247008334576031e-03
-7.466704625296549137e-03
-8.008160302590801652e-03
-8.677240947711575142e-03
-6.179451656094839783e-03
-7.738828003333193643e-03
-7.772508161658029865e-03
-8.134973392722821481e-03
-7.673293248102270800e-03
-7.384893828583084970e-03
-7.785442281558789361e-03
-8.183429010198655165e-03
-7.831440955274934085e-03
-8.374272941947272231e-03
-7.313637425583756173e-03
-6.841871375735729226e-03
-7.879575511288759368e-03
-6.955172989605943115e-03
-7.839721014199224278e-03
-8.591690809719823227e-03
-8.638310835784002509e-03
-6.285852497975712508e-03
-6.284064607771632296e-03
-7.463776656667418449e-03
-7.436409540937524536e-03
-7.722895831490929515e-03
-8.163568706224337210e-03
-7.121957651888402574e-03
-7.324056477573462343e-03
-8.163893637467717693e-03
-8.466363839780373032e-03
-7.207137378987714220e-03
-8.026343087399145232e-03
-8.915681972269134947e-03
-7.761341659037220356e-03
-7.908127621093172591e-03
-7.470348948719381620e-03
-7.621802835228022599e-03
-7.420402891370448360e-03
-7.305675594440987942e-03
-7.196338606479464779e-03
-7.653400944732666536e-03
-7.887887845007266960e-03
-8.318305210798229363e-03
-7.437261288904165046e-03
-7.783990505579487310e-03
-8.012075710330223907e-03
-8.080945763692495495e-03
-8.399297637846339995e-03
-8.282585360735806104e-03
-8.123092402295081088e-03
-8.383074468645989111e-03
-7.965200271110044541e-03
-8.433150932979924588e-03
-7.588166999991085085e-03
-8.591523267460226057e-03
-8.190259862497736507e-03
-8.714731751419053582e-03
-7.820462255598710846e-03
-8.192582840817060411e-03
-7.976796379627349928e-03
-8.270928059246118735e-03
-7.651485603087887326e-03
-7.535546637424270222e-03
-7.116558876894065432e-03
-8.330664169032409375e-03
-8.080747200821445514e-03
-8.666721590670098396e-03
-8.235982641825147915e-03
-7.319757131125508541e-03
-7.308911125527018868e-03
-6.782882730724135341e-03
-7.467927091100767627e-03
-8.144695175954248106e-03
-8.265983734138901765e-03
-7.736882679868173525e-03
-7.818533133391019491e-03
-7.737145437499931208e-03
-7.794034898294571571e-03
-8.112377063726744844e-03
-7.109551112478879054e-03
-7.908258206785123354e-03
-7.287791972913550999e-03
-6.668615995949041253e-03
-8.792141597375515219e-03
-7.941880859276211069e-03
-7.782931206478373339e-03
-8.213099616270615883e-03
-8.210998305884332354e-03
-7.226070811051002636e-03
-8.740447258904470926e-03
-8.274468043304112133e-03
-7.940483713727276849e-03
-8.370618253558002528e-03
-7.717265274622174889e-03
-7.982105748915786780e-03
-7.285488029204817938e-03
-8.024151080415140025e-03
-8.439278932035807618e-03
-7.585185873984111142e-03
-7.915915948732522162e-03
-8.370624231695569101e-03
-8.445240783329128684e-03
-7.791860950353522719e-03
-7.327006533521506111e-03
-7.066418635846245973e-03
-7.311043201855473884e-03
-7.704917559932679579e-03
-7.649854308772330823e-03
-7.841496244529637741e-03
-8.046734041012750319e-03
-7.576582471905444517e-03
-7.142160351119174362e-03
-7.868361723135812447e-03
-7.967940260548492248e-03
-8.010437368887193821e-03
-7.790547212784889632e-03
-7.548087034853010434e-03
-7.663230904609503666e-03
-8.034025234111563663e-03
-7.906229080779411666e-03
-8.236409657304041149e-03
-8.653333099621780475e-03
-7.759268971664685065e-03
-7.433318846952386219e-03
-8.338083963760753101e-03
-8.179415495826292126e-03
-7.144315652341819492e-03
-8.464450707531321824e-03
-7.832626744259201662e-03
-8.435213794891271294e-03
-8.035602308456145371e-03
-8.039057450379695838e-03
-7.650540213251033096e-03
-7.931711014472472843e-03
-7.945069703290874238e-03
-7.458107446361129760e-03
-7.903224781955878880e-03
-8.080713042043890723e-03
-7.685901338747784355e-03
-7.836069012542235673e-03
-8.288161006181338913e-03
-7.546788868585890299e-03
-8.277270688989870132e-03
-7.809293540871299275e-03
-8.564770513594032950e-03
-7.429879918106753293e-03
-7.938089826458223641e-03
-8.163242173990604283e-03
-7.608684348258449096e-03
-7.954848229640695823e-03
-8.176485697487927487e-03
-8.356548835046301305e-03
-7.699517562438256031e-03
-7.515630939242350268e-03
-7.788187640641231271e-03
-8.095961837913763157e-03
-8.113682554275048267e-03
-7.705411095738313662e-03
-7.715469938610136635e-03
-8.091883806130200155e-03
-7.631420594932096513e-03
-7.932751538109485828e-03
-7.808806414713487243e-03
-7.855833735876798299e-03
-7.686000713601042096e-03
-8.030268732691404204e-03
-8.562034597699025307e-03
-8.163010073646082346e-03
-7.870388271917010473e-03
-8.197270338088079658e-03
-7.421776613461334403e-03
-8.095900799848685173e-03
-8.366318030647681633e-03
-8.147565067288675342e-03
-8.164333762900540664e-03
-8.085525778869584804e-03
-7.965310501515781780e-03
-7.774322730160453110e-03
-8.235277641329454001e-03
-7.421391641382594877e-03
-7.940149475694765341e-03
-8.399649673901343067e-03
-7.940516002032856416e-03
-7.900426185420000857e-03
-8.108121396870953887e-03
-7.755279558701450027e-03
-7.737545922137709260e-03
-7.517526609716431059e-03
-8.794503557279806025e-03
-8.670237301732828736e-03
-7.434695283818620361e-03
-8.074977185316502271e-03
-7.455229787297233332e-03
-7.991840368353392982e-03
-7.905518697533739370e-03
-7.663747038034378865e-03
-8.042836222256658646e-03
-8.278701810424785729e-03
-7.972075681655870980e-03
-7.663827350804557938e-03
-7.922390832970466548e-03
-7.903155511113214501e-03
-8.004203135711169398e-03
-8.203208403563696377e-03
-7.612297834434203665e-03
-7.946732805504926403e-03
-8.469488760136164793e-03
-7.655320507181343111e-03
-7.703313673100778934e-03
-8.007225820299421898e-03
-8.214906345961170420e-03
-7.593197416425142079e-03
-7.870126748713164241e-03
-8.113856948574561800e-03
-7.928476455029307909e-03
-8.273059067667931296e-03
-8.450726465367900883e-03
-7.625347974646271010e-03
-8.409881092522617299e-03
-7.890424106345344038e-03
-8.761904153914232968e-03
-8.053895163279421385e-03
-7.457063330034230733e-03
-7.892235600543130031e-03
-8.138542734614459886e-03
-6.950316789778382236e-03
-7.986907293186457438e-03
-8.284194278642091971e-03
-7.932256370932628739e-03
-7.568425785696796838e-03
-6.862781369549431944e-03
-6.454822609779366574e-03
-7.240133444139364334e-03
-5.053677639307170913e-03
-6.838699106233514340e-03
-5.111106827679371897e-03
-5.459770809125207881e-03
-2.333519126540940097e-03
-3.726838494646079851e-03
-4.204079342750971157e-03
-2.248569465421036996e-05
2.718888154517638085e-04
-2.471524293065100950e-04
3.881125848164648784e-03
-9.885330712078490960e-05
3.793534166593904352e-03
6.586272667498249168e-03
8.112449612088937570e-03
5.762355107544963641e-03
6.350276257368043728e-03
1.170451296180467608e-02
1.157230591480287209e-02
8.962520193868070764e-03
7.128570926310578461e-03
1.370882305782965098e-02
1.284316322310917642e-02
1.047182862213775177e-02
1.332399768810016774e-02
1.352284810834540087e-02
1.304987078373212941e-02
6.879670329629965740e-03
7.764784759961530607e-03
8.380789733215212103e-03
9.659159880764465328e-03
4.870374160249197823e-03
8.697111889224213785e-03
7.159033289233331272e-03
1.103933444879380034e-02
1.013923201556612627e-02
8.025826557500869915e-03
6.517224920696246086e-03
9.788700197935798833e-03
1.101790007107029783e-02
4.682985947150187026e-03
4.154684173937665988e-03
6.564995591075351543e-03
7.117237889540697394e-03
8.894914514410965506e-03
2.976277678910319285e-03
2.742631939106675385e-03
4.990660631609382912e-03
3.848120831418278421e-03
6.217536553828268905e-03
1.208142100472323413e-02
7.835427506996213085e-03
1.177437254982388777e-02
1.245526149493917864e-02
1.105140869813318362e-02
1.294984148099335465e-02
1.231110911843441395e-02
8.115924784624233695e-03
1.301954352289511410e-02
9.656597563987928678e-03
1.131166810360539898e-02
1.255171314376253393e-02
1.220876296770368949e-02
1.208886203083347870e-02
7.830558648749113074e-03
9.787652388753093069e-03
7.288149908390367977e-03
7.313855439871118011e-03
7.083280511973898130e-03
8.036667145750891333e-03
5.830688599458102618e-03
9.865011937766950817e-03
8.449750872561705844e-03
8.122182353551273687e-03
8.895360782275008385e-03
4.202580933367068561e-03
4.522608809432482856e-03
6.468005439385316087e-03
7.514488302373875661e-03
7.223520648322312269e-03
6.276581447959188667e-03
4.751929506776263537e-03
7.764553921727255711e-03
6.741938040691992581e-03
7.446281880069545792e-03
6.557778756010486203e-03
9.821668501211579597e-03
7.166363232608670419e-03
7.989927085246159924e-03
9.443292937164794384e-03
6.180985200386366306e-03
1.150469670774404742e-02
9.015703929577397607e-03
1.150508589860934662e-02
9.817219979395873722e-03
1.098382089514132569e-02
9.742908614504861703e-03
9.149152459991356443e-03
9.910300751933023150e-03
1.073475154656136632e-02
7.716002122073166263e-03
1.435532419465643250e-02
9.009804547468145200e-03
9.670918916519130257e-03
8.585515045782001614e-03
8.197663101598763255e-03
3.523614103612073781e-03
7.511519852453608058e-03
5.566144766940279813e-03
3.322060645661641283e-03
3.676462494536964897e-03
4.767087546062893401e-03
5.946550696590539691e-03
5.166163433788906363e-03
5.071038224986073109e-03
3.648365640174322608e-03
5.011287251506069129e-03
1.008010174558768464e-02
8.823735471119293836e-03
7.608076866255418166e-03
6.121469272336270764e-03
3.671059189027762147e-03
5.667711770909363012e-03
6.749098062730108684e-03
4.129884905735799194e-03
4.704741115801653988e-03
5.736961847172241703e-03
5.477509511586062772e-03
4.260072909656281888e-03
4.829523046197948741e-03
8.392780517429438564e-03
9.699185046145294975e-03
8.127464008807221488e-03
8.253581863079692202e-03
6.392498496630520492e-03
4.415360350304460037e-03
4.720306379928629857e-03
5.122482774909458032e-03
6.427368853157186535e-03
5.240424659998811283e-03
3.254736425701851201e-03
3.600017829875279234e-03
4.465252391483452710e-03
6.087031333009777431e-03
5.893572000384687641e-03
6.229259396300586109e-03
4.800309160133363166e-03
5.372741074265890635e-03
6.795638764609452688e-03
8.422670862978114473e-03
6.004477094665659244e-03
6.156072815268138002e-03
3.263823685165099468e-03
3.794214863201934591e-03
3.543247023544580151e-03
3.195508588658874365e-03
2.851472982788633755e-03
2.587031967558718094e-03
4.245000017011841230e-03
-2.060004170203584236e-04
1.473868915459070669e-03
1.274726954693845577e-03
2.822749831861481006e-03
9.546346480403759133e-04
4.885764243410834363e-04
4.705923647950235877e-03
5.083616176017045560e-03
4.559658331612927509e-03
7.411705881955599033e-03
4.166678996137041825e-03
5.177325265828570944e-03
3.017310691520303737e-03
4.510418023220864880e-03
3.740417249279338711e-03
2.294451152727849334e-03
5.657887453211568433e-03
6.325956049580573788e-03
4.679613410043491351e-03
4.320838867330439696e-03
4.081758164533407299e-03
5.436565633059544864e-03
4.735572688773163896e-03
6.149280115413180772e-03
-2.450488504613088092e-03
-3.443053641666049026e-03
-4.223034833414358868e-03
-7.508583089325815939e-03
-7.838510437953440796e-03
-8.244951411643521716e-03
-7.757867362990225439e-03
-8.029221001568626753e-03
-7.740314760082515032e-03
-7.452155008527159251e-03
-8.200111726772707499e-03
-7.738173842814245577e-03
-7.546404536488969181e-03
-8.192240619288929104e-03
-8.027609042851246643e-03
-7.960727108730431684e-03
-7.586866278179106755e-03
-7.736798982765386024e-03
-8.030993719832743918e-03
-8.002125882332639800e-03
-8.691531828684378666e-03
-7.895398862429204093e-03
-7.125999519205958657e-03
-7.779433648960856935e-03
-9.096444117203604865e-03
-8.120560177078557304e-03
-8.107590450555961920e-03
-8.051454119630796144e-03
-8.270104332192629651e-03
-8.388179562719278240e-03
-7.353836991767002604e-03
-8.399724541769692382e-03
-7.982860959982589558e-03
-8.409319544029849117e-03
-7.870421633882353565e-03
-7.909907993486547245e-03
-8.200357089206435773e-03
-7.802479048452279700e-03
-8.050552386372323774e-03
-8.256684209741665254e-03
-8.107183508635495278e-03
-8.346009710248200250e-03
-8.101743122436598846e-03
-7.926968112646046519e-03
-8.317100513117061875e-03
-9.534805723031072877e-03
-8.075402675873059530e-03
-8.154513373040395835e-03
-7.790063971992256496e-03
-8.134078903577313113e-03
-8.051358714427435392e-03
-8.084368292917115673e-03
-8.431669872701937768e-03
-7.993457314012989909e-03
-8.419570273341231079e-03
-7.965303830115446834e-03
-8.314426242521981425e-03
-8.241528722714075786e-03
-7.516032448753465559e-03
-8.517597069979192595e-03
-8.298400305225026724e-03
-8.827115644801566269e-03
-8.035834247343177569e-03
-7.755657425558454797e-03
-7.479461610681174648e-03
-8.384188250980485410e-03
-7.987412011924380911e-03
-8.083680995724379023e-03
-7.794470277012165334e-03
-7.596561784756227821e-03
-8.262242505618926439e-03
-7.817686445069778681e-03
-7.906550848842034893e-03
-8.036919811601333022e-03
-8.239089750790993399e-03
-7.783574872152725609e-03
-7.956671926499583880e-03
-8.662244055052338923e-03
-7.626734166193629635e-03
-8.203593781171074351e-03
-8.155721635855560370e-03
-7.934722605655268948e-03
-8.550007794940105155e-03
-8.367324237764716538e-03
-7.884292846185246215e-03
-8.164968460151274601e-03
-8.242103967403319534e-03
-8.872091044966617587e-03
-8.304497044390306629e-03
-8.616883398014609646e-03
-7.965616414726145803e-03
-8.094276352131021465e-03
-7.932210004530759750e-03
-7.981696570765207596e-03
-8.017311722167838606e-03
-8.348833362553346668e-03
-8.328021199945918884e-03
-8.375195227044737387e-03
-8.339041251816715211e-03
-8.215860771335488713e-03
-9.617326250229886117e-03
-8.280050004127797666e-03
-7.907115013329866007e-03
-8.419062009474089642e-03
-7.996657126884602548e-03
-7.876428265052208902e-03
-7.679033076294512414e-03
-7.463784683422126399e-03
-8.157587996745185518e-03
-8.018726678129570185e-03
-8.414288460921308735e-03
-7.595555381322887691e-03
-8.087248035602293689e-03
-8.027636086004655974e-03
-7.680339429050267973e-03
-7.678911665062293501e-03
-7.836527213180096221e-03
-7.666177775759235209e-03
-7.910205870597561070e-03
-7.837848355809000009e-03
-7.915246317421400710e-03
-8.651911630219982080e-03
-8.089678271357503628e-03
-8.378264452013553173e-03
-7.920841986272242341e-03
-8.101633700466973065e-03
-8.054295829983754845e-03
-8.233513795536617080e-03
-7.982970100700372343e-03
-7.790899021135230286e-03
-8.512051732572939455e-03
-8.351985402451017962e-03
-8.035419328937741870e-03
-7.583366694941941037e-03
-8.091729513665992315e-03
-8.742845149066915886e-03
-8.720190812211264450e-03
-8.024074819743964512e-03
-8.516035912213249306e-03
-8.051267317794536318e-03
-8.627260850616696314e-03
-8.306516734352542217e-03
-7.977719974257838770e-03
-8.659131249628764307e-03
-7.925401467127269478e-03
-8.311718369242411877e-03
-7.606245481107762330e-03
-8.031318974985390130e-03
-8.765846844596561840e-03
-7.265440031264621713e-03
-7.798380002501691284e-03
-7.576581643338298200e-03
-8.373412666293418224e-03
-7.925584705379131248e-03
-8.387800115661262629e-03
-7.342578835593955786e-03
-7.850652994883461702e-03
-8.491648094913126915e-03
-8.178831499605106539e-03
-7.948951599707492974e-03
-8.014769009410713241e-03
-7.496646991667826020e-03
-7.767128544679896551e-03
-7.767302825895834595e-03
-8.139718588154497975e-03
-8.303843788357329059e-03
-8.097458600112931656e-03
-8.407243703136391133e-03
-7.685769257144837822e-03
-8.287547240624075495e-03
-8.278929083243872708e-03
-9.151237400412173470e-03
-8.126614147225416640e-03
-8.335509293429438360e-03
-8.098836559363919649e-03
-8.372601343715264932e-03
-8.394213651624207045e-03
-7.466809038409395922e-03
-8.835358561820178674e-03
-7.754261774076245950e-03
-8.796170149975203120e-03
-8.100000167053028957e-03
-8.307200695830052259e-03
-8.422392528602025766e-03
-7.704345970144151241e-03
-7.944394393474617927e-03
-7.869221255391089381e-03
-7.610999059218722176e-03
-7.840584136961831901e-03
-8.298245457789852134e-03
-8.153365593134587544e-03
-8.342927139879895843e-03
-7.609107568914343957e-03
-7.920551198655308850e-03
-8.052208271543471671e-03
-7.875845660158781181e-03
-8.059812621541784586e-03
-7.995366586777980650e-03
-7.685452260519920475e-03
-7.976176054976108487e-03
-7.511886298107313745e-03
-8.344895409194781968e-03
-8.138061261456358553e-03
-8.272331775165158579e-03
-8.265474285877235164e-03
-7.933854756076131123e-03
-8.264828146838485920e-03
-8.006580779479325824e-03
-8.497964083181833161e-03
-8.077578793760345835e-03
-7.898240298131785700e-03
-8.238707304476887774e-03
-8.387185073054937226e-03
-8.265470136782455610e-03
-7.743291039766730076e-03
-8.255512717993060412e-03
-8.234990608546226623e-03
-8.039731039746330840e-03
-7.948235530530778706e-03
-7.924605400223458038e-03
-8.018142071377741195e-03
-8.056679195936968657e-03
-8.430824030725833293e-03
-8.162231056658855385e-03
-8.084179923573978077e-03
-8.097981770921655262e-03
-8.381874911021320110e-03
-8.162025811578450113e-03
-8.125012343823231203e-03
-8.016458031847750743e-03
-8.479766292285856669e-03
-8.239652655723227540e-03
-7.795002635549713212e-03
-7.986299067118342657e-03
-7.970453346755447879e-03
-7.798240399683836928e-03
-8.191885542055962061e-03
-8.210638348052079483e-03
-7.563861716771437191e-03
-8.033392311391883076e-03
-9.213341363585656266e-03
-8.565410593444240661e-03
-8.087485245828524363e-03
-7.941670605812193445e-03
-7.563326399898754292e-03
-8.337452189565833921e-03
-7.900491089124711888e-03
-8.432216281249805753e-03
-8.339895504617247241e-03
-7.247514342036661186e-03
-7.542721861859028216e-03
-8.504133451952255660e-03
-8.831279600967792062e-03
-8.361304247534657660e-03
-8.725271021260978810e-03
-8.295315515892524166e-03
-8.055035069799708000e-03
-8.071831442297833573e-03
-8.035454239389238501e-03
-8.367761845613793867e-03
-8.677151452671992907e-03
-7.975100368792221311e-03
-8.511288424400404243e-03
-8.040223793021295320e-03
-7.927905205639625835e-03
-7.942704470615060894e-03
-8.125530406131070346e-03
-8.407463276983497338e-03
-7.723651991512254025e-03
-7.942486444233525303e-03
-8.582448006706853288e-03
-8.413180011114955448e-03
-7.502439852323775429e-03
-8.168638320244772308e-03
-7.584396631330926966e-03
-8.243643964431973670e-03
-7.870310000718406390e-03
-8.008841488994469099e-03
-8.256392345909423919e-03
-8.733699744120210912e-03
-8.167422271064652198e-03
-7.480337925502796026e-03
-8.665167010991731492e-03
-8.499147993648955082e-03
-7.576074922581888839e-03
-8.238398420607849840e-03
-8.624630705049948429e-03
-7.994809111448609312e-03
-8.307179782653117267e-03
-8.072483757053616066e-03
-8.060486394276615216e-03
-7.969820821933029306e-03
-7.857433757043593217e-03
-7.604065011760496352e-03
-7.887387639597308320e-03
-8.202243738623908251e-03
-8.134453508694860363e-03
-8.576048740015362534e-03
-8.442457414337439792e-03
-8.058531317029446819e-03
-8.809158207039143734e-03
-7.868635092444732984e-03
-7.706016083144143040e-03
-8.194659058746571814e-03
-7.901254984011840676e-03
-7.883324414431023067e-03
-7.709246103068524529e-03
-8.024158552579544607e-03
-7.540595093471158528e-03
-7.858544297991007163e-03
-7.815577208032038412e-03
-7.551444498010147048e-03
-8.106015974545589461e-03
-8.295062948573609166e-03
-8.503635737303042244e-03
-8.239211699635883707e-03
-8.432761943745774660e-03
-8.094349015541856679e-03
-8.061778600995900962e-03
-8.210317198455125559e-03
-8.555134783196373036e-03
-8.146436907422723722e-03
-7.854926705064180573e-03
-8.104713800220774561e-03
-8.311217459648677711e-03
-7.896598456702550242e-03
-8.160414958144159014e-03
-8.083886148313972411e-03
-7.741025772739051035e-03
-7.813401918528936271e-03
-8.107443086467396379e-03
-8.620284745974945637e-03
-8.070131303487474220e-03
-7.904479391193939067e-03
-8.560125053913240217e-03
-7.882001912640835758e-03
-8.252737968926501105e-03
-7.891458631298847032e-03
-8.023091883376971822e-03
-8.092762618096372568e-03
-8.260776624519156064e-03
-8.396461698802487258e-03
-7.995573478556323652e-03
-8.119025461213151204e-03
-7.817790395600007422e-03
-8.204229495043156156e-03
-8.075897565867727959e-03
-8.556900666310682940e-03
-8.183349438908625942e-03
-8.312289414118581923e-03
-8.314882039768916461e-03
-8.207029233079110933e-03
-7.928913687730330256e-03
-7.998929527024620234e-03
-7.926063250179134906e-03
-8.488233125046857827e-03
-8.082134750955807453e-03
-8.341388105317938326e-03
-8.039156475301458341e-03
-8.187951601255670855e-03
-7.885355179838380441e-03
-8.205277720213231471e-03
-8.304463432729879482e-03
-7.907580219275879563e-03
-8.488653974125679944e-03
-8.325937804232796946e-03
-8.286505992895713130e-03
-7.982551374860242729e-03
-8.799688937236743030e-03
-8.150467950392089461e-03
-8.368625247370965053e-03
-8.056892793576398565e-03
-7.871504427525691586e-03
-8.513122348018261482e-03
-8.121256455232825702e-03
-7.946822530734778262e-03
-8.102145371163089679e-03
-8.245921585738802753e-03
-8.806560752980861426e-03
-8.491490132436219085e-03
-8.098613771605306724e-03
-8.380931261397982571e-03
-8.442099665685348642e-03
-8.853209880916106458e-03
-8.072793108537871382e-03
-8.237644632174415810e-03
-8.098411809098463379e-03
-7.841298462651653117e-03
-7.789585401024920648e-03
-8.031647240764067802e-03
-8.490614382636629473e-03
-8.643699934404818624e-03
-8.345591362627797008e-03
-7.857943624911319785e-03
-8.054904173233240136e-03
-8.264665863233409265e-03
-7.973354729156058654e-03
-8.160064064037159115e-03
-8.168459532828003383e-03
-7.849917617091766234e-03
-8.121667164876930634e-03
-7.920641714397304300e-03
-7.717166417204278199e-03
-7.766959743597812160e-03
-8.422009020695227915e-03
-8.457921381804725178e-03
-7.957819026193666684e-03
-8.190947183216270785e-03
-8.263250332921901614e-03
-8.147180758651253324e-03
-8.398618674724609573e-03
-7.954092331299766547e-03
-7.885419682459307231e-03
-8.505947849753035112e-03
-8.409849781319872139e-03
-8.070991305060934429e-03
-8.017833843937779287e-03
-8.266967596434538976e-03
-8.289979329213608902e-03
-8.361512327281880180e-03
-8.295747709120587787e-03
-8.364390813338286670e-03
-8.447010716923428197e-03
-7.996429460272761955e-03
-8.723715136472680320e-03
-8.235648398034809900e-03
-7.793728547332954767e-03
-8.046945354044567761e-03
-8.538379312590585815e-03
-8.491447657675744651e-03
-7.726232793622645444e-03
-7.927351439184911544e-03
-8.063582407338476879e-03
-8.576931970369419678e-03
-8.583847866082836009e-03
-8.547969248843127407e-03
-7.979294785111603824e-03
-8.247601105758931364e-03
-8.452237483397984433e-03
-8.435538944952148885e-03
-8.068746246731791152e-03
-7.806166078110183051e-03
-8.565210063905792301e-03
-7.929107790117354698e-03
-8.286782719901067060e-03
-7.694486495442412304e-03
-7.925115007416537807e-03
-7.807633844870464843e-03
-7.764825320974224135e-03
-8.390861862215442599e-03
-8.099423027386509419e-03
-8.011844991260640148e-03
-8.555792354592906684e-03
-8.017082487634245511e-03
-8.338126519683549190e-03
-8.280526561752429154e-03
-8.790654518807474588e-03
-7.877813633644991514e-03
-8.117727016459214129e-03
-8.320848828364141650e-03
-7.511428453787933994e-03
-8.076141638582000001e-03
-8.835589020333111526e-03
-8.210909901743942280e-03
-8.148601356390006156e-03
-8.453644690156362357e-03
-8.496306580806438011e-03
-7.789802775394730379e-03
-8.127963680025471899e-03
-8.246019418980525886e-03
-7.818035722803363258e-03
-8.124780207115460048e-03
-7.929992999143648316e-03
-8.334292133413240614e-03
-8.082669213853272555e-03
-8.220655754772867793e-03
-7.645577713305287855e-03
-8.212765413119349836e-03
-8.015186396058552806e-03
-8.631776543453895459e-03
-8.414021696589448276e-03
-8.252832506991039305e-03
-8.249606461885248404e-03
-8.236866274218023962e-03
-7.978041138720531542e-03
-8.026869787322104058e-03
-8.045140361203031998e-03
-8.296350016739584624e-03
-7.884926526383869219e-03
-8.524566820054578845e-03
-8.257220503876986153e-03
-8.063471139042209176e-03
-7.646766359932226538e-03
-8.031776747047594811e-03
-8.675901722083779674e-03
-8.647846932529259373e-03
-7.560124851866439899e-03
-8.259720450939016939e-03
-8.303425906587299718e-03
-8.171805626896700217e-03
-7.910796611242191731e-03
-8.395952658331177695e-03
-8.280616771583201169e-03
-8.205088080497743158e-03
-8.030194115408293212e-03
-8.653777993009707098e-03
-7.964140803759605508e-03
-8.111609322047927048e-03
-7.981277609004886614e-03
-8.418115708767987329e-03
-8.174988814197483092e-03
-8.385490043618522640e-03
-7.908112349351788944e-03
-8.197029455036758047e-03
-7.896448015129045941e-03
-8.239284413338853960e-03
-8.654545217701993184e-03
-8.216993316715019355e-03
-8.160403045973402270e-03
-8.557530182827097903e-03
-8.308795270465607272e-03
-8.257502479943052212e-03
-7.717856369057723986e-03
-7.938655605444946972e-03
-8.245112975211136425e-03
-8.273691720714805228e-03
-8.115754363909452249e-03
-7.498067827027994452e-03
-8.119640172301743203e-03
-8.376788143998030109e-03
-8.131938509311157498e-03
-8.162996874194378832e-03
-8.098161573267167665e-03
-8.728414882868925848e-03
-8.291586273065620558e-03
-8.376848618037410418e-03
-7.947090551708771086e-03
-7.848497733108176014e-03
-7.720201197700294823e-03
-8.086081254778915151e-03
-8.394927861668349464e-03
-7.961798875451750121e-03
-8.142903448211820036e-03
-8.041200721689316031e-03
-8.446767091174780390e-03
-8.523012135610926951e-03
-8.225731104159464055e-03
-8.531522313364915330e-03
-8.474637306384690330e-03
-8.126299811703598455e-03
-8.221561479109526852e-03
-8.068398809178622608e-03
-8.500997836807194438e-03
-8.289905746163247699e-03
-8.164430753026063678e-03
-8.216821153628347044e-03
-8.107628641881654136e-03
-7.888060209453390953e-03
-7.562769379920843485e-03
-8.984131644953183976e-03
-8.057672983968920330e-03
-8.470652333716461105e-03
-7.945011991182481664e-03
-8.218529877572532463e-03
-8.059169454949275876e-03
-7.931952214846046262e-03
-8.099770141782512006e-03
-8.082856070126603551e-03
-8.252957102875385295e-03
-8.348857097471615307e-03
-7.880489060570887785e-03
-8.466172453550632054e-03
-7.811016496314804845e-03
-7.979987655103968486e-03
-8.650523335712678383e-03
-8.807540983871620446e-03
-8.733741269700277463e-03
-8.026931427673340488e-03
-8.451014480818024033e-03
-8.155922139598949933e-03
-8.512493599995504118e-03
-7.880797095795767301e-03
-8.178095500252609978e-03
-8.083553563379284462e-03
-7.970303887704406273e-03
-7.953619136077465582e-03
-8.270574210429435316e-03
-7.911689480941615921e-03
-8.023377508311375569e-03
-8.532927970263707099e-03
-8.072281429671679040e-03
-7.977356108464003087e-03
-8.469370635915832515e-03
-8.267081672833530986e-03
-7.851178025831588927e-03
-8.461236751529181352e-03
-8.338476541283276061e-03
-8.304466932341684690e-03
-8.077623243790483382e-03
-8.451341251193138573e-03
-8.165770000944722745e-03
-7.871768078385894471e-03
-8.136138489307736046e-03
-8.675033792711474984e-03
-8.258663223913548582e-03
-8.267995436542465576e-03
-8.212706910634302512e-03
-7.640008041969292840e-03
-7.774287840439681775e-03
-8.457277530320207043e-03
-8.346610519403066530e-03
-8.186115221670077144e-03
-7.963732119610168400e-03
-7.781984235968451846e-03
-7.956644398159662054e-03
-8.031427679370590003e-03
-8.106541019481000240e-03
-8.205762987709216624e-03
-8.448382266665655643e-03
-8.420155388461501161e-03
-7.983828583901163636e-03
-8.256855527040203591e-03
-8.125856036836796512e-03
-8.722203680485920638e-03
-8.297831156785864110e-03
-8.684612485234112847e-03
-7.973846715996440668e-03
-7.860130947171837384e-03
-8.366533340184304987e-03
-8.074158458559453980e-03
-8.364634612617924403e-03
-7.871070768150743510e-03
-8.336740315519676828e-03
-7.986599315729755316e-03
-8.229380972903061614e-03
-7.952244881719156694e-03
-8.224402207608191503e-03
-7.936219407863469993e-03
-8.309300392820800560e-03
-8.431894768297107032e-03
-8.082674803266604036e-03
-8.576885464629929387e-03
-7.979258666061793751e-03
-8.206036749417184445e-03
-8.173679917655300373e-03
-7.960340708311672980e-03
-8.357562279642386308e-03
-8.390496754726235393e-03
-9.159224507197463380e-03
-8.770723331374772475e-03
-8.422315602965432454e-03
-8.303193278235313640e-03
-8.792786384104056205e-03
-8.262895242299709078e-03
-8.482424755656243001e-03
-8.114784127803489899e-03
-8.402894709913382582e-03
-8.067574996666061413e-03
-7.865176042911892554e-03
-7.467143852249920680e-03
-8.037847090010806841e-03
-7.765308160474377989e-03
-8.462420129780925601e-03
-8.314739537622458515e-03
-8.067258250089226132e-03
-8.021482449157858394e-03
-7.935325243726653460e-03
-7.486554287871290472e-03
-7.791574584459662854e-03
-8.664338531440980359e-03
-7.799170807996204900e-03
-8.093963252103219402e-03
-7.970966579218887599e-03
-8.285328258851901509e-03
-8.122879916484719229e-03
-8.290621986270448746e-03
-8.342905230396666441e-03
-8.507835949976075285e-03
-8.045879032676313616e-03
-7.860584364837249274e-03
-8.160222161359340781e-03
-8.414698617746759965e-03
-8.032655383470850216e-03
-8.197078770581367815e-03
-8.424524052173984826e-03
-8.411415557701704473e-03
-8.542332630831542956e-03
-8.096280696395088267e-03
-7.873165979344740398e-03
-8.185627764412601801e-03
-8.176490917686986964e-03
-8.193753128971085348e-03
-8.190944696700496255e-03
-8.538412752888595650e-03
-7.862615385381046401e-03
-8.458033177904186392e-03
-8.009545072985346792e-03
-8.242917664490147581e-03
-8.501185254003640682e-03
-8.356908983445045583e-03
-8.939205612854491528e-03
-8.409994605997634515e-03
-8.192975378108882656e-03
-8.318056144011574254e-03
-8.476432379663372679e-03
-8.386042638577688793e-03
-8.451878784173753184e-03
-8.404472564001853538e-03
-8.145534418054331885e-03
-8.279305460184798945e-03
-7.838757875768957370e-03
-8.459082131934095306e-03
-8.384738762542020066e-03
-7.731156245262965632e-03
-8.344446730800144513e-03
-7.990234648675540938e-03
-7.817409013664579007e-03
-7.853213618180084760e-03
-8.192898680911633175e-03
-8.435883112494822408e-03
-8.223567744953150585e-03
-8.007313389785140206e-03
-8.160251045978230214e-03
-8.229823916761705438e-03
-8.296387173552372679e-03
-7.700444330845268581e-03
-8.118686510593317585e-03
-8.119771618658061865e-03
-8.308701259100735592e-03
-7.926435761628823282e-03
-7.710596117230583864e-03
-8.396049486076294713e-03
-8.225013937870563965e-03
-8.415011575705545754e-03
-8.285283714210613451e-03
-8.464526547110766408e-03
-8.081593095822054915e-03
-8.114682850426697611e-03
-8.197690725340812251e-03
-8.117162428372640126e-03
-8.209895235092339733e-03
-8.318639192478641600e-03
-8.415648238803205908e-03
-8.147676140851446355e-03
-7.960573211035793309e-03
-8.196491674636909031e-03
-7.843331601550620341e-03
-7.950873325013489007e-03
-8.125332010075508871e-03
-7.878592227168470033e-03
-8.173230770910434526e-03
-8.308821417926512062e-03
-8.051217983640975365e-03
-7.771423277956893139e-03
-8.108312225802747492e-03
-7.582847471967783630e-03
-7.768259093483979687e-03
-7.443656639600109738e-03
-8.151565391337935521e-03
-7.997096228793378753e-03
-8.590818355380818588e-03
-8.686368446844722549e-03
-7.813267910657986995e-03
-7.931932839844979197e-03
-8.582280973106396968e-03
-8.170380928740481746e-03
-7.934011838362056354e-03
-8.028772022883035736e-03
-8.106149213381815682e-03
-7.624730289999812061e-03
-8.006484522685734448e-03
-7.945020017973716819e-03
-8.214650648950744261e-03
-8.453010028202411277e-03
-8.099429186839073730e-03
-8.358392089443670431e-03
-7.757722663891001083e-03
-8.027925702094722629e-03
-8.002308946470930787e-03
-8.490604299467366389e-03
-8.401842688445746235e-03
-8.096839360460633336e-03
-8.188591709528864754e-03
-8.326369089710577640e-03
-7.977027562766371080e-03
-8.362112437750370345e-03
-8.671555053923285170e-03
-8.366331403567630123e-03
-7.933342466439705781e-03
-8.151691682618686374e-03
-8.031407328287771055e-03
-8.344182613964619064e-03
-8.571471896451642730e-03
-7.982015100714166464e-03
-8.125324351638556555e-03
-8.233341179727763845e-03
-8.230571524331615346e-03
-8.310489474334378096e-03
-8.224876294363562060e-03
-8.241441470751760881e-03
-8.571532523278925161e-03
-7.994525642165349263e-03
-7.752271867064511150e-03
-8.067881049206249156e-03
-8.034093974657673110e-03
-8.026446416329002104e-03
-8.031412283504046554e-03
-8.374804455119866722e-03
-8.382228639150540034e-03
-7.935996932847372981e-03
-8.718076922818108337e-03
-8.326210810432967818e-03
-8.007597331775879318e-03
-8.468619217997016418e-03
-8.540967710650253925e-03
-8.418099177074206060e-03
-8.205811042964533328e-03
-7.102135200708026459e-03
-8.171935974086819848e-03
-7.703306343537290671e-03
-7.931351132076781482e-03
-8.711030497113313870e-03
-8.453543522774746230e-03
-8.201400479077591149e-03
-8.571793610382140091e-03
-8.252179526762501785e-03
-8.144527554819388712e-03
-7.979200810034071598e-03
-7.857988501907803292e-03
-8.271458858164765574e-03
-9.066718758645073498e-03
-8.476084875078773381e-03
-8.553969888784668935e-03
-8.345198035496392136e-03
-8.475682648939945191e-03
-8.621758458544136888e-03
-8.510405159653233742e-03
-8.467203940831263126e-03
-8.472268744616040514e-03
-8.185350596874429313e-03
-8.042276369703438982e-03
-8.127365756321185478e-03
-7.884308531971920969e-03
-7.953531129990353346e-03
-8.583703897014755696e-03
-7.744806268536166306e-03
-8.036529147240801738e-03
-7.861786297289655515e-03
-8.131404886896651668e-03
-8.137054829286186064e-03
-8.153498288931720905e-03
-8.117457267069944082e-03
-8.124130556487372049e-03
-7.970112303638409237e-03
-8.119693834445381592e-03
-8.105337719618596268e-03
-8.213792338020530978e-03
-8.397305373917793303e-03
-8.084826406138440405e-03
-7.896427200212920161e-03
-8.535040123108397422e-03
-8.243604477545029424e-03
-8.464315836335426294e-03
-8.344326957877614900e-03
-8.297124307790795794e-03
-7.941413423267273258e-03
-7.797343865399575767e-03
-8.212596679150977602e-03
-7.749640076372051392e-03
-8.486222421622868425e-03
-8.525599222235946684e-03
-7.995881822394981797e-03
-7.844040140425282553e-03
-8.090018420260945003e-03
-8.334812497453094812e-03
-8.070383938909960614e-03
-8.613322510518245378e-03
-8.206135660161647388e-03
-9.063331242206746838e-03
-8.266190579914877920e-03
-8.413597584455149297e-03
-7.995868351475159466e-03
-7.959982808461484385e-03
-8.364525834121264505e-03
-8.090156770736255457e-03
-7.834848851829055369e-03
-8.303379438289950829e-03
-8.252744720594848774e-03
-8.351462450338026020e-03
-8.302748012105714420e-03
-7.765060654575427559e-03
-8.218445084180752216e-03
-7.923101218459547429e-03
-7.910939650628587977e-03
-7.991127575111275222e-03
-8.172128796808489706e-03
-8.245103297063753958e-03
-7.897295940767660311e-03
-8.001944412633949996e-03
-8.116327502699005256e-03
-8.300207346995458826e-03
-7.991858082481128819e-03
-7.879303456205589626e-03
-7.690881372532205711e-03
-8.104463400558184830e-03
-8.014561910651139473e-03
-8.496297482522419467e-03
-8.069375252420666125e-03
-8.032350780840654889e-03
-8.161134032292063564e-03
-8.100466246457297889e-03
-8.127721681552617372e-03
-8.399808664966363150e-03
-7.947302449987331957e-03
-7.479856555530499211e-03
-8.851661933317591865e-03
-8.016232322127791327e-03
-8.487201737852436909e-03
-7.985704975199641245e-03
-7.952068428769745040e-03
-7.659706629000370519e-03
-8.397116653810878309e-03
-8.662811132884805018e-03
-8.391739351721142284e-03
-8.053799797085021625e-03
-8.214131643016353221e-03
-8.367456022906222604e-03
-8.008658216595439597e-03
-8.059371499583637549e-03
-8.315731701701425949e-03
-8.807594536812578950e-03
-7.864531867966815734e-03
-8.254589111757772851e-03
-8.583301298231935453e-03
-8.159358669366612721e-03
-7.943471470648524185e-03
-8.202942364919659987e-03
-7.983208355831392447e-03
-8.401339493982026146e-03
-7.877676903058990557e-03
-8.059429053809491483e-03
-8.129981657167828502e-03
-8.221653633878875378e-03
-8.531667129389105056e-03
-8.485223092679882936e-03
-8.434460290412218106e-03
-8.453870987252642966e-03
-8.098586400517840747e-03
-8.060002902790528237e-03
-8.236052642975329879e-03
-8.200320590681282190e-03
-8.281407605174583367e-03
-8.525048364917074337e-03
-8.129927329004691880e-03
-7.930517942483325533e-03
-8.470273780398844890e-03
-8.161349502139852302e-03
-8.468664472861806014e-03
-7.881218422173725396e-03
-8.183359169041224887e-03
-8.115210632882502786e-03
-8.165984617324905867e-03
-7.863003158139229495e-03
-8.705294290485634384e-03
-8.476393006872437116e-03
-8.359386802157448004e-03
-8.253509797622184466e-03
-8.139643606668319972e-03
-7.987602564042881742e-03
-8.044836375124559541e-03
-8.411533086745720533e-03
-7.893752341815007262e-03
-8.143265395355731018e-03
-8.161194711394445175e-03
-8.506291019136138012e-03
-7.986690814422697099e-03
-8.350101330328955559e-03
-7.922148038376528034e-03
-8.288706830388650054e-03
-7.644776704522219905e-03
-8.344790174910510921e-03
-7.949967360929083987e-03
-8.287921118228833151e-03
-8.094409337742358712e-03
-8.238548533254185652e-03
-8.190036934227261020e-03
-8.649594792120036263e-03
-8.567897928277308853e-03
-8.125073570935292117e-03
-7.574896831937614518e-03
-8.762742266458036638e-03
-8.584803523125086877e-03
-7.728332451544923064e-03
-7.806281284783563035e-03
-8.349234233284213644e-03
-8.244980487416290332e-03
-8.147495383222706430e-03
-8.273211105938428969e-03
-8.182996718435971845e-03
-8.150607137837958746e-03
-8.183140088927971095e-03
-8.029529434510688374e-03
-8.108675614155701206e-03
-8.136170705695172298e-03
-8.005559073848806176e-03
-8.029821278589284808e-03
-7.993807959567670457e-03
-8.333477080006137724e-03
-8.085849521610328702e-03
-8.169385444984434211e-03
-8.176188885409619786e-03
-8.205461312940991528e-03
-8.518978581124768065e-03
-8.001223025931945843e-03
-7.984295997717305235e-03
-7.775887838386666938e-03
-8.390535115716451359e-03
-8.158169088231586805e-03
-8.027520141586875699e-03
-7.772795806195378562e-03
-8.154807189127828010e-03
-8.647319216937367908e-03
-8.442550871259365056e-03
-8.515487697306112561e-03
-8.419265431492434226e-03
-8.193913259728829307e-03
-8.487793752533185493e-03
-8.371177924758473402e-03
-7.965569456406825996e-03
-8.913437289095122590e-03
-7.970048555047334893e-03
-8.160952861325759811e-03
-8.295501382720536082e-03
-7.999889427986586754e-03
-8.279724185865502267e-03
-7.771501915091798447e-03
-7.922571554552280612e-03
-8.286774778594019342e-03
-8.141500010003389909e-03
-8.596938631062011824e-03
-8.127146332912393856e-03
-8.575266679515672688e-03
-8.546708025304666431e-03
-8.319605517000843928e-03
-8.326105898242707956e-03
-8.689011885214722661e-03
-7.915575122601182026e-03
-8.102699827603693575e-03
-8.262173874898096071e-03
-8.166063090676451905e-03
-8.106206348068394768e-03
-8.490295908182251758e-03
-8.211408881818699559e-03
-8.538661213730621216e-03
-8.195174565050316814e-03
-7.839842951682747876e-03
-8.301771697486836840e-03
-8.404932663610767407e-03
-7.553931632628634214e-03
-7.958357319133312763e-03
-8.324935927363316668e-03
-8.021226732204369408e-03
-8.316209254629372896e-03
-7.449858034719594561e-03
-8.433813778706370293e-03
-8.516701328219036804e-03
-8.704162444855379627e-03
-7.915413369437726554e-03
-7.894269306353205590e-03
-8.188438187304610330e-03
-7.998549229383866699e-03
-8.034848587076389922e-03
-8.265683343868986468e-03
-8.150705613466211266e-03
-8.413869478588733783e-03
-8.792797089105821445e-03
-7.844874400171746379e-03
-7.984249044251443342e-03
-7.759135853197400221e-03
-8.080707998696996103e-03
-8.077523540445370395e-03
-8.148801113266693555e-03
-8.406850761014800222e-03
-7.909319352474200593e-03
-7.996365350591267893e-03
-8.503536829244581763e-03
-8.740561268607142595e-03
-8.081686099408177254e-03
-8.494746994793755251e-03
-8.109579698555606161e-03
-8.432487948559410501e-03
-8.341673241822380666e-03
-7.939324848096245349e-03
-8.075800043675017761e-03
-8.395551128579285469e-03
-8.055219058402359952e-03
-8.238281302070677575e-03
-8.105841141827264257e-03
-7.626152413297855766e-03
-8.382536221362969081e-03
-7.963326652415525855e-03
-8.209902378458510883e-03
-7.844062086971609338e-03
-8.238226937413347870e-03
-8.287413109458779265e-03
-8.052103967736446224e-03
-8.120218282973518109e-03
-8.294798694911568321e-03
-8.305067464390632898e-03
-7.752215989077861948e-03
-8.256502309525027769e-03
-8.151867730852684069e-03
-7.787230536182117822e-03
-7.946952080651426692e-03
-8.621413684449094270e-03
-8.347575362262929163e-03
-7.921624026415757108e-03
-8.436970878450715181e-03
-7.781126962246446774e-03
-7.990032376402779815e-03
-8.100389369280152838e-03
-8.213687492184150105e-03
-8.459244606609071446e-03
-8.177237303373422264e-03
-8.037564445917305331e-03
-8.057098549170691945e-03
-8.440580169642943401e-03
-8.358405076524981839e-03
-7.987400365291389553e-03
-8.296604937236299812e-03
-8.342275514173030232e-03
-8.305782787604720427e-03
-8.512483980960244834e-03
-8.037106579217629179e-03
-7.568494355923834072e-03
-8.524118240786197204e-03
-8.253470657841835423e-03
-7.663119296208329920e-03
-8.782104752727507707e-03
-8.264456469237752706e-03
-8.308053046042679357e-03
-8.084451063810775551e-03
-7.842072537788470285e-03
-8.077787762357751047e-03
-8.456935984648323440e-03
-8.253303514669112911e-03
-7.866129493344553927e-03
-8.496994858011445648e-03
-8.504986541270537909e-03
-8.179401741288044175e-03
-8.228620041561654150e-03
-8.364797863428143423e-03
-8.562079051251595199e-03
-8.541701298385832170e-03
-8.032126634511889754e-03
-8.255991683138145729e-03
-8.018214510255155039e-03
-8.075689703176054321e-03
-8.153221088733919944e-03
-8.170499224563454108e-03
-8.072531068560673609e-03
-8.261446733649544308e-03
-8.509138947063883338e-03
-8.093029334874315625e-03
-8.664282036007204743e-03
-8.187689355650510509e-03
-8.225834682562702116e-03
-8.096567285803785846e-03
-8.121583792251677383e-03
-8.304745965503599475e-03
-8.580971115933647836e-03
-8.222256437392152714e-03
-8.297422209701860521e-03
-8.192473063137068953e-03
-8.469098485253642380e-03
-8.197678872173692552e-03
-8.098399330438040694e-03
-7.903644333358423799e-03
-8.148715566652465353e-03
-8.392025086347360691e-03
-7.879415587987746022e-03
-8.314014031322215434e-03
-8.127559439532763830e-03
-8.325630022476123923e-03
-8.651189158380033148e-03
-8.262284598799338187e-03
-8.535547105836746584e-03
-8.032969368821835099e-03
-8.433163620609307465e-03
-8.394289748366184217e-03
-8.108996020145033470e-03
-8.445396839008415674e-03
-8.201402610730119253e-03
-7.710185184318377009e-03
-8.353114571379705727e-03
-8.418270634395758414e-03
-7.719563355834490812e-03
-8.144721611358563332e-03
-8.390780873272662976e-03
-8.600904370664247053e-03
-8.311617814389079054e-03
-8.190624321921807435e-03
-8.072510071529748893e-03
-8.841011061598456552e-03
-8.280673763911460677e-03
-8.072368333392627646e-03
-8.402865836933762558e-03
-8.214704434537581021e-03
-8.235010302605894408e-03
-7.865888669906642011e-03
-8.366653747616531120e-03
-8.040461254334095934e-03
-8.102430650754813626e-03
-8.190439374104878031e-03
-8.243729097643851325e-03
-8.375636163777325574e-03
-8.068896230440202391e-03
-8.184367572331905510e-03
-8.383823060828184820e-03
-8.239845413928669968e-03
-8.256811513181661413e-03
-8.165473094585389349e-03
-8.238038256866617864e-03
-8.466329448538704311e-03
-8.812928260456525525e-03
-8.258783476214837105e-03
-7.962199156116107554e-03
-8.048882584611661423e-03
-8.693592005374282602e-03
-8.334334649571928030e-03
-8.709307402478463217e-03
-8.320527459351788682e-03
-7.824975093150391553e-03
-8.381682370053610692e-03
-8.052263421493939186e-03
-7.966316324253581646e-03
-7.958427091431906006e-03
-8.073418359963842328e-03
-8.076375105201025195e-03
-7.804635476455768807e-03
-8.692663992776761619e-03
-7.895056786599168736e-03
-8.316758683609459454e-03
-8.377689183541101384e-03
-8.064765808511325379e-03
-8.303299780465815336e-03
-8.438478922806386118e-03
-7.826903534721622521e-03
-8.092798741171405505e-03
-8.282906064196130652e-03
-8.710461313227521249e-03
-8.121291311153302009e-03
-8.112734687881335144e-03
-8.016276229709884057e-03
-8.224546909045778870e-03
-8.171604440604511924e-03
-8.107635292542967470e-03
-8.148888265576121823e-03
-7.756598117662711137e-03
-7.881211332223525545e-03
-7.859986540454139137e-03
-8.134694952065804271e-03
-8.290960901448367337e-03
-8.257623718077615124e-03
-8.232780952365761212e-03
-8.037720978739068892e-03
-8.315067342114337498e-03
-8.336649603449880139e-03
-8.087989151578323099e-03
-8.207177774471925355e-03
-8.305300891166657665e-03
-8.727027519675096406e-03
-8.040312773575818833e-03
-8.188496185291948420e-03
-8.900769803275782044e-03
-8.292033153929363049e-03
-8.017697245314365020e-03
-8.035613316902527267e-03
-8.320354401742851083e-03
-7.762660501759032113e-03
-8.195673260011604802e-03
-8.290923898705756037e-03
-8.316683546360855925e-03
-8.103448954706132801e-03
-8.325758968837452048e-03
-8.451403546028815605e-03
-8.393399388066951142e-03
-8.299902823059351203e-03
-8.270556015310721529e-03
-8.379262149702223009e-03
-8.288263833209344109e-03
-8.092047169668898504e-03
-8.737073560946275255e-03
-7.890627087978186252e-03
-7.918460708096515879e-03
-7.760557512364209612e-03
-8.332663346014958575e-03
-8.125336568866067463e-03
-8.340140757930105189e-03
-8.165131778239997570e-03
-8.774186793798334147e-03
-8.579375081556086732e-03
-7.894665989710071205e-03
-7.829811968183034501e-03
-7.984581131239979965e-03
-8.243843187813579623e-03
-8.012578307990137969e-03
-8.090391011491802897e-03
-8.386404113896281376e-03
-7.988955169164538989e-03
-8.197470453937340945e-03
-8.143791382614312679e-03
-8.897025884550647384e-03
-8.046123652067931412e-03
-8.324899385948155567e-03
-8.033407435251060241e-03
-8.245300968688962923e-03
-8.552295885132918038e-03
-8.108885673165713848e-03
-8.464833966735706844e-03
-8.260348242978809638e-03
-8.321096850718754170e-03
-8.227685537409585789e-03
-8.323373154088577197e-03
-7.957467192114960411e-03
-8.270234279815663267e-03
-8.253803873161784724e-03
-7.691551825835474254e-03
-8.165272777598093015e-03
-8.254408715527638413e-03
-8.195295167329004829e-03
-8.655283013694217362e-03
-8.455811781933258303e-03
-7.980017814890523822e-03
-8.113149632624640228e-03
-8.489983102709420387e-03
-8.202672197097320497e-03
-8.169389087125857735e-03
-8.062096058681250330e-03
-8.498625312676696270e-03
-8.210265635801640080e-03
-7.861059636509543092e-03
-8.505719230403297262e-03
-8.122843901985603646e-03
-7.727496090698336359e-03
-7.955437841103455213e-03
-8.445188895917096761e-03
-8.196846906319310219e-03
-7.966944222280060786e-03
-8.245623912690179177e-03
-8.326109983763348502e-03
-8.394968726761115746e-03
-8.720456615695055397e-03
-7.960710006686862183e-03
-8.185185416082671125e-03
-8.278033952633771092e-03
-8.448676555231402971e-03
-8.235932363242097487e-03
-7.821641992184300701e-03
-8.076757711591197805e-03
-8.529918538560398583e-03
-7.882399282567826779e-03
-8.482883303766100905e-03
-7.971539409242665505e-03
-8.216611645509358172e-03
-8.032837972967223419e-03
-8.766871474368489667e-03
-8.216080382812056965e-03
-8.122933481874540854e-03
-8.017161677829343081e-03
-8.915847859325195385e-03
-8.081754766991590053e-03
-8.056710446535848141e-03
-8.778023263104433455e-03
-8.056256119005756125e-03
-7.914184716102255074e-03
-8.432244177453560724e-03
-8.676245749445877717e-03
-8.374392526440717008e-03
-8.215309704291623785e-03
-8.100923530079658444e-03
-8.220101292676057492e-03
-8.493077725725363403e-03
-8.205589220730889408e-03
-8.475453445835718150e-03
-8.054155524819006304e-03
-8.650690280733517104e-03
-8.271807010199050750e-03
-8.420776149111080730e-03
-7.917106543829488530e-03
-7.607567095851840329e-03
-8.194491355369077842e-03
-8.156487002098908312e-03
-8.134775169974789791e-03
-8.385829144862310541e-03
-8.271299977517585292e-03
-8.443554147914254446e-03
-8.127014380232730831e-03
-8.143573989330932586e-03
-8.421283794845281501e-03
-8.202818908614071744e-03
-8.050905067384451011e-03
-8.066255727774333459e-03
-8.323194336586011571e-03
-8.510101845286655725e-03
-8.375683681517757245e-03
-7.882868649050531543e-03
-8.258465690508285523e-03
-8.318052481238595239e-03
-8.128281102879806458e-03
-7.973552268407449115e-03
-8.191266656654493800e-03
-8.182509951006358001e-03
-8.479548426303029282e-03
-8.770752478676823588e-03
-8.049293562413678896e-03
-8.308394387957964561e-03
-8.279931565117333928e-03
-8.157110771043949576e-03
-8.259296204665608418e-03
-8.394649243366381422e-03
-8.190874854052065945e-03
-8.420605287245854984e-03
-7.953369932084567578e-03
-8.039635858696726409e-03
-8.260885379005798029e-03
-8.311164533410122721e-03
-8.410703532818376502e-03
-8.382484134642473328e-03
-7.848913332570803258e-03
-8.324183166797250247e-03
-8.727802995476553402e-03
-8.023195866496163342e-03
-7.964019852120200055e-03
-8.218668242259542442e-03
-7.986119995357135112e-03
-8.291220644745760440e-03
-8.604597592241100198e-03
-7.990975666206155334e-03
-8.544023204904200794e-03
-7.928486889919426558e-03
-8.168017185403412747e-03
-8.010030854816205248e-03
-8.166745343825426023e-03
-8.087764048413575990e-03
-7.895696921857198874e-03
-8.050517444258515481e-03
-8.364798088773951409e-03
-8.459890023915535642e-03
-8.003883181994995294e-03
-8.166639083690457185e-03
-8.211611701963782844e-03
-8.357848452313697968e-03
-7.874715561384833598e-03
-8.676304528256075302e-03
-8.017829209105601512e-03
-8.773464055439777684e-03
-8.345012507419608677e-03
-8.463903905650856443e-03
-8.239130236061270249e-03
-8.147095458921555303e-03
-8.604273604930105096e-03
-8.007520726428735483e-03
-8.091873980441661313e-03
-8.376206135255965038e-03
-8.509240589152415601e-03
-8.381118960442055649e-03
-8.519187874883168629e-03
-8.194686343337266241e-03
-8.298201673744896520e-03
-7.905400803092054590e-03
-7.723536676375783970e-03
-8.415933760469753583e-03
-8.312137863670496923e-03
-8.047340945323671821e-03
-7.991793923404016953e-03
-8.240783433278818862e-03
-8.414524036437302443e-03
-8.530817768916299990e-03
-8.639306089267209318e-03
-7.846223667459441276e-03
-7.722352941861377988e-03
-7.830903870771978997e-03
-8.061132093390046063e-03
-8.116410136546478235e-03
-8.297776172672194014e-03
-8.219200068573276688e-03
-8.149174722737734591e-03
-8.099270527497245964e-03
-8.099297052505219016e-03
-8.126591284319608505e-03
-8.621307474635225149e-03
-8.326904439893329651e-03
-7.744240419806036613e-03
-7.853224195845684083e-03
-8.791856396722082939e-03
-7.865175332046257101e-03
-8.137738361648725119e-03
-7.830729998689802546e-03
-7.538490806673270837e-03
-8.241279451712936813e-03
-8.275714716866723955e-03
-8.155112091377134109e-03
-8.423814330087294258e-03
-8.097278255807869099e-03
-8.118995981182973790e-03
-8.612768425455875204e-03
-8.414035926143714067e-03
-8.243451275184717625e-03
-7.908124836210617126e-03
-8.474163271429522790e-03
-8.034155803466494147e-03
-8.310580436741165505e-03
-8.869549928945154316e-03
-8.333872604237280851e-03
-8.404015388532406691e-03
-8.571149265072906462e-03
-7.969133801515246307e-03
-8.054970670092169091e-03
-8.372443770917269504e-03
-8.366373009560187576e-03
-8.530586238319686626e-03
-8.102917596963868374e-03
-8.401789082986653792e-03
-8.085211117757730784e-03
-8.049686566446390135e-03
-8.217744229842746315e-03
-7.953221080949547314e-03
