-4.592116549611091614e-02
-4.592866823077201843e-02
-4.591896012425422668e-02
-4.590458422899246216e-02
-4.593824595212936401e-02
-4.591474682092666626e-02
-4.593279585242271423e-02
-4.592433199286460876e-02
-4.593106359243392944e-02
-4.590874537825584412e-02
-4.593266546726226807e-02
-4.589476808905601501e-02
-4.592433199286460876e-02
-4.591764882206916809e-02
-4.591257497668266296e-02
-4.592380672693252563e-02
-4.596294090151786804e-02
-4.593323916196823120e-02
-4.594502598047256470e-02
-4.590689390897750854e-02
-4.594260081648826599e-02
-4.592307657003402710e-02
-4.589934274554252625e-02
-4.591982066631317139e-02
-4.592223092913627625e-02
-4.592637345194816589e-02
-4.591671377420425415e-02
-4.590408876538276672e-02
-4.593171551823616028e-02
-4.590864107012748718e-02
-4.590846970677375793e-02
-4.591723904013633728e-02
-4.590530321002006531e-02
-4.592199251055717468e-02
-4.593867808580398560e-02
-4.592756181955337524e-02
-4.591215029358863831e-02
-4.588978737592697144e-02
-4.593450203537940979e-02
-4.590922966599464417e-02
-4.590827599167823792e-02
-4.592067748308181763e-02
-4.591659083962440491e-02
-4.593960195779800415e-02
-4.591796919703483582e-02
-4.589779302477836609e-02
-4.592179134488105774e-02
-4.593833908438682556e-02
-4.591124504804611206e-02
-4.592527076601982117e-02
-4.591117054224014282e-02
-4.593086615204811096e-02
-4.590382054448127747e-02
-4.592617973685264587e-02
-4.591588675975799561e-02
-4.590700939297676086e-02
-4.591777548193931580e-02
-4.591653496026992798e-02
-4.589654505252838135e-02
-4.590808972716331482e-02
-4.591717198491096497e-02
-4.589958861470222473e-02
-4.589955508708953857e-02
-4.590426385402679443e-02
-4.588564857840538025e-02
-4.588685184717178345e-02
-4.592491313815116882e-02
-4.593224450945854187e-02
-4.590395838022232056e-02
-4.591102525591850281e-02
-4.589291661977767944e-02
-4.591841623187065125e-02
-4.590572044253349304e-02
-4.592359811067581177e-02
-4.590303078293800354e-02
-4.589818045496940613e-02
-4.589467495679855347e-02
-4.589957743883132935e-02
-4.588655754923820496e-02
-4.590415209531784058e-02
-4.590959474444389343e-02
-4.588707163929939270e-02
-4.591017216444015503e-02
-4.588390514254570007e-02
-4.589724168181419373e-02
-4.592212662100791931e-02
-4.590624198317527771e-02
-4.588864743709564209e-02
-4.590354859828948975e-02
-4.589934647083282471e-02
-4.591884091496467590e-02
-4.591606184840202332e-02
-4.588475078344345093e-02
-4.591037705540657043e-02
-4.593142494559288025e-02
-4.590106755495071411e-02
-4.589292034506797791e-02
-4.587192088365554810e-02
-4.588996618986129761e-02
-4.587446153163909912e-02
-4.590602591633796692e-02
-4.591065272688865662e-02
-4.590733349323272705e-02
-4.590031877160072327e-02
-4.591635242104530334e-02
-4.590373486280441284e-02
-4.588635638356208801e-02
-4.591646045446395874e-02
-4.590002447366714478e-02
-4.591603204607963562e-02
-4.592068120837211609e-02
-4.590394347906112671e-02
-4.590348899364471436e-02
-4.589450731873512268e-02
-4.590285196900367737e-02
-4.589752107858657837e-02
-4.588727653026580811e-02
-4.590349644422531128e-02
-4.589619487524032593e-02
-4.588937014341354370e-02
-4.589214175939559937e-02
-4.590458795428276062e-02
-4.590994864702224731e-02
-4.590086638927459717e-02
-4.590509086847305298e-02
-4.589987173676490784e-02
-4.590614885091781616e-02
-4.588368162512779236e-02
-4.590063169598579407e-02
-4.588731378316879272e-02
-4.589413851499557495e-02
-4.591378942131996155e-02
-4.589854553341865540e-02
-4.588787257671356201e-02
-4.592005908489227295e-02
-4.589151591062545776e-02
-4.589305445551872253e-02
-4.590464755892753601e-02
-4.589117318391799927e-02
-4.590710625052452087e-02
-4.588831961154937744e-02
-4.589879885315895081e-02
-4.589135944843292236e-02
-4.588577896356582642e-02
-4.590050131082534790e-02
-4.589925706386566162e-02
-4.591396078467369080e-02
-4.590569809079170227e-02
-4.588979110121726990e-02
-4.590462893247604370e-02
-4.589569941163063049e-02
-4.589872062206268311e-02
-4.587514325976371765e-02
-4.589281231164932251e-02
-4.591472819447517395e-02
-4.590279236435890198e-02
-4.590781778097152710e-02
-4.589507356286048889e-02
-4.587662592530250549e-02
-4.589257389307022095e-02
-4.589579999446868896e-02
-4.590421169996261597e-02
-4.591057449579238892e-02
-4.588171467185020447e-02
-4.587688297033309937e-02
-4.591678828001022339e-02
-4.591060802340507507e-02
-4.591924697160720825e-02
-4.589649662375450134e-02
-4.589992016553878784e-02
-4.592873901128768921e-02
-4.590687528252601624e-02
-4.588128253817558289e-02
-4.591076821088790894e-02
-4.589957371354103088e-02
-4.588660225272178650e-02
-4.587719589471817017e-02
-4.590352624654769897e-02
-4.590800032019615173e-02
-4.589983075857162476e-02
-4.589789733290672302e-02
-4.591633379459381104e-02
-4.589991644024848938e-02
-4.589349403977394104e-02
-4.588575661182403564e-02
-4.588175937533378601e-02
-4.588729515671730042e-02
-4.591399058699607849e-02
-4.588633030652999878e-02
-4.589566215872764587e-02
-4.590392485260963440e-02
-4.590039700269699097e-02
-4.589726775884628296e-02
-4.590497165918350220e-02
-4.591276869177818298e-02
-4.589964821934700012e-02
-4.590408131480216980e-02
-4.589485377073287964e-02
-4.590997844934463501e-02
-4.587735235691070557e-02
-4.589578881859779358e-02
-4.590691998600959778e-02
-4.587372764945030212e-02
-4.587746784090995789e-02
-4.588888585567474365e-02
-4.589696601033210754e-02
-4.586601629853248596e-02
-4.588687792420387268e-02
-4.590000584721565247e-02
-4.588725417852401733e-02
-4.587236791849136353e-02
-4.587818309664726257e-02
-4.589857533574104309e-02
-4.589109122753143311e-02
-4.589232429862022400e-02
-4.591109976172447205e-02
-4.590908437967300415e-02
-4.591683670878410339e-02
-4.592259600758552551e-02
-4.589493200182914734e-02
-4.590922221541404724e-02
-4.588153213262557983e-02
-4.589039459824562073e-02
-4.589470103383064270e-02
-4.589394479990005493e-02
-4.589839652180671692e-02
-4.589642211794853210e-02
-4.589975997805595398e-02
-4.586058109998703003e-02
-4.589148238301277161e-02
-4.588646814227104187e-02
-4.589353501796722412e-02
-4.588972032070159912e-02
-4.590388014912605286e-02
-4.590009525418281555e-02
-4.589900001883506775e-02
-4.590972885489463806e-02
-4.589639976620674133e-02
-4.590092599391937256e-02
-4.587955027818679810e-02
-4.587580263614654541e-02
-4.587688669562339783e-02
-4.588865861296653748e-02
-4.588899761438369751e-02
-4.588499292731285095e-02
-4.587993398308753967e-02
-4.589330777525901794e-02
-4.587972536683082581e-02
-4.589660093188285828e-02
-4.587928950786590576e-02
-4.589327797293663025e-02
-4.588520899415016174e-02
-4.588077962398529053e-02
-4.588844999670982361e-02
-4.591077938675880432e-02
-4.589914157986640930e-02
-4.590730369091033936e-02
-4.588875919580459595e-02
-4.589103907346725464e-02
-4.588767513632774353e-02
-4.591117054224014282e-02
-4.590484127402305603e-02
-4.589132219552993774e-02
-4.589004442095756531e-02
-4.591415077447891235e-02
-4.589743167161941528e-02
-4.589674621820449829e-02
-4.588494449853897095e-02
-4.586859047412872314e-02
-4.588832333683967590e-02
-4.589016363024711609e-02
-4.587776213884353638e-02
-4.589483886957168579e-02
-4.586165025830268860e-02
-4.588659852743148804e-02
-4.592540487647056580e-02
-4.588999971747398376e-02
-4.587640613317489624e-02
-4.590534418821334839e-02
-4.590938985347747803e-02
-4.590922221541404724e-02
-4.590059444308280945e-02
-4.589158669114112854e-02
-4.588361456990242004e-02
-4.588641598820686340e-02
-4.589978605508804321e-02
-4.590355604887008667e-02
-4.587524384260177612e-02
-4.591540247201919556e-02
-4.590017721056938171e-02
-4.588030278682708740e-02
-4.588171094655990601e-02
-4.586569964885711670e-02
-4.588756710290908813e-02
-4.588865488767623901e-02
-4.588988795876502991e-02
-4.590765386819839478e-02
-4.589222371578216553e-02
-4.589791223406791687e-02
-4.590371623635292053e-02
-4.589029029011726379e-02
-4.588831961154937744e-02
-4.590109735727310181e-02
-4.590902850031852722e-02
-4.589091613888740540e-02
-4.590688645839691162e-02
-4.590086638927459717e-02
-4.590970650315284729e-02
-4.590910300612449646e-02
-4.590459540486335754e-02
-4.591520130634307861e-02
-4.589063301682472229e-02
-4.591860249638557434e-02
-4.591370746493339539e-02
-4.587606340646743774e-02
-4.587183892726898193e-02
-4.589841142296791077e-02
-4.589354619383811951e-02
-4.588870704174041748e-02
-4.589983448386192322e-02
-4.589693993330001831e-02
-4.587385430932044983e-02
-4.589484632015228271e-02
-4.589782655239105225e-02
-4.590097814798355103e-02
-4.587481915950775146e-02
-4.587871208786964417e-02
-4.588219150900840759e-02
-4.587565734982490540e-02
-4.587354138493537903e-02
-4.589271917939186096e-02
-4.591212421655654907e-02
-4.591602459549903870e-02
-4.588773474097251892e-02
-4.590989276766777039e-02
-4.590281471610069275e-02
-4.592038318514823914e-02
-4.589199274778366089e-02
-4.589793458580970764e-02
-4.586731642484664917e-02
-4.588807374238967896e-02
-4.590730369091033936e-02
-4.588894173502922058e-02
-4.587788879871368408e-02
-4.588919505476951599e-02
-4.590090736746788025e-02
-4.590437188744544983e-02
-4.590174183249473572e-02
-4.589391499757766724e-02
-4.590251669287681580e-02
-4.589336365461349487e-02
-4.590366780757904053e-02
-4.591550305485725403e-02
-4.590370133519172668e-02
-4.587928205728530884e-02
-4.588902369141578674e-02
-4.588809236884117126e-02
-4.587562754750251770e-02
-4.590525105595588684e-02
-4.589358717203140259e-02
-4.587056860327720642e-02
-4.588880762457847595e-02
-4.589220508933067322e-02
-4.591595754027366638e-02
-4.591633751988410950e-02
-4.588508978486061096e-02
-4.589100554585456848e-02
-4.589025676250457764e-02
-4.590918123722076416e-02
-4.589595645666122437e-02
-4.587342217564582825e-02
-4.588124528527259827e-02
-4.589556530117988586e-02
-4.591105133295059204e-02
-4.590501263737678528e-02
-4.589324072003364563e-02
-4.588036984205245972e-02
-4.587830975651741028e-02
-4.591166228055953979e-02
-4.588628932833671570e-02
-4.588323086500167847e-02
-4.587635025382041931e-02
-4.589049518108367920e-02
-4.589909687638282776e-02
-4.588789492845535278e-02
-4.590296000242233276e-02
-4.590254276990890503e-02
-4.591282829642295837e-02
-4.589887708425521851e-02
-4.588261991739273071e-02
-4.589930921792984009e-02
-4.588331282138824463e-02
-4.591396078467369080e-02
-4.588500037789344788e-02
-4.590480774641036987e-02
-4.589885100722312927e-02
-4.589607939124107361e-02
-4.589292779564857483e-02
-4.589556157588958740e-02
-4.588823020458221436e-02
-4.590617865324020386e-02
-4.588785395026206970e-02
-4.589135944843292236e-02
-4.587400332093238831e-02
-4.588479921221733093e-02
-4.586065933108329773e-02
-4.588065296411514282e-02
-4.591555520892143250e-02
-4.591502621769905090e-02
-4.587342217564582825e-02
-4.590032994747161865e-02
-4.588886350393295288e-02
-4.589070007205009460e-02
-4.587944597005844116e-02
-4.588630050420761108e-02
-4.591240361332893372e-02
-4.589218646287918091e-02
-4.588870704174041748e-02
-4.589352384209632874e-02
-4.588313773274421692e-02
-4.590209946036338806e-02
-4.588956385850906372e-02
-4.587280377745628357e-02
-4.588663950562477112e-02
-4.590924829244613647e-02
-4.589147120714187622e-02
-4.590934887528419495e-02
-4.589282721281051636e-02
-4.589856788516044617e-02
-4.588348791003227234e-02
-4.588630422949790955e-02
-4.589365422725677490e-02
-4.590048640966415405e-02
-4.589758068323135376e-02
-4.589491337537765503e-02
-4.588996618986129761e-02
-4.589997604489326477e-02
-4.589767009019851685e-02
-4.588164389133453369e-02
-4.587056115269660950e-02
-4.588117077946662903e-02
-4.588181897997856140e-02
-4.588679224252700806e-02
-4.587578028440475464e-02
-4.590009152889251709e-02
-4.591830447316169739e-02
-4.588852822780609131e-02
-4.586979001760482788e-02
-4.590089246630668640e-02
-4.590709507465362549e-02
-4.589652270078659058e-02
-4.588180035352706909e-02
-4.590668156743049622e-02
-4.591058939695358276e-02
-4.589826986193656921e-02
-4.590954259037971497e-02
-4.589832201600074768e-02
-4.588383808732032776e-02
-4.589845612645149231e-02
-4.590789228677749634e-02
-4.589259997010231018e-02
-4.589589685201644897e-02
-4.590580984950065613e-02
-4.589515179395675659e-02
-4.590654745697975159e-02
-4.590667784214019775e-02
-4.589511081576347351e-02
-4.589534550905227661e-02
-4.588459432125091553e-02
-4.586135223507881165e-02
-4.590195044875144958e-02
-4.589320346713066101e-02
-4.588942974805831909e-02
-4.589449241757392883e-02
-4.590246826410293579e-02
-4.589649662375450134e-02
-4.586812481284141541e-02
-4.588302597403526306e-02
-4.586430266499519348e-02
-4.589619114995002747e-02
-4.586986452341079712e-02
-4.586542770266532898e-02
-4.587719962000846863e-02
-4.589108377695083618e-02
-4.590593278408050537e-02
-4.591387882828712463e-02
-4.588460177183151245e-02
-4.589400440454483032e-02
-4.590296000242233276e-02
-4.588858783245086670e-02
-4.591228812932968140e-02
-4.591212049126625061e-02
-4.588967934250831604e-02
-4.587997868657112122e-02
-4.588532820343971252e-02
-4.590039327740669250e-02
-4.591282084584236145e-02
-4.589436203241348267e-02
-4.588033631443977356e-02
-4.588275402784347534e-02
-4.588712379336357117e-02
-4.589414224028587341e-02
-4.590662568807601929e-02
-4.586616531014442444e-02
-4.587232694029808044e-02
-4.587953537702560425e-02
-4.590274021029472351e-02
-4.589906707406044006e-02
-4.587468132376670837e-02
-4.588809981942176819e-02
-4.588307067751884460e-02
-4.591849073767662048e-02
-4.590830951929092407e-02
-4.588640853762626648e-02
-4.589837417006492615e-02
-4.591332376003265381e-02
-4.588134214282035828e-02
-4.591349139809608459e-02
-4.588747397065162659e-02
-4.591982066631317139e-02
-4.588862881064414978e-02
-4.589337483048439026e-02
-4.591055959463119507e-02
-4.590268060564994812e-02
-4.586827009916305542e-02
-4.586998745799064636e-02
-4.587526246905326843e-02
-4.587448760867118835e-02
-4.590402543544769287e-02
-4.589905962347984314e-02
-4.590463265776634216e-02
-4.587875306606292725e-02
-4.590582102537155151e-02
-4.587963968515396118e-02
-4.588856920599937439e-02
-4.589970782399177551e-02
-4.590272158384323120e-02
-4.590453207492828369e-02
-4.591133818030357361e-02
-4.590414464473724365e-02
-4.589859396219253540e-02
-4.591175541281700134e-02
-4.590417444705963135e-02
-4.591553658246994019e-02
-4.590877518057823181e-02
-4.589250311255455017e-02
-4.589477926492691040e-02
-4.588771983981132507e-02
-4.588205739855766296e-02
-4.590923711657524109e-02
-4.590868204832077026e-02
-4.591210559010505676e-02
-4.591264948248863220e-02
-4.589064046740531921e-02
-4.589990898966789246e-02
-4.588009789586067200e-02
-4.590572789311408997e-02
-4.591854289174079895e-02
-4.589246958494186401e-02
-4.590115696191787720e-02
-4.588978365063667297e-02
-4.590940847992897034e-02
-4.590157419443130493e-02
-4.589425772428512573e-02
-4.591015726327896118e-02
-4.587412625551223755e-02
-4.589324817061424255e-02
-4.590025171637535095e-02
-4.589178785681724548e-02
-4.589983075857162476e-02
-4.591268673539161682e-02
-4.589616507291793823e-02
-4.589129984378814697e-02
-4.590272158384323120e-02
-4.587102308869361877e-02
-4.588309302926063538e-02
-4.589058086276054382e-02
-4.589584842324256897e-02
-4.590820148587226868e-02
-4.590656235814094543e-02
-4.590095207095146179e-02
-4.588099941611289978e-02
-4.589417949318885803e-02
-4.587229713797569275e-02
-4.589783400297164917e-02
-4.591243714094161987e-02
-4.589073359966278076e-02
-4.591692611575126648e-02
-4.591992124915122986e-02
-4.589826241135597229e-02
-4.592701047658920288e-02
-4.590525850653648376e-02
-4.588146880269050598e-02
-4.589792340993881226e-02
-4.588318988680839539e-02
-4.589365422725677490e-02
-4.589869827032089233e-02
-4.590509459376335144e-02
-4.589108750224113464e-02
-4.588946327567100525e-02
-4.590158909559249878e-02
-4.588668048381805420e-02
-4.591535776853561401e-02
-4.589641839265823364e-02
-4.588121920824050903e-02
-4.588862881064414978e-02
-4.588862881064414978e-02
-4.592011496424674988e-02
-4.588590562343597412e-02
-4.588570073246955872e-02
-4.588073119521141052e-02
-4.591343179345130920e-02
-4.588801041245460510e-02
-4.590838402509689331e-02
-4.589563235640525818e-02
-4.590917751193046570e-02
-4.588902369141578674e-02
-4.589872434735298157e-02
-4.589753597974777222e-02
-4.591413214802742004e-02
-4.591222479939460754e-02
-4.587133228778839111e-02
-4.587012901902198792e-02
-4.589277133345603943e-02
-4.589249938726425171e-02
-4.588729515671730042e-02
-4.588731750845909119e-02
-4.587510973215103149e-02
-4.588081687688827515e-02
-4.589099064469337463e-02
-4.590790346264839172e-02
-4.589695855975151062e-02
-4.589926451444625854e-02
-4.590492695569992065e-02
-4.590013250708580017e-02
-4.590344801545143127e-02
-4.587771371006965637e-02
-4.588013142347335815e-02
-4.590641707181930542e-02
-4.587905481457710266e-02
-4.590720683336257935e-02
-4.588047787547111511e-02
-4.590124636888504028e-02
-4.590437561273574829e-02
-4.589531570672988892e-02
-4.588795825839042664e-02
-4.590493813157081604e-02
-4.589772969484329224e-02
-4.589222371578216553e-02
-4.588735476136207581e-02
-4.590019211173057556e-02
-4.590581357479095459e-02
-4.589534178376197815e-02
-4.589275270700454712e-02
-4.589042812585830688e-02
-4.589833691716194153e-02
-4.587620869278907776e-02
-4.589807614684104919e-02
-4.588288441300392151e-02
-4.588098451495170593e-02
-4.589266702532768250e-02
-4.590247943997383118e-02
-4.589207097887992859e-02
-4.590615257620811462e-02
-4.590439423918724060e-02
-4.587887227535247803e-02
-4.590803757309913635e-02
-4.587778076529502869e-02
-4.589882120490074158e-02
-4.590047523379325867e-02
-4.589215293526649475e-02
-4.589233547449111938e-02
-4.589245468378067017e-02
-4.589504376053810120e-02
-4.591840133070945740e-02
-4.590866714715957642e-02
-4.590921476483345032e-02
-4.589856043457984924e-02
-4.587624222040176392e-02
-4.589181020855903625e-02
-4.587505012750625610e-02
-4.588924720883369446e-02
-4.589413851499557495e-02
-4.590442031621932983e-02
-4.591291770339012146e-02
-4.588397219777107239e-02
-4.590382054448127747e-02
-4.589726775884628296e-02
-4.591352120041847229e-02
-4.591227695345878601e-02
-4.587889090180397034e-02
-4.590652137994766235e-02
-4.590328410267829895e-02
-4.589385166764259338e-02
-4.588561877608299255e-02
-4.591615125536918640e-02
-4.589774832129478455e-02
-4.588966071605682373e-02
-4.590543732047080994e-02
-4.590550810098648071e-02
-4.586796090006828308e-02
-4.588950425386428833e-02
-4.586859419941902161e-02
-4.590109735727310181e-02
-4.590030014514923096e-02
-4.589853435754776001e-02
-4.591594263911247253e-02
-4.588656872510910034e-02
-4.590710625052452087e-02
-4.590403288602828979e-02
-4.591112211346626282e-02
-4.592556506395339966e-02
-4.589392617344856262e-02
-4.590068012475967407e-02
-4.589976742863655090e-02
-4.590303450822830200e-02
-4.589764401316642761e-02
-4.591055959463119507e-02
-4.589835554361343384e-02
-4.591597244143486023e-02
-4.589292034506797791e-02
-4.591941088438034058e-02
-4.590950906276702881e-02
-4.589774832129478455e-02
-4.588647559285163879e-02
-4.589297994971275330e-02
-4.590100795030593872e-02
-4.590229690074920654e-02
-4.587902873754501343e-02
-4.590507969260215759e-02
-4.589559882879257202e-02
-4.589984193444252014e-02
-4.589681327342987061e-02
-4.589187726378440857e-02
-4.591223224997520447e-02
-4.592595249414443970e-02
-4.592172056436538696e-02
-4.590264707803726196e-02
-4.591058939695358276e-02
-4.588793963193893433e-02
-4.590777307748794556e-02
-4.590188339352607727e-02
-4.590417072176933289e-02
-4.589636996388435364e-02
-4.590045660734176636e-02
-4.591347649693489075e-02
-4.592324420809745789e-02
-4.588477313518524170e-02
-4.592378437519073486e-02
-4.592229053378105164e-02
-4.590863361954689026e-02
-4.587856680154800415e-02
-4.590684548020362854e-02
-4.591619223356246948e-02
-4.591954126954078674e-02
-4.589330404996871948e-02
-4.587738215923309326e-02
-4.590772837400436401e-02
-4.590807110071182251e-02
-4.590078070759773254e-02
-4.588883370161056519e-02
-4.590181261301040649e-02
-4.590548947453498840e-02
-4.589693248271942139e-02
-4.589550197124481201e-02
-4.589329287409782410e-02
-4.589327797293663025e-02
-4.589288309216499329e-02
-4.590295255184173584e-02
-4.589435085654258728e-02
-4.589679464697837830e-02
-4.587842151522636414e-02
-4.589813202619552612e-02
-4.588881880044937134e-02
-4.589273035526275635e-02
-4.591159150004386902e-02
-4.590281471610069275e-02
-4.589073359966278076e-02
-4.588972777128219604e-02
-4.588307440280914307e-02
-4.590989276766777039e-02
-4.590139165520668030e-02
-4.592863097786903381e-02
-4.588554799556732178e-02
-4.588208347558975220e-02
-4.589517787098884583e-02
-4.591521248221397400e-02
-4.592425003647804260e-02
-4.590486362576484680e-02
-4.588133469223976135e-02
-4.588661342859268188e-02
-4.588144272565841675e-02
-4.589977115392684937e-02
-4.588630422949790955e-02
-4.589563235640525818e-02
-4.589897021651268005e-02
-4.590518772602081299e-02
-4.590440914034843445e-02
-4.591711610555648804e-02
-4.588827118277549744e-02
-4.590477421879768372e-02
-4.591982066631317139e-02
-4.590817168354988098e-02
-4.591364786028862000e-02
-4.590390250086784363e-02
-4.590854793787002563e-02
-4.590748250484466553e-02
-4.589744284749031067e-02
-4.588557407259941101e-02
-4.589319601655006409e-02
-4.589209705591201782e-02
-4.591323062777519226e-02
-4.588849842548370361e-02
-4.591497033834457397e-02
-4.592156782746315002e-02
-4.589456692337989807e-02
-4.589564353227615356e-02
-4.587939754128456116e-02
-4.588752612471580505e-02
-4.590571299195289612e-02
-4.587436467409133911e-02
-4.588451609015464783e-02
-4.587693139910697937e-02
-4.590913280844688416e-02
-4.589781910181045532e-02
-4.590192064642906189e-02
-4.586971178650856018e-02
-4.589680582284927368e-02
-4.590668156743049622e-02
-4.588384553790092468e-02
-4.590084776282310486e-02
-4.588862881064414978e-02
-4.590227827429771423e-02
-4.590291902422904968e-02
-4.591197893023490906e-02
-4.588001593947410583e-02
-4.590666666626930237e-02
-4.588678106665611267e-02
-4.586464539170265198e-02
-4.590309038758277893e-02
-4.591352865099906921e-02
-4.591946303844451904e-02
-4.591635614633560181e-02
-4.589447751641273499e-02
-4.589935392141342163e-02
-4.589277878403663635e-02
-4.591365158557891846e-02
-4.589242860674858093e-02
-4.590988531708717346e-02
-4.591371491551399231e-02
-4.587507992982864380e-02
-4.587914794683456421e-02
-4.589398577809333801e-02
-4.591815173625946045e-02
-4.587991163134574890e-02
-4.589456692337989807e-02
-4.590889438986778259e-02
-4.592330753803253174e-02
-4.591187089681625366e-02
-4.590839520096778870e-02
-4.591195285320281982e-02
-4.588975384831428528e-02
-4.589327797293663025e-02
-4.588581249117851257e-02
-4.588402435183525085e-02
-4.588935524225234985e-02
-4.589319601655006409e-02
-4.590932279825210571e-02
-4.591639712452888489e-02
-4.591902717947959900e-02
-4.590909555554389954e-02
-4.591531679034233093e-02
-4.591550305485725403e-02
-4.588906839489936829e-02
-4.589566215872764587e-02
-4.590917751193046570e-02
-4.590068757534027100e-02
-4.588749632239341736e-02
-4.589737579226493835e-02
-4.587740078568458557e-02
-4.587431624531745911e-02
-4.591051489114761353e-02
-4.590777307748794556e-02
-4.589057341217994690e-02
-4.590454325079917908e-02
-4.589660838246345520e-02
-4.589536413550376892e-02
-4.589601233601570129e-02
-4.590672999620437622e-02
-4.589874669909477234e-02
-4.589207097887992859e-02
-4.591966420412063599e-02
-4.590718448162078857e-02
-4.590913280844688416e-02
-4.590189829468727112e-02
-4.590119794011116028e-02
-4.587931931018829346e-02
-4.590518400073051453e-02
-4.589986056089401245e-02
-4.593635722994804382e-02
-4.590521752834320068e-02
-4.591517522931098938e-02
-4.590650275349617004e-02
-4.588570073246955872e-02
-4.593492671847343445e-02
-4.588989168405532837e-02
-4.587133601307868958e-02
-4.589175805449485779e-02
-4.589412733912467957e-02
-4.591211304068565369e-02
-4.590263590216636658e-02
-4.590496048331260681e-02
-4.589262232184410095e-02
-4.588006064295768738e-02
-4.588178545236587524e-02
-4.589421674609184265e-02
-4.589984938502311707e-02
-4.590015858411788940e-02
-4.590479284524917603e-02
-4.588279500603675842e-02
-4.591495171189308167e-02
-4.590005055069923401e-02
-4.590253159403800964e-02
-4.590295255184173584e-02
-4.590223729610443115e-02
-4.591733962297439575e-02
-4.589170590043067932e-02
-4.590338841080665588e-02
-4.588975384831428528e-02
-4.589275270700454712e-02
-4.590568691492080688e-02
-4.589183256030082703e-02
-4.589454829692840576e-02
-4.589190706610679626e-02
-4.589474946260452271e-02
-4.590433463454246521e-02
-4.590975493192672729e-02
-4.590113088488578796e-02
-4.588969051837921143e-02
-4.590303823351860046e-02
-4.590437561273574829e-02
-4.591047018766403198e-02
-4.592441394925117493e-02
-4.587771371006965637e-02
-4.589640349149703979e-02
-4.590119048953056335e-02
-4.590086266398429871e-02
-4.588431492447853088e-02
-4.591956362128257751e-02
-4.588745534420013428e-02
-4.588912054896354675e-02
-4.588017612695693970e-02
-4.592797905206680298e-02
-4.593907296657562256e-02
-4.590488597750663757e-02
-4.588762298226356506e-02
-4.591845721006393433e-02
-4.589386656880378723e-02
-4.588583484292030334e-02
-4.589635506272315979e-02
-4.589728638529777527e-02
-4.591261595487594604e-02
-4.588146135210990906e-02
-4.589913040399551392e-02
-4.591403156518936157e-02
-4.590474441647529602e-02
-4.589899256825447083e-02
-4.589220508933067322e-02
-4.592109471559524536e-02
-4.591461643576622009e-02
-4.590859264135360718e-02
-4.589976370334625244e-02
-4.589902982115745544e-02
-4.588446766138076782e-02
-4.591031000018119812e-02
-4.588697850704193115e-02
-4.588748142123222351e-02
-4.589039459824562073e-02
-4.587912932038307190e-02
-4.592065140604972839e-02
-4.589691385626792908e-02
-4.588140919804573059e-02
-4.588885232806205750e-02
-4.590888321399688721e-02
-4.590206593275070190e-02
-4.588938504457473755e-02
-4.589893296360969543e-02
-4.588465020060539246e-02
-4.589413851499557495e-02
-4.588412493467330933e-02
-4.592948779463768005e-02
-4.592533409595489502e-02
-4.588983952999114990e-02
-4.589968174695968628e-02
-4.590574651956558228e-02
-4.590196162462234497e-02
-4.589347168803215027e-02
-4.588415846228599548e-02
-4.590330645442008972e-02
-4.588826000690460205e-02
-4.588823020458221436e-02
-4.589879885315895081e-02
-4.591984674334526062e-02
-4.589943215250968933e-02
-4.589815437793731689e-02
-4.590215906500816345e-02
-4.588903114199638367e-02
-4.591617360711097717e-02
-4.590182751417160034e-02
-4.592942818999290466e-02
-4.589729011058807373e-02
-4.591387882828712463e-02
-4.590691253542900085e-02
-4.588816314935684204e-02
-4.592288658022880554e-02
-4.589469730854034424e-02
-4.589785262942314148e-02
-4.591507092118263245e-02
-4.592101275920867920e-02
-4.590531438589096069e-02
-4.590339586138725281e-02
-4.590900614857673645e-02
-4.590042307972908020e-02
-4.591751843690872192e-02
-4.592106863856315613e-02
-4.590122029185295105e-02
-4.591605812311172485e-02
-4.590546339750289917e-02
-4.590773954987525940e-02
-4.588757827877998352e-02
-4.588654264807701111e-02
-4.589902609586715698e-02
-4.592612758278846741e-02
-4.592033848166465759e-02
-4.590205103158950806e-02
-4.590896517038345337e-02
-4.589856788516044617e-02
-4.590557143092155457e-02
-4.590760916471481323e-02
-4.589125886559486389e-02
-4.591356217861175537e-02
-4.591036960482597351e-02
-4.592137038707733154e-02
-4.591683298349380493e-02
-4.590392485260963440e-02
-4.590590670704841614e-02
-4.587703198194503784e-02
-4.587623104453086853e-02
-4.589734226465225220e-02
-4.593039304018020630e-02
-4.590996727347373962e-02
-4.590892046689987183e-02
-4.588015750050544739e-02
-4.590894654393196106e-02
-4.589315876364707947e-02
-4.590759426355361938e-02
-4.589856415987014771e-02
-4.589761048555374146e-02
-4.590435698628425598e-02
-4.589893668889999390e-02
-4.589781537652015686e-02
-4.590405523777008057e-02
-4.592170938849449158e-02
-4.590869322419166565e-02
-4.589316993951797485e-02
-4.589293152093887329e-02
-4.589888080954551697e-02
-4.589388519525527954e-02
-4.587912932038307190e-02
-4.589832946658134460e-02
-4.590759426355361938e-02
-4.590206593275070190e-02
-4.590736329555511475e-02
-4.589014500379562378e-02
-4.591206088662147522e-02
-4.590274766087532043e-02
-4.589851573109626770e-02
-4.590333253145217896e-02
-4.590320959687232971e-02
-4.590168222784996033e-02
-4.588820785284042358e-02
-4.590229690074920654e-02
-4.589208215475082397e-02
-4.590892046689987183e-02
-4.589275643229484558e-02
-4.589057341217994690e-02
-4.593611136078834534e-02
-4.593061655759811401e-02
-4.592599347233772278e-02
-4.588763043284416199e-02
-4.592327773571014404e-02
-4.592252895236015320e-02
-4.590817540884017944e-02
-4.590515419840812683e-02
-4.589504376053810120e-02
-4.591279849410057068e-02
-4.591716453433036804e-02
-4.590164870023727417e-02
-4.589030891656875610e-02
-4.589713737368583679e-02
-4.591153562068939209e-02
-4.591594263911247253e-02
-4.589786008000373840e-02
-4.589759930968284607e-02
-4.588202387094497681e-02
-4.588275402784347534e-02
-4.587280005216598511e-02
-4.588927328586578369e-02
-4.591381922364234924e-02
-4.590713232755661011e-02
-4.589315131306648254e-02
-4.592406377196311951e-02
-4.589609056711196899e-02
-4.590759426355361938e-02
-4.591187089681625366e-02
-4.590706527233123779e-02
-4.588885977864265442e-02
-4.592025652527809143e-02
-4.591049626469612122e-02
-4.588947445154190063e-02
-4.591586068272590637e-02
-4.587730392813682556e-02
-4.591558873653411865e-02
-4.591123759746551514e-02
-4.588102176785469055e-02
-4.589556902647018433e-02
-4.590798914432525635e-02
-4.591072723269462585e-02
-4.588834941387176514e-02
-4.590182751417160034e-02
-4.588847234845161438e-02
-4.588118940591812134e-02
-4.588457196950912476e-02
-4.589620977640151978e-02
-4.589045420289039612e-02
-4.589293152093887329e-02
-4.590917378664016724e-02
-4.589588567614555359e-02
-4.589866846799850464e-02
-4.588643088936805725e-02
-4.590163379907608032e-02
-4.589886218309402466e-02
-4.589022323489189148e-02
-4.588466137647628784e-02
-4.589432105422019958e-02
-4.590846225619316101e-02
-4.590115323662757874e-02
-4.589620977640151978e-02
-4.590049013495445251e-02
-4.589629545807838440e-02
-4.589871317148208618e-02
-4.587803781032562256e-02
-4.591511934995651245e-02
-4.588243737816810608e-02
-4.590655118227005005e-02
-4.590119794011116028e-02
-4.592898860573768616e-02
-4.591993242502212524e-02
-4.590718075633049011e-02
-4.592246562242507935e-02
-4.590160027146339417e-02
-4.589183628559112549e-02
-4.590185731649398804e-02
-4.591764137148857117e-02
-4.590355232357978821e-02
-4.589642211794853210e-02
-4.587669298052787781e-02
-4.590213671326637268e-02
-4.589657112956047058e-02
-4.590707272291183472e-02
-4.589483886957168579e-02
-4.591532051563262939e-02
-4.591994732618331909e-02
-4.590605944395065308e-02
-4.588656127452850342e-02
-4.590380564332008362e-02
-4.588192328810691833e-02
-4.587929695844650269e-02
-4.590486735105514526e-02
-4.592640325427055359e-02
-4.589407145977020264e-02
-4.589940607547760010e-02
-4.591373354196548462e-02
-4.591624066233634949e-02
-4.591620340943336487e-02
-4.589214548468589783e-02
-4.590205848217010498e-02
-4.589079320430755615e-02
-4.589965566992759705e-02
-4.590151458978652954e-02
-4.590797051787376404e-02
-4.589326679706573486e-02
-4.590153321623802185e-02
-4.588978365063667297e-02
-4.591724649071693420e-02
-4.590993747115135193e-02
-4.589335620403289795e-02
-4.591113701462745667e-02
-4.590021818876266479e-02
-4.589172080159187317e-02
-4.588003084063529968e-02
-4.591642320156097412e-02
-4.590084403753280640e-02
-4.590581357479095459e-02
-4.592024534940719604e-02
-4.589801281690597534e-02
-4.591959342360496521e-02
-4.588057845830917358e-02
-4.591188207268714905e-02
-4.589791223406791687e-02
-4.588650539517402649e-02
-4.591393843293190002e-02
-4.590604081749916077e-02
-4.590152949094772339e-02
-4.589038342237472534e-02
-4.588668048381805420e-02
-4.590906947851181030e-02
-4.590205848217010498e-02
-4.590712487697601318e-02
-4.591678828001022339e-02
-4.591112583875656128e-02
-4.591465368866920471e-02
-4.590636864304542542e-02
-4.590333625674247742e-02
-4.590999335050582886e-02
-4.590592533349990845e-02
-4.591929540038108826e-02
-4.591483250260353088e-02
-4.589268937706947327e-02
-4.589558392763137817e-02
-4.587048664689064026e-02
-4.592273384332656860e-02
-4.591955617070198059e-02
-4.590476676821708679e-02
-4.590376466512680054e-02
-4.592562839388847351e-02
-4.589880257844924927e-02
-4.590209946036338806e-02
-4.590217769145965576e-02
-4.589059576392173767e-02
-4.589049890637397766e-02
-4.589958488941192627e-02
-4.587822407484054565e-02
-4.589853808283805847e-02
-4.592259973287582397e-02
-4.591362178325653076e-02
-4.588862508535385132e-02
-4.589424654841423035e-02
-4.588877782225608826e-02
-4.590543732047080994e-02
-4.591491445899009705e-02
-4.589132964611053467e-02
-4.589877277612686157e-02
-4.589987918734550476e-02
-4.589246958494186401e-02
-4.590391740202903748e-02
-4.589953646063804626e-02
-4.589023813605308533e-02
-4.589441046118736267e-02
-4.588378965854644775e-02
-4.590324312448501587e-02
-4.591444507241249084e-02
-4.591868817806243896e-02
-4.590783640742301941e-02
-4.590401798486709595e-02
-4.589371383190155029e-02
-4.589226469397544861e-02
-4.590678960084915161e-02
-4.590986669063568115e-02
-4.591443017125129700e-02
-4.589829593896865845e-02
-4.590525105595588684e-02
-4.591364786028862000e-02
-4.592255130410194397e-02
-4.592943564057350159e-02
-4.590757563710212708e-02
-4.591377452015876770e-02
-4.588912427425384521e-02
-4.591421037912368774e-02
-4.589562490582466125e-02
-4.588699713349342346e-02
-4.591055586934089661e-02
-4.590477421879768372e-02
-4.588819667696952820e-02
-4.589365050196647644e-02
-4.590990766882896423e-02
-4.590326175093650818e-02
-4.589965566992759705e-02
-4.590970650315284729e-02
-4.591406509280204773e-02
-4.588579013943672180e-02
-4.589872062206268311e-02
-4.588442295789718628e-02
-4.589742794632911682e-02
-4.588734731078147888e-02
-4.587465897202491760e-02
-4.590551927685737610e-02
-4.589987918734550476e-02
-4.588683322072029114e-02
-4.590605944395065308e-02
-4.590720683336257935e-02
-4.589790478348731995e-02
-4.591612890362739563e-02
-4.590819776058197021e-02
-4.591542854905128479e-02
-4.589862376451492310e-02
-4.590868204832077026e-02
-4.589585959911346436e-02
-4.589297249913215637e-02
-4.587829485535621643e-02
-4.590648785233497620e-02
-4.587569087743759155e-02
-4.590587317943572998e-02
-4.590220376849174500e-02
-4.589916765689849854e-02
-4.590177163481712341e-02
-4.590866714715957642e-02
-4.590398445725440979e-02
-4.590535536408424377e-02
-4.590068757534027100e-02
-4.588993266224861145e-02
-4.591036215424537659e-02
-4.589701816439628601e-02
-4.589873179793357849e-02
-4.588424414396286011e-02
-4.589648172259330750e-02
-4.589614644646644592e-02
-4.589048773050308228e-02
-4.592231661081314087e-02
-4.590745642781257629e-02
-4.588342830538749695e-02
-4.588906094431877136e-02
-4.588969424366950989e-02
-4.592726379632949829e-02
-4.590986669063568115e-02
-4.589561372995376587e-02
-4.588983952999114990e-02
-4.589308425784111023e-02
-4.591478407382965088e-02
-4.589151218533515930e-02
-4.588473960757255554e-02
-4.591896012425422668e-02
-4.589664191007614136e-02
-4.588654264807701111e-02
-4.589670151472091675e-02
-4.590723663568496704e-02
-4.590252786874771118e-02
-4.590342193841934204e-02
-4.587320983409881592e-02
-4.589860886335372925e-02
-4.591087996959686279e-02
-4.589037597179412842e-02
-4.590933769941329956e-02
-4.589801281690597534e-02
-4.591242223978042603e-02
-4.592217132449150085e-02
-4.590829089283943176e-02
-4.590390622615814209e-02
-4.592429846525192261e-02
-4.590634629130363464e-02
-4.590840265154838562e-02
-4.590211063623428345e-02
-4.588557407259941101e-02
-4.590290039777755737e-02
-4.590754210948944092e-02
-4.591219872236251831e-02
-4.589652270078659058e-02
-4.588213190436363220e-02
-4.590453580021858215e-02
-4.590258374810218811e-02
-4.591682180762290955e-02
-4.587795212864875793e-02
-4.589655250310897827e-02
-4.593118652701377869e-02
-4.591912403702735901e-02
-4.589116200804710388e-02
-4.588688164949417114e-02
-4.589851573109626770e-02
-4.589613899588584900e-02
-4.589997977018356323e-02
-4.590170830488204956e-02
-4.590523615479469299e-02
-4.589441046118736267e-02
-4.589882120490074158e-02
-4.588516429066658020e-02
-4.591377452015876770e-02
-4.590911790728569031e-02
-4.588607698678970337e-02
-4.589349403977394104e-02
-4.592167958617210388e-02
-4.590530321002006531e-02
-4.590289667248725891e-02
-4.589383304119110107e-02
-4.592068493366241455e-02
-4.591334238648414612e-02
-4.588415846228599548e-02
-4.589653760194778442e-02
-4.588689655065536499e-02
-4.590714350342750549e-02
-4.591358080506324768e-02
-4.592159017920494080e-02
-4.590819031000137329e-02
-4.590641707181930542e-02
-4.590608552098274231e-02
-4.590227454900741577e-02
-4.587573185563087463e-02
-4.589963331818580627e-02
-4.591060802340507507e-02
-4.589778557419776917e-02
-4.591304808855056763e-02
-4.590983316302299500e-02
-4.589307680726051331e-02
-4.591975733637809753e-02
-4.590268060564994812e-02
-4.590869322419166565e-02
-4.592090100049972534e-02
-4.591248556971549988e-02
-4.587427526712417603e-02
-4.588438197970390320e-02
-4.588900879025459290e-02
-4.591076821088790894e-02
-4.592747986316680908e-02
-4.592661559581756592e-02
-4.589837417006492615e-02
-4.590376093983650208e-02
-4.589860886335372925e-02
-4.590018093585968018e-02
-4.589032009243965149e-02
-4.590750113129615784e-02
-4.587974026799201965e-02
-4.588829353451728821e-02
-4.591604694724082947e-02
-4.591811820864677429e-02
-4.586575180292129517e-02
-4.589848965406417847e-02
-4.590591415762901306e-02
-4.589150846004486084e-02
-4.590373486280441284e-02
-4.590467363595962524e-02
-4.591440036892890930e-02
-4.589308425784111023e-02
-4.589057341217994690e-02
-4.591063037514686584e-02
-4.590572789311408997e-02
-4.589677974581718445e-02
-4.590081423521041870e-02
-4.592076689004898071e-02
-4.594331234693527222e-02
-4.590026289224624634e-02
-4.590857401490211487e-02
-4.592717811465263367e-02
-4.588958248496055603e-02
-4.589135572314262390e-02
-4.591248184442520142e-02
-4.591897875070571899e-02
-4.590739309787750244e-02
-4.592201858758926392e-02
-4.589796811342239380e-02
-4.590743035078048706e-02
-4.591562971472740173e-02
-4.589482769370079041e-02
-4.591951146721839905e-02
-4.591397941112518311e-02
-4.590653628110885620e-02
-4.590500518679618835e-02
-4.589176550507545471e-02
-4.590848833322525024e-02
-4.590066522359848022e-02
-4.587823525071144104e-02
-4.590409249067306519e-02
-4.589876905083656311e-02
-4.588238149881362915e-02
-4.587029665708541870e-02
-4.589188471436500549e-02
-4.589336365461349487e-02
-4.591165110468864441e-02
-4.589935764670372009e-02
-4.589672386646270752e-02
-4.589747637510299683e-02
-4.591906443238258362e-02
-4.591108486056327820e-02
-4.590288922190666199e-02
-4.591251909732818604e-02
-4.588874429464340210e-02
-4.586960747838020325e-02
-4.591193050146102905e-02
-4.590613022446632385e-02
-4.592573270201683044e-02
-4.588599130511283875e-02
-4.590736329555511475e-02
-4.590127617120742798e-02
-4.593215137720108032e-02
-4.589788988232612610e-02
-4.591699689626693726e-02
-4.592283815145492554e-02
-4.591476172208786011e-02
-4.590427502989768982e-02
-4.592110216617584229e-02
-4.591824859380722046e-02
-4.588417708873748779e-02
-4.586978629231452942e-02
-4.590813070535659790e-02
-4.590629413723945618e-02
-4.593613371253013611e-02
-4.590992629528045654e-02
-4.592448845505714417e-02
-4.589680209755897522e-02
-4.590722545981407166e-02
-4.591732099652290344e-02
-4.592325910925865173e-02
-4.590618982911109924e-02
-4.589844495058059692e-02
-4.590050131082534790e-02
-4.590788111090660095e-02
-4.590611532330513000e-02
-4.592302814126014709e-02
-4.589688032865524292e-02
-4.591146856546401978e-02
-4.591422528028488159e-02
-4.593692719936370850e-02
-4.593155533075332642e-02
-4.593535885214805603e-02
-4.592200368642807007e-02
-4.591097310185432434e-02
-4.589482769370079041e-02
-4.591556265950202942e-02
-4.589610919356346130e-02
-4.589962214231491089e-02
-4.590909183025360107e-02
-4.590398818254470825e-02
-4.591373354196548462e-02
-4.588004574179649353e-02
-4.589017480611801147e-02
-4.588983580470085144e-02
-4.592818394303321838e-02
-4.591778665781021118e-02
-4.589596018195152283e-02
-4.589903727173805237e-02
-4.590746387839317322e-02
-4.588850960135459900e-02
-4.591402038931846619e-02
-4.592458158731460571e-02
-4.591352120041847229e-02
-4.590599983930587769e-02
-4.591405019164085388e-02
-4.591310396790504456e-02
-4.589293152093887329e-02
-4.591193422675132751e-02
-4.590203985571861267e-02
-4.590354114770889282e-02
-4.589347541332244873e-02
-4.589114338159561157e-02
-4.592065513134002686e-02
-4.588994011282920837e-02
-4.589666053652763367e-02
-4.591156542301177979e-02
-4.592714458703994751e-02
-4.591007903218269348e-02
-4.590909555554389954e-02
-4.589732363820075989e-02
-4.591153562068939209e-02
-4.589345678687095642e-02
-4.590101167559623718e-02
-4.589762166142463684e-02
-4.590219631791114807e-02
-4.591129720211029053e-02
-4.593246430158615112e-02
-4.589911177754402161e-02
-4.590096324682235718e-02
-4.588889330625534058e-02
-4.590484127402305603e-02
-4.590594023466110229e-02
-4.589976742863655090e-02
-4.590178281068801880e-02
-4.589847475290298462e-02
-4.589905217289924622e-02
-4.587436094880104065e-02
-4.588433727622032166e-02
-4.589242488145828247e-02
-4.592110589146614075e-02
-4.589844495058059692e-02
-4.589868709444999695e-02
-4.592889919877052307e-02
-4.590775445103645325e-02
-4.589150846004486084e-02
-4.589195176959037781e-02
-4.588958248496055603e-02
-4.590767994523048401e-02
-4.591592028737068176e-02
-4.590158909559249878e-02
-4.589350149035453796e-02
-4.591958969831466675e-02
-4.591203480958938599e-02
-4.592029005289077759e-02
-4.590329155325889587e-02
-4.588023945689201355e-02
-4.589502513408660889e-02
-4.589882120490074158e-02
-4.590874165296554565e-02
-4.590056091547012329e-02
-4.588397219777107239e-02
-4.590522497892379761e-02
-4.590823128819465637e-02
-4.590719193220138550e-02
-4.589109122753143311e-02
-4.589924961328506470e-02
-4.590852931141853333e-02
-4.590719565749168396e-02
-4.590361565351486206e-02
-4.589491710066795349e-02
-4.590850323438644409e-02
-4.590670764446258545e-02
-4.591577500104904175e-02
-4.589463770389556885e-02
-4.587322846055030823e-02
-4.588744789361953735e-02
-4.590105637907981873e-02
-4.590569064021110535e-02
-4.589724913239479065e-02
-4.588576033711433411e-02
-4.588061943650245667e-02
-4.588289931416511536e-02
-4.590452834963798523e-02
-4.588685184717178345e-02
-4.588963836431503296e-02
-4.589328542351722717e-02
-4.591340944170951843e-02
-4.590793326497077942e-02
-4.587121680378913879e-02
-4.590209946036338806e-02
-4.591721668839454651e-02
-4.589559882879257202e-02
-4.590317234396934509e-02
-4.590411111712455750e-02
-4.592063650488853455e-02
-4.590211063623428345e-02
-4.590235650539398193e-02
-4.591177031397819519e-02
-4.591966047883033752e-02
-4.589260369539260864e-02
-4.591518267989158630e-02
-4.592567309737205505e-02
-4.590401798486709595e-02
-4.590506851673126221e-02
-4.590909183025360107e-02
-4.592262208461761475e-02
-4.590183869004249573e-02
-4.590765759348869324e-02
-4.589966684579849243e-02
-4.590091854333877563e-02
-4.592102020978927612e-02
-4.591055959463119507e-02
-4.589832574129104614e-02
-4.591407626867294312e-02
-4.589735344052314758e-02
-4.590286687016487122e-02
-4.591597616672515869e-02
-4.590940847992897034e-02
-4.590012133121490479e-02
-4.593805223703384399e-02
-4.590681940317153931e-02
-4.590060934424400330e-02
-4.591299965977668762e-02
-4.591048881411552429e-02
-4.589520394802093506e-02
-4.591115936636924744e-02
-4.590377956628799438e-02
-4.589143022894859314e-02
-4.588999599218368530e-02
-4.589815810322761536e-02
-4.590176790952682495e-02
-4.591300711035728455e-02
-4.592122510075569153e-02
-4.592050239443778992e-02
-4.589523002505302429e-02
-4.590684548020362854e-02
-4.591341689229011536e-02
-4.591681435704231262e-02
-4.592621698975563049e-02
-4.591172188520431519e-02
-4.590552300214767456e-02
-4.590470343828201294e-02
-4.590956121683120728e-02
-4.590237513184547424e-02
-4.590151458978652954e-02
-4.591380804777145386e-02
-4.590527713298797607e-02
-4.592011123895645142e-02
-4.591030254960060120e-02
-4.591219499707221985e-02
-4.588618502020835876e-02
-4.589625447988510132e-02
-4.589479416608810425e-02
-4.591627791523933411e-02
-4.590819031000137329e-02
-4.593139141798019409e-02
-4.592486098408699036e-02
-4.590559378266334534e-02
-4.592492431402206421e-02
-4.591546952724456787e-02
-4.592039063572883606e-02
-4.591082036495208740e-02
-4.589472711086273193e-02
-4.590131714940071106e-02
-4.589947685599327087e-02
-4.593009874224662781e-02
-4.590953513979911804e-02
-4.590813070535659790e-02
-4.588613286614418030e-02
-4.588522389531135559e-02
-4.589856788516044617e-02
-4.592447727918624878e-02
-4.592159017920494080e-02
-4.593758657574653625e-02
-4.592360183596611023e-02
-4.591406509280204773e-02
-4.591270163655281067e-02
-4.588862136006355286e-02
-4.592221602797508240e-02
-4.592265188694000244e-02
-4.590114578604698181e-02
-4.589710012078285217e-02
-4.590569064021110535e-02
-4.592079669237136841e-02
-4.590089991688728333e-02
-4.588424414396286011e-02
-4.589848965406417847e-02
-4.589428007602691650e-02
-4.591197893023490906e-02
-4.590024799108505249e-02
-4.589505493640899658e-02
-4.592281952500343323e-02
-4.588647559285163879e-02
-4.589378461241722107e-02
-4.588640853762626648e-02
-4.590024426579475403e-02
-4.588392004370689392e-02
-4.592425003647804260e-02
-4.591561481356620789e-02
-4.590969532728195190e-02
-4.589904472231864929e-02
-4.589782655239105225e-02
-4.592591151595115662e-02
-4.590941220521926880e-02
-4.590619355440139771e-02
-4.589933902025222778e-02
-4.593364149332046509e-02
-4.591687768697738647e-02
-4.590230435132980347e-02
-4.592162743210792542e-02
-4.590740427374839783e-02
-4.590414464473724365e-02
-4.591650888323783875e-02
-4.592365399003028870e-02
-4.591460153460502625e-02
-4.592252150177955627e-02
-4.590131714940071106e-02
-4.590281099081039429e-02
-4.589924961328506470e-02
-4.590957984328269958e-02
-4.590965434908866882e-02
-4.590759426355361938e-02
-4.593958333134651184e-02
-4.593693837523460388e-02
-4.591217264533042908e-02
-4.590473324060440063e-02
-4.590846598148345947e-02
-4.591276869177818298e-02
-4.590532928705215454e-02
-4.589693248271942139e-02
-4.589449614286422729e-02
-4.592866823077201843e-02
-4.590139538049697876e-02
-4.588823020458221436e-02
-4.590528458356857300e-02
-4.592075571417808533e-02
-4.590546339750289917e-02
-4.590750858187675476e-02
-4.590373486280441284e-02
-4.592813178896903992e-02
-4.590203985571861267e-02
-4.589718952775001526e-02
-4.589594528079032898e-02
-4.591811820864677429e-02
-4.591006785631179810e-02
-4.590534418821334839e-02
-4.591209441423416138e-02
-4.589199274778366089e-02
-4.589966312050819397e-02
-4.589171335101127625e-02
-4.589242115616798401e-02
-4.589988291263580322e-02
-4.590578749775886536e-02
-4.590488970279693604e-02
-4.588863998651504517e-02
-4.591869190335273743e-02
-4.590363055467605591e-02
-4.592268913984298706e-02
-4.592449963092803955e-02
-4.590940102934837341e-02
-4.591182619333267212e-02
-4.590041562914848328e-02
-4.589400812983512878e-02
-4.590118303894996643e-02
-4.590950533747673035e-02
-4.591132327914237976e-02
-4.590063542127609253e-02
-4.590146243572235107e-02
-4.589975252747535706e-02
-4.592018574476242065e-02
-4.590179026126861572e-02
-4.590987414121627808e-02
-4.592354968190193176e-02
-4.590871557593345642e-02
-4.591254889965057373e-02
-4.592153057456016541e-02
-4.591125622391700745e-02
-4.593290016055107117e-02
-4.590885341167449951e-02
-4.590319097042083740e-02
-4.591384157538414001e-02
-4.590179398655891418e-02
-4.591057822108268738e-02
-4.592129960656166077e-02
-4.591329768300056458e-02
-4.590486735105514526e-02
-4.590737074613571167e-02
-4.592476785182952881e-02
-4.591202363371849060e-02
-4.591757804155349731e-02
-4.590157046914100647e-02
-4.589315876364707947e-02
-4.589020833373069763e-02
-4.588979855179786682e-02
-4.593297466635704041e-02
-4.591362178325653076e-02
-4.591801390051841736e-02
-4.588166996836662292e-02
-4.591868817806243896e-02
-4.589743539690971375e-02
-4.589549079537391663e-02
-4.588029533624649048e-02
-4.591133818030357361e-02
-4.590306431055068970e-02
-4.591251909732818604e-02
-4.588278010487556458e-02
-4.589531198143959045e-02
-4.589346796274185181e-02
-4.589684307575225830e-02
-4.591254889965057373e-02
-4.590310528874397278e-02
-4.592999070882797241e-02
-4.590512439608573914e-02
-4.591698572039604187e-02
-4.589893296360969543e-02
-4.589923843741416931e-02
-4.590304940938949585e-02
-4.589466005563735962e-02
-4.593025892972946167e-02
-4.591339454054832458e-02
-4.589264839887619019e-02
-4.591826349496841431e-02
-4.589688405394554138e-02
-4.593822732567787170e-02
-4.590969532728195190e-02
-4.591135680675506592e-02
-4.593595117330551147e-02
-4.591771587729454041e-02
-4.589672759175300598e-02
-4.590565338730812073e-02
-4.589577019214630127e-02
-4.588856920599937439e-02
-4.591106995940208435e-02
-4.590791836380958557e-02
-4.591588303446769714e-02
-4.591775313019752502e-02
-4.590599238872528076e-02
-4.592175409197807312e-02
-4.591620340943336487e-02
-4.591758176684379578e-02
-4.588983207941055298e-02
-4.591584578156471252e-02
-4.592188075184822083e-02
-4.591983184218406677e-02
-4.593016952276229858e-02
-4.591884464025497437e-02
-4.591085016727447510e-02
-4.592100158333778381e-02
-4.590686038136482239e-02
-4.591477289795875549e-02
-4.591531306505203247e-02
-4.591720551252365112e-02
-4.593546688556671143e-02
-4.592146724462509155e-02
-4.593134298920631409e-02
-4.590819403529167175e-02
-4.590718448162078857e-02
-4.589952901005744934e-02
-4.591213911771774292e-02
-4.591915756464004517e-02
-4.592341557145118713e-02
-4.590505734086036682e-02
-4.591239988803863525e-02
-4.590103775262832642e-02
-4.592498764395713806e-02
-4.589634761214256287e-02
-4.590422287583351135e-02
-4.590763524174690247e-02
-4.591684415936470032e-02
-4.591835290193557739e-02
-4.589048400521278381e-02
-4.589739069342613220e-02
-4.591652378439903259e-02
-4.591433703899383545e-02
-4.591350257396697998e-02
-4.591153562068939209e-02
-4.589355736970901489e-02
-4.589583352208137512e-02
-4.591096192598342896e-02
-4.590811580419540405e-02
-4.590986669063568115e-02
-4.591085016727447510e-02
-4.589927569031715393e-02
-4.590540006756782532e-02
-4.591047391295433044e-02
-4.590132459998130798e-02
-4.590304940938949585e-02
-4.593985527753829956e-02
-4.591929167509078979e-02
-4.591072723269462585e-02
-4.591412469744682312e-02
-4.590158909559249878e-02
-4.590643569827079773e-02
-4.589835181832313538e-02
-4.592665657401084900e-02
-4.591316729784011841e-02
-4.591368883848190308e-02
-4.589885845780372620e-02
-4.589992016553878784e-02
-4.590216651558876038e-02
-4.591653868556022644e-02
-4.591249674558639526e-02
-4.592202603816986084e-02
-4.590583592653274536e-02
-4.592851176857948303e-02
-4.591197147965431213e-02
-4.590777680277824402e-02
-4.591671377420425415e-02
-4.591708630323410034e-02
-4.590562358498573303e-02
-4.591333121061325073e-02
-4.591180384159088135e-02
-4.591456800699234009e-02
-4.590994492173194885e-02
-4.593362286686897278e-02
-4.590008035302162170e-02
-4.590250924229621887e-02
-4.591099545359611511e-02
-4.589582979679107666e-02
-4.590339958667755127e-02
-4.590683802962303162e-02
-4.589486494660377502e-02
-4.591089859604835510e-02
-4.592015594244003296e-02
-4.592414945363998413e-02
-4.588996618986129761e-02
-4.591279476881027222e-02
-4.589907824993133545e-02
-4.591076076030731201e-02
-4.590779915452003479e-02
-4.591230303049087524e-02
-4.590452089905738831e-02
-4.592137783765792847e-02
-4.591052234172821045e-02
-4.590480774641036987e-02
-4.591547697782516479e-02
-4.589964076876640320e-02
-4.589110985398292542e-02
-4.590995982289314270e-02
-4.591576755046844482e-02
-4.590849578380584717e-02
-4.590533673763275146e-02
-4.591516032814979553e-02
-4.589845612645149231e-02
-4.590437561273574829e-02
-4.591752588748931885e-02
-4.592440277338027954e-02
-4.592939093708992004e-02
-4.591302946209907532e-02
-4.590769857168197632e-02
-4.587905108928680420e-02
-4.591103270649909973e-02
-4.589909687638282776e-02
-4.591790586709976196e-02
-4.591855034232139587e-02
-4.592399671673774719e-02
-4.590775445103645325e-02
-4.591185972094535828e-02
-4.590054228901863098e-02
-4.590516909956932068e-02
