-1.977349631488323212e-02
-1.977100595831871033e-02
-1.977704279124736786e-02
-1.977377757430076599e-02
-1.977640949189662933e-02
-1.977431774139404297e-02
-1.977341622114181519e-02
-1.977241598069667816e-02
-1.977347210049629211e-02
-1.977575756609439850e-02
-1.977043598890304565e-02
-1.977267116308212280e-02
-1.977662183344364166e-02
-1.977824792265892029e-02
-1.977278292179107666e-02
-1.977499574422836304e-02
-1.977334357798099518e-02
-1.977495104074478149e-02
-1.977438293397426605e-02
-1.977496221661567688e-02
-1.977545954287052155e-02
-1.977842859923839569e-02
-1.977434381842613220e-02
-1.977919042110443115e-02
-1.977805234491825104e-02
-1.977588050067424774e-02
-1.977145671844482422e-02
-1.977873779833316803e-02
-1.978046074509620667e-02
-1.977566257119178772e-02
-1.978012919425964355e-02
-1.977702602744102478e-02
-1.977594941854476929e-02
-1.977694407105445862e-02
-1.977906189858913422e-02
-1.977885700762271881e-02
-1.977826468646526337e-02
-1.978002302348613739e-02
-1.977913826704025269e-02
-1.978382281959056854e-02
-1.977773383259773254e-02
-1.978119835257530212e-02
-1.978105679154396057e-02
-1.977924257516860962e-02
-1.978071033954620361e-02
-1.978371851146221161e-02
-1.978522352874279022e-02
-1.978263817727565765e-02
-1.977812498807907104e-02
-1.978142373263835907e-02
-1.978029683232307434e-02
-1.977938413619995117e-02
-1.978195458650588989e-02
-1.978361606597900391e-02
-1.978518813848495483e-02
-1.978567801415920258e-02
-1.978378370404243469e-02
-1.978426054120063782e-02
-1.978454738855361938e-02
-1.978187263011932373e-02
-1.978483237326145172e-02
-1.978366449475288391e-02
-1.978550665080547333e-02
-1.978547312319278717e-02
-1.978358067572116852e-02
-1.978485099971294403e-02
-1.978634670376777649e-02
-1.978620141744613647e-02
-1.978499628603458405e-02
-1.978860795497894287e-02
-1.978582143783569336e-02
-1.978419721126556396e-02
-1.978663727641105652e-02
-1.978537440299987793e-02
-1.978189498186111450e-02
-1.978484727442264557e-02
-1.978611201047897339e-02
-1.978711411356925964e-02
-1.978670433163642883e-02
-1.978739351034164429e-02
-1.978765800595283508e-02
-1.978531479835510254e-02
-1.978685706853866577e-02
-1.978645287454128265e-02
-1.978676766157150269e-02
-1.978839375078678131e-02
-1.978778466582298279e-02
-1.978546753525733948e-02
-1.978767476975917816e-02
-1.978765800595283508e-02
-1.979034021496772766e-02
-1.979054510593414307e-02
-1.979068294167518616e-02
-1.978792995214462280e-02
-1.978694461286067963e-02
-1.978572085499763489e-02
-1.978864893317222595e-02
-1.979238726198673248e-02
-1.978776790201663971e-02
-1.979085244238376617e-02
-1.978962495923042297e-02
-1.979291439056396484e-02
-1.978482678532600403e-02
-1.978709176182746887e-02
-1.979508996009826660e-02
-1.979228854179382324e-02
-1.978961937129497528e-02
-1.979280076920986176e-02
-1.978715881705284119e-02
-1.978961937129497528e-02
-1.979020796716213226e-02
-1.979014091193675995e-02
-1.979447156190872192e-02
-1.979072205722332001e-02
-1.979270391166210175e-02
-1.979051530361175537e-02
-1.979073882102966309e-02
-1.979129761457443237e-02
-1.979300193488597870e-02
-1.978976093232631683e-02
-1.979248225688934326e-02
-1.979163289070129395e-02
-1.979393884539604187e-02
-1.979647949337959290e-02
-1.979396678507328033e-02
-1.979009620845317841e-02
-1.979020982980728149e-02
-1.979047432541847229e-02
-1.979284361004829407e-02
-1.979056745767593384e-02
-1.979136280715465546e-02
-1.979390159249305725e-02
-1.979419030249118805e-02
-1.979211904108524323e-02
-1.979396678507328033e-02
-1.979406736791133881e-02
-1.979185268282890320e-02
-1.979441381990909576e-02
-1.979210227727890015e-02
-1.979646645486354828e-02
-1.979274675250053406e-02
-1.979478821158409119e-02
-1.979704760015010834e-02
-1.979192718863487244e-02
-1.979389041662216187e-02
-1.978944614529609680e-02
-1.979349553585052490e-02
-1.979549974203109741e-02
-1.979099214076995850e-02
-1.979366317391395569e-02
-1.979455910623073578e-02
-1.979315280914306641e-02
-1.979420147836208344e-02
-1.979396678507328033e-02
-1.979162544012069702e-02
-1.979406550526618958e-02
-1.979475840926170349e-02
-1.979314163327217102e-02
-1.979417167603969574e-02
-1.979936659336090088e-02
-1.979317143559455872e-02
-1.979624107480049133e-02
-1.979264244437217712e-02
-1.979477517306804657e-02
-1.979558169841766357e-02
-1.979444362223148346e-02
-1.979433745145797729e-02
-1.979379728436470032e-02
-1.979217678308486938e-02
-1.979361474514007568e-02
-1.979520916938781738e-02
-1.979609765112400055e-02
-1.979764178395271301e-02
-1.979430578649044037e-02
-1.979842595756053925e-02
-1.979656890034675598e-02
-1.979873515665531158e-02
-1.979271322488784790e-02
-1.979411952197551727e-02
-1.979443430900573730e-02
-1.979694329202175140e-02
-1.979514956474304199e-02
-1.979618892073631287e-02
-1.979686692357063293e-02
-1.979615725576877594e-02
-1.979570649564266205e-02
-1.979452371597290039e-02
-1.979346573352813721e-02
-1.979499310255050659e-02
-1.979565620422363281e-02
-1.979559287428855896e-02
-1.979561522603034973e-02
-1.979712583124637604e-02
-1.979666389524936676e-02
-1.979365572333335876e-02
-1.979621872305870056e-02
-1.979611068964004517e-02
-1.979388669133186340e-02
-1.979791931807994843e-02
-1.979620195925235748e-02
-1.979657635092735291e-02
-1.979302428662776947e-02
-1.979649998247623444e-02
-1.979453675448894501e-02
-1.979260891675949097e-02
-1.979666575789451599e-02
-1.979724131524562836e-02
-1.979520544409751892e-02
-1.979310438036918640e-02
-1.979440078139305115e-02
-1.979968510568141937e-02
-1.979568600654602051e-02
-1.979847997426986694e-02
-1.979463361203670502e-02
-1.979674212634563446e-02
-1.979735121130943298e-02
-1.979754306375980377e-02
-1.979626528918743134e-02
-1.979744993150234222e-02
-1.979599148035049438e-02
-1.979368180036544800e-02
-1.979741081595420837e-02
-1.979689672589302063e-02
-1.979353651404380798e-02
-1.979509368538856506e-02
-1.979704201221466064e-02
-1.979804597795009613e-02
-1.979623176157474518e-02
-1.979586109519004822e-02
-1.979584060609340668e-02
-1.979356445372104645e-02
-1.979630813002586365e-02
-1.979636028409004211e-02
-1.979564689099788666e-02
-1.979702338576316833e-02
-1.979704573750495911e-02
-1.979712583124637604e-02
-1.979682780802249908e-02
-1.979613304138183594e-02
-1.979768276214599609e-02
-1.979667879641056061e-02
-1.979983597993850708e-02
-1.979813911020755768e-02
-1.979738101363182068e-02
-1.979263499379158020e-02
-1.979697681963443756e-02
-1.980127766728401184e-02
-1.979688741266727448e-02
-1.979893073439598083e-02
-1.979615166783332825e-02
-1.979810744524002075e-02
-1.979802921414375305e-02
-1.979738473892211914e-02
-1.979886367917060852e-02
-1.979565620422363281e-02
-1.979568228125572205e-02
-1.979975774884223938e-02
-1.979642361402511597e-02
-1.979619264602661133e-02
-1.979749836027622223e-02
-1.979457214474678040e-02
-1.979652978479862213e-02
-1.979806460440158844e-02
-1.979912631213665009e-02
-1.979801058769226074e-02
-1.979815028607845306e-02
-1.979861222207546234e-02
-1.979607902467250824e-02
-1.980100944638252258e-02
-1.979881525039672852e-02
-1.979728788137435913e-02
-1.979991234838962555e-02
-1.979754865169525146e-02
-1.979950442910194397e-02
-1.979890093207359314e-02
-1.979764178395271301e-02
-1.979960128664970398e-02
-1.979954913258552551e-02
-1.979831792414188385e-02
-1.979980431497097015e-02
-1.980026811361312866e-02
-1.980039849877357483e-02
-1.979978382587432861e-02
-1.980130746960639954e-02
-1.979809626936912537e-02
-1.979739777743816376e-02
-1.979502290487289429e-02
-1.979880593717098236e-02
-1.980031840503215790e-02
-1.980113983154296875e-02
-1.980129443109035492e-02
-1.979974843561649323e-02
-1.979872398078441620e-02
-1.979831419885158539e-02
-1.980149745941162109e-02
-1.979744434356689453e-02
-1.979809999465942383e-02
-1.979825831949710846e-02
-1.979897730052471161e-02
-1.979864574968814850e-02
-1.979981176555156708e-02
-1.979730091989040375e-02
-1.979939080774784088e-02
-1.979813538491725922e-02
-1.979764178395271301e-02
-1.979340985417366028e-02
-1.979639194905757904e-02
-1.979988440871238708e-02
-1.979661732912063599e-02
-1.979477517306804657e-02
-1.979756727814674377e-02
-1.980214938521385193e-02
-1.980220526456832886e-02
-1.979961059987545013e-02
-1.979661732912063599e-02
-1.979704573750495911e-02
-1.979834772646427155e-02
-1.979699358344078064e-02
-1.979960314929485321e-02
-1.979985646903514862e-02
-1.979652978479862213e-02
-1.979783549904823303e-02
-1.979819871485233307e-02
-1.979850605130195618e-02
-1.979926601052284241e-02
-1.979676447808742523e-02
-1.979916915297508240e-02
-1.979862898588180542e-02
-1.979876309633255005e-02
-1.980016566812992096e-02
-1.980083808302879333e-02
-1.980265229940414429e-02
-1.980095729231834412e-02
-1.979941688477993011e-02
-1.979785412549972534e-02
-1.979729160666465759e-02
-1.979807764291763306e-02
-1.979934424161911011e-02
-1.980048976838588715e-02
-1.979572512209415436e-02
-1.979857310652732849e-02
-1.979885064065456390e-02
-1.979819498956203461e-02
-1.980041898787021637e-02
-1.979834772646427155e-02
-1.979727111756801605e-02
-1.979829184710979462e-02
-1.979970932006835938e-02
-1.979971677064895630e-02
-1.979703083634376526e-02
-1.979793421924114227e-02
-1.979688741266727448e-02
-1.979649998247623444e-02
-1.979769393801689148e-02
-1.979704573750495911e-02
-1.979789137840270996e-02
-1.979682780802249908e-02
-1.979994215071201324e-02
-1.979964226484298706e-02
-1.980013772845268250e-02
-1.980267837643623352e-02
-1.979988254606723785e-02
-1.979950815439224243e-02
-1.980149373412132263e-02
-1.980034634470939636e-02
-1.980014890432357788e-02
-1.980322226881980896e-02
-1.980104111135005951e-02
-1.979961805045604706e-02
-1.979687437415122986e-02
-1.980159431695938110e-02
-1.979471370577812195e-02
-1.979967579245567322e-02
-1.979935169219970703e-02
-1.979782059788703918e-02
-1.980036310851573944e-02
-1.980106346309185028e-02
-1.980255357921123505e-02
-1.980170235037803650e-02
-1.979863457381725311e-02
-1.979839801788330078e-02
-1.979955285787582397e-02
-1.980024017393589020e-02
-1.980138383805751801e-02
-1.979851163923740387e-02
-1.979983411729335785e-02
-1.979954354465007782e-02
-1.979817822575569153e-02
-1.980377174913883209e-02
-1.979755610227584839e-02
-1.979502104222774506e-02
-1.979590021073818207e-02
-1.979962550103664398e-02
-1.979698799550533295e-02
-1.979818753898143768e-02
-1.979932561516761780e-02
-1.979606784880161285e-02
-1.979727670550346375e-02
-1.979677751660346985e-02
-1.979684084653854370e-02
-1.979924552142620087e-02
-1.979737356305122375e-02
-1.980065926909446716e-02
-1.979595795273780823e-02
-1.980042457580566406e-02
-1.980192773044109344e-02
-1.980179920792579651e-02
-1.979957520961761475e-02
-1.979954913258552551e-02
-1.979855634272098541e-02
-1.979839801788330078e-02
-1.979898288846015930e-02
-1.979991793632507324e-02
-1.980067230761051178e-02
-1.979937404394149780e-02
-1.979919523000717163e-02
-1.980001665651798248e-02
-1.979858987033367157e-02
-1.979660615324974060e-02
-1.980186440050601959e-02
-1.980268023908138275e-02
-1.979928091168403625e-02
-1.979765668511390686e-02
-1.979725621640682220e-02
-1.980191282927989960e-02
-1.980090700089931488e-02
-1.980023086071014404e-02
-1.980105601251125336e-02
-1.979947835206985474e-02
-1.980021223425865173e-02
-1.979818753898143768e-02
-1.979854702949523926e-02
-1.980028301477432251e-02
-1.980257406830787659e-02
-1.979888044297695160e-02
-1.980110444128513336e-02
-1.979867368936538696e-02
-1.979953795671463013e-02
-1.979985088109970093e-02
-1.980087533593177795e-02
-1.980007626116275787e-02
-1.980281807482242584e-02
-1.979879476130008698e-02
-1.979950070381164551e-02
-1.980001293122768402e-02
-1.979915238916873932e-02
-1.979937776923179626e-02
-1.979924365878105164e-02
-1.980081759393215179e-02
-1.980172842741012573e-02
-1.980204321444034576e-02
-1.979956589639186859e-02
-1.980005577206611633e-02
-1.979992352426052094e-02
-1.980225183069705963e-02
-1.979875192046165466e-02
-1.979850232601165771e-02
-1.980174519121646881e-02
-1.979840546846389771e-02
-1.979845203459262848e-02
-1.979932561516761780e-02
-1.979979127645492554e-02
-1.980047300457954407e-02
-1.980107277631759644e-02
-1.980019733309745789e-02
-1.980249956250190735e-02
-1.979989372193813324e-02
-1.979960501194000244e-02
-1.980235427618026733e-02
-1.980443298816680908e-02
-1.980067603290081024e-02
-1.980249397456645966e-02
-1.980000548064708710e-02
-1.980091445147991180e-02
-1.979920826852321625e-02
-1.980049721896648407e-02
-1.980144716799259186e-02
-1.979985460638999939e-02
-1.979687251150608063e-02
-1.980092003941535950e-02
-1.979997195303440094e-02
-1.979851350188255310e-02
-1.980147697031497955e-02
-1.980159990489482880e-02
-1.979997567832469940e-02
-1.980468630790710449e-02
-1.980101317167282104e-02
-1.980230212211608887e-02
-1.980157755315303802e-02
-1.980186812579631805e-02
-1.979879289865493774e-02
-1.980119198560714722e-02
-1.980222202837467194e-02
-1.980099081993103027e-02
-1.980144344270229340e-02
-1.980070210993289948e-02
-1.979937404394149780e-02
-1.980314590036869049e-02
-1.980156637728214264e-02
-1.979876123368740082e-02
-1.980124227702617645e-02
-1.980065554380416870e-02
-1.980132795870304108e-02
-1.980132795870304108e-02
-1.980217546224594116e-02
-1.979985646903514862e-02
-1.979993656277656555e-02
-1.979980431497097015e-02
-1.979856565594673157e-02
-1.980190537869930267e-02
-1.980029791593551636e-02
-1.980127952992916107e-02
-1.980131492018699646e-02
-1.980174519121646881e-02
-1.980014890432357788e-02
-1.979980990290641785e-02
-1.980310678482055664e-02
-1.980096474289894104e-02
-1.980132795870304108e-02
-1.980312168598175049e-02
-1.980326883494853973e-02
-1.980169489979743958e-02
-1.980108022689819336e-02
-1.980373263359069824e-02
-1.979954913258552551e-02
-1.979976519942283630e-02
-1.979899965226650238e-02
-1.979928463697433472e-02
-1.979919523000717163e-02
-1.979967206716537476e-02
-1.980033330619335175e-02
-1.979908905923366547e-02
-1.979968696832656860e-02
-1.980337873101234436e-02
-1.979803107678890228e-02
-1.980127207934856415e-02
-1.979942061007022858e-02
-1.980254612863063812e-02
-1.980031840503215790e-02
-1.980114914476871490e-02
-1.980417221784591675e-02
-1.980098895728588104e-02
-1.980083435773849487e-02
-1.980447396636009216e-02
-1.980182155966758728e-02
-1.979964971542358398e-02
-1.980091072618961334e-02
-1.980165950953960419e-02
-1.980262063443660736e-02
-1.980188488960266113e-02
-1.980006136000156403e-02
-1.980329304933547974e-02
-1.979971863329410553e-02
-1.980111934244632721e-02
-1.980318687856197357e-02
-1.980435475707054138e-02
-1.980032399296760559e-02
-1.980119198560714722e-02
-1.980020664632320404e-02
-1.980073004961013794e-02
-1.980276778340339661e-02
-1.980418898165225983e-02
-1.980033516883850098e-02
-1.979934796690940857e-02
-1.980173587799072266e-02
-1.980292052030563354e-02
-1.980183646082878113e-02
-1.980338990688323975e-02
-1.980214565992355347e-02
-1.980241760611534119e-02
-1.980256848037242889e-02
-1.979940198361873627e-02
-1.980189047753810883e-02
-1.980435848236083984e-02
-1.980197988450527191e-02
-1.980420202016830444e-02
-1.980181783437728882e-02
-1.980200037360191345e-02
-1.980459317564964294e-02
-1.980189047753810883e-02
-1.980299502611160278e-02
-1.980181783437728882e-02
-1.980047300457954407e-02
-1.980142667889595032e-02
-1.980287395417690277e-02
-1.980138756334781647e-02
-1.980013400316238403e-02
-1.980042457580566406e-02
-1.980340294539928436e-02
-1.980173215270042419e-02
-1.980414986610412598e-02
-1.980321481823921204e-02
-1.980007998645305634e-02
-1.980282738804817200e-02
-1.980323530733585358e-02
-1.980021223425865173e-02
-1.980203948915004730e-02
-1.979776099324226379e-02
-1.979952119290828705e-02
-1.980306208133697510e-02
-1.980430446565151215e-02
-1.980185508728027344e-02
-1.980201341211795807e-02
-1.980065181851387024e-02
-1.980300620198249817e-02
-1.980014890432357788e-02
-1.980159804224967957e-02
-1.980053633451461792e-02
-1.980086043477058411e-02
-1.980366930365562439e-02
-1.980214752256870270e-02
-1.980167627334594727e-02
-1.980022527277469635e-02
-1.980138756334781647e-02
-1.980128139257431030e-02
-1.980304718017578125e-02
-1.980210654437541962e-02
-1.980027556419372559e-02
-1.980151608586311340e-02
-1.980027928948402405e-02
-1.980488374829292297e-02
-1.980121247470378876e-02
-1.980051957070827484e-02
-1.980208605527877808e-02
-1.979943178594112396e-02
-1.980193704366683960e-02
-1.980113796889781952e-02
-1.980463974177837372e-02
-1.980157941579818726e-02
-1.980345696210861206e-02
-1.980107277631759644e-02
-1.980204321444034576e-02
-1.980350166559219360e-02
-1.980068348348140717e-02
-1.980407349765300751e-02
-1.980308629572391510e-02
-1.980317942798137665e-02
-1.980395428836345673e-02
-1.980292424559593201e-02
-1.980192400515079498e-02
-1.980157196521759033e-02
-1.980163529515266418e-02
-1.980521902441978455e-02
-1.980277337133884430e-02
-1.980213262140750885e-02
-1.980440877377986908e-02
-1.980007253587245941e-02
-1.980352029204368591e-02
-1.979927159845829010e-02
-1.980081200599670410e-02
-1.980087719857692719e-02
-1.980213075876235962e-02
-1.980376802384853363e-02
-1.980334147810935974e-02
-1.980183646082878113e-02
-1.980162225663661957e-02
-1.980113983154296875e-02
-1.980005949735641479e-02
-1.980169862508773804e-02
-1.980032399296760559e-02
-1.980305649340152740e-02
-1.980430819094181061e-02
-1.980329491198062897e-02
-1.980525068938732147e-02
-1.980334147810935974e-02
-1.980205625295639038e-02
-1.980217918753623962e-02
-1.980285905301570892e-02
-1.979942992329597473e-02
-1.980111002922058105e-02
-1.980030909180641174e-02
-1.979934424161911011e-02
-1.979894377291202545e-02
-1.979945413768291473e-02
-1.980212889611721039e-02
-1.980180479586124420e-02
-1.980145834386348724e-02
-1.980181410908699036e-02
-1.980158314108848572e-02
-1.980067789554595947e-02
-1.979802921414375305e-02
-1.980024576187133789e-02
-1.979968883097171783e-02
-1.979919150471687317e-02
-1.980033516883850098e-02
-1.979903317987918854e-02
-1.979869976639747620e-02
-1.979767531156539917e-02
-1.979883573949337006e-02
-1.980316638946533203e-02
-1.980053819715976715e-02
-1.979913190007209778e-02
-1.979949325323104858e-02
-1.980236917734146118e-02
-1.980086788535118103e-02
-1.980231516063213348e-02
-1.980176568031311035e-02
-1.980314776301383972e-02
-1.980150304734706879e-02
-1.980268023908138275e-02
-1.979990862309932709e-02
-1.979734748601913452e-02
-1.980083249509334564e-02
-1.980025880038738251e-02
-1.980222202837467194e-02
-1.980118826031684875e-02
-1.980050280690193176e-02
-1.980130746960639954e-02
-1.980243436992168427e-02
-1.979953609406948090e-02
-1.980383507907390594e-02
-1.980091445147991180e-02
-1.980493403971195221e-02
-1.980269514024257660e-02
-1.979947835206985474e-02
-1.980198919773101807e-02
-1.980116963386535645e-02
-1.980117894709110260e-02
-1.979898288846015930e-02
-1.980037800967693329e-02
-1.980218850076198578e-02
-1.980616524815559387e-02
-1.980183832347393036e-02
-1.979925855994224548e-02
-1.979931816458702087e-02
-1.980040408670902252e-02
-1.980160735547542572e-02
-1.980181410908699036e-02
-1.980077847838401794e-02
-1.979931630194187164e-02
-1.980348303914070129e-02
-1.980206370353698730e-02
-1.980167441070079803e-02
-1.980126835405826569e-02
-1.980268955230712891e-02
-1.980271935462951660e-02
-1.979952678084373474e-02
-1.980310678482055664e-02
-1.980126462876796722e-02
-1.980285719037055969e-02
-1.980226486921310425e-02
-1.980309560894966125e-02
-1.980092562735080719e-02
-1.980378106236457825e-02
-1.980295777320861816e-02
-1.980202458798885345e-02
-1.980284228920936584e-02
-1.980108022689819336e-02
-1.980065926909446716e-02
-1.980093680322170258e-02
-1.980073563754558563e-02
-1.979890279471874237e-02
-1.980444788932800293e-02
-1.980200223624706268e-02
-1.980126835405826569e-02
-1.980313286185264587e-02
-1.980109326541423798e-02
-1.980252191424369812e-02
-1.980068907141685486e-02
-1.980126835405826569e-02
-1.980319432914257050e-02
-1.980177685618400574e-02
-1.980161666870117188e-02
-1.980394683778285980e-02
-1.980089768767356873e-02
-1.980220340192317963e-02
-1.980189047753810883e-02
-1.980285160243511200e-02
-1.980230584740638733e-02
-1.979964040219783783e-02
-1.979968510568141937e-02
-1.980310119688510895e-02
-1.980100385844707489e-02
-1.980132237076759338e-02
-1.980387978255748749e-02
-1.980538107454776764e-02
-1.980264857411384583e-02
-1.980203948915004730e-02
-1.980264112353324890e-02
-1.980299502611160278e-02
-1.980324648320674896e-02
-1.980165392160415649e-02
-1.980100013315677643e-02
-1.980341039597988129e-02
-1.980303786695003510e-02
-1.980172470211982727e-02
-1.980130188167095184e-02
-1.980132795870304108e-02
-1.980400085449218750e-02
-1.979956589639186859e-02
-1.980486512184143066e-02
-1.980427652597427368e-02
-1.980139315128326416e-02
-1.980340480804443359e-02
-1.980310678482055664e-02
-1.980113610625267029e-02
-1.980113983154296875e-02
-1.980264484882354736e-02
-1.980255357921123505e-02
-1.980148255825042725e-02
-1.980125531554222107e-02
-1.980155333876609802e-02
-1.980084925889968872e-02
-1.979997381567955017e-02
-1.980216242372989655e-02
-1.980307698249816895e-02
-1.979868113994598389e-02
-1.980336755514144897e-02
-1.979988068342208862e-02
-1.980052329599857330e-02
-1.980293355882167816e-02
-1.980133354663848877e-02
-1.980274915695190430e-02
-1.980093121528625488e-02
-1.980438455939292908e-02
-1.980028674006462097e-02
-1.980280876159667969e-02
-1.980067044496536255e-02
-1.980255357921123505e-02
-1.980268955230712891e-02
-1.980529725551605225e-02
-1.980242691934108734e-02
-1.980441436171531677e-02
-1.980231516063213348e-02
-1.979950815439224243e-02
-1.979982666671276093e-02
-1.980478130280971527e-02
-1.980314962565898895e-02
-1.980368420481681824e-02
-1.980242133140563965e-02
-1.980214938521385193e-02
-1.980115287005901337e-02
-1.980265229940414429e-02
-1.980252377688884735e-02
-1.980145648121833801e-02
-1.980275660753250122e-02
-1.980283856391906738e-02
-1.980299688875675201e-02
-1.980344578623771667e-02
-1.980475150048732758e-02
-1.980323344469070435e-02
-1.980297826230525970e-02
-1.980324834585189819e-02
-1.980190724134445190e-02
-1.980052515864372253e-02
-1.979914866387844086e-02
-1.980014704167842865e-02
-1.980344392359256744e-02
-1.980338059365749359e-02
-1.979953609406948090e-02
-1.979979872703552246e-02
-1.979989185929298401e-02
-1.980209909379482269e-02
-1.980054378509521484e-02
-1.980257406830787659e-02
-1.980188488960266113e-02
-1.980096101760864258e-02
-1.980206184089183807e-02
-1.980347000062465668e-02
-1.980212330818176270e-02
-1.980240270495414734e-02
-1.980245113372802734e-02
-1.980138570070266724e-02
-1.980171725153923035e-02
-1.980192214250564575e-02
-1.980445161461830139e-02
-1.980205252766609192e-02
-1.980208605527877808e-02
-1.980286277830600739e-02
-1.980449073016643524e-02
-1.980097964406013489e-02
-1.980224624276161194e-02
-1.980170235037803650e-02
-1.980322413146495819e-02
-1.980253309011459351e-02
-1.980425789952278137e-02
-1.980370655655860901e-02
-1.980268955230712891e-02
-1.980386674404144287e-02
-1.980223506689071655e-02
-1.980170607566833496e-02
-1.980097405612468719e-02
-1.980241760611534119e-02
-1.980195567011833191e-02
-1.980216801166534424e-02
-1.980331167578697205e-02
-1.980116963386535645e-02
-1.980315148830413818e-02
-1.980160921812057495e-02
-1.980479620397090912e-02
-1.980273984372615814e-02
-1.980120874941349030e-02
-1.980205997824668884e-02
-1.980514638125896454e-02
-1.979978196322917938e-02
-1.980160921812057495e-02
-1.980180293321609497e-02
-1.980167999863624573e-02
-1.980197057127952576e-02
-1.980319060385227203e-02
-1.980153284966945648e-02
-1.980328559875488281e-02
-1.980304718017578125e-02
-1.980180107057094574e-02
-1.980261318385601044e-02
-1.980062574148178101e-02
-1.980183459818363190e-02
-1.980296708643436432e-02
-1.980137079954147339e-02
-1.980220153927803040e-02
-1.979975216090679169e-02
-1.980248093605041504e-02
-1.980133168399333954e-02
-1.980137452483177185e-02
-1.980205252766609192e-02
-1.980159245431423187e-02
-1.980153284966945648e-02
-1.980154030025005341e-02
-1.980369165539741516e-02
-1.980219408869743347e-02
-1.980585232377052307e-02
-1.980385743081569672e-02
-1.980460248887538910e-02
-1.980145089328289032e-02
-1.980377174913883209e-02
-1.980289630591869354e-02
-1.980142295360565186e-02
-1.980360224843025208e-02
-1.980298198759555817e-02
-1.980244740843772888e-02
-1.980131492018699646e-02
-1.980177313089370728e-02
-1.980167627334594727e-02
-1.980162970721721649e-02
-1.980404369533061981e-02
-1.980246417224407196e-02
-1.980271562933921814e-02
-1.980004645884037018e-02
-1.980325020849704742e-02
-1.980227045714855194e-02
-1.979922875761985779e-02
-1.980455033481121063e-02
-1.980177126824855804e-02
-1.980235055088996887e-02
-1.980073563754558563e-02
-1.980478875339031219e-02
-1.980096101760864258e-02
-1.980452239513397217e-02
-1.980235241353511810e-02
-1.980547048151493073e-02
-1.980015635490417480e-02
-1.980480365455150604e-02
-1.980353333055973053e-02
-1.980238221585750580e-02
-1.980224996805191040e-02
-1.980131864547729492e-02
-1.980031654238700867e-02
-1.980215869843959808e-02
-1.980055682361125946e-02
-1.980455219745635986e-02
-1.980369910597801208e-02
-1.980509236454963684e-02
-1.980285346508026123e-02
-1.980257965624332428e-02
-1.980440318584442139e-02
-1.980165950953960419e-02
-1.980058290064334869e-02
-1.980387791991233826e-02
-1.980326324701309204e-02
-1.980266533792018890e-02
-1.980245485901832581e-02
-1.980322413146495819e-02
-1.980136148631572723e-02
-1.980339922010898590e-02
-1.980200409889221191e-02
-1.980122737586498260e-02
-1.980324089527130127e-02
-1.980509608983993530e-02
-1.980468071997165680e-02
-1.980067230761051178e-02
-1.980213075876235962e-02
-1.980335637927055359e-02
-1.980107277631759644e-02
-1.980362646281719208e-02
-1.980322226881980896e-02
-1.980192400515079498e-02
-1.980143785476684570e-02
-1.980460248887538910e-02
-1.979897357523441315e-02
-1.980110257863998413e-02
-1.980330795049667358e-02
-1.980248652398586273e-02
-1.980107277631759644e-02
-1.980092190206050873e-02
-1.979991048574447632e-02
-1.980654150247573853e-02
-1.980299502611160278e-02
-1.980277150869369507e-02
-1.980068162083625793e-02
-1.980444230139255524e-02
