-2.431116439402103424e-02
-2.431673556566238403e-02
-2.430805191397666931e-02
-2.430092915892601013e-02
-2.431021258234977722e-02
-2.431903034448623657e-02
-2.432033047080039978e-02
-2.431250177323818207e-02
-2.431646548211574554e-02
-2.431868761777877808e-02
-2.432271093130111694e-02
-2.431658096611499786e-02
-2.431931532919406891e-02
-2.432082034647464752e-02
-2.432813867926597595e-02
-2.432583086192607880e-02
-2.433035895228385925e-02
-2.432503923773765564e-02
-2.432675100862979889e-02
-2.433261089026927948e-02
-2.434008568525314331e-02
-2.432940155267715454e-02
-2.432142011821269989e-02
-2.433142997324466705e-02
-2.433041296899318695e-02
-2.433126047253608704e-02
-2.432977594435214996e-02
-2.432865835726261139e-02
-2.433148585259914398e-02
-2.433266676962375641e-02
-2.432949282228946686e-02
-2.433533221483230591e-02
-2.433580346405506134e-02
-2.432550117373466492e-02
-2.433245442807674408e-02
-2.432920597493648529e-02
-2.433406747877597809e-02
-2.432939037680625916e-02
-2.433807775378227234e-02
-2.433062344789505005e-02
-2.433417178690433502e-02
-2.433545328676700592e-02
-2.433050796389579773e-02
-2.433340810239315033e-02
-2.433964237570762634e-02
-2.433665841817855835e-02
-2.433590404689311981e-02
-2.433813177049160004e-02
-2.433856576681137085e-02
-2.434376813471317291e-02
-2.433945797383785248e-02
-2.434415183961391449e-02
-2.433803863823413849e-02
-2.434768527746200562e-02
-2.434194646775722504e-02
-2.434595115482807159e-02
-2.434976212680339813e-02
-2.434756979346275330e-02
-2.434255555272102356e-02
-2.433168515563011169e-02
-2.434112317860126495e-02
-2.435287460684776306e-02
-2.434799447655677795e-02
-2.434723824262619019e-02
-2.434368245303630829e-02
-2.434380725026130676e-02
-2.435436099767684937e-02
-2.435233071446418762e-02
-2.435075305402278900e-02
-2.434966154396533966e-02
-2.434604987502098083e-02
-2.434800937771797180e-02
-2.434960193932056427e-02
-2.435639686882495880e-02
-2.435151487588882446e-02
-2.435089461505413055e-02
-2.434492483735084534e-02
-2.435406297445297241e-02
-2.435015514492988586e-02
-2.435154840350151062e-02
-2.434970624744892120e-02
-2.435032278299331665e-02
-2.434887737035751343e-02
-2.434419468045234680e-02
-2.435786649584770203e-02
-2.436045184731483459e-02
-2.435278147459030151e-02
-2.435439266264438629e-02
-2.435275726020336151e-02
-2.435725182294845581e-02
-2.435196377336978912e-02
-2.435757592320442200e-02
-2.435712888836860657e-02
-2.435725554823875427e-02
-2.435112185776233673e-02
-2.435495704412460327e-02
-2.435783483088016510e-02
-2.435815520584583282e-02
-2.435172162950038910e-02
-2.435656264424324036e-02
-2.436190471053123474e-02
-2.435969002544879913e-02
-2.435828186571598053e-02
-2.435594424605369568e-02
-2.435194700956344604e-02
-2.435751631855964661e-02
-2.435206249356269836e-02
-2.435748092830181122e-02
-2.436778508126735687e-02
-2.435679547488689423e-02
-2.434553392231464386e-02
-2.435647323727607727e-02
-2.436470799148082733e-02
-2.436046116054058075e-02
-2.435863204300403595e-02
-2.435855008661746979e-02
-2.435801550745964050e-02
-2.435620501637458801e-02
-2.435995265841484070e-02
-2.435960993170738220e-02
-2.435963600873947144e-02
-2.435713633894920349e-02
-2.436489053070545197e-02
-2.436504326760768890e-02
-2.436044067144393921e-02
-2.436584793031215668e-02
-2.436162345111370087e-02
-2.436482347548007965e-02
-2.435746975243091583e-02
-2.436578832566738129e-02
-2.436020597815513611e-02
-2.435917779803276062e-02
-2.435370162129402161e-02
-2.435847558081150055e-02
-2.435686811804771423e-02
-2.436411753296852112e-02
-2.436568960547447205e-02
-2.435361966490745544e-02
-2.436285465955734253e-02
-2.436609193682670593e-02
-2.436132170259952545e-02
-2.435568906366825104e-02
-2.436129376292228699e-02
-2.436351031064987183e-02
-2.436887845396995544e-02
-2.435479871928691864e-02
-2.435651049017906189e-02
-2.436829172074794769e-02
-2.436291053891181946e-02
-2.436332777142524719e-02
-2.435736171901226044e-02
-2.436098642647266388e-02
-2.435209788382053375e-02
-2.435955591499805450e-02
-2.436005510389804840e-02
-2.436229772865772247e-02
-2.435769885778427124e-02
-2.436251379549503326e-02
-2.436224557459354401e-02
-2.436487004160881042e-02
-2.435982413589954376e-02
-2.435206063091754913e-02
-2.436790429055690765e-02
-2.436099015176296234e-02
-2.436474896967411041e-02
-2.436263673007488251e-02
-2.436652407050132751e-02
-2.436533756554126740e-02
-2.436388656497001648e-02
-2.435929700732231140e-02
-2.436053194105625153e-02
-2.435968257486820221e-02
-2.436410263180732727e-02
-2.436019293963909149e-02
-2.436666563153266907e-02
-2.436681464314460754e-02
-2.436128072440624237e-02
-2.435921505093574524e-02
-2.436061948537826538e-02
-2.435516566038131714e-02
-2.436188049614429474e-02
-2.436229027807712555e-02
-2.436743304133415222e-02
-2.436416968703269958e-02
-2.436446584761142731e-02
-2.436322532594203949e-02
-2.436632104218006134e-02
-2.435910888016223907e-02
-2.435920201241970062e-02
-2.436627261340618134e-02
-2.436079457402229309e-02
-2.436607331037521362e-02
-2.435982786118984222e-02
-2.436684630811214447e-02
-2.436352334916591644e-02
-2.436750568449497223e-02
-2.436507679522037506e-02
-2.435951679944992065e-02
-2.435994893312454224e-02
-2.436015941202640533e-02
-2.436431869864463806e-02
-2.436820790171623230e-02
-2.436066605150699615e-02
-2.436597459018230438e-02
-2.436191402375698090e-02
-2.435563132166862488e-02
-2.436213009059429169e-02
-2.436069585382938385e-02
-2.436017431318759918e-02
-2.437007054686546326e-02
-2.436815761029720306e-02
-2.436818554997444153e-02
-2.436230890452861786e-02
-2.436531521379947662e-02
-2.436456643044948578e-02
-2.436913922429084778e-02
-2.437026426196098328e-02
-2.436790429055690765e-02
-2.436561696231365204e-02
-2.436676435172557831e-02
-2.437081001698970795e-02
-2.435981482267379761e-02
-2.436145022511482239e-02
-2.436216548085212708e-02
-2.436916343867778778e-02
-2.436338737607002258e-02
-2.436478063464164734e-02
-2.436643466353416443e-02
-2.436200715601444244e-02
-2.436497993767261505e-02
-2.436803467571735382e-02
-2.436460927128791809e-02
-2.436844259500503540e-02
-2.436560951173305511e-02
-2.436913922429084778e-02
-2.436053007841110229e-02
-2.436234429478645325e-02
-2.436714246869087219e-02
-2.437230013310909271e-02
-2.436534129083156586e-02
-2.435895055532455444e-02
-2.436947077512741089e-02
-2.436641231179237366e-02
-2.436979487538337708e-02
-2.436756715178489685e-02
-2.436138316988945007e-02
-2.437054365873336792e-02
-2.436225488781929016e-02
-2.436973713338375092e-02
-2.436718903481960297e-02
-2.436699904501438141e-02
-2.436705306172370911e-02
-2.436797693371772766e-02
-2.436406351625919342e-02
-2.436766400933265686e-02
-2.436198666691780090e-02
-2.436732128262519836e-02
-2.436423860490322113e-02
-2.436629123985767365e-02
-2.437113039195537567e-02
-2.436708472669124603e-02
-2.436804026365280151e-02
-2.436501346528530121e-02
-2.436010912060737610e-02
-2.437050081789493561e-02
-2.436907403171062469e-02
-2.436480112373828888e-02
-2.436676062643527985e-02
-2.436912991106510162e-02
-2.436700090765953064e-02
-2.437167614698410034e-02
-2.436696738004684448e-02
-2.436766587197780609e-02
-2.436869964003562927e-02
-2.436259947717189789e-02
-2.436747029423713684e-02
-2.436427958309650421e-02
-2.436507679522037506e-02
-2.436045184731483459e-02
-2.436655201017856598e-02
-2.436344139277935028e-02
-2.436735481023788452e-02
-2.435878477990627289e-02
-2.436656318604946136e-02
-2.436608262360095978e-02
-2.436651475727558136e-02
-2.436733804643154144e-02
-2.436790987849235535e-02
-2.436567656695842743e-02
-2.436724863946437836e-02
-2.436808682978153229e-02
-2.436246536672115326e-02
-2.436683513224124908e-02
-2.436642162501811981e-02
-2.436741441488265991e-02
-2.436131052672863007e-02
-2.436347678303718567e-02
-2.436572872102260590e-02
-2.436507493257522583e-02
-2.436464652419090271e-02
-2.436532825231552124e-02
-2.436023019254207611e-02
-2.436519227921962738e-02
-2.436652593314647675e-02
-2.436603419482707977e-02
-2.436326071619987488e-02
-2.436375804245471954e-02
-2.437140420079231262e-02
-2.437042072415351868e-02
-2.436989359557628632e-02
-2.436992712318897247e-02
-2.437210641801357269e-02
-2.437121979892253876e-02
-2.436260506510734558e-02
-2.436879090964794159e-02
-2.436614967882633209e-02
-2.436715550720691681e-02
-2.436930872499942780e-02
-2.437317930161952972e-02
-2.437056973576545715e-02
-2.437376230955123901e-02
-2.436911314725875854e-02
-2.436700649559497833e-02
-2.437048964202404022e-02
-2.436163462698459625e-02
-2.436730824410915375e-02
-2.436408214271068573e-02
-2.436773106455802917e-02
-2.436714805662631989e-02
-2.437250129878520966e-02
-2.436889149248600006e-02
-2.436972223222255707e-02
-2.437386102974414825e-02
-2.436938323080539703e-02
-2.436860091984272003e-02
-2.437317930161952972e-02
-2.436709590256214142e-02
-2.436717599630355835e-02
-2.436541393399238586e-02
-2.436712756752967834e-02
-2.437045797705650330e-02
-2.436484768986701965e-02
-2.436542138457298279e-02
-2.436929009854793549e-02
-2.436832524836063385e-02
-2.437065728008747101e-02
-2.436385117471218109e-02
-2.436539903283119202e-02
-2.436266466975212097e-02
-2.436784841120243073e-02
-2.437228895723819733e-02
-2.437176927924156189e-02
-2.436806634068489075e-02
-2.436525747179985046e-02
-2.436942048370838165e-02
-2.436413243412971497e-02
-2.437377162277698517e-02
-2.436828240752220154e-02
-2.436637133359909058e-02
-2.436737529933452606e-02
-2.436742372810840607e-02
-2.436900325119495392e-02
-2.437140792608261108e-02
-2.436103671789169312e-02
-2.437059208750724792e-02
-2.436984144151210785e-02
-2.436788752675056458e-02
-2.436368539929389954e-02
-2.436908334493637085e-02
-2.436312288045883179e-02
-2.437077648937702179e-02
-2.436753734946250916e-02
-2.436411008238792419e-02
-2.436397410929203033e-02
-2.436530217528343201e-02
-2.436592802405357361e-02
-2.435592003166675568e-02
-2.436394244432449341e-02
-2.436562441289424896e-02
-2.436324208974838257e-02
-2.436184510588645935e-02
-2.436640672385692596e-02
-2.435839734971523285e-02
-2.436218224465847015e-02
-2.436537109315395355e-02
-2.437070757150650024e-02
-2.436939068138599396e-02
-2.435842715203762054e-02
-2.436854876577854156e-02
-2.437029033899307251e-02
-2.436922304332256317e-02
-2.436404675245285034e-02
-2.436213754117488861e-02
-2.436474151909351349e-02
-2.436866052448749542e-02
-2.436808310449123383e-02
-2.436445467174053192e-02
-2.436252683401107788e-02
-2.436685375869274139e-02
-2.436568588018417358e-02
-2.437215298414230347e-02
-2.436791732907295227e-02
-2.437044493854045868e-02
-2.435634471476078033e-02
-2.436898276209831238e-02
-2.436760626733303070e-02
-2.436944097280502319e-02
-2.437128871679306030e-02
-2.436497248709201813e-02
-2.436264604330062866e-02
-2.436194568872451782e-02
-2.436525002121925354e-02
-2.436922304332256317e-02
-2.436364814639091492e-02
-2.437071315944194794e-02
-2.436609193682670593e-02
-2.437162213027477264e-02
-2.436720207333564758e-02
-2.436810359358787537e-02
-2.436530031263828278e-02
-2.436147257685661316e-02
-2.436719089746475220e-02
-2.436515875160694122e-02
-2.437078580260276794e-02
-2.437012270092964172e-02
-2.435960434377193451e-02
-2.436638437211513519e-02
-2.436750382184982300e-02
-2.436423487961292267e-02
-2.437139116227626801e-02
-2.436766214668750763e-02
-2.436683885753154755e-02
-2.436970919370651245e-02
-2.436876855790615082e-02
-2.437289431691169739e-02
-2.436303347349166870e-02
-2.436678484082221985e-02
-2.436716295778751373e-02
-2.436580322682857513e-02
-2.437057159841060638e-02
-2.436209283769130707e-02
-2.436354942619800568e-02
-2.436567656695842743e-02
-2.436447329819202423e-02
-2.436706051230430603e-02
-2.436566166579723358e-02
-2.436445094645023346e-02
-2.437226288020610809e-02
-2.436595410108566284e-02
-2.436406351625919342e-02
-2.437265589833259583e-02
-2.437010034918785095e-02
-2.436253987252712250e-02
-2.437232993543148041e-02
-2.436528727412223816e-02
-2.436887845396995544e-02
-2.436706982553005219e-02
-2.437394112348556519e-02
-2.437097765505313873e-02
-2.437348105013370514e-02
-2.436792477965354919e-02
-2.437561936676502228e-02
-2.437109500169754028e-02
-2.436545118689537048e-02
-2.436891384422779083e-02
-2.436681278049945831e-02
-2.436306513845920563e-02
-2.436577342450618744e-02
-2.436280995607376099e-02
-2.436478808522224426e-02
-2.436297014355659485e-02
-2.436877228319644928e-02
-2.436271496117115021e-02
-2.436883188784122467e-02
-2.436661906540393829e-02
-2.436272613704204559e-02
-2.437118999660015106e-02
-2.435786649584770203e-02
-2.436256036162376404e-02
-2.436767891049385071e-02
-2.436757646501064301e-02
-2.436431869864463806e-02
-2.436726912856101990e-02
-2.436147071421146393e-02
-2.436850778758525848e-02
-2.436749078333377838e-02
-2.436742559075355530e-02
-2.436736412346363068e-02
-2.437114343047142029e-02
-2.437063306570053101e-02
-2.436573244631290436e-02
-2.436767891049385071e-02
-2.437977120280265808e-02
-2.437129803001880646e-02
-2.436759509146213531e-02
-2.436391077935695648e-02
-2.436540834605693817e-02
-2.436812035739421844e-02
-2.437033876776695251e-02
-2.436974830925464630e-02
-2.437247149646282196e-02
-2.437448874115943909e-02
-2.436828799545764923e-02
-2.436649426817893982e-02
-2.436620928347110748e-02
-2.436347492039203644e-02
-2.436686493456363678e-02
-2.437087148427963257e-02
-2.436231821775436401e-02
-2.436719648540019989e-02
-2.436557598412036896e-02
-2.436916902661323547e-02
-2.436368912458419800e-02
-2.436949685215950012e-02
-2.437262609601020813e-02
-2.437089756131172180e-02
-2.436850406229496002e-02
-2.437279559671878815e-02
-2.436678670346736908e-02
-2.436085790395736694e-02
-2.436832152307033539e-02
-2.436867915093898773e-02
-2.436465770006179810e-02
-2.436844073235988617e-02
-2.436718530952930450e-02
-2.437095716595649719e-02
-2.437207661569118500e-02
-2.437301538884639740e-02
-2.436630241572856903e-02
-2.437698096036911011e-02
-2.436655387282371521e-02
-2.436939813196659088e-02
-2.436864003539085388e-02
-2.436985448002815247e-02
-2.437367849051952362e-02
-2.436503395438194275e-02
-2.436697855591773987e-02
-2.436841651797294617e-02
-2.436773665249347687e-02
-2.436292730271816254e-02
-2.436194568872451782e-02
-2.437652461230754852e-02
-2.437035925686359406e-02
-2.436811663210391998e-02
-2.437064610421657562e-02
-2.436999045312404633e-02
-2.436267584562301636e-02
-2.436180226504802704e-02
-2.436833269894123077e-02
-2.436392381787300110e-02
-2.436558715999126434e-02
-2.436340413987636566e-02
-2.436400763690471649e-02
-2.436634339392185211e-02
-2.436555363237857819e-02
-2.436897344887256622e-02
-2.436258643865585327e-02
-2.436223067343235016e-02
-2.436105534434318542e-02
-2.436726354062557220e-02
-2.436657994985580444e-02
-2.437157370150089264e-02
-2.436681836843490601e-02
-2.436482161283493042e-02
-2.436969056725502014e-02
-2.437039837241172791e-02
-2.436984889209270477e-02
-2.437171898782253265e-02
-2.436803653836250305e-02
-2.437286265194416046e-02
-2.436734177172183990e-02
-2.436309680342674255e-02
-2.436216361820697784e-02
-2.436709962785243988e-02
-2.436172217130661011e-02
-2.436560764908790588e-02
-2.436110936105251312e-02
-2.436246164143085480e-02
-2.437307685613632202e-02
-2.436685189604759216e-02
-2.436342090368270874e-02
-2.436575479805469513e-02
-2.436947450041770935e-02
-2.436724863946437836e-02
-2.437298372387886047e-02
-2.437192760407924652e-02
-2.436596341431140900e-02
-2.437177859246730804e-02
-2.437050454318523407e-02
-2.436932176351547241e-02
-2.436948008835315704e-02
-2.436595596373081207e-02
-2.436656132340431213e-02
-2.436833642423152924e-02
-2.437080070376396179e-02
-2.435868233442306519e-02
-2.436489053070545197e-02
-2.437338605523109436e-02
-2.436500415205955505e-02
-2.436914294958114624e-02
-2.436562255024909973e-02
-2.436523512005805969e-02
-2.436391822993755341e-02
-2.436572127044200897e-02
-2.436606027185916901e-02
-2.437192015349864960e-02
-2.436413243412971497e-02
-2.436441741883754730e-02
-2.436244860291481018e-02
-2.437099628150463104e-02
-2.437335625290870667e-02
-2.436708658933639526e-02
-2.437177859246730804e-02
-2.437069267034530640e-02
-2.437591180205345154e-02
-2.436943538486957550e-02
-2.436294779181480408e-02
-2.436655014753341675e-02
-2.436866983771324158e-02
-2.437154762446880341e-02
-2.436736412346363068e-02
-2.437080815434455872e-02
-2.437079884111881256e-02
-2.436249889433383942e-02
-2.436431497335433960e-02
-2.436669543385505676e-02
-2.436915598809719086e-02
-2.437087334692478180e-02
-2.436816319823265076e-02
-2.436595782637596130e-02
-2.436712570488452911e-02
-2.436719462275505066e-02
-2.436552010476589203e-02
-2.436364814639091492e-02
-2.437046729028224945e-02
-2.437177486717700958e-02
-2.437696792185306549e-02
-2.436920441687107086e-02
-2.436698414385318756e-02
-2.436487749218940735e-02
-2.436487190425395966e-02
-2.436738833785057068e-02
-2.437067963182926178e-02
-2.436708658933639526e-02
-2.436068467795848846e-02
-2.436812780797481537e-02
-2.436508797109127045e-02
-2.436588890850543976e-02
-2.436028234660625458e-02
-2.436223253607749939e-02
-2.437013015151023865e-02
-2.436900325119495392e-02
-2.436727844178676605e-02
-2.436201646924018860e-02
-2.436653710901737213e-02
-2.436629869043827057e-02
-2.436647750437259674e-02
-2.436944097280502319e-02
-2.436694689095020294e-02
-2.437029592692852020e-02
-2.437211386859416962e-02
-2.436323091387748718e-02
-2.437700144946575165e-02
-2.437214739620685577e-02
-2.436799742281436920e-02
-2.436949871480464935e-02
-2.436040714383125305e-02
-2.436238713562488556e-02
-2.436788752675056458e-02
-2.436575479805469513e-02
-2.436318434774875641e-02
-2.436774596571922302e-02
-2.436592988669872284e-02
-2.436265535652637482e-02
-2.437049709260463715e-02
-2.437010034918785095e-02
-2.436969056725502014e-02
-2.437296696007251740e-02
-2.436505630612373352e-02
-2.437238767743110657e-02
-2.436651848256587982e-02
-2.436736784875392914e-02
-2.436772920191287994e-02
-2.436806075274944305e-02
-2.436823584139347076e-02
-2.436589449644088745e-02
-2.436930499970912933e-02
-2.436424046754837036e-02
-2.436973899602890015e-02
-2.436591871082782745e-02
-2.436978556215763092e-02
-2.436706051230430603e-02
-2.436490543186664581e-02
-2.436734549701213837e-02
-2.436271868646144867e-02
-2.437224052846431732e-02
-2.437240071594715118e-02
-2.436763420701026917e-02
-2.436549216508865356e-02
-2.436754293739795685e-02
-2.436715178191661835e-02
-2.436789311468601227e-02
-2.436837740242481232e-02
-2.436807006597518921e-02
-2.436031214892864227e-02
-2.436163090169429779e-02
-2.437050081789493561e-02
-2.436398155987262726e-02
-2.436009794473648071e-02
-2.436652407050132751e-02
-2.436646074056625366e-02
-2.437414601445198059e-02
-2.436338737607002258e-02
-2.436414547264575958e-02
-2.437260933220386505e-02
-2.436827868223190308e-02
-2.436457015573978424e-02
-2.436425164341926575e-02
-2.436503954231739044e-02
-2.436377853155136108e-02
-2.436224557459354401e-02
-2.436505630612373352e-02
-2.436848729848861694e-02
-2.436483837664127350e-02
-2.436737157404422760e-02
-2.437134645879268646e-02
-2.436621114611625671e-02
-2.437000721693038940e-02
-2.436769194900989532e-02
-2.436924912035465240e-02
-2.436762675642967224e-02
-2.437179721891880035e-02
-2.436410076916217804e-02
-2.436983771622180939e-02
-2.437007054686546326e-02
-2.437237836420536041e-02
-2.437268570065498352e-02
-2.436544746160507202e-02
-2.436861209571361542e-02
-2.437031455338001251e-02
-2.437244541943073273e-02
-2.436644770205020905e-02
-2.436577901244163513e-02
-2.436662651598453522e-02
-2.437139675021171570e-02
-2.437149547040462494e-02
-2.437257394194602966e-02
-2.436847425997257233e-02
-2.436654083430767059e-02
-2.436662092804908752e-02
-2.437165938317775726e-02
-2.436398714780807495e-02
-2.436119876801967621e-02
-2.436933480203151703e-02
-2.436452358961105347e-02
-2.436469309031963348e-02
-2.437452413141727448e-02
-2.436616271734237671e-02
-2.436913177371025085e-02
-2.436435408890247345e-02
-2.436371520161628723e-02
-2.436411939561367035e-02
-2.436859533190727234e-02
-2.436082437634468079e-02
-2.436921559274196625e-02
-2.436685189604759216e-02
-2.436342090368270874e-02
-2.436229214072227478e-02
-2.437124215066432953e-02
-2.436925098299980164e-02
-2.436446025967597961e-02
-2.436235733330249786e-02
-2.436131797730922699e-02
-2.436605282127857208e-02
-2.436043135821819305e-02
-2.436048910021781921e-02
-2.436857111752033234e-02
-2.436215430498123169e-02
-2.437007613480091095e-02
-2.437062375247478485e-02
-2.436933107674121857e-02
-2.436408959329128265e-02
-2.436471544206142426e-02
-2.437083236873149872e-02
-2.436687611043453217e-02
-2.437175624072551727e-02
-2.436791174113750458e-02
-2.436577156186103821e-02
-2.436451986432075500e-02
-2.436394058167934418e-02
-2.436973899602890015e-02
-2.436561323702335358e-02
-2.436841465532779694e-02
-2.436628192663192749e-02
-2.436773851513862610e-02
-2.436820231378078461e-02
-2.435813471674919128e-02
-2.436804957687854767e-02
-2.436558715999126434e-02
-2.436756342649459839e-02
-2.437125332653522491e-02
-2.436958625912666321e-02
-2.436438016593456268e-02
-2.436813525855541229e-02
-2.436816133558750153e-02
-2.437414042651653290e-02
-2.436743117868900299e-02
-2.436896413564682007e-02
-2.437091432511806488e-02
-2.436605654656887054e-02
-2.437087520956993103e-02
-2.436730451881885529e-02
-2.436083741486072540e-02
-2.436588145792484283e-02
-2.436796948313713074e-02
-2.437009103596210480e-02
-2.436517551541328430e-02
-2.436804026365280151e-02
-2.437028847634792328e-02
-2.436489425599575043e-02
-2.436471357941627502e-02
-2.436330355703830719e-02
-2.436454407870769501e-02
-2.436087280511856079e-02
-2.436270937323570251e-02
-2.436446771025657654e-02
-2.436550334095954895e-02
-2.437074296176433563e-02
-2.436824515461921692e-02
-2.436332032084465027e-02
-2.436872571706771851e-02
-2.436617948114871979e-02
-2.436429820954799652e-02
-2.437050081789493561e-02
-2.436686493456363678e-02
-2.436752244830131531e-02
-2.436956949532032013e-02
-2.437168546020984650e-02
-2.436817809939384460e-02
-2.436602301895618439e-02
-2.436867728829383850e-02
-2.437208034098148346e-02
-2.436917088925838470e-02
-2.436681464314460754e-02
-2.436876855790615082e-02
-2.436528168618679047e-02
-2.436647377908229828e-02
-2.437208965420722961e-02
-2.436825446784496307e-02
-2.436987124383449554e-02
-2.436991967260837555e-02
-2.436607703566551208e-02
-2.436538599431514740e-02
-2.437363006174564362e-02
-2.436563931405544281e-02
-2.435996942222118378e-02
-2.436641603708267212e-02
-2.437059395015239716e-02
-2.436271123588085175e-02
-2.437094040215015411e-02
-2.436930872499942780e-02
-2.437258884310722351e-02
-2.436961978673934937e-02
-2.436969615519046783e-02
-2.436553873121738434e-02
-2.436209283769130707e-02
-2.436825819313526154e-02
-2.436317317187786102e-02
-2.436725236475467682e-02
-2.436248399317264557e-02
-2.436458691954612732e-02
-2.436689846217632294e-02
-2.436141483485698700e-02
-2.436632104218006134e-02
-2.437523193657398224e-02
-2.436140738427639008e-02
-2.436750754714012146e-02
-2.437335811555385590e-02
-2.437032945454120636e-02
-2.436430938541889191e-02
-2.436602674424648285e-02
-2.436362020671367645e-02
-2.436862327158451080e-02
-2.436685003340244293e-02
-2.436817623674869537e-02
-2.436866983771324158e-02
-2.436223067343235016e-02
-2.436818554997444153e-02
-2.437056042253971100e-02
-2.436612360179424286e-02
-2.436580881476402283e-02
-2.436881884932518005e-02
-2.436807379126548767e-02
-2.436851710081100464e-02
-2.437371574342250824e-02
-2.436646446585655212e-02
-2.437143400311470032e-02
-2.436449751257896423e-02
-2.436676807701587677e-02
-2.437565289437770844e-02
-2.437462471425533295e-02
-2.436609007418155670e-02
-2.436469867825508118e-02
-2.436637319624423981e-02
-2.437373250722885132e-02
-2.436516061425209045e-02
-2.436308190226554871e-02
-2.436435408890247345e-02
-2.437035553157329559e-02
-2.436183206737041473e-02
-2.436793223023414612e-02
-2.435964904725551605e-02
-2.436944283545017242e-02
-2.436479181051254272e-02
-2.436820976436138153e-02
-2.436805889010429382e-02
-2.436416782438755035e-02
-2.437205053865909576e-02
-2.436527796089649200e-02
-2.437374927103519440e-02
-2.436416596174240112e-02
-2.436433918774127960e-02
-2.436542138457298279e-02
-2.437097020447254181e-02
-2.437498979270458221e-02
-2.436789311468601227e-02
-2.436701394617557526e-02
-2.436995692551136017e-02
-2.436801604926586151e-02
-2.437175437808036804e-02
-2.437190525233745575e-02
-2.436660416424274445e-02
-2.436685748398303986e-02
-2.436858601868152618e-02
-2.436654828488826752e-02
-2.436695061624050140e-02
-2.437143772840499878e-02
-2.437136135995388031e-02
-2.436611987650394440e-02
-2.436847612261772156e-02
-2.437077835202217102e-02
-2.437254041433334351e-02
-2.437041141092777252e-02
-2.436564490199089050e-02
-2.437050081789493561e-02
-2.436671219766139984e-02
-2.436772920191287994e-02
-2.436939813196659088e-02
-2.437262050807476044e-02
-2.437005378305912018e-02
-2.437105216085910797e-02
-2.436779253184795380e-02
-2.436997741460800171e-02
-2.437162771821022034e-02
-2.436539717018604279e-02
-2.436777204275131226e-02
-2.436782047152519226e-02
-2.437434159219264984e-02
-2.436952665448188782e-02
-2.436852268874645233e-02
-2.437142841517925262e-02
-2.437012083828449249e-02
-2.436995692551136017e-02
-2.436280436813831329e-02
-2.437212690711021423e-02
-2.437708340585231781e-02
-2.436823211610317230e-02
-2.436471171677112579e-02
-2.436916157603263855e-02
-2.436562255024909973e-02
-2.436791546642780304e-02
-2.437337487936019897e-02
-2.436742745339870453e-02
-2.436948753893375397e-02
-2.436723187565803528e-02
-2.437071315944194794e-02
-2.437495440244674683e-02
-2.436739578843116760e-02
-2.436933107674121857e-02
-2.436598762869834900e-02
-2.436706982553005219e-02
-2.436917647719383240e-02
-2.436686679720878601e-02
-2.436056360602378845e-02
-2.436698786914348602e-02
-2.436077222228050232e-02
-2.437059953808784485e-02
-2.436684630811214447e-02
-2.436416223645210266e-02
-2.437048777937889099e-02
-2.437302097678184509e-02
-2.437312714755535126e-02
-2.437567897140979767e-02
-2.436552755534648895e-02
-2.437019161880016327e-02
-2.437158674001693726e-02
-2.436934038996696472e-02
-2.436602674424648285e-02
-2.437072247266769409e-02
-2.436528354883193970e-02
-2.436843700706958771e-02
-2.436498366296291351e-02
-2.436895854771137238e-02
-2.436379157006740570e-02
-2.436993643641471863e-02
-2.437230013310909271e-02
-2.437197044491767883e-02
-2.436675503849983215e-02
-2.436660975217819214e-02
-2.436691708862781525e-02
-2.436581626534461975e-02
-2.436548657715320587e-02
-2.437231317162513733e-02
-2.436841093003749847e-02
-2.436955086886882782e-02
-2.436397038400173187e-02
-2.436885796487331390e-02
-2.436756342649459839e-02
-2.436557039618492126e-02
-2.436670288443565369e-02
-2.436996437609195709e-02
-2.436570264399051666e-02
-2.437051013112068176e-02
-2.436591126024723053e-02
-2.437117323279380798e-02
-2.437346428632736206e-02
-2.436696738004684448e-02
-2.436446212232112885e-02
-2.437368594110012054e-02
-2.436403371393680573e-02
-2.436455711722373962e-02
-2.436598762869834900e-02
-2.436658926308155060e-02
-2.436743117868900299e-02
-2.436947636306285858e-02
-2.436342462897300720e-02
-2.436689287424087524e-02
-2.436781860888004303e-02
-2.436807379126548767e-02
-2.436917647719383240e-02
-2.436753362417221069e-02
-2.436213567852973938e-02
-2.436516061425209045e-02
-2.436321415007114410e-02
-2.437225170433521271e-02
-2.436744607985019684e-02
-2.436863631010055542e-02
-2.436869032680988312e-02
-2.436810359358787537e-02
-2.436270564794540405e-02
-2.436485514044761658e-02
-2.436535619199275970e-02
-2.436724118888378143e-02
-2.437014319002628326e-02
-2.436955459415912628e-02
-2.436458691954612732e-02
-2.437334507703781128e-02
-2.436215057969093323e-02
-2.437038905918598175e-02
-2.437582984566688538e-02
-2.437301538884639740e-02
-2.436754480004310608e-02
-2.436445094645023346e-02
-2.436630986630916595e-02
-2.436570264399051666e-02
-2.436563000082969666e-02
-2.437154762446880341e-02
-2.436829172074794769e-02
-2.436938695609569550e-02
-2.436700835824012756e-02
-2.436710707843303680e-02
-2.436333522200584412e-02
-2.436579205095767975e-02
-2.436893805861473083e-02
-2.437083236873149872e-02
-2.437492646276950836e-02
-2.437013201415538788e-02
-2.436723746359348297e-02
-2.436887845396995544e-02
-2.436752989888191223e-02
-2.437161281704902649e-02
-2.437030524015426636e-02
-2.436600998044013977e-02
-2.437208406627178192e-02
-2.436904422938823700e-02
-2.436729520559310913e-02
-2.436363883316516876e-02
-2.436452917754650116e-02
-2.436563745141029358e-02
-2.437288686633110046e-02
-2.436876483261585236e-02
-2.436418645083904266e-02
-2.436857298016548157e-02
-2.436346374452114105e-02
-2.436218224465847015e-02
-2.437100745737552643e-02
-2.436700090765953064e-02
-2.437148615717887878e-02
-2.436421625316143036e-02
-2.437276579439640045e-02
-2.436625212430953979e-02
-2.436779066920280457e-02
-2.436330541968345642e-02
-2.437178604304790497e-02
-2.437021583318710327e-02
-2.436752431094646454e-02
-2.436657808721065521e-02
-2.436529286205768585e-02
-2.436479367315769196e-02
-2.436670847237110138e-02
-2.436846680939197540e-02
-2.436388097703456879e-02
-2.436889335513114929e-02
-2.436446771025657654e-02
-2.436614967882633209e-02
-2.436655387282371521e-02
-2.437135390937328339e-02
-2.436058036983013153e-02
-2.436651661992073059e-02
-2.436986751854419708e-02
-2.436780557036399841e-02
-2.436911687254905701e-02
-2.436990104615688324e-02
-2.437255717813968658e-02
-2.437105402350425720e-02
-2.437127940356731415e-02
-2.437199465930461884e-02
-2.436607144773006439e-02
-2.437144145369529724e-02
-2.437339536845684052e-02
-2.436459250748157501e-02
-2.436577156186103821e-02
-2.436806820333003998e-02
-2.436463721096515656e-02
-2.436895295977592468e-02
-2.436426468193531036e-02
-2.436973527073860168e-02
-2.436935342848300934e-02
-2.436261624097824097e-02
-2.436391264200210571e-02
-2.436836808919906616e-02
-2.436765283346176147e-02
-2.436293475329875946e-02
-2.436384744942188263e-02
-2.436920627951622009e-02
-2.436684817075729370e-02
-2.436674945056438446e-02
-2.436958625912666321e-02
-2.436380833387374878e-02
-2.436893805861473083e-02
-2.436145953834056854e-02
-2.436917275190353394e-02
-2.436690591275691986e-02
-2.436524257063865662e-02
-2.436028234660625458e-02
-2.437163144350051880e-02
-2.436963282525539398e-02
-2.436951734125614166e-02
-2.436373941600322723e-02
-2.436884865164756775e-02
-2.437032572925090790e-02
-2.436426840722560883e-02
-2.436728961765766144e-02
-2.436690405011177063e-02
-2.436712943017482758e-02
-2.436697296798229218e-02
-2.436841651797294617e-02
-2.437097765505313873e-02
-2.437068149447441101e-02
-2.437082119286060333e-02
-2.436677180230617523e-02
-2.436534687876701355e-02
-2.437136135995388031e-02
-2.436760254204273224e-02
-2.437337674200534821e-02
-2.436718530952930450e-02
-2.437068894505500793e-02
-2.436946146190166473e-02
-2.436617575585842133e-02
-2.437073923647403717e-02
-2.436455711722373962e-02
-2.436931990087032318e-02
-2.437318302690982819e-02
-2.436876483261585236e-02
-2.436396665871143341e-02
-2.436603046953678131e-02
-2.436372451484203339e-02
-2.436594106256961823e-02
-2.436758205294609070e-02
-2.436504699289798737e-02
-2.436162903904914856e-02
-2.436763234436511993e-02
-2.436737902462482452e-02
-2.437189407646656036e-02
-2.436779253184795380e-02
-2.436555549502372742e-02
-2.436188235878944397e-02
-2.436202205717563629e-02
-2.436633966863155365e-02
-2.437139861285686493e-02
-2.437150105834007263e-02
-2.437057346105575562e-02
-2.437016554176807404e-02
-2.436881884932518005e-02
-2.436557039618492126e-02
-2.437153086066246033e-02
-2.436547353863716125e-02
-2.437178604304790497e-02
-2.437133900821208954e-02
-2.436616644263267517e-02
-2.436064369976520538e-02
-2.436606772243976593e-02
-2.436881884932518005e-02
-2.436972036957740784e-02
-2.436782978475093842e-02
-2.437019906938076019e-02
-2.436893805861473083e-02
-2.436497062444686890e-02
-2.436128631234169006e-02
-2.436285652220249176e-02
-2.436289377510547638e-02
-2.437324076890945435e-02
-2.436933666467666626e-02
-2.437155880033969879e-02
-2.436709590256214142e-02
-2.436957135796546936e-02
-2.436675503849983215e-02
-2.436962537467479706e-02
-2.436722628772258759e-02
-2.437095902860164642e-02
-2.437064610421657562e-02
-2.436641231179237366e-02
-2.437038905918598175e-02
-2.437139861285686493e-02
-2.436801977455615997e-02
-2.436790242791175842e-02
-2.436203695833683014e-02
-2.436606399714946747e-02
-2.435982413589954376e-02
-2.436835505068302155e-02
-2.436846122145652771e-02
-2.436696738004684448e-02
-2.436517924070358276e-02
-2.437074668705463409e-02
-2.437219955027103424e-02
-2.436933107674121857e-02
-2.436394058167934418e-02
-2.436522208154201508e-02
-2.436999417841434479e-02
-2.436512894928455353e-02
-2.437072619795799255e-02
-2.436422556638717651e-02
-2.437008358538150787e-02
-2.436646446585655212e-02
-2.436656877398490906e-02
-2.436398342251777649e-02
-2.436913922429084778e-02
-2.436468936502933502e-02
-2.436812594532966614e-02
-2.436368912458419800e-02
-2.437025867402553558e-02
-2.437412925064563751e-02
-2.436925098299980164e-02
-2.437020279467105865e-02
-2.436666563153266907e-02
-2.436885796487331390e-02
-2.436708845198154449e-02
-2.436888031661510468e-02
-2.436863817274570465e-02
-2.436748519539833069e-02
-2.436951920390129089e-02
-2.436342276632785797e-02
-2.436385117471218109e-02
-2.436800673604011536e-02
-2.436830475926399231e-02
-2.437088452279567719e-02
-2.436951734125614166e-02
-2.436796389520168304e-02
-2.436845935881137848e-02
-2.436285838484764099e-02
-2.437128499150276184e-02
-2.436846122145652771e-02
-2.436625212430953979e-02
-2.437172271311283112e-02
-2.436943724751472473e-02
-2.436180226504802704e-02
-2.436770312488079071e-02
-2.436891943216323853e-02
-2.436388842761516571e-02
-2.437304146587848663e-02
-2.436962164938449860e-02
-2.436990104615688324e-02
-2.436327748000621796e-02
-2.436828427016735077e-02
-2.436461299657821655e-02
-2.436685748398303986e-02
-2.436475269496440887e-02
-2.436850033700466156e-02
-2.436436153948307037e-02
-2.436523698270320892e-02
-2.436362020671367645e-02
-2.436651661992073059e-02
-2.437362261116504669e-02
-2.436543069779872894e-02
-2.436866983771324158e-02
-2.436649985611438751e-02
-2.437122538685798645e-02
-2.436610683798789978e-02
-2.436882443726062775e-02
-2.436487562954425812e-02
-2.436378784477710724e-02
-2.436584793031215668e-02
-2.436397597193717957e-02
-2.436777390539646149e-02
-2.435973472893238068e-02
-2.436958067119121552e-02
-2.436772547662258148e-02
-2.436531893908977509e-02
-2.436123415827751160e-02
-2.437661215662956238e-02
-2.437141165137290955e-02
-2.436826564371585846e-02
-2.436537854373455048e-02
-2.436295524239540100e-02
-2.436728589236736298e-02
-2.436276525259017944e-02
-2.436075359582901001e-02
-2.436429448425769806e-02
-2.436938136816024780e-02
-2.436638064682483673e-02
-2.436467632651329041e-02
-2.437081187963485718e-02
-2.436613477766513824e-02
-2.436913363635540009e-02
-2.436743862926959991e-02
-2.436760626733303070e-02
-2.436987496912479401e-02
-2.436710521578788757e-02
-2.436481788754463196e-02
-2.436522580683231354e-02
-2.436819113790988922e-02
-2.436151914298534393e-02
-2.436468750238418579e-02
-2.436635456979274750e-02
-2.436557970941066742e-02
-2.437152154743671417e-02
-2.437158487737178802e-02
-2.436574175953865051e-02
-2.436852082610130310e-02
-2.436673082411289215e-02
-2.436482533812522888e-02
-2.436735667288303375e-02
-2.436663769185543060e-02
-2.436990290880203247e-02
-2.436118200421333313e-02
-2.436700649559497833e-02
-2.436245791614055634e-02
-2.436883561313152313e-02
-2.437130548059940338e-02
-2.437190338969230652e-02
-2.436622790992259979e-02
-2.437495999038219452e-02
-2.437088824808597565e-02
-2.436778880655765533e-02
-2.436258643865585327e-02
-2.436690218746662140e-02
-2.437415346503257751e-02
-2.436439134180545807e-02
-2.436434105038642883e-02
-2.437056787312030792e-02
-2.436496689915657043e-02
-2.436529844999313354e-02
-2.436419948935508728e-02
-2.437486872076988220e-02
-2.436586841940879822e-02
-2.436993829905986786e-02
-2.436793968081474304e-02
-2.437182515859603882e-02
-2.436834201216697693e-02
-2.437070943415164948e-02
-2.436747401952743530e-02
-2.436392381787300110e-02
-2.436259575188159943e-02
-2.436385117471218109e-02
-2.436565980315208435e-02
-2.437063865363597870e-02
-2.437089756131172180e-02
-2.436905540525913239e-02
-2.436322160065174103e-02
-2.436605840921401978e-02
-2.436881139874458313e-02
-2.436527237296104431e-02
-2.436480857431888580e-02
-2.436669357120990753e-02
-2.436876855790615082e-02
-2.437216229736804962e-02
-2.436542697250843048e-02
-2.436796389520168304e-02
-2.436377480626106262e-02
-2.436434850096702576e-02
-2.436820603907108307e-02
-2.436865307390689850e-02
-2.436028234660625458e-02
-2.436282485723495483e-02
-2.436151355504989624e-02
-2.436349168419837952e-02
-2.437190525233745575e-02
-2.436392195522785187e-02
-2.436288632452487946e-02
-2.437412925064563751e-02
-2.437323518097400665e-02
-2.436540648341178894e-02
-2.436922863125801086e-02
-2.436505816876888275e-02
-2.437197230756282806e-02
-2.437441609799861908e-02
-2.437182329595088959e-02
-2.436625584959983826e-02
-2.436452731490135193e-02
-2.436856552958488464e-02
-2.437459304928779602e-02
-2.436875738203525543e-02
-2.436378970742225647e-02
-2.437043003737926483e-02
-2.437203750014305115e-02
-2.436672523617744446e-02
-2.436553686857223511e-02
-2.436739392578601837e-02
-2.436991780996322632e-02
-2.436794713139533997e-02
-2.436643652617931366e-02
-2.436094731092453003e-02
-2.437200397253036499e-02
-2.436862327158451080e-02
-2.436576597392559052e-02
-2.436498366296291351e-02
-2.436944469809532166e-02
-2.436896599829196930e-02
-2.437295205891132355e-02
-2.436680160462856293e-02
-2.436280809342861176e-02
-2.436748333275318146e-02
-2.437501586973667145e-02
-2.436578646302223206e-02
-2.436647750437259674e-02
-2.436981536448001862e-02
-2.436600998044013977e-02
-2.436660602688789368e-02
-2.436980791389942169e-02
-2.436780557036399841e-02
-2.436987683176994324e-02
-2.436997182667255402e-02
-2.436950616538524628e-02
-2.436548657715320587e-02
-2.436700090765953064e-02
-2.437412366271018982e-02
-2.437032386660575867e-02
-2.436920255422592163e-02
-2.437225356698036194e-02
-2.437141165137290955e-02
-2.436702698469161987e-02
-2.437082491815090179e-02
-2.436836622655391693e-02
-2.436880581080913544e-02
-2.436547726392745972e-02
-2.436886541545391083e-02
-2.437186986207962036e-02
-2.436716295778751373e-02
-2.437142096459865570e-02
-2.436965145170688629e-02
-2.436878532171249390e-02
-2.436720952391624451e-02
-2.436649985611438751e-02
-2.436815015971660614e-02
-2.437032200396060944e-02
-2.436801046133041382e-02
-2.436489053070545197e-02
-2.437197975814342499e-02
-2.436468563973903656e-02
-2.436831966042518616e-02
-2.437055669724941254e-02
-2.436626330018043518e-02
-2.436162903904914856e-02
-2.437092177569866180e-02
-2.436837367713451385e-02
-2.436948381364345551e-02
-2.436937205493450165e-02
-2.436781860888004303e-02
-2.436991408467292786e-02
-2.437056973576545715e-02
-2.436360158026218414e-02
-2.437225542962551117e-02
-2.436948008835315704e-02
-2.437048777937889099e-02
-2.436547726392745972e-02
-2.436781115829944611e-02
-2.436469681560993195e-02
-2.436771430075168610e-02
-2.437091246247291565e-02
-2.437245473265647888e-02
-2.436859533190727234e-02
-2.436575666069984436e-02
-2.436073869466781616e-02
-2.436846308410167694e-02
-2.436808310449123383e-02
-2.437415346503257751e-02
-2.436478808522224426e-02
-2.436760999262332916e-02
-2.436606399714946747e-02
-2.436969615519046783e-02
-2.436892315745353699e-02
-2.436845749616622925e-02
-2.437056973576545715e-02
-2.436616644263267517e-02
-2.436846680939197540e-02
-2.436921559274196625e-02
-2.436738461256027222e-02
-2.436501719057559967e-02
-2.436615154147148132e-02
-2.436816506087779999e-02
-2.436835877597332001e-02
-2.437274344265460968e-02
-2.436911128461360931e-02
-2.436516620218753815e-02
-2.436725236475467682e-02
-2.436772175133228302e-02
-2.436887659132480621e-02
-2.437117882072925568e-02
-2.436123602092266083e-02
-2.436568960547447205e-02
-2.436690777540206909e-02
-2.437015809118747711e-02
-2.436944097280502319e-02
-2.436371892690658569e-02
-2.437043748795986176e-02
-2.437075227499008179e-02
-2.436653152108192444e-02
-2.436306327581405640e-02
-2.437118440866470337e-02
-2.436761744320392609e-02
-2.436393685638904572e-02
-2.436838857829570770e-02
-2.437100745737552643e-02
-2.437120303511619568e-02
-2.436879836022853851e-02
-2.437119930982589722e-02
-2.436407282948493958e-02
-2.436992712318897247e-02
-2.436933293938636780e-02
-2.437382191419601440e-02
-2.436681278049945831e-02
-2.436513267457485199e-02
-2.436876669526100159e-02
-2.436958439648151398e-02
-2.436839602887630463e-02
-2.437110990285873413e-02
-2.436942793428897858e-02
-2.436967566609382629e-02
-2.436609938740730286e-02
-2.437042072415351868e-02
-2.436795458197593689e-02
-2.437013946473598480e-02
-2.437153086066246033e-02
-2.436733432114124298e-02
-2.436743117868900299e-02
-2.436819858849048615e-02
-2.437526732683181763e-02
-2.436884492635726929e-02
-2.436399646103382111e-02
-2.436991780996322632e-02
-2.436770312488079071e-02
-2.436261624097824097e-02
-2.436671033501625061e-02
-2.436628192663192749e-02
-2.436736784875392914e-02
-2.436601929366588593e-02
-2.436720952391624451e-02
-2.436684444546699524e-02
-2.436635829508304596e-02
-2.437364682555198669e-02
-2.436565048992633820e-02
-2.437423542141914368e-02
-2.436293847858905792e-02
-2.436354197561740875e-02
-2.436240762472152710e-02
-2.435963600873947144e-02
-2.436851710081100464e-02
-2.436580695211887360e-02
-2.437219955027103424e-02
-2.436846122145652771e-02
-2.436624094843864441e-02
-2.436700090765953064e-02
-2.436143532395362854e-02
-2.437146753072738647e-02
-2.436899580061435699e-02
-2.436366304755210876e-02
-2.436567656695842743e-02
-2.437281422317028046e-02
-2.436405979096889496e-02
-2.436589077115058899e-02
-2.436392568051815033e-02
-2.436797693371772766e-02
-2.436822839081287384e-02
-2.436889521777629852e-02
-2.436381764709949493e-02
-2.436808124184608459e-02
-2.436882071197032928e-02
-2.437026239931583405e-02
-2.437094226479530334e-02
-2.436359971761703491e-02
-2.437467314302921295e-02
-2.436790801584720612e-02
-2.436964400112628937e-02
-2.437050268054008484e-02
-2.436848171055316925e-02
-2.436619624495506287e-02
-2.436804957687854767e-02
-2.436688914895057678e-02
-2.436524443328380585e-02
-2.436300180852413177e-02
-2.436984330415725708e-02
-2.436782792210578918e-02
-2.436888404190540314e-02
-2.436766214668750763e-02
-2.436652965843677521e-02
-2.436670474708080292e-02
-2.437053434550762177e-02
-2.437110058963298798e-02
-2.436709776520729065e-02
-2.437122911214828491e-02
-2.436779253184795380e-02
-2.436629869043827057e-02
-2.437682822346687317e-02
-2.437508665025234222e-02
-2.437043748795986176e-02
-2.437340095639228821e-02
-2.436271123588085175e-02
-2.437119930982589722e-02
-2.437017299234867096e-02
-2.436648122966289520e-02
-2.436310611665248871e-02
-2.436913363635540009e-02
-2.436991408467292786e-02
-2.436485514044761658e-02
-2.436720207333564758e-02
-2.436546050012111664e-02
-2.437122911214828491e-02
-2.436503954231739044e-02
-2.436387166380882263e-02
-2.436549775302410126e-02
-2.436817623674869537e-02
-2.436838112771511078e-02
-2.437451109290122986e-02
-2.437013573944568634e-02
-2.436598390340805054e-02
-2.436663582921028137e-02
-2.436448447406291962e-02
-2.436634525656700134e-02
-2.437314577400684357e-02
-2.436980791389942169e-02
-2.436908334493637085e-02
-2.436847239732742310e-02
-2.436953224241733551e-02
-2.436517924070358276e-02
-2.437192760407924652e-02
-2.435980178415775299e-02
-2.437222376465797424e-02
-2.436681464314460754e-02
-2.436963841319084167e-02
-2.436687797307968140e-02
-2.437569573521614075e-02
-2.436663396656513214e-02
-2.436726726591587067e-02
-2.437067590653896332e-02
-2.436612918972969055e-02
-2.437054365873336792e-02
-2.436244860291481018e-02
-2.436625584959983826e-02
-2.437354438006877899e-02
-2.437343634665012360e-02
-2.436931245028972626e-02
-2.436756901443004608e-02
-2.437273226678371429e-02
-2.437080629169940948e-02
-2.436725981533527374e-02
-2.437043562531471252e-02
-2.436369843780994415e-02
-2.436504885554313660e-02
-2.436124160885810852e-02
-2.436843328177928925e-02
-2.436626516282558441e-02
-2.436461299657821655e-02
-2.437276765704154968e-02
-2.437360025942325592e-02
-2.436990663409233093e-02
-2.436847425997257233e-02
-2.436585538089275360e-02
-2.437011152505874634e-02
-2.437243796885013580e-02
-2.436678856611251831e-02
-2.436434850096702576e-02
-2.436726167798042297e-02
-2.436306513845920563e-02
-2.437003701925277710e-02
-2.436633780598640442e-02
-2.436906844377517700e-02
-2.436568960547447205e-02
-2.437205053865909576e-02
-2.436264045536518097e-02
-2.436288818717002869e-02
-2.436721697449684143e-02
-2.437166683375835419e-02
-2.437223307788372040e-02
-2.436775900423526764e-02
-2.437165565788745880e-02
-2.436363883316516876e-02
-2.436273545026779175e-02
-2.436578646302223206e-02
-2.436325699090957642e-02
-2.436729893088340759e-02
-2.436975203454494476e-02
-2.436550706624984741e-02
-2.436373569071292877e-02
-2.436807379126548767e-02
-2.436433546245098114e-02
-2.436613664031028748e-02
-2.437279187142848969e-02
-2.436644211411476135e-02
-2.437317743897438049e-02
-2.436596527695655823e-02
-2.436920255422592163e-02
-2.436696365475654602e-02
-2.436969242990016937e-02
-2.437542751431465149e-02
-2.436832152307033539e-02
-2.437121793627738953e-02
-2.436607703566551208e-02
-2.436647005379199982e-02
-2.437333203852176666e-02
-2.437185309827327728e-02
-2.436605654656887054e-02
-2.437038533389568329e-02
-2.436468750238418579e-02
-2.436291426420211792e-02
-2.436750754714012146e-02
-2.436967939138412476e-02
-2.437188290059566498e-02
-2.437503449618816376e-02
-2.437163703143596649e-02
-2.437162585556507111e-02
-2.436790987849235535e-02
-2.436578460037708282e-02
-2.436869964003562927e-02
-2.436442486941814423e-02
-2.436171285808086395e-02
-2.437203004956245422e-02
-2.437325753271579742e-02
-2.437170781195163727e-02
-2.437022514641284943e-02
-2.436817064881324768e-02
-2.436526864767074585e-02
-2.436184324324131012e-02
-2.436562627553939819e-02
-2.436681464314460754e-02
-2.436702325940132141e-02
-2.436903677880764008e-02
-2.437213249504566193e-02
-2.436659485101699829e-02
-2.437064796686172485e-02
-2.436900697648525238e-02
-2.436421997845172882e-02
-2.436994388699531555e-02
-2.436898462474346161e-02
-2.436718158423900604e-02
-2.436684817075729370e-02
-2.436781674623489380e-02
-2.436890825629234314e-02
-2.437138743698596954e-02
-2.436772361397743225e-02
-2.436833828687667847e-02
-2.437166683375835419e-02
-2.436844818294048309e-02
-2.436341904103755951e-02
-2.436816878616809845e-02
-2.436687238514423370e-02
-2.437447570264339447e-02
-2.436757832765579224e-02
-2.437039092183113098e-02
-2.437360025942325592e-02
-2.437062747776508331e-02
-2.436549775302410126e-02
-2.436498738825321198e-02
-2.437187917530536652e-02
-2.437221445143222809e-02
-2.436962164938449860e-02
-2.437136322259902954e-02
-2.436554990708827972e-02
-2.436574362218379974e-02
-2.436306327581405640e-02
-2.437060698866844177e-02
-2.436647936701774597e-02
-2.436504513025283813e-02
-2.436946146190166473e-02
-2.437204681336879730e-02
-2.436039969325065613e-02
-2.436916716396808624e-02
-2.437020093202590942e-02
-2.436758950352668762e-02
-2.436440810561180115e-02
-2.437153086066246033e-02
-2.437231875956058502e-02
-2.436945773661136627e-02
-2.437738142907619476e-02
-2.436561509966850281e-02
-2.437005378305912018e-02
-2.436713688075542450e-02
-2.437152154743671417e-02
-2.436915226280689240e-02
-2.436287328600883484e-02
-2.436629496514797211e-02
-2.436187490820884705e-02
-2.436570264399051666e-02
-2.436705678701400757e-02
-2.436686493456363678e-02
-2.436638250946998596e-02
-2.437269315123558044e-02
-2.436921559274196625e-02
-2.436493709683418274e-02
-2.436135150492191315e-02
-2.436609007418155670e-02
-2.436647191643714905e-02
-2.436466701328754425e-02
-2.437047474086284637e-02
-2.436546050012111664e-02
-2.436395175755023956e-02
-2.436980232596397400e-02
-2.436663582921028137e-02
-2.436519786715507507e-02
-2.436816878616809845e-02
-2.437346242368221283e-02
-2.436685748398303986e-02
-2.436879836022853851e-02
-2.436726540327072144e-02
-2.437335811555385590e-02
-2.437515929341316223e-02
-2.436538971960544586e-02
-2.437102049589157104e-02
-2.436781860888004303e-02
-2.436382882297039032e-02
-2.436732314527034760e-02
-2.437104471027851105e-02
-2.437613718211650848e-02
-2.437085658311843872e-02
-2.436099573969841003e-02
-2.436846680939197540e-02
-2.437195926904678345e-02
-2.436569519340991974e-02
-2.437306568026542664e-02
-2.437301538884639740e-02
-2.436835132539272308e-02
-2.436936087906360626e-02
-2.437269873917102814e-02
-2.436515875160694122e-02
-2.436869591474533081e-02
-2.436378225684165955e-02
-2.436906658113002777e-02
-2.436763979494571686e-02
-2.437235787510871887e-02
-2.437136135995388031e-02
-2.436404302716255188e-02
-2.436548098921775818e-02
-2.437078207731246948e-02
-2.436432056128978729e-02
-2.436609007418155670e-02
-2.436813153326511383e-02
-2.436988428235054016e-02
-2.436173148453235626e-02
-2.436972223222255707e-02
-2.436923049390316010e-02
-2.437540143728256226e-02
-2.436114661395549774e-02
-2.437179163098335266e-02
-2.436502091586589813e-02
-2.436718158423900604e-02
-2.436713501811027527e-02
-2.437064796686172485e-02
-2.437247149646282196e-02
-2.436356991529464722e-02
-2.436242066323757172e-02
-2.437195368111133575e-02
-2.436749078333377838e-02
-2.436733990907669067e-02
-2.436984516680240631e-02
-2.436887100338935852e-02
-2.437149360775947571e-02
-2.436950057744979858e-02
-2.437322400510311127e-02
-2.436867915093898773e-02
-2.436747401952743530e-02
-2.435957640409469604e-02
-2.436286024749279022e-02
-2.437084168195724487e-02
-2.436916157603263855e-02
-2.437042631208896637e-02
-2.436553314328193665e-02
-2.437086589634418488e-02
-2.437059767544269562e-02
-2.436638809740543365e-02
-2.436087094247341156e-02
-2.436542697250843048e-02
-2.436809614300727844e-02
-2.437716163694858551e-02
-2.436454221606254578e-02
-2.436656504869461060e-02
-2.436514012515544891e-02
-2.436431683599948883e-02
-2.436827868223190308e-02
-2.436607703566551208e-02
-2.436549402773380280e-02
-2.436252310872077942e-02
-2.436115965247154236e-02
-2.436143718659877777e-02
-2.436568588018417358e-02
-2.436345070600509644e-02
-2.436179108917713165e-02
-2.436854317784309387e-02
-2.436718903481960297e-02
-2.436197735369205475e-02
-2.436425350606441498e-02
-2.436833456158638000e-02
-2.436184510588645935e-02
-2.436564676463603973e-02
-2.437052503228187561e-02
-2.436078526079654694e-02
-2.436448447406291962e-02
-2.436981908977031708e-02
-2.436586841940879822e-02
-2.436788193881511688e-02
-2.436900325119495392e-02
-2.436983212828636169e-02
-2.436912991106510162e-02
-2.436810918152332306e-02
-2.436674945056438446e-02
-2.437033504247665405e-02
-2.436875551939010620e-02
-2.436342462897300720e-02
-2.436729148030281067e-02
-2.436870895326137543e-02
-2.436408586800098419e-02
-2.436740137636661530e-02
-2.436468191444873810e-02
-2.436681836843490601e-02
-2.436399087309837341e-02
-2.436900697648525238e-02
-2.437410317361354828e-02
-2.437203750014305115e-02
-2.437334693968296051e-02
-2.437182515859603882e-02
-2.436779253184795380e-02
-2.437094040215015411e-02
-2.436702325940132141e-02
-2.436749078333377838e-02
-2.437203004956245422e-02
-2.437336184084415436e-02
-2.437079139053821564e-02
-2.437132224440574646e-02
-2.436469122767448425e-02
-2.437206730246543884e-02
-2.436737529933452606e-02
-2.437102049589157104e-02
-2.436501719057559967e-02
-2.437224611639976501e-02
-2.436597272753715515e-02
-2.437238208949565887e-02
-2.436721883714199066e-02
-2.436120249330997467e-02
-2.436508424580097198e-02
-2.436397038400173187e-02
-2.436276152729988098e-02
-2.436617575585842133e-02
-2.436572685837745667e-02
-2.437099255621433258e-02
-2.436958067119121552e-02
-2.436608821153640747e-02
-2.437586896121501923e-02
-2.436552383005619049e-02
-2.436103299260139465e-02
-2.436827309429645538e-02
-2.436398342251777649e-02
-2.437478862702846527e-02
-2.436948381364345551e-02
-2.437188848853111267e-02
-2.436736784875392914e-02
-2.437075227499008179e-02
-2.436799742281436920e-02
-2.436991967260837555e-02
-2.436811663210391998e-02
-2.436387911438941956e-02
-2.436619251966476440e-02
-2.436263300478458405e-02
