-5.330722594322699626e-02
-5.325923474385347439e-02
-5.318339599784236565e-02
-5.373677505973843693e-02
-5.392711133747243174e-02
-5.436645384482557269e-02
-5.405347520481905421e-02
-5.442579338942049594e-02
-5.448423853015136459e-02
-5.457830337327871512e-02
-5.471974756596834771e-02
-5.471637481202865777e-02
-5.458977986483477124e-02
-5.468062221455004257e-02
-5.468279651556266774e-02
-5.476236834087720717e-02
-5.482948174302625099e-02
-5.480721510153725023e-02
-5.475450083026168341e-02
-5.481507822103123123e-02
-5.480285820040690231e-02
-5.483086406326926482e-02
-5.476537393117990316e-02
-5.489448304553602720e-02
-5.494756276924833011e-02
-5.499800338599425409e-02
-5.490931735427601740e-02
-5.487625687611398517e-02
-5.489684096818644304e-02
-5.483155560187049499e-02
-5.490636158228212604e-02
-5.489872561717772798e-02
-5.489332864614055590e-02
-5.501259425453044333e-02
-5.493183346013596341e-02
-5.499368285077686769e-02
-5.488837660030941590e-02
-5.499510299779074296e-02
-5.492529170246037568e-02
-5.497161585427178671e-02
-5.501990888059984236e-02
-5.498168948899332525e-02
-5.501567725297947659e-02
-5.502542375017786813e-02
-5.505711060353454117e-02
-5.488704019893415886e-02
-5.502392103865476336e-02
-5.493649262666262106e-02
-5.502922260656057524e-02
-5.504255737815279270e-02
-5.490527114057757591e-02
-5.494619678844837179e-02
-5.498472085031353568e-02
-5.502429199627060369e-02
-5.494898587433040549e-02
-5.496408354053557849e-02
-5.502432411550742947e-02
-5.492991931393208238e-02
-5.500456937329960966e-02
-5.501303636577081074e-02
-5.503919242245948473e-02
-5.503029860302134646e-02
-5.496171186516734392e-02
-5.495702472352263085e-02
-5.491926606769946539e-02
-5.501332441695327979e-02
-5.506780596519360305e-02
-5.495214765188088241e-02
-5.502449245171765757e-02
-5.501454707504092878e-02
-5.499878913016042342e-02
-5.494199457385214730e-02
-5.494055162883636212e-02
-5.493143469218124408e-02
-5.500056922399182424e-02
-5.499647384880869405e-02
-5.499331722924040433e-02
-5.497907642982224896e-02
-5.502566254256170686e-02
-5.498588925215813078e-02
-5.498776664843946921e-02
-5.510483149453045820e-02
-5.502378362103084453e-02
-5.505974804495104846e-02
-5.492294167207460720e-02
-5.505268674273081780e-02
-5.499112342784528290e-02
-5.499231231723426122e-02
-5.510734098720282415e-02
-5.497644472954340417e-02
-5.512059645559003185e-02
-5.502713100377619460e-02
-5.505773518810241907e-02
-5.511371720619963332e-02
-5.513015315315298454e-02
-5.513034844586219008e-02
-5.506998017771989884e-02
-5.512184082003452473e-02
-5.509107152532063262e-02
-5.504916235152666065e-02
-5.503677238146721662e-02
-5.501215606909132944e-02
-5.502889539513079048e-02
-5.506645889993039972e-02
-5.502909206250811841e-02
-5.508610352589270176e-02
-5.497962827900325367e-02
-5.507254541652515517e-02
-5.502480852768298208e-02
-5.503203542395039560e-02
-5.504994827132553975e-02
-5.504767666386623653e-02
-5.496418050467831440e-02
-5.502379941257366791e-02
-5.509661634738956953e-02
-5.515945279617400637e-02
-5.513762787006858124e-02
-5.509616478471982687e-02
-5.511053050766796108e-02
-5.508807691759076003e-02
-5.503714882632574495e-02
-5.506170325279309552e-02
-5.498032242340561426e-02
-5.515586139306628832e-02
-5.507030614698869841e-02
-5.513502123230765856e-02
-5.505019480318312786e-02
-5.501367137977287297e-02
-5.502094726767087912e-02
-5.509402951228344752e-02
-5.501324881157360763e-02
-5.510518976456314083e-02
-5.485811552717242273e-02
-5.499812125487670705e-02
-5.503230006709018685e-02
-5.505121069146877433e-02
-5.506284346193631579e-02
-5.507927823785001981e-02
-5.502793289674269561e-02
-5.506886383361583176e-02
-5.495246861618451745e-02
-5.503401496100192303e-02
-5.497053331099033269e-02
-5.505173498776801122e-02
-5.513565972457091374e-02
-5.510755168296808948e-02
-5.510762281687340419e-02
-5.502841448544968511e-02
-5.499154978000832944e-02
-5.506453442520596597e-02
-5.510567844416937311e-02
-5.501363025327254963e-02
-5.500138247713407674e-02
-5.497643260570759388e-02
-5.508183158753340164e-02
-5.511884103745241098e-02
-5.510408454200781819e-02
-5.498703433847600824e-02
-5.495715970188531918e-02
-5.504784880372036449e-02
-5.506818121144564648e-02
-5.506737455048821978e-02
-5.510002499524525865e-02
-5.503500447607154872e-02
-5.506273503536888297e-02
-5.509262646547256198e-02
-5.511057690459682246e-02
-5.511807683505527689e-02
-5.507398470222923947e-02
-5.506843938787910064e-02
-5.509370020169592624e-02
-5.507292187862384419e-02
-5.503770743496120416e-02
-5.505596969955658254e-02
-5.500932599147458080e-02
-5.507988885317732092e-02
-5.506277670476966007e-02
-5.507749140448971181e-02
-5.507864027909203930e-02
-5.509063354632382642e-02
-5.511214031883086145e-02
-5.510830246572907126e-02
-5.509697604770325691e-02
-5.499832811027000751e-02
-5.511421808976892794e-02
-5.512797807547076268e-02
-5.512014313819562500e-02
-5.506914557283770773e-02
-5.510703228979735996e-02
-5.508499045246560699e-02
-5.506562500065036170e-02
-5.509961751977358185e-02
-5.506567889204971866e-02
-5.511848241794081726e-02
-5.513848292344288721e-02
-5.501336549569629808e-02
-5.508722602252714984e-02
-5.504127310160094461e-02
-5.514670175233242488e-02
-5.503096358686530160e-02
-5.506799244070252619e-02
-5.506215608520877852e-02
-5.502122601853200179e-02
-5.508346353733768741e-02
-5.504260457671349138e-02
-5.497601826597191960e-02
-5.502895359218366866e-02
-5.510987204081319729e-02
-5.508104779395121137e-02
-5.506210877613042926e-02
-5.508598721809437188e-02
-5.513333898224475477e-02
-5.504456519386583674e-02
-5.507750920645979736e-02
-5.512375960539653980e-02
-5.508226725543785562e-02
-5.515091418299660625e-02
-5.511989447058091712e-02
-5.512202274617712672e-02
-5.507392437513151245e-02
-5.515493961945279466e-02
-5.508711709862296885e-02
-5.511693733862971928e-02
-5.513510356862721257e-02
-5.509440731713854261e-02
-5.510224539916670078e-02
-5.510755752070783248e-02
-5.505715965611541335e-02
-5.505418494501952004e-02
-5.508895592687174797e-02
-5.506640844341654378e-02
-5.505414546634979089e-02
-5.503723264532468101e-02
-5.505935379237103522e-02
-5.516230211623897317e-02
-5.505150519681045046e-02
-5.511935454480481472e-02
-5.504740389994400990e-02
-5.507242765824387626e-02
-5.513992664035877872e-02
-5.505367975542062309e-02
-5.508916217427850537e-02
-5.513555186555691573e-02
-5.507662020671320879e-02
-5.510854269394525190e-02
-5.506937891443647315e-02
-5.506965475771342933e-02
-5.515092455326204429e-02
-5.506617877433276492e-02
-5.508062873804409065e-02
-5.511547658488924473e-02
-5.501848919713705349e-02
-5.513071236114364809e-02
-5.508431554869303026e-02
-5.509443023884843388e-02
-5.514028635375210069e-02
-5.512645797446981411e-02
-5.515254234430165547e-02
-5.508488115075628466e-02
-5.510192516354304321e-02
-5.514823642998249037e-02
-5.508494386641982210e-02
-5.510361380280202198e-02
-5.509160429177241414e-02
-5.506567054013500329e-02
-5.505718095275805718e-02
-5.513705397122605628e-02
-5.514243723528605007e-02
-5.514441660129679873e-02
-5.512503137623563781e-02
-5.508194473495403587e-02
-5.516511159839630751e-02
-5.509882466366562009e-02
-5.515196265385383795e-02
-5.512921703700817549e-02
-5.512864734840953324e-02
-5.508000107067699547e-02
-5.513186024815192043e-02
-5.513124071991087199e-02
-5.505961720376088137e-02
-5.507643257188250818e-02
-5.512282056392640156e-02
-5.507296655503030741e-02
-5.510325901763198087e-02
-5.507418927973967843e-02
-5.507759855366639590e-02
-5.510977604843320804e-02
-5.508811516510823958e-02
-5.517572667007120124e-02
-5.510918252025270164e-02
-5.510170001933808320e-02
-5.513815689726785096e-02
-5.505996721142102091e-02
-5.517904916819809519e-02
-5.512230242170151201e-02
-5.511294002921591356e-02
-5.515199345773824646e-02
-5.515907468203532643e-02
-5.510094626433866688e-02
-5.515184161579290978e-02
-5.510680492933128782e-02
-5.512914210407200699e-02
-5.513334571904818932e-02
-5.509016444853653827e-02
-5.510826468888442575e-02
-5.509968246979665002e-02
-5.517034711709597333e-02
-5.513540746347733723e-02
-5.498868086372223074e-02
-5.514554011323542088e-02
-5.511197540647718579e-02
-5.507195596559086997e-02
-5.511558409710937134e-02
-5.511023751006866728e-02
-5.512248202791059093e-02
-5.511071919616023634e-02
-5.512068354660126790e-02
-5.511630948579492040e-02
-5.513293165901026610e-02
-5.511641752174999825e-02
-5.510073533014508279e-02
-5.506397577890550371e-02
-5.509340786480514812e-02
-5.509421545424345729e-02
-5.511928049165778359e-02
-5.504728190630237689e-02
-5.515111545589201913e-02
-5.512934210320092482e-02
-5.514392673279082391e-02
-5.517340452849007343e-02
-5.512391763777487602e-02
-5.506436741716248806e-02
-5.512393589645508268e-02
-5.514202812180338947e-02
-5.510834191772556040e-02
-5.508719871053523176e-02
-5.512180568073492964e-02
-5.510083343832592601e-02
-5.507118661746628757e-02
-5.512890739884552388e-02
-5.510175411340145768e-02
-5.512513723463301901e-02
-5.508650913267698623e-02
-5.514963041093028095e-02
-5.506903733832969883e-02
-5.509054635301502412e-02
-5.506877186407189290e-02
-5.512773054285535768e-02
-5.512442903226025953e-02
-5.511139294562213825e-02
-5.513612667962298347e-02
-5.516519704789925316e-02
-5.513656791239805038e-02
-5.507331644620454963e-02
-5.515497838217842119e-02
-5.511914049799281762e-02
-5.515075069499396354e-02
-5.513899896274700868e-02
-5.507605857180246367e-02
-5.511960860078238961e-02
-5.509927272935533082e-02
-5.512969979378513907e-02
-5.512923307896817199e-02
-5.512585335708879847e-02
-5.512682629000176249e-02
-5.519171615686630644e-02
-5.510374335366162446e-02
-5.512765083604734967e-02
-5.507673019269936077e-02
-5.509624773373165973e-02
-5.506054928313719454e-02
-5.511022306628817619e-02
-5.516619511545619442e-02
-5.510138741513102845e-02
-5.509772438765507541e-02
-5.513764677031883499e-02
-5.515984462396243682e-02
-5.511202235711627068e-02
-5.512961002137763133e-02
-5.507096628659099297e-02
-5.514567938831503591e-02
-5.508805433502612231e-02
-5.507415258030929489e-02
-5.510109910051270987e-02
-5.515260777377696544e-02
-5.514854934654046109e-02
-5.516671491823726958e-02
-5.510229968432282799e-02
-5.511049111380670468e-02
-5.513368503205600540e-02
-5.507614379220282519e-02
-5.513679476174108279e-02
-5.507661778910672573e-02
-5.508380011251996083e-02
-5.504793789283798228e-02
-5.510841144214571885e-02
-5.513838921417119066e-02
-5.508606853661587172e-02
-5.504701081141311764e-02
-5.517145299667042257e-02
-5.515320309905128587e-02
-5.513153597762158326e-02
-5.509765331962340057e-02
-5.510160810616392818e-02
-5.512405559998904275e-02
-5.508852177461324301e-02
-5.514038018948500680e-02
-5.511122771523289943e-02
-5.518330634956652991e-02
-5.520806787804539290e-02
-5.510520674568729349e-02
-5.510161599348701450e-02
-5.513398507573159801e-02
-5.508057470043646597e-02
-5.506414321820363861e-02
-5.514680883548438856e-02
-5.508812635135754837e-02
-5.510528209762548257e-02
-5.513383475461317712e-02
-5.508773326568790207e-02
-5.514762366753793443e-02
-5.513631297959912386e-02
-5.511027790321596648e-02
-5.513349121792819607e-02
-5.513695984650773818e-02
-5.513178013494004354e-02
-5.516143741874511564e-02
-5.518115817931902589e-02
-5.513490959400994124e-02
-5.511210631501913676e-02
-5.504850784403775982e-02
-5.505078981101411972e-02
-5.507767553733527999e-02
-5.515315654194279105e-02
-5.506420080296405006e-02
-5.509289661068466487e-02
-5.508837014641754237e-02
-5.516356638947703811e-02
-5.507540847149208080e-02
-5.516290825112377810e-02
-5.507233958660202183e-02
-5.515375946654722805e-02
-5.508980187823134950e-02
-5.510625407128544317e-02
-5.514337718288238321e-02
-5.514760038142750564e-02
-5.508488883852974416e-02
-5.516161415200974277e-02
-5.503651382221629029e-02
-5.506816059665248925e-02
-5.505308600375358880e-02
-5.509925551393546339e-02
-5.511950453382367249e-02
-5.505833014900605310e-02
-5.517973395556282495e-02
-5.496378264889579396e-02
-5.507609390486463419e-02
-5.503626413525213729e-02
-5.507102481520558673e-02
-5.514365446169285090e-02
-5.514103867985290647e-02
-5.512414003546502184e-02
-5.511079636503807971e-02
-5.511273678703867279e-02
-5.508046306112592688e-02
-5.514977332795597403e-02
-5.513470464818629596e-02
-5.502966267100374564e-02
-5.509112024175194522e-02
-5.508305128596339972e-02
-5.513114411584361940e-02
-5.508795044068393043e-02
-5.505378062517386761e-02
-5.508715436096478513e-02
-5.514324275138907799e-02
-5.512301036083723516e-02
-5.507770746970714476e-02
-5.513965467528986197e-02
-5.512342798874773214e-02
-5.511331403070291596e-02
-5.518406788920551115e-02
-5.512333618119132084e-02
-5.513189149161094177e-02
-5.509634840760479352e-02
-5.515476497120939958e-02
-5.512240520787849152e-02
-5.508674929478281357e-02
-5.517195618347063568e-02
-5.508536923207406344e-02
-5.506268452662565344e-02
-5.515732457623746809e-02
-5.515062229240032948e-02
-5.511656617625108889e-02
-5.510067220522887194e-02
-5.517940547666631834e-02
-5.509409638264408521e-02
-5.510795886298260060e-02
-5.505722318926241365e-02
-5.510285419280409880e-02
-5.509878119261568674e-02
-5.511153123768303824e-02
-5.516027998953688949e-02
-5.508580035305670614e-02
-5.513778319917469334e-02
-5.507908042271858484e-02
-5.505119244864033201e-02
-5.515177241405043451e-02
-5.509287189783562688e-02
-5.509785716586134557e-02
-5.511842939599936875e-02
-5.515263574069972918e-02
-5.511192021395794338e-02
-5.514481852558707903e-02
-5.508293765741346937e-02
-5.514493518349301848e-02
-5.511133085008414201e-02
-5.513861262747148800e-02
-5.514163727920810831e-02
-5.514076353413007586e-02
-5.514141547082028472e-02
-5.508988275394848672e-02
-5.509487317945576529e-02
-5.517901465616973505e-02
-5.510283535936243149e-02
-5.509888154288938161e-02
-5.515008691589714379e-02
-5.512770157733438980e-02
-5.508266655837674303e-02
-5.511748167630640960e-02
-5.514080532757657804e-02
-5.514292154240966332e-02
-5.513242085319580710e-02
-5.515922598969168200e-02
-5.506082294739739202e-02
-5.513841588594349530e-02
-5.510109174719436675e-02
-5.516231674643991278e-02
-5.512018312407292175e-02
-5.512444086500282309e-02
-5.516637622753900461e-02
-5.513488353508538137e-02
-5.512956829677895243e-02
-5.508962412625419136e-02
-5.513355067895559652e-02
-5.511102942462921955e-02
-5.513568147811954978e-02
-5.502921285591882983e-02
-5.512225133574030073e-02
-5.509455915966617046e-02
-5.505883304933834044e-02
-5.513908804696366489e-02
-5.509514463058646366e-02
-5.508723657442419347e-02
-5.513957936361205819e-02
-5.509596134388770189e-02
-5.509746140601957942e-02
-5.510489944896340003e-02
-5.510671079703859110e-02
-5.506506472649470157e-02
-5.511826489595116063e-02
-5.510032603544595675e-02
-5.511752569904749405e-02
-5.513665777080561242e-02
-5.514323088012317020e-02
-5.514835963790236384e-02
-5.513410891652078399e-02
-5.514651629312382342e-02
-5.507476705781370885e-02
-5.515646934846624161e-02
-5.507401202647348865e-02
-5.514907041794712972e-02
-5.508485690344849112e-02
-5.510539730728235275e-02
-5.516530598279199143e-02
-5.517244066731370050e-02
-5.506335999651185836e-02
-5.507584854344676345e-02
-5.511528095416433348e-02
-5.505361839410041064e-02
-5.507295033506279941e-02
-5.510217299243595768e-02
-5.508312220112546870e-02
-5.508361263567621707e-02
-5.513778101124747894e-02
-5.511342156035941436e-02
-5.516324855003028327e-02
-5.515568099873268543e-02
-5.510872586777631338e-02
-5.510955227532594175e-02
-5.509244418735524673e-02
-5.518175973898172687e-02
-5.515428926249575647e-02
-5.505385710931417348e-02
-5.516660514121842634e-02
-5.510267282257373667e-02
-5.508058565008296797e-02
-5.515114426984839974e-02
-5.512195358928471955e-02
-5.506610374741443409e-02
-5.513837614606293541e-02
-5.514603104817450419e-02
-5.513156633554989333e-02
-5.508017978061780645e-02
-5.513364420559178219e-02
-5.511482984533404295e-02
-5.514407607405476253e-02
-5.510286950365255593e-02
-5.512196498829551733e-02
-5.512591258898102975e-02
-5.512341405506186037e-02
-5.509609029607375613e-02
-5.507145456727556565e-02
-5.512966156975997178e-02
-5.510799852863713932e-02
-5.503932360735648566e-02
-5.514974907024369072e-02
-5.514239125110620421e-02
-5.510488006803521827e-02
-5.503788316852133156e-02
-5.509537657077811373e-02
-5.509638310103048831e-02
-5.507936426066610547e-02
-5.508702156078092854e-02
-5.515571418067651693e-02
-5.513938466503141844e-02
-5.513946608193309729e-02
-5.505281825923434569e-02
-5.515462370019436067e-02
-5.508307060651652237e-02
-5.512540862966491123e-02
-5.513978411717870148e-02
-5.513233968110693717e-02
-5.504177712753956231e-02
-5.508953472137722435e-02
-5.509477307239104421e-02
-5.511006268597790081e-02
-5.508243399020330833e-02
-5.512385929284372571e-02
-5.511226633468380154e-02
-5.513617199481076619e-02
-5.506923655317148142e-02
-5.515005070387927338e-02
-5.512731798316498899e-02
-5.514134380319589412e-02
-5.509603727876329765e-02
-5.509258726959829350e-02
-5.515085676354543331e-02
-5.512747539457012180e-02
-5.511088272908350877e-02
-5.513278904713370121e-02
-5.511949391017013228e-02
-5.515012831596072251e-02
-5.516564825646836506e-02
-5.512489479816732457e-02
-5.517126642923188273e-02
-5.512831862316708992e-02
-5.512931560140419546e-02
-5.511380745328448016e-02
-5.506283780723133375e-02
-5.510547741321814713e-02
-5.513317950381848437e-02
-5.509815618451734814e-02
-5.514070074190905585e-02
-5.514947947841674497e-02
-5.511180284698558723e-02
-5.513550459782249474e-02
-5.513296222697827709e-02
-5.503905543846676629e-02
-5.510754629521151526e-02
-5.512878766419179039e-02
-5.508461701503721691e-02
-5.504084360543195359e-02
-5.513202813450257533e-02
-5.509572838610659468e-02
-5.504952831457556039e-02
-5.513048128620034322e-02
-5.514371649551803867e-02
-5.511076691897608126e-02
-5.511766680536654001e-02
-5.504431139443443505e-02
-5.518331887465122154e-02
-5.510249450870853549e-02
-5.512624050207872578e-02
-5.511919872551439281e-02
-5.510871979069230375e-02
-5.517846247789566505e-02
-5.507667560650134769e-02
-5.510532433300906197e-02
-5.510024534774037031e-02
-5.509385422398808962e-02
-5.504945474245822451e-02
-5.509221084828868492e-02
-5.511974145014602450e-02
-5.510689201233753137e-02
-5.510803625528291894e-02
-5.514751320556104258e-02
-5.516590681088108516e-02
-5.509051807040245968e-02
-5.506964578490224083e-02
-5.510481704871499076e-02
-5.515539695678278731e-02
-5.512059074762665212e-02
-5.508547245940409454e-02
-5.512569471943313398e-02
-5.514581335676869978e-02
-5.520865571350841439e-02
-5.510418289802598846e-02
-5.513239374293245343e-02
-5.518934845688646534e-02
-5.518470735083941953e-02
-5.510695918974918561e-02
-5.508200214244700355e-02
-5.505808793287691322e-02
-5.515815366774871886e-02
-5.514221876728998828e-02
-5.508523162056273154e-02
-5.515413496376504049e-02
-5.510557296447976539e-02
-5.514647678491862298e-02
-5.514037505537640327e-02
-5.515510943653439274e-02
-5.514855968215488097e-02
-5.511202472324200352e-02
-5.511795253461328897e-02
-5.504990574314701929e-02
-5.510531149761282305e-02
-5.519125052142152127e-02
-5.507570409226821700e-02
-5.511102829178802370e-02
-5.511262636278290578e-02
-5.507513560158179555e-02
-5.515147623205567812e-02
-5.509245884360628592e-02
-5.509078418749651512e-02
-5.515493781994478678e-02
-5.508594310239294661e-02
-5.514828654069901109e-02
-5.517972246410044607e-02
-5.511656684316994931e-02
-5.509429617828064119e-02
-5.513595317550218367e-02
-5.510528444628963463e-02
-5.514977472336037023e-02
-5.514925819150932884e-02
-5.515444403103732934e-02
-5.511703315372045581e-02
-5.513963623330996044e-02
-5.510264927782924232e-02
-5.515258468758071908e-02
-5.515541896815788492e-02
-5.509584765883574625e-02
-5.512748341509737804e-02
-5.511325499597349159e-02
-5.511629608351729243e-02
-5.507885158319377611e-02
-5.516903963560548796e-02
-5.514118507136781672e-02
-5.512401388386262840e-02
-5.511949821803392019e-02
-5.508765502157186855e-02
-5.513094245321584902e-02
-5.509277980195221441e-02
-5.512969459494461433e-02
-5.509445043549505289e-02
-5.510886945545998700e-02
-5.512511739207513750e-02
-5.512307753532258436e-02
-5.504989857282832633e-02
-5.512111850415230691e-02
-5.506108820198117593e-02
-5.510612510754769183e-02
-5.513609166805507472e-02
-5.515251050629697144e-02
-5.508440361391511025e-02
-5.507819884628774310e-02
-5.514519775286733788e-02
-5.513270139705193917e-02
-5.510724406925991692e-02
-5.515552934293098397e-02
-5.509843823801059692e-02
-5.510384974915860656e-02
-5.513821992924931165e-02
-5.509617829950203688e-02
-5.514865418692110194e-02
-5.507307961097886173e-02
-5.510920119034762310e-02
-5.512542063761299849e-02
-5.510183168900065903e-02
-5.509736195227419447e-02
-5.509347632188742183e-02
-5.508305020197663132e-02
-5.508786065059934067e-02
-5.508227782945893797e-02
-5.511225243478203029e-02
-5.509244846913187443e-02
-5.511632566312740789e-02
-5.516640700471806685e-02
-5.515907141449679502e-02
-5.508845825233120441e-02
-5.509479550581706381e-02
-5.514736152750147891e-02
-5.517370715589723501e-02
-5.515390558277943889e-02
-5.509730132545719028e-02
-5.512970193090999810e-02
-5.511624593020454654e-02
-5.509976854436585830e-02
-5.511342100749416772e-02
-5.511264177447042917e-02
-5.514899759414278874e-02
-5.516098112050117630e-02
-5.512386549464497881e-02
-5.510593351345083324e-02
-5.506947751278860881e-02
-5.515822735066273214e-02
-5.512504227475475277e-02
-5.517337601849085088e-02
-5.507214197110125303e-02
-5.511517393286809868e-02
-5.519309597332994199e-02
-5.519229493130444614e-02
-5.513727642667228673e-02
-5.505351793071433519e-02
-5.518348062878182525e-02
-5.513742238451614652e-02
-5.509496885665058491e-02
-5.514906401654249418e-02
-5.513650383549598827e-02
-5.511761029168734533e-02
-5.513228541720051334e-02
-5.507872752533062022e-02
-5.510777272960881712e-02
-5.516360188490985333e-02
-5.512269772414430530e-02
-5.512400898793488879e-02
-5.511729386031648248e-02
-5.509061093423900379e-02
-5.514128678203160383e-02
-5.511852677073552503e-02
-5.508155263609274682e-02
-5.514572152315595083e-02
-5.512503406850062515e-02
-5.519313287511468102e-02
-5.512735552635360942e-02
-5.513673680937507954e-02
-5.510262139119016800e-02
-5.513008601214588328e-02
-5.513521785933202940e-02
-5.517879850804587039e-02
-5.513079545004545556e-02
-5.517137893944016463e-02
-5.513071866914238256e-02
-5.512263736337839198e-02
-5.511714063139357828e-02
-5.509996529052436226e-02
-5.511761756797038669e-02
-5.513852072247049652e-02
-5.511243098995372014e-02
-5.510791073553398395e-02
-5.511336761785335520e-02
-5.514658525237351588e-02
-5.509069961591916281e-02
-5.515095748767766259e-02
-5.499950954466865938e-02
-5.506834444265341910e-02
-5.510939233040412777e-02
-5.513580364506764225e-02
-5.507912206555043433e-02
-5.513347205496173242e-02
-5.513009589193783311e-02
-5.508580857869830455e-02
-5.511138039803441246e-02
-5.513596141213501778e-02
-5.510811241261593524e-02
-5.512433265151228667e-02
-5.509332657764968305e-02
-5.513680900352076197e-02
-5.513095910302798913e-02
-5.508695046226368131e-02
-5.510971991392978053e-02
-5.511300105172551450e-02
-5.511304293488588496e-02
-5.512321245006381043e-02
-5.514526947170855092e-02
-5.513331793175706846e-02
-5.511800665357603074e-02
-5.515130073977986963e-02
-5.513379888352163555e-02
-5.512820627608801261e-02
-5.511729184335128345e-02
-5.512516780839384067e-02
-5.511979435861972393e-02
-5.510105834032767019e-02
-5.515702700003705106e-02
-5.512844858091052458e-02
-5.515521816600185007e-02
-5.512068790861849449e-02
-5.515159203879755473e-02
-5.516994903154193164e-02
-5.511715517356324118e-02
-5.507645495275875075e-02
-5.514091228867151750e-02
-5.510113123156954590e-02
-5.517060388457756953e-02
-5.514030932203841523e-02
-5.513038878297851081e-02
-5.510384140604266540e-02
-5.513014901028455428e-02
-5.513036026482604629e-02
-5.510027074545810477e-02
-5.517807600523267492e-02
-5.513918691055979399e-02
-5.511480993771484399e-02
-5.514062600164711808e-02
-5.510777383783631994e-02
-5.510289910527197549e-02
-5.506168325856816009e-02
-5.507611797264062858e-02
-5.514457466716225081e-02
-5.514683900397482352e-02
-5.517753218843255564e-02
-5.513543872259390327e-02
-5.516383803675935921e-02
-5.515251847992684586e-02
-5.509124724217938363e-02
-5.509845828356661063e-02
-5.515824272009138551e-02
-5.507058368142114801e-02
-5.517600258197352669e-02
-5.515373949467789610e-02
-5.514143389366284176e-02
-5.510828929869061865e-02
-5.510898963785867272e-02
-5.513256246887100059e-02
-5.512830372049602745e-02
-5.512994990743106533e-02
-5.509673334553640694e-02
-5.514775017816488101e-02
-5.514157770534695163e-02
-5.506788976535960389e-02
-5.510223350334325643e-02
-5.513394023925527465e-02
-5.511275989557366806e-02
-5.514182934150112236e-02
-5.511668684032303839e-02
-5.510540034679800581e-02
-5.512818581141872704e-02
-5.518010904328798233e-02
-5.510398110672569405e-02
-5.517688844968387379e-02
-5.509972877063017138e-02
-5.509432645674681300e-02
-5.515891414665923670e-02
-5.510871060605907618e-02
-5.512087840362227958e-02
-5.513448021418108219e-02
-5.510552678025400913e-02
-5.510782040553283828e-02
-5.510074156673568785e-02
-5.513490422997922857e-02
-5.508595884726563696e-02
-5.516681696131658236e-02
-5.512597797878761308e-02
-5.510230424904761365e-02
-5.514096411969199307e-02
-5.507797997391312289e-02
-5.513534014406417522e-02
-5.509164198745709895e-02
-5.513135161287935349e-02
-5.515926464894194137e-02
-5.514374502596859629e-02
-5.509799300976488817e-02
-5.510304802715231681e-02
-5.509136575460395202e-02
-5.513218144956149452e-02
-5.513626668984785567e-02
-5.516442848011612193e-02
-5.512782375840145216e-02
-5.512865939348573358e-02
-5.510378204208964126e-02
-5.511091873541967140e-02
-5.508732828925564512e-02
-5.515406615741992591e-02
-5.516785084078847101e-02
-5.511116265747460774e-02
-5.508884047831972414e-02
-5.511351157696531972e-02
-5.520622730860697686e-02
-5.510702359382380067e-02
-5.515886707914553766e-02
-5.513754918836386715e-02
-5.509299168339402974e-02
-5.505246788972469052e-02
-5.510831833727460050e-02
-5.513136031058390313e-02
-5.509371181972189113e-02
-5.508535524743930767e-02
-5.509679477977537376e-02
-5.509619020736143680e-02
-5.515058687670309351e-02
-5.509294947348629401e-02
-5.511267756044442578e-02
-5.509871961851120492e-02
-5.516720101685686911e-02
-5.514029524002261873e-02
-5.508003810022180785e-02
-5.515666995808064799e-02
-5.507864802741134491e-02
-5.513819220935315540e-02
-5.509859708698029712e-02
-5.512148668687128633e-02
-5.508415762355454992e-02
-5.510760809764240348e-02
-5.512924838871839650e-02
-5.513873241964712540e-02
-5.511366307412964016e-02
-5.515403846664824333e-02
-5.511637398851530756e-02
-5.508184989345691479e-02
-5.513992204530737684e-02
-5.511281240549971427e-02
-5.511836621805943359e-02
-5.509587702843253554e-02
-5.512865228229275188e-02
-5.512162394845109697e-02
-5.510698972011666974e-02
-5.511909791317642915e-02
-5.511378924570765891e-02
-5.517888114437010522e-02
-5.510076270441605778e-02
-5.520632730941942706e-02
-5.515665681130415415e-02
-5.517917911472929732e-02
-5.517271752600434037e-02
-5.510158916114670652e-02
-5.506203792226739557e-02
-5.511811808299632576e-02
-5.514673114421186906e-02
-5.515506386871248112e-02
-5.508288462078964748e-02
-5.513597689185646689e-02
-5.515171828697083140e-02
-5.509155885490431975e-02
-5.508757841977778014e-02
-5.511650582971191342e-02
-5.516949446013652558e-02
-5.510631708838160947e-02
-5.512868560852732941e-02
-5.517096462951003727e-02
-5.509161800112917506e-02
-5.510159544847102048e-02
-5.513941040971681584e-02
-5.511274210508530780e-02
-5.513993989025893494e-02
-5.510668344871610252e-02
-5.507559358482232853e-02
-5.518116629965316017e-02
-5.512127064369785195e-02
-5.513898729239045948e-02
-5.516941158845008186e-02
-5.509078870981356374e-02
-5.512297575603013200e-02
-5.511604970963394912e-02
-5.512134905896120401e-02
-5.514542629942910390e-02
-5.517179293426534292e-02
-5.510311046314153582e-02
-5.510100834603365999e-02
-5.510795781668501730e-02
-5.511381108244350902e-02
-5.515072413988632294e-02
-5.508476847444882668e-02
-5.508023567250641683e-02
-5.513362335003291897e-02
-5.510914915454980662e-02
-5.508496346232048813e-02
-5.512288146372833209e-02
-5.508331659237386546e-02
-5.515424819955180163e-02
-5.510841154965776673e-02
-5.513360193498195727e-02
-5.515087921222534134e-02
-5.514698851520271478e-02
-5.510509266789504618e-02
-5.514355109193163490e-02
-5.513800317995817130e-02
-5.515484799395527910e-02
-5.515010150459222216e-02
-5.514047277573841388e-02
-5.515349916080531517e-02
-5.510444472641273100e-02
-5.510729287363784479e-02
-5.504864331727626209e-02
-5.517159211704753680e-02
-5.510758616587663195e-02
-5.512071335572272385e-02
-5.514885473459815030e-02
-5.508092418808912399e-02
-5.514012545568765938e-02
-5.512129504757871251e-02
-5.514333376528224306e-02
-5.507961213472054723e-02
-5.515596444776008772e-02
-5.514476611641070530e-02
-5.509183352020639857e-02
-5.513250568671569651e-02
-5.513197304229556367e-02
-5.509306071820928297e-02
-5.503003465731688693e-02
-5.509948442515631706e-02
-5.514546943409341651e-02
-5.511613332604912985e-02
-5.514017020220296494e-02
-5.509958277260307291e-02
-5.508524698927069058e-02
-5.509535599496905023e-02
-5.513561474814206859e-02
-5.515379892417986152e-02
-5.508067502386931880e-02
-5.519283611627252839e-02
-5.508818979474705557e-02
-5.511426757293581141e-02
-5.516769204908886920e-02
-5.512136798505910124e-02
-5.512310765557592446e-02
-5.510401949961253598e-02
-5.505777922329567475e-02
-5.515204662154808007e-02
-5.509627641375697965e-02
-5.517227915921469467e-02
-5.512557291217205779e-02
-5.512689852514816857e-02
-5.509252692777030086e-02
-5.517498074399278946e-02
-5.509931942082017114e-02
-5.512559139604722436e-02
-5.512797965257015820e-02
-5.510681175496906503e-02
-5.511426822543886994e-02
-5.508841504232277198e-02
-5.513022279931729247e-02
-5.512079044955459084e-02
-5.510836891637079654e-02
-5.514065444870402261e-02
-5.511571612324627639e-02
-5.510520451357411170e-02
-5.507836728465966003e-02
-5.512391015193677385e-02
-5.511577178097578494e-02
-5.513025864473442700e-02
-5.514804435480653855e-02
-5.516667056287617721e-02
-5.514022116042977678e-02
-5.516183460622671453e-02
-5.504309453059504781e-02
-5.514001720916656551e-02
-5.513271302731097973e-02
-5.511859954923314930e-02
-5.514213018084340723e-02
-5.514246341412359226e-02
-5.518458268016689094e-02
-5.510053130490515094e-02
-5.519723798468493398e-02
-5.506521048926852485e-02
-5.506925231717356428e-02
-5.510668622949531359e-02
-5.509779897732663273e-02
-5.511315810678247412e-02
-5.516247881369094885e-02
-5.512399320157744531e-02
-5.514271039798411544e-02
-5.516206264880876148e-02
-5.505345161421848488e-02
-5.518713978060470898e-02
-5.507627025077307253e-02
-5.509420801404472934e-02
-5.513693324363810183e-02
-5.515381320034821316e-02
-5.516792008663821273e-02
-5.513243607854291517e-02
-5.511899856452508184e-02
-5.512816352716893437e-02
-5.513703045272796283e-02
-5.508124423431696309e-02
-5.516420826367735702e-02
-5.514849171172147430e-02
-5.512375523206636263e-02
-5.512001713259186142e-02
-5.517400233757263628e-02
-5.512961045379407427e-02
-5.512617753523174624e-02
-5.514022148981378296e-02
-5.510087846488857105e-02
-5.512842366456171400e-02
-5.512838370138219840e-02
-5.514863401662590398e-02
-5.511913668666205274e-02
-5.512070622586200813e-02
-5.513322445810229372e-02
-5.512596378720788920e-02
-5.512230002464594408e-02
-5.510419537423862785e-02
-5.505410571350732862e-02
-5.505992474065494330e-02
-5.512534593455307996e-02
-5.505882287253443391e-02
-5.509348198789354445e-02
-5.516205228473310823e-02
-5.509990896579550906e-02
-5.513371563186687807e-02
-5.515486917087357444e-02
-5.511407844359154234e-02
-5.506715430542642731e-02
-5.513958213408011455e-02
-5.509397775902095257e-02
-5.509535852067735939e-02
-5.510860940422351167e-02
-5.516068297572956219e-02
-5.508709042561669988e-02
-5.511051217830083976e-02
-5.515174670897609460e-02
-5.509561612941887149e-02
-5.518807866250750871e-02
-5.510689521955537684e-02
-5.517094465390805225e-02
-5.513421513742417651e-02
-5.514101254766647087e-02
-5.507379453316314094e-02
-5.512354830063653788e-02
-5.509349839923606551e-02
-5.512956040637243676e-02
-5.516808570147306579e-02
-5.511115327225828142e-02
-5.511559696123373431e-02
-5.508384572870423518e-02
-5.516344180213710729e-02
-5.512683391925724680e-02
-5.518315174436853876e-02
-5.513401273104252126e-02
-5.515944169859188922e-02
-5.519459095054222303e-02
-5.525297749971120470e-02
-5.520076451129842660e-02
-5.511173193798738629e-02
-5.514634332237576542e-02
-5.514560725298676969e-02
-5.503182512660270004e-02
-5.514424074365449624e-02
-5.512841582587514611e-02
-5.512178030392476946e-02
-5.511577466245225210e-02
-5.509915873409513415e-02
-5.513802175549691736e-02
-5.511517433511474440e-02
-5.504137236967495544e-02
-5.513415928271096778e-02
-5.516350523160377245e-02
-5.519286978762012047e-02
-5.515604474079581487e-02
-5.513772190918855148e-02
-5.509097965099588740e-02
-5.510474258885449811e-02
-5.510963602563506009e-02
-5.510101811896978008e-02
-5.514875299324690366e-02
-5.510217136647251740e-02
-5.512505706035542019e-02
-5.510611219993200027e-02
-5.513283591326444133e-02
-5.509193978379735290e-02
-5.515215673263718088e-02
-5.519170119319673912e-02
-5.515716427392110960e-02
-5.514146527711503987e-02
-5.513016908056522780e-02
-5.513927517551753255e-02
-5.511987805415440728e-02
-5.514657833420833627e-02
-5.514773094908463624e-02
-5.515087178343874158e-02
-5.513712766524182102e-02
-5.515848306420588487e-02
-5.513342786722117556e-02
-5.515520422709570270e-02
-5.505251762089544837e-02
-5.514052312019217250e-02
-5.518122207500081311e-02
-5.515373811264850240e-02
-5.515458117082599337e-02
-5.506401951973695363e-02
-5.513777469989868119e-02
-5.512865166085727936e-02
-5.518052379350803227e-02
-5.521323350565676691e-02
-5.508930537058260440e-02
-5.509768420957824459e-02
-5.518390521769930140e-02
-5.519296628884277217e-02
-5.512699368644480291e-02
-5.515382089198749005e-02
-5.516811735735972083e-02
-5.511328274944472805e-02
-5.513216546704973603e-02
-5.510170039251482965e-02
-5.513587545859642558e-02
-5.516018356946732898e-02
-5.516424529948143335e-02
-5.515727924957098544e-02
-5.515377518800999856e-02
-5.514749640277646220e-02
-5.513128189996374662e-02
-5.512976337417407890e-02
-5.512356976249304513e-02
-5.508363080944270879e-02
-5.509247805499354472e-02
-5.514077037646810536e-02
-5.512206638299887995e-02
-5.514298636079414256e-02
-5.516835477036679397e-02
-5.512532547899224450e-02
-5.511578499077068177e-02
-5.511163614698604690e-02
-5.511839799892988973e-02
-5.506630504908273382e-02
-5.505344770256226372e-02
-5.505024852997010554e-02
-5.510704996941091782e-02
-5.512606597067479935e-02
-5.512472306433762598e-02
-5.507028510610132571e-02
-5.507249121706318806e-02
-5.518648597731971167e-02
-5.510577019314917557e-02
-5.513936352020703396e-02
-5.517900831967982589e-02
-5.514101565995055410e-02
-5.510940546458147765e-02
-5.513947046708585903e-02
-5.518208577501755585e-02
-5.508825041393339284e-02
-5.514364461674398782e-02
-5.514107027059530347e-02
-5.517072210790325421e-02
-5.513579107015736253e-02
-5.512619774282215973e-02
-5.517231393755539504e-02
-5.513784644219104497e-02
-5.510940186050994338e-02
-5.508093342358969663e-02
-5.512051333955342303e-02
-5.513578762030228037e-02
-5.512162296542629653e-02
-5.513452361073565428e-02
-5.510308625094535034e-02
-5.517953808995895021e-02
-5.515641679737962738e-02
-5.510142463218529324e-02
-5.515019087427462663e-02
-5.518096505535240170e-02
-5.519348930763872535e-02
-5.508475014619765991e-02
-5.509918229463180855e-02
-5.509986472021053544e-02
-5.507146052224261984e-02
-5.511024435394949045e-02
-5.516466840225715124e-02
-5.512158805271394346e-02
-5.506308732417681401e-02
-5.514982544040503837e-02
-5.514563188401416099e-02
-5.514368945623198542e-02
-5.508041703327411220e-02
-5.507886005147050873e-02
-5.511262710386525404e-02
-5.509850965272598822e-02
-5.514042274696506762e-02
-5.513378688866410471e-02
-5.514928593737131873e-02
-5.521253581019643086e-02
-5.515636286520280568e-02
-5.513891422782806612e-02
-5.512335553871695187e-02
-5.507843955588163920e-02
-5.515506573281855202e-02
-5.510965666326407553e-02
-5.514555414794313631e-02
-5.508108950412585886e-02
-5.512487287316244350e-02
-5.512351582933001232e-02
-5.516377760332034225e-02
-5.516312423787881475e-02
-5.513485345599412890e-02
-5.510807611805612627e-02
-5.511912572424124829e-02
-5.515177057178036885e-02
-5.515444333446595931e-02
-5.511157538954125634e-02
-5.510718390174938752e-02
-5.511300492490824737e-02
-5.511875039792234199e-02
-5.511577824408916276e-02
-5.514317442336606062e-02
-5.513744710652117992e-02
-5.517741196527355813e-02
-5.512020093000224302e-02
-5.512315612898003453e-02
-5.509345279117051908e-02
-5.507177412195569249e-02
-5.513795661670702064e-02
-5.515233478285303664e-02
-5.511067687019566286e-02
-5.512889507665803129e-02
-5.516248723575296886e-02
-5.520691324861044108e-02
-5.518634054888827550e-02
-5.509136427593992053e-02
-5.515979041994827775e-02
-5.513477066302797241e-02
-5.513561517563082826e-02
-5.507628439684118804e-02
-5.513789327601874984e-02
-5.515764487747865097e-02
-5.507132616109570999e-02
-5.512704498384037033e-02
-5.514032528342847905e-02
-5.515169645550942190e-02
-5.511967090965722710e-02
-5.511348715633306722e-02
-5.515878290649696425e-02
-5.514678184022773350e-02
-5.515728953599075002e-02
-5.516383739472828507e-02
-5.511362741896021211e-02
-5.516410020838847378e-02
-5.514270734324573653e-02
-5.510210127055126250e-02
-5.510104326579982198e-02
-5.512066993595769043e-02
-5.511131437469769800e-02
-5.514937278841287177e-02
-5.515559851472741359e-02
-5.512611968449419864e-02
-5.508705791587146378e-02
-5.509954201297766890e-02
-5.514018654515723955e-02
-5.511132915766180779e-02
-5.511054313988827252e-02
-5.512798381121140900e-02
-5.508152293285503015e-02
-5.511902491464096970e-02
-5.513846178437990103e-02
-5.518128315224644920e-02
-5.511295140763489836e-02
-5.511074023294112306e-02
-5.510579769164514197e-02
-5.510651974460083896e-02
-5.515042667893346046e-02
-5.506781970424647760e-02
-5.507874748601571807e-02
-5.512848699135817349e-02
-5.513841942870362917e-02
-5.515838580923937418e-02
-5.515725375215387027e-02
-5.516421549393176610e-02
-5.519118756162533224e-02
-5.514497434181798996e-02
-5.514713202794564728e-02
-5.519694115843869903e-02
-5.514074340186830153e-02
-5.508924804521248692e-02
-5.513608938283592886e-02
-5.509881188384352368e-02
-5.517173649132180169e-02
-5.511774790152073472e-02
-5.518011044070135485e-02
-5.517595203512893481e-02
-5.510392730724614913e-02
-5.514911220219768234e-02
-5.512333691936588398e-02
-5.513657997364829200e-02
-5.510331467072872302e-02
-5.511671137502782702e-02
-5.506995275589395694e-02
-5.509735156485590785e-02
-5.511070516984657719e-02
-5.516259137201299373e-02
-5.512816806472247561e-02
-5.515269203775062523e-02
-5.511178736095108388e-02
-5.519192585463771061e-02
-5.515644276925934369e-02
-5.513039047735195097e-02
-5.513543683820890801e-02
-5.515480918910194846e-02
-5.511288288039128958e-02
-5.510464009544573799e-02
-5.515773931125445700e-02
-5.512218483196346802e-02
-5.506926405868187852e-02
-5.510822892986955157e-02
-5.515303627023359495e-02
-5.512457035504576136e-02
-5.512596833701420562e-02
-5.512011713562968429e-02
-5.513589775862300091e-02
-5.516328270838882081e-02
-5.514857065996908031e-02
-5.511289885433607455e-02
-5.514170551733407061e-02
-5.512060620594684546e-02
-5.513361914607090020e-02
-5.511136138567142295e-02
-5.516123908509625723e-02
-5.511533437343433400e-02
-5.513103430463162785e-02
-5.507079394845594555e-02
-5.517581812394765917e-02
-5.514844027993859310e-02
-5.514464566076541369e-02
-5.513637818507312327e-02
-5.511350077075600346e-02
-5.515132172062869181e-02
-5.512961086185273751e-02
-5.510223253815127453e-02
-5.513832578718314698e-02
-5.515215541130451260e-02
-5.513624416101520209e-02
-5.514199771110563086e-02
-5.514480657504468308e-02
-5.514440608420338036e-02
-5.510190529557441180e-02
-5.512049713102813026e-02
-5.510472133573348502e-02
-5.513779651021648992e-02
-5.513034728443238358e-02
-5.513485701717838611e-02
-5.509339251024573253e-02
-5.514254247116477659e-02
-5.504363274973335385e-02
-5.511068737356609321e-02
-5.512001086108710146e-02
-5.511710792320715507e-02
-5.509885553161942423e-02
-5.513449169669298183e-02
-5.514277313145195952e-02
-5.510906236042879824e-02
-5.512297589501709283e-02
-5.511068172636163914e-02
-5.505953084906496653e-02
-5.513033107648322023e-02
-5.516184369485360034e-02
-5.508954234210323292e-02
-5.513434685539524843e-02
-5.510637706321781099e-02
-5.506174958195158425e-02
-5.506092146957046463e-02
-5.513246947839329365e-02
-5.512190928088784442e-02
-5.511570755683957434e-02
-5.506135498981490350e-02
-5.515777689403821016e-02
-5.513970050608944101e-02
-5.512272400262655664e-02
-5.514053064560027473e-02
-5.511799838609034163e-02
-5.512692585048361432e-02
-5.515083131800652821e-02
-5.508834919059365370e-02
-5.510851963863628439e-02
-5.509065221655508326e-02
-5.511647080862910192e-02
-5.511880594172473280e-02
-5.510590327190410115e-02
-5.506226323265021177e-02
-5.509218184208736907e-02
-5.509308921512797580e-02
-5.510385036418980614e-02
-5.508083136587348799e-02
-5.513287004396080077e-02
-5.511833835123437081e-02
-5.515199557449209505e-02
-5.517739714271874263e-02
-5.512406663255605549e-02
-5.517504901206640028e-02
-5.507780751356285143e-02
-5.514092035061423508e-02
-5.512131259634803909e-02
-5.513376636119290269e-02
-5.512516462150084812e-02
-5.512268852835056077e-02
-5.516243481069181553e-02
-5.511854148027679062e-02
-5.508684898075377062e-02
-5.513939573700352842e-02
-5.504171459813205630e-02
-5.506486662103825952e-02
-5.513561032910057474e-02
-5.508546103205528427e-02
-5.510821991065078390e-02
-5.507685734122218929e-02
-5.505844732755676291e-02
-5.513046962953866564e-02
-5.517501017054696894e-02
-5.514101248057645677e-02
-5.518065984866390300e-02
-5.513116874911299509e-02
-5.512947576022911994e-02
-5.514353818088756770e-02
-5.509542361630125756e-02
-5.518400993797083903e-02
-5.511772728210766192e-02
-5.510591426758523065e-02
-5.515219188132309408e-02
-5.512457657698788260e-02
-5.513274820589460223e-02
-5.513763147561469291e-02
-5.508920996498770789e-02
-5.509221262287847948e-02
-5.510480139219819246e-02
-5.509607995923937462e-02
-5.516746515647229926e-02
-5.515565618128175779e-02
-5.515097412428254103e-02
-5.514292878968012762e-02
-5.519235494396639713e-02
-5.513418034410069030e-02
-5.512440532436700680e-02
-5.513367296285518609e-02
-5.509596920382559687e-02
-5.511119297655680399e-02
-5.516455570565393512e-02
-5.514401591272293651e-02
-5.506030249909442398e-02
-5.512111936735596129e-02
-5.511749289315451966e-02
-5.510351337634429580e-02
-5.514347884024169838e-02
-5.516715692027080592e-02
-5.514323965399937216e-02
-5.509266625248292193e-02
-5.512159163116529120e-02
-5.516465683353743987e-02
-5.517059646783954718e-02
-5.517341646571500419e-02
-5.511225714189895569e-02
-5.514023390048141543e-02
-5.514754738382464383e-02
-5.507969611191228937e-02
-5.509865884971193450e-02
-5.517223594716048896e-02
-5.514093928399049771e-02
-5.514048067111117918e-02
-5.514275527114997910e-02
-5.515978824524140484e-02
-5.519668243267642632e-02
-5.506722173694478251e-02
-5.518774361481412066e-02
-5.514464628808590785e-02
-5.515321607943723253e-02
-5.512945063166229537e-02
-5.506843861415156027e-02
-5.514023611042500467e-02
-5.511478137369244662e-02
-5.516121291801694831e-02
-5.513244638361654987e-02
-5.505587710862807488e-02
-5.513725703909017062e-02
-5.514071641685987929e-02
-5.514983364876302474e-02
-5.514264038549476082e-02
-5.516851022613877831e-02
-5.518174163107019553e-02
-5.513023115640869332e-02
-5.512759437624091541e-02
-5.513639043528880540e-02
-5.510700510878417668e-02
-5.512582812233635110e-02
-5.509532247517575504e-02
-5.514529703600884458e-02
-5.514270887021238687e-02
-5.511646959657428430e-02
-5.515659202331989197e-02
-5.512953596464161693e-02
-5.509964333405765330e-02
-5.518589772698910545e-02
-5.510569437401906939e-02
-5.507419690689644570e-02
-5.514941833166965568e-02
-5.517234372737905151e-02
-5.514166560370857562e-02
-5.512141616874296352e-02
-5.512586668125218914e-02
-5.509946463764044816e-02
-5.513003689076788338e-02
-5.509161147135886727e-02
-5.510820038221651840e-02
-5.511520111128188903e-02
-5.513769198073620315e-02
-5.512982221291392454e-02
-5.517101480848173034e-02
-5.514304928614469775e-02
-5.512703268263718925e-02
-5.514806747440427481e-02
-5.508820529319296416e-02
-5.510047592525992716e-02
-5.508550613632925280e-02
-5.517970169279969722e-02
-5.512803694233728985e-02
-5.520292495641865305e-02
-5.511231489392297289e-02
-5.514301975511392423e-02
-5.519559433202082810e-02
-5.513166198555846664e-02
-5.514020228744413027e-02
-5.518374895711763983e-02
-5.511549769453708697e-02
-5.511107248054506608e-02
-5.509825461848897460e-02
-5.511033564870321949e-02
-5.512377245428433381e-02
-5.514860706984490296e-02
-5.508436917112270736e-02
-5.516298876793745976e-02
-5.515499175889099909e-02
-5.513312030435599947e-02
-5.517976720619158920e-02
-5.516157740772732743e-02
-5.517374924502599365e-02
-5.512344618401702340e-02
-5.513227221005283230e-02
-5.512143754369158710e-02
-5.508627522977698615e-02
-5.519476366405651896e-02
-5.506244710228924699e-02
-5.512869704716721192e-02
-5.515268464769506468e-02
-5.509858572329394411e-02
-5.517421268722370875e-02
-5.510651787955206382e-02
-5.512560692003328627e-02
-5.511986352975475206e-02
-5.510971363505068332e-02
-5.512179121264863119e-02
-5.514465996157759398e-02
-5.514335922347225055e-02
-5.519147048740086908e-02
-5.515188530080934043e-02
-5.512528614303621038e-02
-5.512908711996790390e-02
-5.518258162049818200e-02
-5.514387839954339871e-02
-5.512336448705985187e-02
-5.518622680444559142e-02
-5.511706522735970726e-02
-5.515549483530616387e-02
-5.513560809612107205e-02
-5.516749584350048863e-02
-5.514291384795825396e-02
-5.512690681793215586e-02
-5.509881609785855644e-02
-5.517191342982341595e-02
-5.509999191927764800e-02
-5.515008016265562224e-02
-5.507992260191838657e-02
-5.509976216401356319e-02
-5.516362189535865129e-02
-5.517640460505016803e-02
-5.511918410977591914e-02
-5.512777297476868787e-02
-5.508363886141065535e-02
-5.512164259514497344e-02
-5.512468582882330131e-02
-5.507790165959521034e-02
-5.508749766084823640e-02
-5.515565152680661914e-02
-5.507668889493953779e-02
-5.510043609042510754e-02
-5.511778506229120939e-02
-5.510657984750268190e-02
-5.509858657390277747e-02
-5.511186596398372911e-02
-5.512871847201794573e-02
-5.514173966067740379e-02
-5.510119033051948806e-02
-5.516413201137242844e-02
-5.514576279167602429e-02
-5.510352473838193293e-02
-5.511606719883963695e-02
-5.515441302525041917e-02
-5.514979266944892988e-02
-5.510901842771170900e-02
-5.514514429651035804e-02
-5.519892878002942427e-02
-5.510011173516510957e-02
-5.519165588417994373e-02
-5.512986388711904606e-02
-5.509425076321765313e-02
-5.505603913822933182e-02
-5.514095755161728396e-02
-5.508873873146848815e-02
-5.508830119619811949e-02
-5.517419123155623689e-02
-5.509213710880302151e-02
-5.509325667114696456e-02
-5.517573438466571306e-02
-5.515546923850293132e-02
-5.508092921394753400e-02
-5.512578552159681788e-02
-5.514660745686792570e-02
-5.513610211440490155e-02
-5.514393316115589333e-02
-5.516614313328745828e-02
-5.511058986516793184e-02
-5.512449922110416317e-02
-5.510173740825798777e-02
-5.518184070968370353e-02
-5.513085550702710724e-02
-5.513912342007099010e-02
-5.508021474834756681e-02
-5.515948804186775190e-02
-5.509342077938461646e-02
-5.515263634790423808e-02
-5.509877578789895702e-02
-5.510257794115566016e-02
-5.516109155182469942e-02
-5.511955073940782296e-02
-5.511734787277577235e-02
-5.513216918388752497e-02
-5.513469547150630368e-02
-5.510676564613868622e-02
-5.509126436858439307e-02
-5.511355882481062951e-02
-5.512410868111470436e-02
-5.511514465503321303e-02
-5.510656959640837516e-02
-5.511133103166688391e-02
-5.510028446213751513e-02
-5.514314430656995503e-02
-5.513067751025662461e-02
-5.513173610808459052e-02
-5.518888460247668021e-02
-5.508976615679859329e-02
-5.509838987846963493e-02
-5.516070499985625819e-02
-5.510373259331700913e-02
-5.518739387302688121e-02
-5.511991442795998591e-02
-5.507181715517715792e-02
-5.511061035110745993e-02
-5.514515348777599552e-02
-5.510753653751916670e-02
-5.512701988760056182e-02
-5.517627956013908957e-02
-5.515204107133373640e-02
-5.515348865036922427e-02
-5.510816346696872231e-02
-5.514825152696529315e-02
-5.509584166624835466e-02
-5.512424034392214567e-02
-5.513092560508731782e-02
-5.511520995185693883e-02
-5.510062283058257682e-02
-5.515570388526275930e-02
-5.511582258183219535e-02
-5.514077626706909152e-02
-5.514632113831222787e-02
-5.513975467549021847e-02
-5.512905366441479826e-02
-5.510594385543261114e-02
-5.511805316449262110e-02
-5.511825792885494124e-02
-5.514485640335194810e-02
-5.512123204675741656e-02
-5.511463222893703273e-02
-5.509469820896061021e-02
-5.513107151511947857e-02
-5.513745719854035859e-02
-5.514303756700014020e-02
-5.514605379424338677e-02
-5.513032220525190125e-02
-5.515925432181793125e-02
-5.513061962280112888e-02
-5.517819604505318914e-02
-5.512970697582618429e-02
-5.510927711218364250e-02
-5.513636316445326424e-02
-5.516788540078325365e-02
-5.518216329803660863e-02
-5.516420416056831699e-02
-5.518891532369258474e-02
-5.516342897917582422e-02
-5.519943933734501595e-02
-5.518577316183847364e-02
-5.517008703449248486e-02
-5.516059978761710114e-02
-5.514773379417233640e-02
-5.511130509832245367e-02
-5.516894228456505067e-02
-5.511251674696427544e-02
-5.515194148977067140e-02
-5.510569124622505949e-02
-5.516889302297040693e-02
-5.513722469910452284e-02
-5.509982553886693529e-02
-5.503614550369680114e-02
-5.517979744189024233e-02
-5.512093118203220676e-02
-5.511852981551999819e-02
-5.509974181078110961e-02
-5.511559216673801720e-02
-5.514824847413787173e-02
-5.518106187330690943e-02
-5.513577537620514141e-02
-5.510627040570253293e-02
-5.513947876996135034e-02
-5.512069478456411986e-02
-5.513342501717675981e-02
-5.507500542674016036e-02
-5.513978805223081203e-02
-5.511462834128033617e-02
-5.512057060887316090e-02
-5.513144116331589878e-02
-5.508321511100684048e-02
-5.511155424742512215e-02
-5.514758199180103126e-02
-5.508816171226203762e-02
-5.511559897784908818e-02
-5.515839473868485582e-02
-5.511287170102577987e-02
-5.513498936712291076e-02
-5.512592640763890051e-02
-5.514359123189245537e-02
-5.517324945930980606e-02
-5.514635747796196863e-02
-5.510949333016428725e-02
-5.514259744011230924e-02
-5.514902406696290532e-02
-5.516941360918255211e-02
-5.509413967053580080e-02
-5.512050808348691738e-02
-5.517294915320652277e-02
-5.506335911130639388e-02
-5.515894930148178971e-02
-5.515437450101366018e-02
-5.509420512816546461e-02
-5.516133702564534474e-02
-5.507339862692983701e-02
-5.512295106757092444e-02
-5.516389863507066560e-02
-5.514855144478768290e-02
-5.506000115828807440e-02
-5.511648717571198536e-02
-5.509602722685481846e-02
-5.509616844845480893e-02
-5.510434685921217213e-02
-5.516911265718146135e-02
-5.509680800680955004e-02
-5.515763136628552138e-02
-5.517679001278208428e-02
-5.511190229046745298e-02
-5.508970620639758869e-02
-5.510112650108400095e-02
-5.512135791140870822e-02
-5.510255028376909170e-02
-5.512144993707863289e-02
-5.515084005781157456e-02
-5.513769029156424806e-02
-5.510937128655733069e-02
-5.510397290411950949e-02
-5.511793160211496401e-02
-5.520037914280061242e-02
-5.514850856583113775e-02
-5.512369787263603216e-02
-5.509523834376608281e-02
-5.510540554582653294e-02
-5.512621280494972575e-02
-5.512170664777987089e-02
-5.516099981237943678e-02
-5.511503427478768591e-02
-5.512859532410607083e-02
-5.518838642293414504e-02
-5.513747961616820292e-02
-5.512812683430771965e-02
-5.511453253769548616e-02
-5.515580579490501900e-02
-5.517032079703173414e-02
-5.516794970474114129e-02
-5.508549014326964699e-02
-5.507243772823487704e-02
-5.511001538766182456e-02
-5.517450884173569214e-02
-5.511539834388450021e-02
-5.513510560715435826e-02
-5.512940051365111671e-02
-5.512767003139230904e-02
-5.515680838515037848e-02
-5.519489808347283893e-02
-5.512550278861801795e-02
-5.512626921325070040e-02
-5.513173534940506160e-02
