-8.524276878617967346e-03
-8.378891094227030115e-03
-8.348265682540094434e-03
-6.517907669270891179e-03
-6.739888205044677720e-03
-7.355518065421777496e-03
-7.858512885288099561e-03
-7.749031975770184245e-03
-7.591193834002670296e-03
-8.570263703097786429e-03
-7.829842470931091050e-03
-9.530794501194385024e-03
-8.532171044647016839e-03
-7.407843980256583263e-03
-8.310314339914623427e-03
-8.019964301848729257e-03
-8.091649490525114688e-03
-8.615338668377551384e-03
-7.707498327727296816e-03
-8.335943772899414780e-03
-7.134003752833773492e-03
-7.052705972105948080e-03
-7.834485040479514245e-03
-6.852244039719429525e-03
-7.797958094556594125e-03
-7.400437268143119848e-03
-8.065555657705314116e-03
-7.474593713335587510e-03
-6.780295854857549750e-03
-7.003437516951522765e-03
-7.554844127503569998e-03
-6.576425136974249110e-03
-7.777841288250970583e-03
-7.623566592579151570e-03
-7.175285098408980614e-03
-6.562119711201622706e-03
-7.621306390677892381e-03
-7.260937181936837417e-03
-7.552305800034335263e-03
-7.011298769686233161e-03
-7.304772295561473908e-03
-7.531738421723223678e-03
-8.334765682759689986e-03
-7.420419194485243161e-03
-8.113017868568916588e-03
-8.622652171708090202e-03
-8.156404953203921088e-03
-7.735406262746455895e-03
-7.597302383760956394e-03
-8.749002436439482291e-03
-7.271787875748734857e-03
-7.997870080584796454e-03
-7.569219571658549785e-03
-7.602456466551217422e-03
-8.359708859171206818e-03
-7.487034632543071791e-03
-8.627684657371684912e-03
-7.910734940363066056e-03
-7.785457949209807944e-03
-8.250981635265497438e-03
-8.164441515804568908e-03
-8.282532274252534313e-03
-8.326634565975677207e-03
-7.929330277128988219e-03
-8.095149226489458533e-03
-8.672595624395056449e-03
-7.526599718424552624e-03
-7.870887062146293342e-03
-8.332289830627684357e-03
-7.883344799091458396e-03
-8.005630945674474183e-03
-8.177811681314955949e-03
-8.262152668388351648e-03
-7.647191885709178974e-03
-8.248089873834895183e-03
-8.103833771688894599e-03
-8.339337834173702821e-03
-8.175075191636309649e-03
-7.869396764575849537e-03
-8.250807804427990125e-03
-7.923760611196848519e-03
-8.170741215606232982e-03
-8.648232490166224071e-03
-8.095251793409082713e-03
-8.412990010696744236e-03
-7.528110473501834279e-03
-8.315583526309825238e-03
-8.027339484759900279e-03
-8.022232456812303930e-03
-8.202316230072139586e-03
-7.941011984796703810e-03
-8.205372599400675634e-03
-7.991016251776969156e-03
-7.246506002177442902e-03
-8.036403035801205005e-03
-7.818570547996556500e-03
-7.860255953412500010e-03
-7.860477587983574418e-03
-8.031277729254547235e-03
-7.744645145476208858e-03
-8.299813242514147288e-03
-8.419624597124791138e-03
-8.096068248445319540e-03
-8.259457380029927229e-03
-7.831057273282301945e-03
-7.421866905917925798e-03
-8.248611122614310509e-03
-7.661793696992246980e-03
-8.064789110758202248e-03
-7.772671093500766251e-03
-8.141903362993547361e-03
-8.307808647552055240e-03
-7.729757728339523536e-03
-8.005789809529498258e-03
-8.127770439428709873e-03
-7.925988803860015142e-03
-8.290187490826236502e-03
-8.001201296020667500e-03
-8.287129021891517094e-03
-8.074150290692090615e-03
-8.359629875105779873e-03
-8.031105881636279795e-03
-7.918208603809403015e-03
-8.568312028535090760e-03
-8.260137532561337773e-03
-8.287654934675214163e-03
-7.944755232409984880e-03
-8.308984193790402289e-03
-9.042403682855347860e-03
-7.954426737724977145e-03
-8.403213507073603247e-03
-8.569693698540404095e-03
-8.740985897674181243e-03
-8.234259650640557773e-03
-7.527325430223685311e-03
-8.079719610756994422e-03
-7.853848990850627321e-03
-7.958800397117804168e-03
-7.924823569827954897e-03
-8.239220154115083766e-03
-8.333707942493611895e-03
-8.518469973908159715e-03
-8.108018934638732550e-03
-8.101138951774630378e-03
-7.835003341648492589e-03
-8.530830907121559822e-03
-8.869543734920853906e-03
-8.272809896884659314e-03
-8.110679404918240409e-03
-8.408293872543560685e-03
-8.291323666352205801e-03
-8.126059444822421665e-03
-8.235190181498918197e-03
-8.099893991912052865e-03
-7.669024592110568021e-03
-8.132144336155401262e-03
-8.541607636878839269e-03
-8.375523353256980261e-03
-8.294371825853697963e-03
-8.396225861720516340e-03
-8.354726845911248853e-03
-8.452189640160709741e-03
-8.291102998531500387e-03
-7.968819442940439784e-03
-8.142308269029188694e-03
-7.979953667627798231e-03
-8.764155570369370693e-03
-8.460174900738080470e-03
-7.878610703593722647e-03
-7.912392559461146543e-03
-8.013694038561032865e-03
-7.878525514385897530e-03
-8.401468836237963034e-03
-7.999539990495798183e-03
-7.915107708442342335e-03
-8.024967515284401123e-03
-8.201495495951243234e-03
-8.013682933853797513e-03
-8.315152258848506131e-03
-7.885338531133155235e-03
-8.044211318618177745e-03
-8.088781717779250716e-03
-7.703944049882094879e-03
-8.303374124468090867e-03
-8.518294407802721319e-03
-7.771772394277563431e-03
-8.263572100912594531e-03
-8.473574273356409767e-03
-8.121039928025455129e-03
-7.807641089409433563e-03
-8.076231652514446677e-03
-8.082134779034711239e-03
-8.048735923074857440e-03
-8.210682187187529762e-03
-7.955866906310364237e-03
-8.736289802985422459e-03
-7.724772582895396422e-03
-8.348826027361958349e-03
-8.144841730804269417e-03
-8.082772949182923453e-03
-7.325662849390748854e-03
-7.892235144466606261e-03
-7.578159671293923337e-03
-7.600240203992000669e-03
-8.422522317997430466e-03
-8.325282889963220995e-03
-8.290576906266109922e-03
-7.846266480472473617e-03
-8.972131998607567674e-03
-8.229292756541247214e-03
-8.110173671042950408e-03
-8.015664329401721647e-03
-7.855299256533861477e-03
-7.949673779980404031e-03
-8.265757450341627149e-03
-7.961624255000410155e-03
-7.869642128678910886e-03
-7.909197802350166964e-03
-8.044661613110988888e-03
-7.833586428617726402e-03
-8.259790951543622903e-03
-8.154855823820306160e-03
-8.046767406003204823e-03
-8.107616105508792456e-03
-7.855200670533503404e-03
-8.021795921696280030e-03
-8.382936045270983696e-03
-8.216056599117543130e-03
-8.111846732077546834e-03
-8.729213215608992021e-03
-8.551951615427598116e-03
-8.113907675189718435e-03
-8.401565235805836390e-03
-8.258249519915198192e-03
-8.071318643609878135e-03
-7.966826684670556130e-03
-8.159032043538756024e-03
-7.968900634969468613e-03
-8.533810579583928774e-03
-8.236785714236504949e-03
-8.258701307975582773e-03
-8.263002880784136792e-03
-8.115168142066619614e-03
-8.229157535224074227e-03
-8.048758365815315147e-03
-8.202089315481947071e-03
-7.896073969920534494e-03
-9.206087525428953769e-03
-7.713097632173461504e-03
-7.143413485459081287e-03
-7.594758398477999793e-03
-8.021323746584244421e-03
-7.911165652121063263e-03
-8.618953484168098353e-03
-7.858728078399110709e-03
-7.744471784969562608e-03
-8.583161889029331665e-03
-8.151798247498320479e-03
-8.648900369538099070e-03
-9.765159005483430368e-03
-7.535711407099186451e-03
-8.496775980245138346e-03
-8.004787272838593051e-03
-8.587454348869063420e-03
-8.357561628489983477e-03
-8.099881472269063881e-03
-7.887007995313251654e-03
-8.112228917549868523e-03
-7.963689578189736898e-03
-8.047217707321261196e-03
-8.337323238410630430e-03
-9.315156459405254941e-03
-7.612083857971478108e-03
-8.054797222214579028e-03
-8.010046559034858168e-03
-7.985206727891295750e-03
-8.129116446259385814e-03
-7.959894527201418282e-03
-8.281282920236028924e-03
-8.121894076056406994e-03
-8.096223541476587141e-03
-8.218061705942095174e-03
-8.115310214240461020e-03
-7.994985466515181979e-03
-8.217734340414910646e-03
-7.650955941882657020e-03
-8.018633090156877460e-03
-8.435555380386110594e-03
-8.246383228594524745e-03
-7.744095653902770791e-03
-8.217110941428256224e-03
-8.384690448679578065e-03
-8.085372212309293802e-03
-7.755037072475953405e-03
-7.977764423842714434e-03
-8.031210779198176899e-03
-8.250124416441739772e-03
-8.281551157768794399e-03
-7.981466269195724300e-03
-8.064609417998127791e-03
-8.161830248462415699e-03
-8.360553957502427774e-03
-8.515261851325141990e-03
-8.157430129556461282e-03
-8.194877424905587862e-03
-7.974966306884111872e-03
-8.547465774961951132e-03
-8.204786551742462852e-03
-8.078709519007342202e-03
-8.326084030766334881e-03
-8.066484882708771162e-03
-8.136942873883059105e-03
-8.100465414215539742e-03
-8.068535491708567903e-03
-8.323559527126609195e-03
-8.410713546871445914e-03
-8.542085425474263069e-03
-8.129642306288441950e-03
-8.172222752773980123e-03
-8.816822469621444364e-03
-7.779530602320517893e-03
-8.277596083423875359e-03
-8.679600392259474023e-03
-7.935023598758786725e-03
-8.280212110230210712e-03
-8.140924654213546954e-03
-8.282395618194172623e-03
-8.115964207352934986e-03
-8.179399882414608788e-03
-7.596505679419151939e-03
-8.172921801317163323e-03
-7.969778470019816749e-03
-7.972663674871345932e-03
-7.847709844344585156e-03
-8.173315968706049844e-03
-7.782615053762191419e-03
-8.219696726700757156e-03
-7.933161539435405404e-03
-8.816188964950396473e-03
-7.975779402210518912e-03
-8.324843317737791112e-03
-8.455798069620684698e-03
-8.308804616066931339e-03
-7.661764294951225497e-03
-8.346907838227579993e-03
-8.115315692874811027e-03
-8.231726639735063508e-03
-8.011299449943049336e-03
-8.079707796988295013e-03
-8.248366225446727290e-03
-8.676890824192170712e-03
-7.851079631062725037e-03
-8.418588326950566733e-03
-8.058451531292188524e-03
-7.892225894073647691e-03
-8.206507985923440149e-03
-8.409200174201951830e-03
-7.891992573149047771e-03
-7.983843614843999514e-03
-7.761996029096968064e-03
-7.991976038759411941e-03
-8.832448608271715670e-03
-8.314040840752068631e-03
-8.089261073539549818e-03
-7.729932193617604710e-03
-8.022169554883494189e-03
-8.189852016541087146e-03
-7.950980079216702495e-03
-8.522752574550157209e-03
-8.688010703191157563e-03
-7.910563731979075239e-03
-8.198220913341894289e-03
-8.217806426245853960e-03
-8.547740424537871723e-03
-8.411304350153168269e-03
-8.523561527160161688e-03
-8.466920535726058308e-03
-8.347805003961067394e-03
-7.838262077821666132e-03
-7.844135082072576509e-03
-8.452875825363108039e-03
-8.435171529333668899e-03
-7.934948902902080187e-03
-8.153878832313873892e-03
-8.369892035733907457e-03
-8.371783449297846152e-03
-8.386442350027776757e-03
-8.065372750837448979e-03
-8.459443890165297894e-03
-7.859787003991994259e-03
-7.876654920283833808e-03
-8.348411639019738192e-03
-8.359084113201865548e-03
-7.908903073761823152e-03
-8.347122985083391816e-03
-8.371360633979777963e-03
-8.483501072422724998e-03
-8.012795926022787604e-03
-8.384685360318958058e-03
-8.523545043988499034e-03
-7.964272876075094085e-03
-8.188497124933479671e-03
-7.856169619377892377e-03
-7.786155854847737201e-03
-8.190848918361724046e-03
-8.157262281219169672e-03
-8.604816148329776787e-03
-8.414547689384837062e-03
-8.067713886972324375e-03
-8.397772614063502700e-03
-8.330254940441808240e-03
-8.158321806580779226e-03
-7.891554625613863075e-03
-8.229961855780745794e-03
-8.336134571113150080e-03
-8.581348242883059946e-03
-8.201728848149814413e-03
-8.163720051148255080e-03
-8.400317491096142078e-03
-8.271114893538666218e-03
-7.590953012574145828e-03
-8.352280279151197070e-03
-7.997592240242237110e-03
-8.082853611045839881e-03
-8.113574736546357025e-03
-7.906433130059479716e-03
-8.076700212783375146e-03
-7.971086880903770558e-03
-7.729262220224216232e-03
-8.242903476839457885e-03
-7.941012095108784460e-03
-8.006657431102889855e-03
-8.390481321324852124e-03
-8.404249543795675945e-03
-7.480353887774378666e-03
-8.111758792926186679e-03
-8.169693503076665836e-03
-8.393539513531673990e-03
-8.314397052381922865e-03
-8.743918447733438695e-03
-8.404164865138261803e-03
-8.109442377229134774e-03
-8.464313278059692677e-03
-8.130693225207097363e-03
-8.145451274424430829e-03
-8.422817409353439144e-03
-7.999931681993987381e-03
-8.124091942509270234e-03
-8.249426348065880613e-03
-8.069789355880091844e-03
-8.131237638185800573e-03
-8.250160928224187923e-03
-8.329659855102462471e-03
-8.301337503287721173e-03
-8.122112040835479871e-03
-7.749366682052117629e-03
-7.845134707632411136e-03
-8.627243528384101814e-03
-8.583736080589900869e-03
-8.276688565961047919e-03
-8.600071467324985064e-03
-8.393832406894849787e-03
-7.860892438893271952e-03
-8.506915894797049266e-03
-8.094639310686832859e-03
-8.308676500959705225e-03
-7.926858151514731485e-03
-8.487674942560528499e-03
-8.093215322038735046e-03
-8.638713156666340612e-03
-8.645624907681991392e-03
-7.826230746882097827e-03
-8.283960885384899012e-03
-7.901409347420540116e-03
-8.032957103743423866e-03
-8.241634115123684309e-03
-8.343005752337652806e-03
-8.527764379400252712e-03
-8.192275527352726322e-03
-8.010438175804915698e-03
-8.358661833964732210e-03
-8.127110543474685284e-03
-8.475759176939209188e-03
-8.156075493589000011e-03
-8.079520278012741058e-03
-8.226467575378927991e-03
-8.125554939166024573e-03
-9.057693571846268596e-03
-8.491599653114899685e-03
-8.254468583450486757e-03
-8.088739685027764720e-03
-8.449352938321783371e-03
-9.043442096273444572e-03
-8.423059318579437238e-03
-8.197007788235637429e-03
-8.488628399976713007e-03
-7.900578927663343826e-03
-8.459098036847608262e-03
-8.887136385370012284e-03
-8.260134308612334178e-03
-8.150547703972957359e-03
-8.583451093200559004e-03
-8.288336926846995301e-03
-8.354655788048344356e-03
-8.279619963411762040e-03
-7.855280129772166178e-03
-8.796797300740139686e-03
-7.586613143021919692e-03
-7.809753052488855284e-03
-7.905239135798975900e-03
-8.027952544972700305e-03
-8.065127134211877782e-03
-8.565769592845827105e-03
-8.212699124627383454e-03
-8.637776361216688292e-03
-8.078679800816177328e-03
-8.116573314419509716e-03
-8.258838966012158403e-03
-8.014952992462558851e-03
-8.379504042293699217e-03
-7.949263137111514665e-03
-8.143366731181723647e-03
-7.477330214577095589e-03
-8.830576830578544881e-03
-7.657946148984749561e-03
-8.182076290416376643e-03
-8.153226487595163427e-03
-8.496184975273745818e-03
-7.966393651186351801e-03
-8.243926921952521650e-03
-8.206821978508204579e-03
-8.159417275795674898e-03
-8.455032267591382558e-03
-8.294697947197683316e-03
-8.100366457383142982e-03
-8.211124375900529654e-03
-9.427328969331020408e-03
-8.330943793546088591e-03
-8.461083118369541051e-03
-8.152224863265129101e-03
-8.474867777155567841e-03
-8.048459555205203855e-03
-8.428145218389249127e-03
-7.950145928188866520e-03
-8.207281056782426282e-03
-8.361266400651753972e-03
-8.125204269219657438e-03
-7.966100633660511479e-03
-8.198073598316032301e-03
-8.030662500558295377e-03
-8.048212215582968912e-03
-8.405813579764958091e-03
-8.251460682946609379e-03
-8.141685904591694153e-03
-7.848691238045896884e-03
-8.516171548739815203e-03
-8.448512413999008722e-03
-8.094749052443200865e-03
-8.512891345486014658e-03
-7.783327156240740438e-03
-8.044829420202431747e-03
-8.465096302236458162e-03
-8.291513373852690480e-03
-8.356390003413635692e-03
-8.515959674399008889e-03
-8.491116460309368688e-03
-8.241264026487676517e-03
-8.082362877587118480e-03
-7.879839172700299835e-03
-8.270800045169918180e-03
-7.729699111726852194e-03
-7.957861847710507794e-03
-8.178224130660350158e-03
-8.248258024867526073e-03
-7.796219058656822520e-03
-8.347919130001163132e-03
-8.074506350883787695e-03
-7.961571208131887345e-03
-8.401542026503342614e-03
-8.200600847071226260e-03
-7.675258064844232321e-03
-8.286700995081589319e-03
-7.910105364468197550e-03
-7.850244532251051538e-03
-8.374774932454396442e-03
-8.093599563306071859e-03
-7.913412278137731473e-03
-8.339198173025972813e-03
-8.207187560916586952e-03
-8.176477389392125886e-03
-7.702291621057433778e-03
-7.906226085824379426e-03
-8.264656714502268547e-03
-8.181671109779428339e-03
-8.245331377573847029e-03
-8.279319479231925238e-03
-8.324166762865334301e-03
-8.399310982254376903e-03
-8.353832799295914449e-03
-8.124149913789940197e-03
-8.105088516687617914e-03
-8.093513411936479815e-03
-8.292386078090128662e-03
-8.105710337418079933e-03
-8.024680433797509380e-03
-8.052135477460852300e-03
-8.536713650415323623e-03
-8.239808554750944342e-03
-8.438215768280717469e-03
-8.067287014459263023e-03
-8.204899928740337980e-03
-8.158286269016946576e-03
-7.942478937314935081e-03
-7.764851974854747839e-03
-8.301090968942747769e-03
-8.071219183880125672e-03
-8.370193255684164543e-03
-8.395768254691616389e-03
-8.454357418547856981e-03
-8.506874185089635665e-03
-8.142189501039882524e-03
-8.201364214790668808e-03
-7.827240643565044204e-03
-8.313596059942314487e-03
-7.957449356496570231e-03
-8.299938645682663346e-03
-8.085238259811656364e-03
-8.426567705118979956e-03
-8.062298158814897725e-03
-8.246474653137408906e-03
-8.001373027072617578e-03
-8.455394247093525953e-03
-8.185245354080619706e-03
-8.437325275976447284e-03
-8.077244969033083727e-03
-8.172502190445620970e-03
-8.131333403302227689e-03
-8.296541628270657012e-03
-8.637697378164771803e-03
-7.742084956337122979e-03
-8.145150226031731833e-03
-8.025869391088718413e-03
-8.725967541422680399e-03
-8.213595391005452592e-03
-8.038613385315222445e-03
-8.278287577504784070e-03
-8.184721639678814095e-03
-8.464684654952992979e-03
-8.222534595988236286e-03
-8.252890105898271628e-03
-8.239588706479511124e-03
-7.862856611350371033e-03
-8.597037826466780511e-03
-7.958593220004892693e-03
-8.485307067202282894e-03
-8.663824158736689249e-03
-8.458389808854504394e-03
-8.017046397476565445e-03
-7.778060322149976669e-03
-8.190464285861766280e-03
-8.394954342343191600e-03
-7.874621150587872084e-03
-8.308893302792623795e-03
-8.450156701374934159e-03
-8.220487066649021651e-03
-7.973484437440699416e-03
-8.676256444810894961e-03
-8.238054520291498983e-03
-8.040469479892852628e-03
-8.186599867557316917e-03
-8.332425256352743795e-03
-8.035935414954979358e-03
-7.812255755349142329e-03
-8.016355382618805744e-03
-8.086529244606748337e-03
-8.313443355544472557e-03
-8.249910522976385344e-03
-8.412677231300022887e-03
-8.346071591140527199e-03
-8.218237274420333444e-03
-8.161546831442273095e-03
-7.935786482772584291e-03
-8.814721921646768640e-03
-7.913217981419765068e-03
-8.313347885387855490e-03
-8.361697898785640931e-03
-8.239361478160896896e-03
-8.389917992600614757e-03
-7.732240857431331264e-03
-8.416274505923051347e-03
-8.215015689978667074e-03
-8.269335111643707353e-03
-8.437636024018225003e-03
-8.498732771753003679e-03
-8.344914202209804607e-03
-8.381770560945467352e-03
-8.193047943503136907e-03
-8.241184218930367247e-03
-7.944465337451002418e-03
-8.266430950903265809e-03
-8.521428418296032523e-03
-8.158966503685300201e-03
-7.932466016768112069e-03
-8.523297928773302182e-03
-8.425688601876635958e-03
-8.088303344990209823e-03
-7.705042825939653096e-03
-8.417829012399383540e-03
-8.507626749376844336e-03
-8.140738569712533887e-03
-8.047475014461501555e-03
-8.291023674428658549e-03
-8.293716681604224039e-03
-8.487100512699397720e-03
-8.683249788955136120e-03
-8.126637915136413620e-03
-8.125795675548561428e-03
-8.323554663849323104e-03
-8.294846204962489505e-03
-7.633762761597626643e-03
-8.088685326858340713e-03
-8.128851795411213763e-03
-8.114146444435296757e-03
-8.259481883436671848e-03
-8.238217925288530627e-03
-8.101097658104511670e-03
-8.215667239337249086e-03
-7.722887348568225827e-03
-8.413750288897540661e-03
-8.155587348052096425e-03
-8.271433724351436381e-03
-8.211869808251549135e-03
-8.077382964821593417e-03
-8.318458135233536971e-03
-8.162653919174103767e-03
-8.097164987798952454e-03
-8.432859204107297918e-03
-8.297032560764546968e-03
-8.199692786777512676e-03
-8.151071513487593775e-03
-8.144257899883322604e-03
-8.658591678681364784e-03
-8.206231722808434229e-03
-8.107994895764690166e-03
-8.296919424626040748e-03
-8.441426364732581081e-03
-8.253041761625909065e-03
-8.533713133039489210e-03
-8.535817423931033737e-03
-7.977151200643383885e-03
-8.230333735360884431e-03
-8.216951063827587429e-03
-8.506495441471325844e-03
-7.880505124514623760e-03
-8.101168681394778012e-03
-8.116034285037685564e-03
-8.261498642948863352e-03
-8.191922055897585958e-03
-8.343972708561657112e-03
-8.306412103717006334e-03
-7.904154682210767086e-03
-8.143533318519824774e-03
-7.718861359495269962e-03
-8.302825453139156195e-03
-8.056763870418476650e-03
-9.923115944232310109e-03
-8.061062935363447202e-03
-8.318304431225167009e-03
-8.152352878617449491e-03
-7.988674143072058836e-03
-7.829607031025106675e-03
-8.725105672307005567e-03
-8.630767270198512128e-03
-8.252522816499250138e-03
-8.160449056945007912e-03
-8.765926205516963096e-03
-7.853687254155439570e-03
-8.475422976267963857e-03
-8.282734029156954558e-03
-8.614188565793597790e-03
-8.450708187557142911e-03
-8.649367138192648116e-03
-8.005922287401493614e-03
-8.101509468077763843e-03
-8.484109122113817417e-03
-8.579609939632731191e-03
-7.862258865932234345e-03
-7.550097768082993446e-03
-7.935304153004750158e-03
-7.929226615020773181e-03
-8.068078503563029177e-03
-8.573428396066572893e-03
-7.991914736570395958e-03
-8.243393794771295552e-03
-8.301489730071604303e-03
-8.143609075039864517e-03
-8.058152885314535940e-03
-8.309182283117645673e-03
-8.066468621471792680e-03
-8.493396275706747642e-03
-7.741230811169841353e-03
-8.140668899268701381e-03
-8.200750650558662203e-03
-8.522110369076640185e-03
-7.967130056115873452e-03
-8.411036406058067585e-03
-7.832815714890485267e-03
-8.109165040406682984e-03
-8.280667659661847951e-03
-8.164180852333729685e-03
-8.585006744913263946e-03
-7.909264172620628780e-03
-8.231223898742119974e-03
-8.231813427324078183e-03
-8.074479778557382484e-03
-8.372605157000872350e-03
-8.158177199188156384e-03
-8.168578683853289224e-03
-8.704020618942010304e-03
-8.494091662173842289e-03
-8.348953339290421383e-03
-7.984357018452478347e-03
-7.711228155353216061e-03
-8.205402680793292061e-03
-8.005646940463918490e-03
-8.038730939481491741e-03
-8.199143062250583910e-03
-8.210841072577365965e-03
-7.824250825742068080e-03
-7.837234723970822742e-03
-8.469625242444015975e-03
-7.680427665569728758e-03
-7.749440538410853896e-03
-8.307955417904739140e-03
-8.344588436974340398e-03
-8.332246956416178643e-03
-8.010643954937529676e-03
-8.170297875471365517e-03
-8.322190072877261660e-03
-8.042251537784804796e-03
-8.487515744627876016e-03
-8.152943449734679354e-03
-8.254106328748133520e-03
-8.191680860077724113e-03
-8.150410439684611930e-03
-8.383855759605915448e-03
-8.102767547938597575e-03
-8.546210186570351447e-03
-7.823078333168193357e-03
-8.441965386262833410e-03
-8.296052180486328947e-03
-8.209455052157293292e-03
-8.110999372155912671e-03
-8.444005256615984625e-03
-8.173046123219755363e-03
-7.869735288594015971e-03
-7.749246114414027296e-03
-8.070738993933327179e-03
-8.331098512792270774e-03
-8.227156280736946936e-03
-8.213858765405373727e-03
-8.338578359165236750e-03
-9.382421170929069673e-03
-8.352663925018934468e-03
-7.862756621088064918e-03
-8.327774474761389517e-03
-8.754600581678820964e-03
-8.360573884198304467e-03
-8.060099767364329454e-03
-9.127414017825611139e-03
-8.803372687901583199e-03
-8.673132247635427852e-03
-8.615212243174711834e-03
-8.092930622933754842e-03
-8.126819606695969908e-03
-8.318909322102691073e-03
-8.534057532884329819e-03
-8.006522286594893942e-03
-8.102532410820572836e-03
-8.103631875767678891e-03
-8.313710986755739815e-03
-8.432044779132494283e-03
-8.055736405584068907e-03
-8.129195394358331231e-03
-8.180197836816449630e-03
-8.149504527893845079e-03
-8.561767291648720440e-03
-7.854272525106851047e-03
-8.270399594817925276e-03
-8.214426601157001281e-03
-7.808207158169382274e-03
-8.451036408167526132e-03
-8.063446908295806778e-03
-8.098202743736229378e-03
-7.801650070100121272e-03
-8.254661466048446306e-03
-8.226035406758709645e-03
-8.068248766964044444e-03
-7.731906950585366693e-03
-8.530119500414936121e-03
-7.836685788690020762e-03
-8.142237490454095825e-03
-8.488857832061030145e-03
-8.662761400217820415e-03
-8.128196050204971115e-03
-8.031169813927497778e-03
-8.126242559820931466e-03
-7.906224275021496786e-03
-8.124047499284194410e-03
-8.588413294180807789e-03
-8.195694238057960393e-03
-7.809747588188502808e-03
-8.203507203170696052e-03
-7.864353053708987920e-03
-8.175136459645284889e-03
-8.119795154859511463e-03
-8.395430506062277753e-03
-8.580925138385342779e-03
-8.165319820309508564e-03
-8.187900663628320391e-03
-8.402800787740102514e-03
-8.315570853740924737e-03
-8.948064007954155061e-03
-8.091521106412561878e-03
-8.090614124608791480e-03
-8.737783204797977890e-03
-9.463259909653715107e-03
-7.810271260864746178e-03
-7.869452795195843939e-03
-7.375650900319745060e-03
-8.417668718409520787e-03
-8.437503852264197426e-03
-8.153801010720471837e-03
-8.205751700778637220e-03
-8.341229912535903096e-03
-8.126570245606590248e-03
-8.573533002024787825e-03
-7.839386036860959001e-03
-8.250275137321591221e-03
-8.322996133707060221e-03
-8.055024997431518494e-03
-8.242566681657860148e-03
-8.561731042506681710e-03
-8.107012865633545992e-03
-8.269626083231168892e-03
-8.155238687841867215e-03
-8.162125436960789709e-03
-8.644704236887691337e-03
-8.232044178997897227e-03
-8.166526950243450239e-03
-7.967056907778134051e-03
-8.381950226069422721e-03
-8.129602811448673541e-03
-8.216293580366245894e-03
-8.310313739961230906e-03
-8.138313871964055965e-03
-8.119746951652035555e-03
-8.145462059419780743e-03
-8.154604445836249188e-03
-8.493843380135854271e-03
-8.075530708949573561e-03
-8.241267930344919196e-03
-8.079646848884272994e-03
-8.370404034459816636e-03
-8.539269873932430269e-03
-8.466645625118254109e-03
-8.273989047035371081e-03
-8.761443300922426569e-03
-8.269850166520606796e-03
-7.781319055446063622e-03
-8.494514742004933075e-03
-8.717478538964878662e-03
-8.313955528469288772e-03
-8.264753583123960259e-03
-8.297339835033381780e-03
-8.017818406942314388e-03
-8.130971551100166228e-03
-8.541355967780375411e-03
-8.084189497911476244e-03
-8.390760017405839502e-03
-8.212064098658111017e-03
-8.250289145815287856e-03
-7.953503037068444456e-03
-8.233318643573309115e-03
-8.453473608097256120e-03
-8.271035372979074207e-03
-8.208381358023809221e-03
-8.413614197833031022e-03
-8.320634207149237363e-03
-8.261138234429667854e-03
-8.302218709408929267e-03
-9.375413558830409874e-03
-8.580806111413654194e-03
-8.448978072096902450e-03
-8.088830481122230576e-03
-8.325976731189680541e-03
-7.932766854262784592e-03
-8.038166120654102395e-03
-8.386143342118110300e-03
-7.971038215204983776e-03
-8.121851331836859450e-03
-8.061887823328102096e-03
-8.321648945572909101e-03
-8.720852138768732040e-03
-7.847822857446047282e-03
-8.654330274656637720e-03
-8.559773190785390645e-03
-8.329000715985083320e-03
-8.155225597025844014e-03
-7.728949578375122684e-03
-7.948010736555852912e-03
-7.765392630284770857e-03
-8.712419566781440250e-03
-8.083202229046111340e-03
-8.649427859212190442e-03
-8.381109755819040469e-03
-8.317586958422301668e-03
-7.889261533758335984e-03
-7.828334318789452462e-03
-8.572402897424667365e-03
-8.210635532443805173e-03
-8.198951061976751317e-03
-8.089605163512831459e-03
-8.289722992316049879e-03
-8.335960221871666770e-03
-8.152232291123648333e-03
-8.355759241732440418e-03
-8.099612302655047683e-03
-7.998208378127813489e-03
-8.110219312635150515e-03
-8.332446361879922159e-03
-8.520966176794727773e-03
-8.028289443813497323e-03
-8.319809936932872491e-03
-8.387658646154256062e-03
-8.491356564235105070e-03
-7.948866918950423313e-03
-8.301411562446243952e-03
-8.649887092631770510e-03
-8.340160963938475155e-03
-7.772461733703060587e-03
-8.251746070824638596e-03
-8.390179838454032979e-03
-7.978739127171311993e-03
-8.477105845290469968e-03
-8.009274081431439971e-03
-8.462148595219241148e-03
-8.665329783858749871e-03
-8.173678402082258307e-03
-7.792764539461006015e-03
-8.409512956123859836e-03
-8.432183172751270966e-03
-8.538550097055548280e-03
-8.339959699235857671e-03
-8.319459930650838914e-03
-7.796252329975417693e-03
-7.964688687017733651e-03
-8.397607018472454110e-03
-7.793347403599422060e-03
-8.484048233447321480e-03
-8.130670636426700834e-03
-8.268189248628378743e-03
-8.312840306392598952e-03
-8.319262709924887117e-03
-8.238698579080525747e-03
-8.288103939783547647e-03
-8.301657385477622525e-03
-8.756186620641481788e-03
-8.283943156630781471e-03
-8.269640446780555237e-03
-7.694337881829008997e-03
-8.327375734911697178e-03
-8.144765877697695763e-03
-8.154766597321453508e-03
-8.312162660029641728e-03
-7.906613743145619530e-03
-8.067860528097275594e-03
-8.011083346479531270e-03
-8.013098675487786982e-03
-8.310703681388736247e-03
-8.263512811770547251e-03
-8.120346882268763763e-03
-8.280801328923080573e-03
-8.180703549065275124e-03
-8.043318057489616188e-03
-8.347111755959283827e-03
-8.257010221624595803e-03
-8.438525771299217743e-03
-8.145110183779974422e-03
-8.375787144758483835e-03
-8.454284003557433272e-03
-8.199386502428277282e-03
-8.256804103801815634e-03
-8.200821249420923650e-03
-8.004485300859596336e-03
-8.240874812112167908e-03
-8.161714646319734312e-03
-8.186748754207575501e-03
-8.253843043662171391e-03
-8.377246561361347682e-03
-8.353880657128418680e-03
-7.955794156318743079e-03
-7.730006642106898238e-03
-8.335406560628715392e-03
-8.228030225107806420e-03
-8.203035747907280392e-03
-7.699140295938554195e-03
-8.289458030283618911e-03
-8.208592842059960620e-03
-8.145628217480556377e-03
-8.177935276242942475e-03
-7.726786380843573936e-03
-7.880449843205157914e-03
-8.051726483563354658e-03
-8.212568755637332171e-03
-8.116364263203279528e-03
-8.234594272377720667e-03
-8.625408500769243120e-03
-8.199766421976119671e-03
-7.875219524730798018e-03
-7.815758140628598083e-03
-8.065917420031709639e-03
-8.535470454287569231e-03
-8.105751987890735810e-03
-8.072952445253380599e-03
-8.115411731475027576e-03
-8.488271718362703014e-03
-8.659522493939145887e-03
-8.280812657439729635e-03
-8.270990831633065130e-03
-8.101922700231736427e-03
-8.364576323761935966e-03
-8.456033901133426511e-03
-8.263432642334469710e-03
-8.227166545641149617e-03
-8.898890170663401392e-03
-7.799444125236944074e-03
-7.744689514738375968e-03
-7.857940701110023227e-03
-8.165928982396689420e-03
-8.405766677415662039e-03
-8.137310587034336101e-03
-7.876223349984050326e-03
-8.088762827597708455e-03
-8.330497113860604180e-03
-8.207619485080119501e-03
-8.740834757337856767e-03
-8.014321012855513127e-03
-8.152331162341689211e-03
-8.138400045394579216e-03
-8.184246325014920415e-03
-8.371471083160386684e-03
-8.400504236095838670e-03
-8.340153491922274939e-03
-8.575273272999128088e-03
-7.617652641519545749e-03
-8.545157876413586942e-03
-8.093063056131824182e-03
-8.196751186176912812e-03
-8.354494675472733806e-03
-7.953044377199871423e-03
-8.213698124438437165e-03
-8.040090543563442257e-03
-7.883238126649401781e-03
-8.259939926807608954e-03
-8.513544535370683175e-03
-8.301782001325662408e-03
-8.031187408180729195e-03
-8.067822734033499449e-03
-8.507842957197498182e-03
-8.296993508437797843e-03
-8.157550775670378146e-03
-8.395019758951400082e-03
-8.343882839501931895e-03
-8.427939695341436083e-03
-8.511757931134926111e-03
-8.179516244723490995e-03
-7.821009478633903639e-03
-8.021486932187951377e-03
-8.053986419346218298e-03
-8.308354681016535265e-03
-8.222774001103437189e-03
-8.134157689564117111e-03
-8.275712047057622728e-03
-7.863253899647412726e-03
-8.295902406193423478e-03
-8.322579893322095204e-03
-8.055562320682307584e-03
-8.228323227048578783e-03
-8.126379277689386657e-03
-8.218612600895318018e-03
-8.602106743681591991e-03
-8.264605789493567264e-03
-8.113293554151161310e-03
-8.403721345381334057e-03
-8.049996369180214412e-03
-8.329809861307846744e-03
-8.072642211800550721e-03
-8.801277892396468933e-03
-8.442620859552621426e-03
-8.450655695332478720e-03
-8.545398051400596509e-03
-8.402706398052673525e-03
-8.328172439614121153e-03
-8.283900151571531659e-03
-8.150332036816830550e-03
-8.643589107405161287e-03
-8.458719781363593579e-03
-8.026615812399977984e-03
-8.028099865714621863e-03
-8.217882274283343572e-03
-8.282017219419618784e-03
-8.447337175929150663e-03
-8.061585827144649233e-03
-7.973464947467433922e-03
-8.378239981243219489e-03
-8.239987356920008138e-03
-8.322382254253454792e-03
-8.568686514375263574e-03
-8.689836412246075212e-03
-8.036583784341093731e-03
-8.443528446105219229e-03
-8.323642740779195817e-03
-8.425818571509547869e-03
-8.688180146923152672e-03
-8.296566141109578893e-03
-8.506522852578496385e-03
-7.998130502900213656e-03
-8.359781909788080098e-03
-7.862310945437324741e-03
-8.341245875940454454e-03
-8.100290845078907467e-03
-8.631664632991213962e-03
-8.496595019014018674e-03
-8.290805522820561199e-03
-7.992390790069159659e-03
-8.304878792888183842e-03
-8.207781202055701095e-03
-8.005174023920671317e-03
-8.208515579504910634e-03
-8.304195050306788575e-03
-8.276084063010466160e-03
-8.223613613695220786e-03
-8.152436284061457400e-03
-8.308190239036573541e-03
-8.064743476974559760e-03
-8.570446024045639405e-03
-8.016213156868229675e-03
-8.216788096205919142e-03
-7.940818857306861447e-03
-8.370698212953300160e-03
-8.370372288338635142e-03
-8.389011795375567529e-03
-8.354686996976123242e-03
-8.119128684904136639e-03
-8.705034827045422113e-03
-8.256226752844495267e-03
-8.006071238539280363e-03
-8.248881116015948159e-03
-8.402378268648650478e-03
-8.175364965802454573e-03
-7.997011935895336973e-03
-8.606244907368904712e-03
-8.214002917245022753e-03
-8.200969758310626759e-03
-8.116122785472123027e-03
-8.501995667137903986e-03
-8.246566900857543389e-03
-8.385021855884732325e-03
-8.142548199234614370e-03
-8.344522371247884915e-03
-8.206747650415771936e-03
-8.289295733447027414e-03
-8.066446952789019242e-03
-8.032448878244726267e-03
-8.061639521473344325e-03
-8.237928742668787843e-03
-8.481332794974819761e-03
-7.900788939776973857e-03
-8.132120622152270301e-03
-8.124331860414611348e-03
-7.986493374050464972e-03
-8.382339344638355116e-03
-8.246311894393072717e-03
-7.969721010571162792e-03
-8.335212508916249249e-03
-8.029628739853043873e-03
-7.571801771171023272e-03
-8.201103306220777420e-03
-8.043699869125359864e-03
-8.464643734814772391e-03
-8.237529680561713266e-03
-7.984483517832371285e-03
-8.003984934378285260e-03
-8.436283811232110283e-03
-8.117899768629390639e-03
-8.036913664693614082e-03
-8.339046836651089686e-03
-8.074779673208460143e-03
-8.170462062930726466e-03
-8.189860886879087726e-03
-8.234485144031631829e-03
-8.585475521063255441e-03
-7.888079070938861653e-03
-8.631404088973896466e-03
-8.385849586508987985e-03
-8.505686063621790277e-03
-8.430509388019721481e-03
-8.032534895281938023e-03
-8.283510540475201925e-03
-8.297268104326457200e-03
-8.485925844917164076e-03
-7.877797991703586189e-03
-8.014058900076065015e-03
-8.379214662180783577e-03
-8.217304830050018230e-03
-8.006412008645599071e-03
-8.210603592253873026e-03
-7.900973114698771685e-03
-7.978223846613528847e-03
-8.424399953277638201e-03
-8.321470769240257512e-03
-8.496475815077907806e-03
-8.157845769329359273e-03
-8.017962268435605347e-03
-8.421206755612366604e-03
-8.159156480227230251e-03
-8.417837468837889581e-03
-8.291369038955272858e-03
-8.261228902200904931e-03
-8.491504703845621088e-03
-8.415758469574423362e-03
-8.236501532413398330e-03
-7.657240103679005538e-03
-8.385585993603032404e-03
-8.277280756132099349e-03
-8.232847343218918298e-03
-8.106629557752726561e-03
-8.611188743368981477e-03
-8.216919972999987484e-03
-8.224350606439499375e-03
-8.137465940812892845e-03
-7.682988833376036553e-03
-8.301912263535719122e-03
-7.829804658983380988e-03
-8.159239538462278660e-03
-8.536638361745681192e-03
-8.918349516467019220e-03
-7.924149857633141711e-03
-8.199851070368645994e-03
-8.263961033720648025e-03
-8.047719301070486303e-03
-8.203392093429722615e-03
-8.475713944041132764e-03
-8.604984290715888412e-03
-8.209239340669791107e-03
-8.118848678751193829e-03
-8.345271049196523183e-03
-8.387087006415893525e-03
-8.306875825564231583e-03
-8.140071012370780207e-03
-8.090410508208734780e-03
-8.378476678551226645e-03
-8.187917891709171198e-03
-8.393178718147657064e-03
-7.899210532656131267e-03
-8.174501438167617456e-03
-8.331731595552218858e-03
-8.007379215727366759e-03
-8.183439214842724158e-03
-8.314805832066176142e-03
-7.678846613718126254e-03
-8.147982839234084798e-03
-8.547705809762421239e-03
-8.321388998316780680e-03
-7.954077476588090542e-03
-8.125018447682182468e-03
-8.288284168043297956e-03
-7.864999964696759230e-03
-8.484197063653001886e-03
-8.199878129784192796e-03
-8.292097081180909227e-03
-8.135803823756202618e-03
-8.321573354475083478e-03
-8.176740954803170605e-03
-8.009701672021996358e-03
-8.070419142001071175e-03
-8.473054096706693697e-03
-8.048456740068357998e-03
-8.068948665780664373e-03
-8.050315537428605686e-03
-7.958986558932335670e-03
-7.697016651646084416e-03
-8.461071988316115275e-03
-8.226585633179791385e-03
-8.119455444415873274e-03
-8.438405025465696777e-03
-7.710832434402048116e-03
-7.908115514362032417e-03
-8.082027189871174647e-03
-7.910161435359155599e-03
-8.333953438020057572e-03
-8.014762239901718210e-03
-7.910284740984272270e-03
-8.559851590643385161e-03
-8.137836681152367871e-03
-8.491143918308286659e-03
-7.915520616110959667e-03
-8.161329376570684510e-03
-7.706917592114707720e-03
-8.059403312695265220e-03
-8.394687214478403423e-03
-8.339889129727693501e-03
-8.249268698856870516e-03
-8.342920486148939010e-03
-7.946477165673978410e-03
-8.328874439316850259e-03
-8.318706062962703124e-03
-7.682378481744687668e-03
-7.854733700967510626e-03
-8.319095341929868409e-03
-8.235754165531889923e-03
-8.516744442869692011e-03
-8.004211993359522034e-03
-8.338191734844431838e-03
-8.393278756996464321e-03
-8.824823062800513790e-03
-8.377758933152183035e-03
-7.862750627261404224e-03
-8.599575363022004745e-03
-8.330900568179328697e-03
-7.950153976877566420e-03
-8.022239269854430921e-03
-8.239896505202072910e-03
-8.057537023215360222e-03
-7.864877894890069318e-03
-8.177722642115374876e-03
-8.085678459389218295e-03
-8.632780100597694725e-03
-8.095030116084464544e-03
-8.142447322680768096e-03
-8.163268742812024997e-03
-8.254518817438166386e-03
-8.468091314425774119e-03
-8.557323902807190477e-03
-7.976868273264273862e-03
-8.261726911394141198e-03
-7.947030514990080854e-03
-8.216186323143739520e-03
-8.192417787924944489e-03
-8.317539541039222634e-03
-8.258462361859689183e-03
-8.603328832352288152e-03
-8.324753123747254471e-03
-8.147473242033775528e-03
-8.167033984972224200e-03
-8.791391610504966855e-03
-8.270068666248839295e-03
-8.119335816639263251e-03
-7.873949931149063983e-03
-8.286398661325813930e-03
-7.809633507552960451e-03
-8.224849050749064028e-03
-7.843136729021361192e-03
-8.487624476543454907e-03
-8.092239815809341291e-03
-8.148943839096299893e-03
-7.782052505829590260e-03
-8.298780740987632756e-03
-8.024720891774020023e-03
-7.818287948823788788e-03
-8.399886860058705315e-03
-7.664144874304316783e-03
-8.363934148357432194e-03
-8.285746396179198905e-03
-9.048639411683160466e-03
-8.328701716516168432e-03
-8.013728270549635990e-03
-8.122492474783931174e-03
-8.245940976451105950e-03
-8.368957569248554329e-03
-8.766079333021219513e-03
-8.233826179115570978e-03
-8.262488074528879720e-03
-7.986086297083310956e-03
-7.796974525184761917e-03
-8.167654960626965013e-03
-8.668800995645164348e-03
-8.082160287928977227e-03
-7.849977352331184363e-03
-7.838360310294625877e-03
-8.131976266014742313e-03
-8.106236200242157228e-03
-8.215869206021405441e-03
-8.532415793975681867e-03
-8.530474692444804316e-03
-8.171073353079200477e-03
-8.120715556866688750e-03
-8.552237056073315122e-03
-7.980284270818274739e-03
-8.134930313977340940e-03
-8.204275033099121123e-03
-7.952126746061719681e-03
-8.188415820903769543e-03
-7.932303933853203023e-03
-8.221150619069304485e-03
-8.597654498205865164e-03
-8.094183537143178481e-03
-8.630312603869051344e-03
-8.326909174576208050e-03
-8.344914562868985947e-03
-8.309702446424604289e-03
-8.040376355091952490e-03
-8.290057038892998179e-03
-8.092127987845460987e-03
-8.358910317049798519e-03
-7.964108443560515699e-03
-8.512381476094866076e-03
-8.090488189753821877e-03
-8.253961047184047231e-03
-7.987484050094766433e-03
-8.082313675576793116e-03
-8.140435136671496721e-03
-8.348800070092027639e-03
-8.126950673181027388e-03
-8.249416333921484948e-03
-8.023924320729075230e-03
-8.339594244022908304e-03
-8.363877218611020375e-03
-7.934265544792118777e-03
-7.804974731862463974e-03
-8.138121119840729251e-03
-8.486975464332984290e-03
-7.754066745384330210e-03
-8.445767413971129803e-03
-8.101002894138809377e-03
-7.976251041521872920e-03
-8.342484070038482663e-03
-8.457716419645997311e-03
-8.314398392765010373e-03
-8.207343613597744419e-03
-8.365434953336569127e-03
-8.191557043454502501e-03
-8.190838662950967325e-03
-8.379039648850863248e-03
-8.265978018144213776e-03
-8.304908823004178431e-03
-7.833563676717770347e-03
-8.420284955243927463e-03
-9.033090136784506161e-03
-7.438544792408421057e-03
-7.891520920498308611e-03
-8.256182828084730058e-03
-8.442339739219015954e-03
-8.324032503753594700e-03
-8.433501056616011723e-03
-8.023775294815797127e-03
-8.223791963930785279e-03
-8.595103173707699037e-03
-8.237147299547558851e-03
-8.115058308198941708e-03
-8.452454871782325019e-03
-7.901921936880679925e-03
-7.945548796154264237e-03
-8.210050353421443139e-03
-8.483271490762380948e-03
-8.234223626806674856e-03
-8.153235025308430695e-03
-8.064052368454416655e-03
-8.224256467221538469e-03
-7.972491230546382285e-03
-8.094120124699141425e-03
-8.210178551573221392e-03
-8.463360501542144254e-03
-8.122443020586461379e-03
-8.255181115029734326e-03
-8.019425581103342693e-03
-7.814984600333061554e-03
-7.936214380463175316e-03
-8.677926021427723180e-03
-8.032678383758528121e-03
-8.557546372053855682e-03
-8.676547070807564405e-03
-8.128451970703260906e-03
-8.026148796178576503e-03
-8.150270775710391144e-03
-7.880439052566596408e-03
-8.590893292750964583e-03
-7.784428794631701939e-03
-8.337747097021832796e-03
-8.368971214403683398e-03
-8.627449960994166764e-03
-8.222316140184319361e-03
-8.220071793666124810e-03
-8.052303039449150782e-03
-8.345244723308309007e-03
-8.201439123888501492e-03
-8.585028054450981674e-03
-8.158405625381517923e-03
-8.116712048853915590e-03
-8.340989297381118037e-03
-8.158719812010625447e-03
-8.513498841130931818e-03
-8.154235917223182084e-03
-7.930491628804599985e-03
-8.037175025600794623e-03
-8.231082655717180882e-03
-8.249235621540328481e-03
-8.368974703518362868e-03
-7.928919630584384606e-03
-8.173219025701056531e-03
-8.669794867587784365e-03
-8.443287861950945355e-03
-7.984378619534672136e-03
-8.200890933132516311e-03
-8.262674167866270597e-03
-7.880667945821760376e-03
-8.067922292706112761e-03
-7.956179974591611262e-03
-8.515187938102923917e-03
-8.048736820338282458e-03
-8.291680619391663884e-03
-7.742338688740440199e-03
-8.675009589003659233e-03
-8.485840007657341477e-03
-8.334337883455054594e-03
-7.939244553140463803e-03
-8.031183059009711078e-03
-8.417929323538162617e-03
-8.043237501613445181e-03
-8.133943474936447190e-03
-8.821476451235418792e-03
-8.019104055263246225e-03
-8.295485501538846923e-03
-8.302130608388540514e-03
-8.012292839978240461e-03
-8.119798124134828404e-03
-7.980594405614870393e-03
-8.509069689316535456e-03
-8.579102368611138049e-03
-8.645103112061536602e-03
-8.200267432071129542e-03
-8.115139695079712917e-03
-8.138093773277456713e-03
-8.349478699663317321e-03
-8.257539805280388751e-03
-8.455200383040931827e-03
-8.594713501775968351e-03
-8.336376065664502857e-03
-8.146959980784129751e-03
-8.192730489830796214e-03
-7.832800959314833306e-03
-8.324774496308326097e-03
-8.328552486248705714e-03
-8.502335399343505934e-03
-7.882762158493648516e-03
-8.105519775936697105e-03
-8.178773225377425349e-03
-8.275875998248844942e-03
-8.318058581727832274e-03
-8.196571979970881938e-03
-8.260276568836971006e-03
-8.265543608612610157e-03
-8.764621507226569991e-03
-8.285958257229971216e-03
-8.498451751568965665e-03
-8.441736218986035933e-03
-8.046953976731566205e-03
-8.086545156976942400e-03
-8.460152768197060080e-03
-8.295754016251991741e-03
-8.503275848113977728e-03
-8.344226467314367485e-03
-8.044937133602604942e-03
-8.219351745020479078e-03
-8.418772092947513982e-03
-8.075649838697959021e-03
-8.662862319702466229e-03
-8.569777877762984469e-03
-8.342126050235364534e-03
-7.818986026494412558e-03
-8.186245962843138532e-03
-8.369283410612032154e-03
-8.079847797910186952e-03
-8.846476495428041292e-03
-8.327127506602348753e-03
-7.939332340386169237e-03
-8.178139225189584929e-03
-8.917945994802212867e-03
-7.993094386617634675e-03
-8.565994955709312422e-03
-8.323000093023310078e-03
-8.215317700205271995e-03
-7.939946007415625215e-03
-8.186144545349471544e-03
-8.122939892778211629e-03
-8.522302172766093795e-03
-8.232602653870530959e-03
-8.048011911039903987e-03
-7.928322638932136165e-03
-8.563180594558040051e-03
-8.144169103385584529e-03
-8.482342764838347524e-03
-8.577852648737270894e-03
-8.300094803527646378e-03
-8.097521946343515589e-03
-8.111974617565371332e-03
-8.592352036734392587e-03
-8.114865439243763509e-03
-8.183985515955572929e-03
-8.253009951324974044e-03
-8.302858468466650654e-03
-8.315332725471120609e-03
-8.224553290391053983e-03
-7.725077136118675691e-03
-8.771898469081348612e-03
-7.877588219953554974e-03
-8.159047107931581208e-03
-8.483036976674025731e-03
-8.156334301454997576e-03
-8.423133066621837570e-03
-8.644138702803682434e-03
-8.231840465842858029e-03
-7.836984056150268427e-03
-8.120417614325232611e-03
-8.278383815088401557e-03
-8.183451355405905667e-03
-8.197263035492724850e-03
-8.381970639488098632e-03
-8.126828805732436503e-03
-8.275383501505662390e-03
-8.450478395136086160e-03
-8.515565668289887952e-03
-8.264257358887566046e-03
-8.069577794379750868e-03
-8.414201710037863199e-03
-8.554591146180639052e-03
-8.499344434811329993e-03
-8.401384786174461924e-03
-8.616309580545052083e-03
-8.151487456548209623e-03
-8.373153112686413518e-03
-8.188134267883421732e-03
-7.996864508171372399e-03
-7.909331218271373545e-03
-8.385598175678811092e-03
-8.190504303728749977e-03
-8.146815293716006337e-03
-7.967637453717387949e-03
-8.375869644909392578e-03
-8.219308511198262363e-03
-8.336864023659882467e-03
-8.199042520674189663e-03
-8.000995256561952568e-03
-8.395255789849422751e-03
-8.103925570016639462e-03
-8.254448160828960560e-03
-8.109661352244803417e-03
-8.414104199820408858e-03
-7.842386591434514012e-03
-8.013906809621881150e-03
-8.211755981677348187e-03
-8.460304832953969775e-03
-7.895590134930350820e-03
-8.436731593915031135e-03
-8.196898268954174241e-03
-8.232860661589961465e-03
-8.210243583591222971e-03
-7.736186727839873371e-03
-8.462255219656308891e-03
-8.347334523383268673e-03
-8.241158939683896831e-03
-8.142163336749616911e-03
-9.348691818744691087e-03
-8.266337649821682912e-03
-8.241477827786882968e-03
-8.596710516975528821e-03
-8.168560730517583982e-03
-8.540598924237701936e-03
-8.010131433337272511e-03
-8.052618498138581701e-03
-8.210161441921213707e-03
-8.426793993246587539e-03
-8.140203320336186765e-03
-8.276351269047993453e-03
-8.342307721808774404e-03
-8.311810683040104716e-03
-8.207780527658217057e-03
-8.102575734735875321e-03
-7.926412668845713924e-03
-8.294631485784529148e-03
-8.061566863099388011e-03
-8.341069257080195240e-03
-8.589690036759873443e-03
-8.161194213465177913e-03
-7.942384930297159001e-03
-8.362185078571374511e-03
-8.025641555133992619e-03
-8.249736941667565673e-03
-8.023759229646793001e-03
-8.564115957500948936e-03
-7.816443608712734040e-03
-8.124668088334913857e-03
-8.345840563699472719e-03
-8.539170994349322072e-03
-8.315058346134362663e-03
-8.561774661483041379e-03
-8.423015566598742593e-03
-8.404483329138156752e-03
-8.184530372681185148e-03
-8.403336426953853314e-03
-8.145079457200289294e-03
-8.011132814921941361e-03
-7.940277071373078380e-03
-8.213310244884464845e-03
-8.197784057357057966e-03
-9.212664044902054913e-03
-8.350547379173922993e-03
-7.919012423730917988e-03
-8.207561056904132818e-03
-7.844987638365443286e-03
-8.526777333560489266e-03
-7.795634737606589593e-03
-8.050098925395446359e-03
-8.071182033994008659e-03
-8.136005292366622205e-03
-8.158728643918070414e-03
-8.084527774954308396e-03
-8.681083561041271629e-03
-8.021998819454870949e-03
-8.169842921060108468e-03
-8.526026137361593371e-03
-7.798558477510921134e-03
-8.282073032850566924e-03
-8.087302419033878115e-03
-8.150145733207398574e-03
-8.405641086751220944e-03
-8.415209279649272373e-03
-8.084708480749812701e-03
-7.946621188549165063e-03
-8.130292474289277024e-03
-8.060049928754859164e-03
-8.141536410535915591e-03
-7.735343907136607577e-03
-8.578841707643532558e-03
-8.461355804264585750e-03
-8.009042945876728575e-03
-8.351051773598476904e-03
-7.964991376072556167e-03
-8.301014803357953734e-03
-8.716396018923756178e-03
-7.927827573332723449e-03
-8.526744089801882240e-03
-8.371487288485355768e-03
-8.660204729125852915e-03
-8.129919881303722048e-03
-8.069151873799975186e-03
-8.513772423495300640e-03
-7.894075063623110650e-03
-8.222980178189362097e-03
-8.223093833523178325e-03
-8.199669160941875853e-03
-8.044063829014867772e-03
-8.066583495840934717e-03
-8.191015287332932895e-03
-8.437981702479059945e-03
-8.430658194485051923e-03
-8.397305789626436159e-03
-8.312994819283874015e-03
-8.393086738414937825e-03
-8.318080309959442059e-03
-7.700695171035419791e-03
-8.452547304424965630e-03
-7.999949498315863522e-03
-8.458525894742658160e-03
-8.043062707070527256e-03
-8.410684974421168622e-03
-8.420080743680705485e-03
-8.011615240993372536e-03
-8.337062947282715061e-03
-8.532648158547160092e-03
-8.497212535325716562e-03
-7.923235186626914270e-03
-7.791530213133024754e-03
-8.289073341211665794e-03
-8.671749524082946609e-03
-8.088123694278104639e-03
-8.388655191549163753e-03
-8.080791884230534641e-03
-8.115474321646167291e-03
-8.065327545035333445e-03
-8.201593789326163536e-03
-8.164170857851423685e-03
-8.218578611370685669e-03
-8.373321494961354430e-03
-8.389333446201071437e-03
-8.193338929265851431e-03
-8.012043212908631640e-03
-7.788594251811059230e-03
-8.438515163982040351e-03
-8.271082698466261304e-03
-8.477055211113856265e-03
-8.348568689284699418e-03
-8.130368008480683834e-03
-8.115679896085711484e-03
-7.962102524580393428e-03
-7.944998193478608126e-03
-8.223508541288214804e-03
-8.399421290276673155e-03
-8.297941019848358718e-03
-8.157440263906383035e-03
-7.951266501326837918e-03
-8.696396318746649201e-03
-8.363082584132063013e-03
-8.323159998934112624e-03
-8.174301235613695357e-03
-8.298241048016508775e-03
-8.108563169055543057e-03
-8.103546594842119671e-03
-8.138072375472838252e-03
-8.550286364664209243e-03
-8.255452223333372558e-03
-8.144617056394529500e-03
-8.080586617835415486e-03
-8.109235712289686662e-03
-8.311652517150909872e-03
-8.486389291465815457e-03
-9.484505055634084858e-03
-8.384454185603929313e-03
-7.928175860162010175e-03
-8.038219328705228928e-03
-8.075748847911361564e-03
-9.102929194330946355e-03
-8.746050299487462612e-03
-8.285854409318088587e-03
-8.398171350512403238e-03
-8.109258742174763751e-03
-8.362727023853325919e-03
-8.779328519038466158e-03
-8.534956292511773276e-03
-8.116463591657487736e-03
-8.146498438920773272e-03
-8.071876236049274275e-03
-8.250148381662486888e-03
-8.008112284336172185e-03
-7.752624591939104130e-03
-8.260551628187793108e-03
-8.154993644625973398e-03
-8.802733717227654089e-03
-8.183470934447122092e-03
-8.289641742900309349e-03
-8.272767917081097142e-03
-8.001395199846727396e-03
-7.842777094392535883e-03
-8.127275911801677341e-03
-8.060870241683604914e-03
-8.302871851469374037e-03
-8.281741163104658701e-03
-7.652810690182121865e-03
-8.289244859102382415e-03
-8.055663755437782875e-03
-7.953939439304533870e-03
-8.159750271981488015e-03
-8.234011183246172857e-03
-8.268874049337144455e-03
-8.223075879673982791e-03
-8.587213897551144309e-03
-8.227164461831569867e-03
-8.704165192300128764e-03
-8.110498796076731284e-03
-8.461086518868966497e-03
-8.231073888657527982e-03
-8.520569503208326109e-03
-8.167402488796394674e-03
-8.747669522416240059e-03
-8.172768102556394326e-03
-8.482750319848252757e-03
-8.251257048948464762e-03
-8.424613917211108347e-03
-8.311119131957858328e-03
-8.165877343343877839e-03
-8.219726586380099106e-03
-8.167344048898086961e-03
-8.163568634047654177e-03
-8.904311329485849885e-03
-8.017299674695397074e-03
-8.569009102438861908e-03
-8.895485673325601722e-03
-8.485777549217237564e-03
-8.415946784667921454e-03
-7.956338028494333928e-03
-8.212326506101073204e-03
-7.842108506189724229e-03
-8.728506921131393842e-03
-8.491932154104790340e-03
-8.397635742396646411e-03
-8.080318871281591542e-03
-9.093852351918231894e-03
-8.388305395613753976e-03
-8.173650018928127481e-03
