-1.973311603069305420e-02
-1.973061636090278625e-02
-1.972828619182109833e-02
-1.972238533198833466e-02
-1.972465962171554565e-02
-1.972896419465541840e-02
-1.972868479788303375e-02
-1.972649432718753815e-02
-1.973227597773075104e-02
-1.973185688257217407e-02
-1.973366364836692810e-02
-1.973384618759155273e-02
-1.973309926688671112e-02
-1.973340660333633423e-02
-1.972895488142967224e-02
-1.973524689674377441e-02
-1.973549835383892059e-02
-1.973766461014747620e-02
-1.973927021026611328e-02
-1.973530277609825134e-02
-1.973577216267585754e-02
-1.973458006978034973e-02
-1.973318681120872498e-02
-1.973308436572551727e-02
-1.973403245210647583e-02
-1.973461546003818512e-02
-1.973120868206024170e-02
-1.973457448184490204e-02
-1.973641477525234222e-02
-1.973794214427471161e-02
-1.973395980894565582e-02
-1.973702758550643921e-02
-1.973342895507812500e-02
-1.973479054868221283e-02
-1.973318867385387421e-02
-1.973177306354045868e-02
-1.973354443907737732e-02
-1.973420940339565277e-02
-1.973302476108074188e-02
-1.973067596554756165e-02
-1.972947083413600922e-02
-1.973824575543403625e-02
-1.972820237278938293e-02
-1.973766088485717773e-02
-1.973165944218635559e-02
-1.973323896527290344e-02
-1.972882449626922607e-02
-1.973613910377025604e-02
-1.973274722695350647e-02
-1.973366737365722656e-02
-1.973167993128299713e-02
-1.973417960107326508e-02
-1.973216235637664795e-02
-1.973619870841503143e-02
-1.973811723291873932e-02
-1.973860338330268860e-02
-1.973732560873031616e-02
-1.973325014114379883e-02
-1.973277144134044647e-02
-1.972845755517482758e-02
-1.973058655858039856e-02
-1.973802410066127777e-02
-1.973271928727626801e-02
-1.973394490778446198e-02
-1.973785273730754852e-02
-1.973338797688484192e-02
-1.973792165517807007e-02
-1.973512396216392517e-02
-1.973870024085044861e-02
-1.973643898963928223e-02
-1.973140612244606018e-02
-1.973372511565685272e-02
-1.973325945436954498e-02
-1.973512396216392517e-02
-1.973841525614261627e-02
-1.973528973758220673e-02
-1.972928456962108612e-02
-1.973649300634860992e-02
-1.973251998424530029e-02
-1.973847486078739166e-02
-1.973113790154457092e-02
-1.973700337111949921e-02
-1.973245292901992798e-02
-1.972659304738044739e-02
-1.973824575543403625e-02
-1.973618380725383759e-02
-1.973191462457180023e-02
-1.973257027566432953e-02
-1.973811537027359009e-02
-1.973412558436393738e-02
-1.973167061805725098e-02
-1.973354630172252655e-02
-1.973628997802734375e-02
-1.973673701286315918e-02
-1.973017118871212006e-02
-1.973188482224941254e-02
-1.973463036119937897e-02
-1.973607949912548065e-02
-1.973434910178184509e-02
-1.973380893468856812e-02
-1.973820850253105164e-02
-1.973159052431583405e-02
-1.974344253540039062e-02
-1.973697543144226074e-02
-1.973247155547142029e-02
-1.973578892648220062e-02
-1.973461546003818512e-02
-1.973306760191917419e-02
-1.973956637084484100e-02
-1.973723620176315308e-02
-1.973390206694602966e-02
-1.973577588796615601e-02
-1.973534189164638519e-02
-1.973420381546020508e-02
-1.973935589194297791e-02
-1.972972415387630463e-02
-1.972941122949123383e-02
-1.973211392760276794e-02
-1.973046176135540009e-02
-1.973157003521919250e-02
-1.973271928727626801e-02
-1.973763853311538696e-02
-1.973211765289306641e-02
-1.973304711282253265e-02
-1.973114162683486938e-02
-1.973680220544338226e-02
-1.973260752856731415e-02
-1.973673701286315918e-02
-1.973439007997512817e-02
-1.973540708422660828e-02
-1.973005570471286774e-02
-1.973588019609451294e-02
-1.973473653197288513e-02
-1.973414979875087738e-02
-1.973123289644718170e-02
-1.973325014114379883e-02
-1.973008736968040466e-02
-1.973177306354045868e-02
-1.973391883075237274e-02
-1.973094046115875244e-02
-1.973060704767704010e-02
-1.972788013517856598e-02
-1.973051764070987701e-02
-1.973518356680870056e-02
-1.973581872880458832e-02
-1.973138563334941864e-02
-1.972980238497257233e-02
-1.974075473845005035e-02
-1.974012330174446106e-02
-1.973721385002136230e-02
-1.973489485681056976e-02
-1.973791792988777161e-02
-1.973635703325271606e-02
-1.973978988826274872e-02
-1.973827742040157318e-02
-1.973201148211956024e-02
-1.973301917314529419e-02
-1.973394118249416351e-02
-1.973364315927028656e-02
-1.973624899983406067e-02
-1.973549835383892059e-02
-1.973603665828704834e-02
-1.973769441246986389e-02
-1.973515748977661133e-02
-1.973403804004192352e-02
-1.972953788936138153e-02
-1.973503455519676208e-02
-1.973496377468109131e-02
-1.973554119467735291e-02
-1.973479613661766052e-02
-1.973087526857852936e-02
-1.973414979875087738e-02
-1.973352394998073578e-02
-1.973081380128860474e-02
-1.973411999642848969e-02
-1.973680220544338226e-02
-1.973541826009750366e-02
-1.973098330199718475e-02
-1.973262056708335876e-02
-1.972759328782558441e-02
-1.973197422921657562e-02
-1.973669975996017456e-02
-1.973494142293930054e-02
-1.973191276192665100e-02
-1.974034309387207031e-02
-1.973492652177810669e-02
-1.973687857389450073e-02
-1.973466388881206512e-02
-1.973003707826137543e-02
-1.973047107458114624e-02
-1.973153091967105865e-02
-1.973143033683300018e-02
-1.973297260701656342e-02
-1.973253861069679260e-02
-1.973512023687362671e-02
-1.973711699247360229e-02
-1.973048783838748932e-02
-1.973199099302291870e-02
-1.973521336913108826e-02
-1.973765343427658081e-02
-1.973290182650089264e-02
-1.973284594714641571e-02
-1.972902752459049225e-02
-1.973361335694789886e-02
-1.973493024706840515e-02
-1.973047107458114624e-02
-1.973179355263710022e-02
-1.973093859851360321e-02
-1.973021402955055237e-02
-1.973823457956314087e-02
-1.973187178373336792e-02
-1.973133347928524017e-02
-1.973018050193786621e-02
-1.973440870642662048e-02
-1.973417028784751892e-02
-1.973920874297618866e-02
-1.973349414765834808e-02
-1.972648873925209045e-02
-1.973235048353672028e-02
-1.973823644220829010e-02
-1.973490417003631592e-02
-1.972913742065429688e-02
-1.973012089729309082e-02
-1.973259449005126953e-02
-1.973655819892883301e-02
-1.973477564752101898e-02
-1.973172090947628021e-02
-1.973180100321769714e-02
-1.973161660134792328e-02
-1.973759382963180542e-02
-1.973665878176689148e-02
-1.973372325301170349e-02
-1.972970739006996155e-02
-1.973272673785686493e-02
-1.973618380725383759e-02
-1.972869597375392914e-02
-1.973146758973598480e-02
-1.972835138440132141e-02
-1.972599700093269348e-02
-1.973151229321956635e-02
-1.972811669111251831e-02
-1.973425969481468201e-02
-1.973181962966918945e-02
-1.973377913236618042e-02
-1.973275281488895416e-02
-1.972582004964351654e-02
-1.973304152488708496e-02
-1.973270997405052185e-02
-1.973215490579605103e-02
-1.973430626094341278e-02
-1.973748765885829926e-02
-1.973162405192852020e-02
-1.973344944417476654e-02
-1.973189041018486023e-02
-1.972824893891811371e-02
-1.973026245832443237e-02
-1.973765529692173004e-02
-1.973346620798110962e-02
-1.973731629550457001e-02
-1.973190903663635254e-02
-1.973498240113258362e-02
-1.973617635667324066e-02
-1.972991228103637695e-02
-1.973308995366096497e-02
-1.973216980695724487e-02
-1.972839795053005219e-02
-1.973195187747478485e-02
-1.973595842719078064e-02
-1.972999237477779388e-02
-1.973053626716136932e-02
-1.973796263337135315e-02
-1.973308436572551727e-02
-1.973817683756351471e-02
-1.973762176930904388e-02
-1.973611116409301758e-02
-1.973378285765647888e-02
-1.973327249288558960e-02
-1.973115280270576477e-02
-1.972537860274314880e-02
-1.973459124565124512e-02
-1.972778514027595520e-02
-1.973271369934082031e-02
-1.973099820315837860e-02
-1.973231881856918335e-02
-1.972955092787742615e-02
-1.973629929125308990e-02
-1.972890831530094147e-02
-1.973570883274078369e-02
-1.973277330398559570e-02
-1.973451115190982819e-02
-1.973121985793113708e-02
-1.972898840904235840e-02
-1.972596161067485809e-02
-1.972451806068420410e-02
-1.973100379109382629e-02
-1.973053067922592163e-02
-1.972663961350917816e-02
-1.973688229918479919e-02
-1.972984336316585541e-02
-1.973063312470912933e-02
-1.973004452884197235e-02
-1.973075978457927704e-02
-1.973604783415794373e-02
-1.973161846399307251e-02
-1.973291486501693726e-02
-1.973171904683113098e-02
-1.973308436572551727e-02
-1.973565667867660522e-02
-1.973340846598148346e-02
-1.972787454724311829e-02
-1.973131299018859863e-02
-1.973154395818710327e-02
-1.973216980695724487e-02
-1.973071694374084473e-02
-1.973443478345870972e-02
-1.973533257842063904e-02
-1.973162032663822174e-02
-1.973449811339378357e-02
-1.973724365234375000e-02
-1.973023079335689545e-02
-1.973124593496322632e-02
-1.973226293921470642e-02
-1.973385736346244812e-02
-1.973444223403930664e-02
-1.972837559878826141e-02
-1.973473466932773590e-02
-1.972792111337184906e-02
-1.972793042659759521e-02
-1.973033323884010315e-02
-1.973026990890502930e-02
-1.973131299018859863e-02
-1.972622796893119812e-02
-1.973122917115688324e-02
-1.973130553960800171e-02
-1.973373629152774811e-02
-1.973242126405239105e-02
-1.973064616322517395e-02
-1.973595470190048218e-02
-1.972862891852855682e-02
-1.973200216889381409e-02
-1.973256096243858337e-02
-1.973414979875087738e-02
-1.973032578825950623e-02
-1.973185874521732330e-02
-1.973159238696098328e-02
-1.973584853112697601e-02
-1.973829232156276703e-02
-1.973496191203594208e-02
-1.973475888371467590e-02
-1.973132230341434479e-02
-1.973522640764713287e-02
-1.973889768123626709e-02
-1.973249390721321106e-02
-1.973467320203781128e-02
-1.972782984375953674e-02
-1.973332837224006653e-02
-1.973345130681991577e-02
-1.973105035722255707e-02
-1.973025500774383545e-02
-1.973445154726505280e-02
-1.972974278032779694e-02
-1.972893625497817993e-02
-1.973012834787368774e-02
-1.973127387464046478e-02
-1.973548531532287598e-02
-1.973472349345684052e-02
-1.973240636289119720e-02
-1.973631232976913452e-02
-1.973462663590908051e-02
-1.973281055688858032e-02
-1.973899081349372864e-02
-1.973512768745422363e-02
-1.973389461636543274e-02
-1.973628252744674683e-02
-1.972790062427520752e-02
-1.973349787294864655e-02
-1.973121985793113708e-02
-1.973120868206024170e-02
-1.972583308815956116e-02
-1.973506435751914978e-02
-1.973102055490016937e-02
-1.973092555999755859e-02
-1.973093301057815552e-02
-1.973084360361099243e-02
-1.973083056509494781e-02
-1.973306015133857727e-02
-1.973068714141845703e-02
-1.973111741244792938e-02
-1.974016055464744568e-02
-1.973704062402248383e-02
-1.973596774041652679e-02
-1.973640173673629761e-02
-1.973016001284122467e-02
-1.973099820315837860e-02
-1.973746716976165771e-02
-1.973300054669380188e-02
-1.972823590040206909e-02
-1.973435282707214355e-02
-1.973357051610946655e-02
-1.973260194063186646e-02
-1.973423920571804047e-02
-1.973173953592777252e-02
-1.972780562937259674e-02
-1.973053812980651855e-02
-1.973067037761211395e-02
-1.972874067723751068e-02
-1.973508112132549286e-02
-1.973304897546768188e-02
-1.973280869424343109e-02
-1.973281614482402802e-02
-1.973455399274826050e-02
-1.972608827054500580e-02
-1.973276212811470032e-02
-1.973926275968551636e-02
-1.973479241132736206e-02
-1.974014751613140106e-02
-1.973507739603519440e-02
-1.973334699869155884e-02
-1.973522268235683441e-02
-1.973564922809600830e-02
-1.973351836204528809e-02
-1.973612047731876373e-02
-1.973092183470726013e-02
-1.973559334874153137e-02
-1.974006742238998413e-02
-1.973585598170757294e-02
-1.973528787493705750e-02
-1.973679289221763611e-02
-1.973879896104335785e-02
-1.973540149629116058e-02
-1.973228901624679565e-02
-1.973575726151466370e-02
-1.973549462854862213e-02
-1.973822712898254395e-02
-1.973499171435832977e-02
-1.973233558237552643e-02
-1.974071376025676727e-02
-1.973563805222511292e-02
-1.973682641983032227e-02
-1.973914727568626404e-02
-1.972963288426399231e-02
-1.973305083811283112e-02
-1.973763667047023773e-02
-1.973583176732063293e-02
-1.973944157361984253e-02
-1.973539218306541443e-02
-1.973170042037963867e-02
-1.973427832126617432e-02
-1.973779872059822083e-02
-1.973727717995643616e-02
-1.973990909755229950e-02
-1.973311416804790497e-02
-1.973655074834823608e-02
-1.973686181008815765e-02
-1.973077468574047089e-02
-1.973883621394634247e-02
-1.973840035498142242e-02
-1.974284648895263672e-02
-1.973407715559005737e-02
-1.973507739603519440e-02
-1.973454095423221588e-02
-1.973199844360351562e-02
-1.974012888967990875e-02
-1.973540522158145905e-02
-1.973418332636356354e-02
-1.973295025527477264e-02
-1.973495446145534515e-02
-1.973843574523925781e-02
-1.973557285964488983e-02
-1.973018608987331390e-02
-1.973567903041839600e-02
-1.973223686218261719e-02
-1.973285526037216187e-02
-1.973487250506877899e-02
-1.973352208733558655e-02
-1.973216235637664795e-02
-1.973612979054450989e-02
-1.973251812160015106e-02
-1.973310112953186035e-02
-1.974073797464370728e-02
-1.973944157361984253e-02
-1.973608881235122681e-02
-1.973536610603332520e-02
-1.974061690270900726e-02
-1.974476501345634460e-02
-1.974053494632244110e-02
-1.974005065858364105e-02
-1.973887905478477478e-02
-1.973847486078739166e-02
-1.974168047308921814e-02
-1.973442547023296356e-02
-1.974297873675823212e-02
-1.974208466708660126e-02
-1.973827928304672241e-02
-1.973600685596466064e-02
-1.973693631589412689e-02
-1.973539404571056366e-02
-1.973522827029228210e-02
-1.973626576364040375e-02
-1.973768882453441620e-02
-1.973949931561946869e-02
-1.973932981491088867e-02
-1.973582804203033447e-02
-1.974228583276271820e-02
-1.973894983530044556e-02
-1.974010467529296875e-02
-1.973842456936836243e-02
-1.973449997603893280e-02
-1.973804458975791931e-02
-1.973759010434150696e-02
-1.973857544362545013e-02
-1.974197849631309509e-02
-1.974047534167766571e-02
-1.974235288798809052e-02
-1.974083296954631805e-02
-1.974505744874477386e-02
-1.973817311227321625e-02
-1.974696293473243713e-02
-1.974101737141609192e-02
-1.973879896104335785e-02
-1.973794028162956238e-02
-1.974417082965373993e-02
-1.974269002676010132e-02
-1.974660716950893402e-02
-1.974050514400005341e-02
-1.973939314484596252e-02
-1.973831281065940857e-02
-1.974399760365486145e-02
-1.974062435328960419e-02
-1.974552124738693237e-02
-1.973911002278327942e-02
-1.974320225417613983e-02
-1.974347606301307678e-02
-1.974114403128623962e-02
-1.974467933177947998e-02
-1.974078081548213959e-02
-1.974054425954818726e-02
-1.974581182003021240e-02
-1.974680647253990173e-02
-1.974307931959629059e-02
-1.973993703722953796e-02
-1.974239200353622437e-02
-1.974529959261417389e-02
-1.974023319780826569e-02
-1.973531581461429596e-02
-1.973877288401126862e-02
-1.974339596927165985e-02
-1.974607817828655243e-02
-1.973801851272583008e-02
-1.973881199955940247e-02
-1.974526420235633850e-02
-1.974050700664520264e-02
-1.974236592650413513e-02
-1.974401436746120453e-02
-1.973931491374969482e-02
-1.974661462008953094e-02
-1.974182203412055969e-02
-1.973543316125869751e-02
-1.974066160619258881e-02
-1.974031887948513031e-02
-1.974543929100036621e-02
-1.974239572882652283e-02
-1.973762735724449158e-02
-1.974225044250488281e-02
-1.973938196897506714e-02
-1.974539272487163544e-02
-1.973922923207283020e-02
-1.974442601203918457e-02
-1.974466815590858459e-02
-1.974246278405189514e-02
-1.974651031196117401e-02
-1.974353939294815063e-02
-1.974332705140113831e-02
-1.974117383360862732e-02
-1.974218338727951050e-02
-1.974439434707164764e-02
-1.974315382540225983e-02
-1.973791792988777161e-02
-1.974229328334331512e-02
-1.974635943770408630e-02
-1.974278688430786133e-02
-1.974160410463809967e-02
-1.974455825984477997e-02
-1.974625699222087860e-02
-1.974110864102840424e-02
-1.974517107009887695e-02
-1.974546909332275391e-02
-1.975076459348201752e-02
-1.974369585514068604e-02
-1.973484084010124207e-02
-1.974081806838512421e-02
-1.974066719412803650e-02
-1.974508725106716156e-02
-1.974732428789138794e-02
-1.974303834140300751e-02
-1.974597573280334473e-02
-1.974661089479923248e-02
-1.974941603839397430e-02
-1.974719017744064331e-02
-1.974507421255111694e-02
-1.974616013467311859e-02
-1.974742859601974487e-02
-1.974428631365299225e-02
-1.974414661526679993e-02
-1.974804699420928955e-02
-1.974662207067012787e-02
-1.974576339125633240e-02
-1.974579319357872009e-02
-1.974062062799930573e-02
-1.974903605878353119e-02
-1.974382624030113220e-02
-1.974247209727764130e-02
-1.974723488092422485e-02
-1.974592171609401703e-02
-1.975197531282901764e-02
-1.974613405764102936e-02
-1.974219083786010742e-02
-1.974471658468246460e-02
-1.974524185061454773e-02
-1.974671520292758942e-02
-1.974493823945522308e-02
-1.974773034453392029e-02
-1.974418200552463531e-02
-1.974631287157535553e-02
-1.974884234368801117e-02
-1.974560134112834930e-02
-1.975078321993350983e-02
-1.974793896079063416e-02
-1.975143700838088989e-02
-1.974552124738693237e-02
-1.974770985543727875e-02
-1.974507607519626617e-02
-1.974735967814922333e-02
-1.974820345640182495e-02
-1.974940299987792969e-02
-1.974954083561897278e-02
-1.974762789905071259e-02
-1.974373869597911835e-02
-1.974179223179817200e-02
-1.974513381719589233e-02
-1.974467001855373383e-02
-1.974958740174770355e-02
-1.975115016102790833e-02
-1.975180953741073608e-02
-1.974787190556526184e-02
-1.974429935216903687e-02
-1.974513381719589233e-02
-1.974421367049217224e-02
-1.975217461585998535e-02
-1.974805817008018494e-02
-1.974851451814174652e-02
-1.974595338106155396e-02
-1.975193247199058533e-02
-1.975084282457828522e-02
-1.974738202989101410e-02
-1.974470354616641998e-02
-1.974776387214660645e-02
-1.974914781749248505e-02
-1.975395716726779938e-02
-1.975099556148052216e-02
-1.975048147141933441e-02
-1.975182257592678070e-02
-1.975137554109096527e-02
-1.975637674331665039e-02
-1.975624822080135345e-02
-1.974666677415370941e-02
-1.975416392087936401e-02
-1.975338533520698547e-02
-1.975562795996665955e-02
-1.975324563682079315e-02
-1.975360326468944550e-02
-1.974979974329471588e-02
-1.974717341363430023e-02
-1.974992826581001282e-02
-1.975440047681331635e-02
-1.974913105368614197e-02
-1.974906772375106812e-02
-1.975166238844394684e-02
-1.975006610155105591e-02
-1.975637301802635193e-02
-1.975198835134506226e-02
-1.975581981241703033e-02
-1.975337602198123932e-02
-1.975408010184764862e-02
-1.975219696760177612e-02
-1.975443959236145020e-02
-1.975687965750694275e-02
-1.974944211542606354e-02
-1.975599676370620728e-02
-1.975085958838462830e-02
-1.975514553487300873e-02
-1.975178532302379608e-02
-1.975167170166969299e-02
-1.974976621568202972e-02
-1.975191570818424225e-02
-1.975231431424617767e-02
-1.975531503558158875e-02
-1.975486241281032562e-02
-1.975516602396965027e-02
-1.975905522704124451e-02
-1.975363492965698242e-02
-1.975568570196628571e-02
-1.975351199507713318e-02
-1.975246518850326538e-02
-1.975132338702678680e-02
-1.975405961275100708e-02
-1.974975690245628357e-02
-1.975291036069393158e-02
-1.975279673933982849e-02
-1.975992321968078613e-02
-1.975365914404392242e-02
-1.975753530859947205e-02
-1.975147239863872528e-02
-1.975583657622337341e-02
-1.975637115538120270e-02
-1.975364051759243011e-02
-1.975526660680770874e-02
-1.975630037486553192e-02
-1.975999213755130768e-02
-1.975150033831596375e-02
-1.975624263286590576e-02
-1.975744403898715973e-02
-1.975685730576515198e-02
-1.975394785404205322e-02
-1.975655183196067810e-02
-1.975833810865879059e-02
-1.975756511092185974e-02
-1.975684799253940582e-02
-1.975092850625514984e-02
-1.975854672491550446e-02
-1.975736953318119049e-02
-1.975974440574645996e-02
-1.976274326443672180e-02
-1.975550502538681030e-02
-1.975697278976440430e-02
-1.975868083536624908e-02
-1.976513117551803589e-02
-1.976009272038936615e-02
-1.975779607892036438e-02
-1.975917257368564606e-02
-1.975865475833415985e-02
-1.976366899907588959e-02
-1.975874975323677063e-02
-1.975415088236331940e-02
-1.975879631936550140e-02
-1.976140588521957397e-02
-1.976150274276733398e-02
-1.976259797811508179e-02
-1.975910179316997528e-02
-1.975839957594871521e-02
-1.975950598716735840e-02
-1.975671947002410889e-02
-1.976299844682216644e-02
-1.976018399000167847e-02
-1.975684240460395813e-02
-1.976174488663673401e-02
-1.976372115314006805e-02
-1.975896954536437988e-02
-1.975962333381175995e-02
-1.975419744849205017e-02
-1.975758187472820282e-02
-1.976144127547740936e-02
-1.975857466459274292e-02
-1.975704543292522430e-02
-1.975952461361885071e-02
-1.976286247372627258e-02
-1.976345293223857880e-02
-1.975976303219795227e-02
-1.976443640887737274e-02
-1.976127550005912781e-02
-1.976140402257442474e-02
-1.975762657821178436e-02
-1.975793577730655670e-02
-1.976137235760688782e-02
-1.975912228226661682e-02
-1.975866779685020447e-02
-1.976531371474266052e-02
-1.976041495800018311e-02
-1.976756006479263306e-02
-1.976017653942108154e-02
-1.976392418146133423e-02
-1.975969038903713226e-02
-1.976169459521770477e-02
-1.976164802908897400e-02
-1.976004615426063538e-02
-1.976407505571842194e-02
-1.976294629275798798e-02
-1.975717023015022278e-02
-1.975781656801700592e-02
-1.976569369435310364e-02
-1.976843923330307007e-02
-1.976191624999046326e-02
-1.976149529218673706e-02
-1.976708695292472839e-02
-1.976128295063972473e-02
-1.976090669631958008e-02
-1.976371929049491882e-02
-1.976476609706878662e-02
-1.976461708545684814e-02
-1.976081728935241699e-02
-1.976688578724861145e-02
-1.976244524121284485e-02
-1.976682618260383606e-02
-1.976191997528076172e-02
-1.976181939244270325e-02
-1.976547017693519592e-02
-1.976234652101993561e-02
-1.976381801068782806e-02
-1.976124756038188934e-02
-1.976576074957847595e-02
-1.976485922932624817e-02
-1.976339332759380341e-02
-1.975908502936363220e-02
-1.976188085973262787e-02
-1.976756192743778229e-02
-1.976700685918331146e-02
-1.976401917636394501e-02
-1.977046579122543335e-02
-1.976955495774745941e-02
-1.976335607469081879e-02
-1.976404711604118347e-02
-1.976434141397476196e-02
-1.976395770907402039e-02
-1.976565830409526825e-02
-1.976525783538818359e-02
-1.977080106735229492e-02
-1.976606994867324829e-02
-1.976949907839298248e-02
-1.976935938000679016e-02
-1.976644620299339294e-02
-1.976734399795532227e-02
-1.976444199681282043e-02
-1.976499892771244049e-02
-1.976427994668483734e-02
-1.976511254906654358e-02
-1.976595818996429443e-02
-1.976744644343852997e-02
-1.976751163601875305e-02
-1.977028511464595795e-02
-1.976790651679039001e-02
-1.976701989769935608e-02
-1.976925693452358246e-02
-1.976767182350158691e-02
-1.977040618658065796e-02
-1.976870372891426086e-02
-1.977078057825565338e-02
-1.976538822054862976e-02
-1.976738311350345612e-02
-1.977420784533023834e-02
-1.976977102458477020e-02
-1.976531557738780975e-02
-1.976826786994934082e-02
-1.976876333355903625e-02
-1.976437307894229889e-02
-1.976471021771430969e-02
-1.976810209453105927e-02
-1.976614072918891907e-02
-1.976545900106430054e-02
-1.976779475808143616e-02
-1.976793631911277771e-02
-1.977016963064670563e-02
-1.977137662470340729e-02
-1.977106370031833649e-02
-1.976880989968776703e-02
-1.976720429956912994e-02
-1.976681873202323914e-02
-1.976780965924263000e-02
-1.976743899285793304e-02
-1.976908184587955475e-02
-1.976748369634151459e-02
-1.976884715259075165e-02
-1.976680755615234375e-02
-1.976682618260383606e-02
-1.976851560175418854e-02
-1.976728998124599457e-02
-1.977073587477207184e-02
-1.977033726871013641e-02
-1.976964436471462250e-02
-1.976600103080272675e-02
-1.977042667567729950e-02
-1.976819336414337158e-02
-1.977174542844295502e-02
-1.977102831006050110e-02
-1.976710185408592224e-02
-1.976992003619670868e-02
-1.977357827126979828e-02
-1.976865157485008240e-02
-1.976966112852096558e-02
-1.977032981812953949e-02
-1.977217011153697968e-02
-1.976701989769935608e-02
-1.976664178073406219e-02
-1.977032423019409180e-02
-1.976738683879375458e-02
-1.976787298917770386e-02
-1.977164112031459808e-02
-1.977027207612991333e-02
-1.977429538965225220e-02
-1.977318339049816132e-02
-1.977460831403732300e-02
-1.977325417101383209e-02
-1.977176591753959656e-02
-1.976708136498928070e-02
-1.977282203733921051e-02
-1.976836659014225006e-02
-1.977643929421901703e-02
-1.976854167878627777e-02
-1.977154426276683807e-02
-1.977440714836120605e-02
-1.977044343948364258e-02
-1.977225765585899353e-02
-1.977174542844295502e-02
-1.976814866065979004e-02
-1.977240666747093201e-02
-1.977038197219371796e-02
-1.977335661649703979e-02
-1.976929046213626862e-02
-1.977123133838176727e-02
-1.976899243891239166e-02
-1.977006345987319946e-02
-1.976887509226799011e-02
-1.976959779858589172e-02
-1.977441273629665375e-02
-1.977461017668247223e-02
-1.977309584617614746e-02
-1.977331936359405518e-02
-1.977071166038513184e-02
-1.977325789630413055e-02
-1.977063715457916260e-02
-1.977497898042201996e-02
-1.977208256721496582e-02
-1.977463811635971069e-02
-1.977241598069667816e-02
-1.976963691413402557e-02
-1.976997405290603638e-02
-1.977439038455486298e-02
-1.977198943495750427e-02
-1.977019943296909332e-02
-1.977404579520225525e-02
-1.977306231856346130e-02
-1.977690309286117554e-02
-1.977203041315078735e-02
-1.977263204753398895e-02
-1.977270469069480896e-02
-1.977249421179294586e-02
-1.977305486798286438e-02
-1.977500319480895996e-02
-1.977197453379631042e-02
-1.977204903960227966e-02
-1.977775804698467255e-02
-1.977497152984142303e-02
-1.977168582379817963e-02
-1.977727934718132019e-02
-1.976991631090641022e-02
-1.977669820189476013e-02
-1.977132633328437805e-02
-1.977256871759891510e-02
-1.977548748254776001e-02
-1.977480761706829071e-02
-1.977458223700523376e-02
-1.977342367172241211e-02
-1.977847330272197723e-02
-1.977522484958171844e-02
-1.977468468248844147e-02
-1.977827399969100952e-02
-1.977634988725185394e-02
-1.977311819791793823e-02
-1.977754011750221252e-02
-1.977641694247722626e-02
-1.977572403848171234e-02
-1.977838575839996338e-02
-1.977541483938694000e-02
-1.977387629449367523e-02
-1.977649703621864319e-02
-1.977445930242538452e-02
-1.977818831801414490e-02
-1.977667212486267090e-02
-1.977694593369960785e-02
-1.977493986487388611e-02
-1.977755129337310791e-02
-1.977480761706829071e-02
-1.976969838142395020e-02
-1.977314800024032593e-02
-1.977371610701084137e-02
-1.977721601724624634e-02
-1.977686025202274323e-02
-1.977353729307651520e-02
-1.977506652474403381e-02
-1.977925561368465424e-02
-1.977456174790859222e-02
-1.977683044970035553e-02
-1.977947168052196503e-02
-1.977401599287986755e-02
-1.977836154401302338e-02
-1.977466978132724762e-02
-1.978088356554508209e-02
-1.977642998099327087e-02
-1.977827027440071106e-02
-1.977684162557125092e-02
-1.977630332112312317e-02
-1.977816037833690643e-02
-1.977382414042949677e-02
-1.977759227156639099e-02
-1.977615617215633392e-02
-1.977385394275188446e-02
-1.977707259356975555e-02
-1.977436058223247528e-02
-1.977703534066677094e-02
-1.977941952645778656e-02
-1.977776922285556793e-02
-1.977290585637092590e-02
-1.977691054344177246e-02
-1.977710053324699402e-02
-1.978048495948314667e-02
-1.977769844233989716e-02
-1.977941021323204041e-02
-1.977687329053878784e-02
-1.977611519396305084e-02
-1.977807283401489258e-02
-1.978218927979469299e-02
-1.977930963039398193e-02
-1.977767795324325562e-02
-1.977712474763393402e-02
-1.977849937975406647e-02
-1.977954432368278503e-02
-1.978295110166072845e-02
-1.978231780230998993e-02
-1.977598667144775391e-02
-1.978082396090030670e-02
-1.977853290736675262e-02
-1.977749727666378021e-02
-1.977732591331005096e-02
-1.977756246924400330e-02
-1.978172734379768372e-02
-1.977624744176864624e-02
-1.978133432567119598e-02
-1.977664791047573090e-02
-1.977986097335815430e-02
-1.977531984448432922e-02
-1.978066563606262207e-02
-1.977923512458801270e-02
-1.977701485157012939e-02
-1.977848261594772339e-02
-1.977725140750408173e-02
-1.977636665105819702e-02
-1.977808587253093719e-02
-1.977946981787681580e-02
-1.977809518575668335e-02
-1.978084072470664978e-02
-1.977820508182048798e-02
-1.977900229394435883e-02
-1.978018693625926971e-02
-1.978023163974285126e-02
-1.978092826902866364e-02
-1.977784000337123871e-02
-1.977865211665630341e-02
-1.978077366948127747e-02
-1.977530121803283691e-02
-1.977958157658576965e-02
-1.978059858083724976e-02
-1.977758482098579407e-02
-1.978053152561187744e-02
-1.977799460291862488e-02
-1.977940462529659271e-02
-1.977819576859474182e-02
-1.977703720331192017e-02
-1.978367567062377930e-02
-1.978040114045143127e-02
-1.978020928800106049e-02
-1.977804861962795258e-02
-1.977913640439510345e-02
-1.978041045367717743e-02
-1.978050917387008667e-02
-1.977906189858913422e-02
-1.978096924722194672e-02
-1.977833732962608337e-02
-1.978355459868907928e-02
-1.978226006031036377e-02
-1.977992616593837738e-02
-1.977949216961860657e-02
-1.978002861142158508e-02
-1.978442817926406860e-02
-1.977825537323951721e-02
-1.978126168251037598e-02
-1.977965235710144043e-02
-1.978666521608829498e-02
-1.978151313960552216e-02
-1.977867446839809418e-02
-1.978565193712711334e-02
-1.977996341884136200e-02
-1.978225633502006531e-02
-1.978285983204841614e-02
-1.978221535682678223e-02
-1.978411152958869934e-02
-1.978081092238426208e-02
-1.978113874793052673e-02
-1.978210359811782837e-02
-1.978171244263648987e-02
-1.978233084082603455e-02
-1.978395506739616394e-02
-1.978319510817527771e-02
-1.978300884366035461e-02
-1.978234946727752686e-02
-1.978391967713832855e-02
-1.978059858083724976e-02
-1.978076435625553131e-02
-1.978048123419284821e-02
-1.978006213903427124e-02
-1.978457346558570862e-02
-1.977827399969100952e-02
-1.978185586631298065e-02
-1.978289708495140076e-02
-1.978190988302230835e-02
-1.978123188018798828e-02
-1.978101581335067749e-02
-1.978414133191108704e-02
-1.978198625147342682e-02
-1.977910473942756653e-02
-1.978475414216518402e-02
-1.978427171707153320e-02
-1.978104189038276672e-02
-1.978435926139354706e-02
-1.978043094277381897e-02
-1.978325098752975464e-02
-1.978608220815658569e-02
-1.978350616991519928e-02
-1.978037133812904358e-02
-1.978593692183494568e-02
-1.978576742112636566e-02
-1.978383958339691162e-02
-1.978233084082603455e-02
-1.978117041289806366e-02
-1.978604868054389954e-02
-1.978150755167007446e-02
-1.978364214301109314e-02
-1.978135108947753906e-02
-1.978055573999881744e-02
-1.978230103850364685e-02
-1.978073641657829285e-02
-1.978396438062191010e-02
-1.978591643273830414e-02
-1.978193968534469604e-02
-1.978359930217266083e-02
-1.977979764342308044e-02
-1.978141814470291138e-02
-1.978489384055137634e-02
-1.978373527526855469e-02
-1.978280395269393921e-02
-1.978378742933273315e-02
-1.978217624127864838e-02
-1.978322118520736694e-02
-1.978518813848495483e-02
-1.978649012744426727e-02
-1.978508941829204559e-02
-1.978413388133049011e-02
-1.978240162134170532e-02
-1.978329382836818695e-02
-1.978350430727005005e-02
-1.978769525885581970e-02
-1.978545263409614563e-02
-1.978323794901371002e-02
-1.978692412376403809e-02
-1.978387683629989624e-02
-1.978653296828269958e-02
-1.978623680770397186e-02
-1.978681609034538269e-02
-1.978899352252483368e-02
-1.978464238345623016e-02
-1.978686451911926270e-02
-1.978421770036220551e-02
-1.978844404220581055e-02
-1.978479698300361633e-02
-1.978764869272708893e-02
-1.978452317416667938e-02
-1.978675648570060730e-02
-1.978244632482528687e-02
-1.978523842990398407e-02
-1.978561095893383026e-02
-1.978576183319091797e-02
-1.978592574596405029e-02
-1.978724822402000427e-02
-1.978771202266216278e-02
-1.978524029254913330e-02
-1.978269033133983612e-02
-1.978821679949760437e-02
-1.978492178022861481e-02
-1.979053579270839691e-02
-1.978557556867599487e-02
-1.978238858282566071e-02
-1.978697255253791809e-02
-1.978419162333011627e-02
-1.978738233447074890e-02
-1.978654228150844574e-02
-1.978773437440395355e-02
-1.978510245680809021e-02
-1.978783309459686279e-02
-1.978681050240993500e-02
-1.978807896375656128e-02
-1.978239417076110840e-02
-1.978805661201477051e-02
-1.978510245680809021e-02
-1.978671178221702576e-02
-1.978601887822151184e-02
-1.978465914726257324e-02
-1.978288404643535614e-02
-1.978629268705844879e-02
-1.978437416255474091e-02
-1.978966221213340759e-02
-1.978545263409614563e-02
-1.978630572557449341e-02
-1.978143304586410522e-02
-1.978353597223758698e-02
-1.978487707674503326e-02
-1.978936232626438141e-02
-1.978765800595283508e-02
-1.978633739054203033e-02
-1.978601515293121338e-02
-1.978795230388641357e-02
-1.978638209402561188e-02
-1.978877745568752289e-02
-1.978389360010623932e-02
-1.978452876210212708e-02
-1.978586055338382721e-02
-1.978219114243984222e-02
-1.978236809372901917e-02
-1.978779770433902740e-02
-1.978476904332637787e-02
-1.978420279920101166e-02
-1.978704333305358887e-02
-1.978354156017303467e-02
-1.978584006428718567e-02
-1.978696510195732117e-02
-1.978951692581176758e-02
-1.978721097111701965e-02
-1.978328078985214233e-02
-1.978316344320774078e-02
-1.978647708892822266e-02
-1.978623494505882263e-02
-1.978414878249168396e-02
-1.978344283998012543e-02
-1.978406123816967010e-02
-1.978389732539653778e-02
-1.978589594364166260e-02
-1.978708617389202118e-02
-1.978875510394573212e-02
-1.978541351854801178e-02
-1.978730224072933197e-02
-1.978723704814910889e-02
-1.978394947946071625e-02
-1.978588663041591644e-02
-1.978677511215209961e-02
-1.978563517332077026e-02
-1.978423632681369781e-02
-1.978541351854801178e-02
-1.978673413395881653e-02
-1.978462189435958862e-02
-1.978363841772079468e-02
-1.978768408298492432e-02
-1.978772506117820740e-02
-1.978451386094093323e-02
-1.978908106684684753e-02
-1.978684030473232269e-02
-1.978464797139167786e-02
-1.978517696261405945e-02
-1.978514343500137329e-02
-1.978811249136924744e-02
-1.978449895977973938e-02
-1.978737674653530121e-02
-1.978512480854988098e-02
-1.978770643472671509e-02
-1.978780142962932587e-02
-1.978723146021366119e-02
-1.978814229369163513e-02
-1.978263258934020996e-02
-1.978722773492336273e-02
-1.978758908808231354e-02
-1.978822797536849976e-02
-1.978819444775581360e-02
-1.978915929794311523e-02
-1.978728920221328735e-02
-1.978774927556514740e-02
-1.978737488389015198e-02
-1.978735998272895813e-02
-1.978461816906929016e-02
-1.978900656104087830e-02
-1.978465355932712555e-02
-1.978404819965362549e-02
-1.978956535458564758e-02
-1.978555880486965179e-02
-1.978345774114131927e-02
-1.978839375078678131e-02
-1.978889666497707367e-02
-1.978495717048645020e-02
-1.978304795920848846e-02
-1.978767663240432739e-02
-1.978748850524425507e-02
-1.978844776749610901e-02
-1.978631690144538879e-02
-1.978772878646850586e-02
-1.978386379778385162e-02
-1.978701353073120117e-02
-1.978712156414985657e-02
-1.978747360408306122e-02
-1.978428661823272705e-02
-1.978694275021553040e-02
-1.978645287454128265e-02
-1.978562213480472565e-02
-1.978821866214275360e-02
-1.978764496743679047e-02
-1.978562027215957642e-02
-1.978568173944950104e-02
-1.978760957717895508e-02
-1.978618465363979340e-02
-1.979026757180690765e-02
-1.978952810168266296e-02
-1.978678256273269653e-02
-1.978627219796180725e-02
-1.978936418890953064e-02
-1.978503726422786713e-02
-1.978464797139167786e-02
-1.978629454970359802e-02
-1.978924497961997986e-02
-1.978786848485469818e-02
-1.978554576635360718e-02
-1.978538371622562408e-02
-1.978874020278453827e-02
-1.978766918182373047e-02
-1.979053579270839691e-02
-1.979322545230388641e-02
-1.978823356330394745e-02
-1.978932134807109833e-02
-1.978928409516811371e-02
-1.979045197367668152e-02
-1.978909410536289215e-02
-1.978723518550395966e-02
-1.978583075106143951e-02
-1.978819072246551514e-02
-1.978758908808231354e-02
-1.979197934269905090e-02
-1.978976465761661530e-02
-1.979152858257293701e-02
-1.979048363864421844e-02
-1.978941634297370911e-02
-1.978846825659275055e-02
-1.978654973208904266e-02
-1.978811062872409821e-02
-1.978638023138046265e-02
-1.978789642453193665e-02
-1.978937163949012756e-02
-1.979253999888896942e-02
-1.978864893317222595e-02
-1.979018189013004303e-02
-1.978931576013565063e-02
-1.978901587426662445e-02
-1.978773437440395355e-02
-1.979106292128562927e-02
-1.978923752903938293e-02
-1.978698372840881348e-02
-1.978829503059387207e-02
-1.979168877005577087e-02
-1.978677138686180115e-02
-1.979136094450950623e-02
-1.978885009884834290e-02
-1.978841423988342285e-02
-1.978788338601589203e-02
-1.978753320872783661e-02
-1.978633366525173187e-02
-1.978597044944763184e-02
-1.979121193289756775e-02
-1.978673785924911499e-02
-1.978733949363231659e-02
-1.978718675673007965e-02
-1.978940702974796295e-02
-1.979059912264347076e-02
-1.979114674031734467e-02
-1.979034394025802612e-02
-1.978741399943828583e-02
-1.978837698698043823e-02
-1.978949271142482758e-02
-1.979047060012817383e-02
-1.979112625122070312e-02
-1.978778094053268433e-02
-1.978981494903564453e-02
-1.978732086718082428e-02
-1.978698372840881348e-02
-1.979070901870727539e-02
-1.978711225092411041e-02
-1.978903263807296753e-02
-1.978885196149349213e-02
-1.978950202465057373e-02
-1.979050040245056152e-02
-1.979023590683937073e-02
-1.978751644492149353e-02
-1.978893019258975983e-02
-1.978848315775394440e-02
-1.978925801813602448e-02
-1.978984102606773376e-02
-1.978845335543155670e-02
-1.978891342878341675e-02
-1.978857629001140594e-02
-1.978882029652595520e-02
-1.978939399123191833e-02
-1.978970505297183990e-02
-1.979058794677257538e-02
-1.979053951799869537e-02
-1.979037001729011536e-02
-1.979065500199794769e-02
-1.978666335344314575e-02
-1.978755556046962738e-02
-1.979210972785949707e-02
-1.979034766554832458e-02
-1.979164220392704010e-02
-1.978814415633678436e-02
-1.978813856840133667e-02
-1.978896930813789368e-02
-1.978932693600654602e-02
-1.978637836873531342e-02
-1.979015581309795380e-02
-1.979214884340763092e-02
-1.979206502437591553e-02
-1.979302242398262024e-02
-1.978974789381027222e-02
-1.979040727019309998e-02
-1.978942006826400757e-02
-1.979155279695987701e-02
-1.979009248316287994e-02
-1.978538744151592255e-02
-1.978934369981288910e-02
-1.978963240981101990e-02
-1.979113183915615082e-02
-1.978818885982036591e-02
-1.978998817503452301e-02
-1.979016512632369995e-02
-1.979069970548152924e-02
-1.979131810367107391e-02
-1.978633366525173187e-02
-1.978973858058452606e-02
-1.979000307619571686e-02
-1.979212090373039246e-02
-1.978955231606960297e-02
-1.978760026395320892e-02
-1.979183591902256012e-02
-1.979012228548526764e-02
-1.979013346135616302e-02
-1.979239843785762787e-02
-1.978764683008193970e-02
-1.979008130729198456e-02
-1.978921890258789062e-02
-1.979274488985538483e-02
-1.979040727019309998e-02
-1.978589221835136414e-02
-1.979228854179382324e-02
-1.979429833590984344e-02
-1.979001238942146301e-02
-1.978951692581176758e-02
-1.978953927755355835e-02
-1.979253999888896942e-02
-1.979028806090354919e-02
-1.978955417871475220e-02
-1.979242078959941864e-02
-1.979074999690055847e-02
-1.979397051036357880e-02
-1.979271508753299713e-02
-1.979206316173076630e-02
-1.978856325149536133e-02
-1.979028806090354919e-02
-1.978900097310543060e-02
-1.979003660380840302e-02
-1.979192160069942474e-02
-1.979095488786697388e-02
-1.979115977883338928e-02
-1.979122124612331390e-02
-1.979088038206100464e-02
-1.979179307818412781e-02
-1.979346200823783875e-02
-1.978840678930282593e-02
-1.978743076324462891e-02
-1.979083381593227386e-02
-1.978770270943641663e-02
-1.979252323508262634e-02
-1.979108899831771851e-02
-1.979086734354496002e-02
-1.978970505297183990e-02
-1.978862099349498749e-02
-1.979251950979232788e-02
-1.979126781225204468e-02
-1.979074440896511078e-02
-1.978901587426662445e-02
-1.979210600256919861e-02
-1.979133859276771545e-02
-1.979406550526618958e-02
-1.978772506117820740e-02
-1.978679001331329346e-02
-1.979093812406063080e-02
-1.979052834212779999e-02
-1.978855952620506287e-02
-1.978987827897071838e-02
-1.978956907987594604e-02
-1.979162357747554779e-02
-1.979065872728824615e-02
-1.978791318833827972e-02
-1.978898607194423676e-02
-1.978971809148788452e-02
-1.979340985417366028e-02
-1.979056000709533691e-02
-1.978752762079238892e-02
-1.979218050837516785e-02
-1.979241706430912018e-02
-1.979146711528301239e-02
-1.978830434381961823e-02
-1.979199983179569244e-02
-1.978999003767967224e-02
-1.979043334722518921e-02
-1.979253999888896942e-02
-1.979331485927104950e-02
-1.978787221014499664e-02
-1.979039236903190613e-02
-1.979182474315166473e-02
-1.978834345936775208e-02
-1.978984475135803223e-02
-1.978821493685245514e-02
-1.979017816483974457e-02
-1.978996209800243378e-02
-1.979144848883152008e-02
-1.978895440697669983e-02
-1.979190669953823090e-02
-1.979165896773338318e-02
-1.979194022715091705e-02
-1.978865638375282288e-02
-1.979082822799682617e-02
-1.978692971169948578e-02
-1.978855952620506287e-02
-1.979510858654975891e-02
-1.978879421949386597e-02
-1.979068294167518616e-02
-1.978895440697669983e-02
-1.978955231606960297e-02
-1.979110948741436005e-02
-1.978863775730133057e-02
-1.979037374258041382e-02
-1.978708058595657349e-02
-1.979260519146919250e-02
-1.979010552167892456e-02
-1.978957094252109528e-02
-1.979317888617515564e-02
-1.979425922036170959e-02
-1.979115232825279236e-02
-1.979323476552963257e-02
-1.978946663439273834e-02
-1.979173533618450165e-02
-1.979209110140800476e-02
-1.979258283972740173e-02
-1.978994533419609070e-02
-1.978924497961997986e-02
-1.979018747806549072e-02
-1.978896930813789368e-02
-1.978939026594161987e-02
-1.979075185954570770e-02
-1.978781446814537048e-02
-1.978961192071437836e-02
-1.979315094649791718e-02
-1.978969201445579529e-02
-1.978874765336513519e-02
-1.979368925094604492e-02
-1.979454606771469116e-02
-1.979090645909309387e-02
-1.979030668735504150e-02
-1.979137770831584930e-02
-1.979123987257480621e-02
-1.979213953018188477e-02
-1.978996396064758301e-02
-1.979024522006511688e-02
-1.978796720504760742e-02
-1.979172788560390472e-02
-1.979135349392890930e-02
-1.979231461882591248e-02
-1.979467831552028656e-02
-1.978799514472484589e-02
-1.978905498981475830e-02
-1.979370787739753723e-02
-1.979239098727703094e-02
-1.978987269103527069e-02
-1.978846453130245209e-02
-1.979045383632183075e-02
-1.979096047580242157e-02
-1.979071460664272308e-02
-1.979280635714530945e-02
-1.979123055934906006e-02
-1.978870108723640442e-02
-1.978973671793937683e-02
-1.978961564600467682e-02
-1.979103498160839081e-02
-1.978967897593975067e-02
-1.979241706430912018e-02
-1.979007758200168610e-02
-1.979078352451324463e-02
-1.979047060012817383e-02
-1.979487761855125427e-02
-1.979274675250053406e-02
-1.978866197168827057e-02
-1.978970505297183990e-02
-1.978999935090541840e-02
-1.979122124612331390e-02
-1.979048922657966614e-02
-1.979081146419048309e-02
-1.979122497141361237e-02
-1.979033276438713074e-02
-1.979271881282329559e-02
-1.979350857436656952e-02
-1.979439519345760345e-02
-1.979457959532737732e-02
-1.979123428463935852e-02
-1.978988200426101685e-02
-1.979144662618637085e-02
-1.979182474315166473e-02
-1.978933811187744141e-02
-1.978856883943080902e-02
-1.979123614728450775e-02
-1.979180797934532166e-02
-1.978981494903564453e-02
-1.979122124612331390e-02
-1.979210972785949707e-02
-1.979246363043785095e-02
-1.978925801813602448e-02
-1.978808641433715820e-02
-1.978703401982784271e-02
-1.978969015181064606e-02
-1.979013532400131226e-02
-1.979192718863487244e-02
-1.978879235684871674e-02
-1.979222893714904785e-02
-1.978876441717147827e-02
-1.978893391788005829e-02
-1.979068480432033539e-02
-1.978957280516624451e-02
-1.979259215295314789e-02
-1.979002356529235840e-02
-1.978952437639236450e-02
-1.979080773890018463e-02
-1.979099027812480927e-02
-1.979018747806549072e-02
-1.979193650186061859e-02
-1.979286782443523407e-02
-1.979012601077556610e-02
-1.979101076722145081e-02
-1.978984475135803223e-02
-1.979086734354496002e-02
-1.979116909205913544e-02
-1.979150623083114624e-02
-1.979393325746059418e-02
-1.979002915322780609e-02
-1.978989504277706146e-02
-1.978930272161960602e-02
-1.979563571512699127e-02
-1.979245804250240326e-02
-1.979365944862365723e-02
-1.979140378534793854e-02
-1.979233138263225555e-02
-1.979023776948451996e-02
-1.979038678109645844e-02
-1.979116909205913544e-02
-1.978946290910243988e-02
-1.979318819940090179e-02
-1.979069225490093231e-02
-1.979012601077556610e-02
-1.979222893714904785e-02
-1.979373954236507416e-02
-1.979069411754608154e-02
-1.979377493262290955e-02
-1.978973113000392914e-02
-1.979404687881469727e-02
-1.979429088532924652e-02
-1.979283057153224945e-02
-1.978894509375095367e-02
-1.979298144578933716e-02
-1.978887990117073059e-02
-1.979153603315353394e-02
-1.978790573775768280e-02
-1.979026198387145996e-02
-1.979091763496398926e-02
-1.978718489408493042e-02
-1.978960260748863220e-02
-1.978823542594909668e-02
-1.979325525462627411e-02
-1.979180052876472473e-02
-1.979248970746994019e-02
-1.978977583348751068e-02
-1.979278400540351868e-02
-1.978950574994087219e-02
-1.979237608611583710e-02
-1.979139074683189392e-02
-1.979234069585800171e-02
-1.979290507733821869e-02
-1.979048177599906921e-02
-1.979131624102592468e-02
-1.979516819119453430e-02
-1.979392394423484802e-02
-1.979264244437217712e-02
-1.979332044720649719e-02
-1.979141309857368469e-02
-1.979297399520874023e-02
-1.979169994592666626e-02
-1.979079470038414001e-02
-1.979051530361175537e-02
-1.979322545230388641e-02
-1.979385130107402802e-02
-1.979377865791320801e-02
-1.978979818522930145e-02
-1.979116164147853851e-02
-1.979312300682067871e-02
-1.978878490626811981e-02
-1.979088038206100464e-02
-1.979197002947330475e-02
-1.979049667716026306e-02
-1.979096792638301849e-02
-1.979104429483413696e-02
-1.979006268084049225e-02
-1.979383081197738647e-02
-1.979108899831771851e-02
-1.979099586606025696e-02
-1.979450695216655731e-02
-1.979320496320724487e-02
-1.979198306798934937e-02
-1.979246363043785095e-02
-1.979622617363929749e-02
-1.979270577430725098e-02
-1.979370974004268646e-02
-1.978830620646476746e-02
-1.979235932230949402e-02
-1.979378610849380493e-02
-1.979188248515129089e-02
-1.979391090571880341e-02
-1.979164592921733856e-02
-1.979412510991096497e-02
-1.979434303939342499e-02
-1.979219540953636169e-02
-1.979181729257106781e-02
-1.979261636734008789e-02
-1.979619264602661133e-02
-1.979037746787071228e-02
-1.979234069585800171e-02
-1.979083567857742310e-02
-1.979338377714157104e-02
-1.979193091392517090e-02
-1.979331113398075104e-02
-1.979113928973674774e-02
-1.979343406856060028e-02
-1.979072950780391693e-02
-1.979509927332401276e-02
-1.979335770010948181e-02
-1.979449391365051270e-02
-1.979754678905010223e-02
-1.979391649365425110e-02
-1.979651302099227905e-02
-1.979565434157848358e-02
-1.979177072644233704e-02
-1.979270391166210175e-02
-1.979381963610649109e-02
-1.978952623903751373e-02
-1.979411393404006958e-02
-1.979396492242813110e-02
-1.979307457804679871e-02
-1.979397982358932495e-02
-1.979010738432407379e-02
-1.979082077741622925e-02
-1.979408226907253265e-02
-1.979318819940090179e-02
-1.979284361004829407e-02
-1.979476772248744965e-02
-1.979432813823223114e-02
-1.979053765535354614e-02
-1.978850364685058594e-02
-1.979194022715091705e-02
-1.979602128267288208e-02
-1.979253627359867096e-02
-1.979324594140052795e-02
-1.979302614927291870e-02
-1.979418471455574036e-02
-1.979209110140800476e-02
-1.979392021894454956e-02
-1.979400031268596649e-02
-1.979361474514007568e-02
-1.979583874344825745e-02
-1.979517377912998199e-02
-1.979174464941024780e-02
-1.979319564998149872e-02
-1.979228481650352478e-02
-1.979641057550907135e-02
-1.979359425604343414e-02
-1.979243569076061249e-02
-1.979573443531990051e-02
-1.979272440075874329e-02
-1.979045011103153229e-02
-1.979463361203670502e-02
-1.979376003146171570e-02
-1.979371532797813416e-02
-1.979616284370422363e-02
-1.979374513030052185e-02
-1.979473605751991272e-02
-1.979697681963443756e-02
-1.979364082217216492e-02
-1.979434862732887268e-02
-1.979235745966434479e-02
-1.979217864573001862e-02
-1.979234814643859863e-02
-1.979310251772403717e-02
-1.979250274598598480e-02
-1.979574561119079590e-02
-1.979107037186622620e-02
-1.979639008641242981e-02
-1.979553326964378357e-02
-1.979302242398262024e-02
-1.979464292526245117e-02
-1.979475468397140503e-02
-1.979457214474678040e-02
-1.979370787739753723e-02
-1.979159563779830933e-02
-1.979388110339641571e-02
-1.979300379753112793e-02
-1.979333162307739258e-02
-1.979238726198673248e-02
-1.979145407676696777e-02
-1.979199983179569244e-02
-1.979480497539043427e-02
-1.979478262364864349e-02
-1.979478448629379272e-02
-1.979121007025241852e-02
-1.979470066726207733e-02
-1.979345828294754028e-02
-1.979407109320163727e-02
-1.979533769190311432e-02
-1.979047060012817383e-02
-1.979298703372478485e-02
-1.979441009461879730e-02
-1.979450881481170654e-02
-1.979274861514568329e-02
-1.979334652423858643e-02
-1.979360915720462799e-02
-1.978744007647037506e-02
-1.979060098528862000e-02
-1.979678310453891754e-02
-1.979122124612331390e-02
-1.979182474315166473e-02
-1.979242824018001556e-02
-1.979287713766098022e-02
-1.978939771652221680e-02
-1.979502849280834198e-02
-1.978961564600467682e-02
-1.979056932032108307e-02
-1.979126408696174622e-02
-1.979432813823223114e-02
-1.979144476354122162e-02
-1.979256235063076019e-02
-1.979441568255424500e-02
-1.979426108300685883e-02
-1.979363523423671722e-02
-1.979430764913558960e-02
-1.979399845004081726e-02
-1.979103125631809235e-02
-1.979225128889083862e-02
-1.979484036564826965e-02
-1.979294978082180023e-02
-1.979338563978672028e-02
-1.979209296405315399e-02
-1.978809572756290436e-02
-1.979169622063636780e-02
-1.979238353669643402e-02
-1.979533955454826355e-02
-1.979282125830650330e-02
-1.979317702353000641e-02
-1.979561522603034973e-02
-1.979155279695987701e-02
-1.979398354887962341e-02
-1.979456469416618347e-02
-1.979105547070503235e-02
-1.979329809546470642e-02
-1.979352906346321106e-02
-1.979452371597290039e-02
-1.979244686663150787e-02
-1.979347690939903259e-02
-1.979157701134681702e-02
-1.979171112179756165e-02
-1.979400031268596649e-02
-1.979344338178634644e-02
-1.979445666074752808e-02
-1.979413628578186035e-02
-1.979273185133934021e-02
-1.979178190231323242e-02
-1.979137025773525238e-02
-1.979048177599906921e-02
-1.979192905128002167e-02
-1.979556120932102203e-02
-1.979209110140800476e-02
-1.979579776525497437e-02
-1.979179494082927704e-02
-1.979367807507514954e-02
-1.979422010481357574e-02
-1.979274488985538483e-02
-1.979133300483226776e-02
-1.978929154574871063e-02
-1.979329064488410950e-02
-1.978980377316474915e-02
-1.979442685842514038e-02
-1.979019120335578918e-02
-1.979088783264160156e-02
-1.979071833193302155e-02
-1.979183405637741089e-02
-1.979055069386959076e-02
-1.978863403201103210e-02
-1.979223452508449554e-02
-1.978850923478603363e-02
-1.979229785501956940e-02
-1.979033276438713074e-02
-1.979251205921173096e-02
-1.979092322289943695e-02
-1.979105919599533081e-02
-1.978999935090541840e-02
-1.979262195527553558e-02
-1.979312859475612640e-02
-1.978916674852371216e-02
-1.979181915521621704e-02
-1.979010738432407379e-02
-1.978812552988529205e-02
-1.979511976242065430e-02
-1.979148015379905701e-02
-1.979338005185127258e-02
-1.979526504874229431e-02
-1.979207433760166168e-02
-1.978988759219646454e-02
-1.979129761457443237e-02
-1.979157887399196625e-02
-1.979310624301433563e-02
-1.979286596179008484e-02
-1.979291997849941254e-02
-1.979189552366733551e-02
-1.979295723140239716e-02
-1.979216933250427246e-02
-1.979177072644233704e-02
-1.979284733533859253e-02
-1.979244127869606018e-02
-1.979343220591545105e-02
-1.979236118495464325e-02
-1.979285106062889099e-02
-1.979236863553524017e-02
-1.979113928973674774e-02
-1.979502290487289429e-02
-1.979112066328525543e-02
-1.979296654462814331e-02
-1.978970132768154144e-02
-1.978955976665019989e-02
-1.978970877826213837e-02
-1.978961564600467682e-02
-1.979408226907253265e-02
-1.979190483689308167e-02
-1.979392394423484802e-02
-1.979447714984416962e-02
-1.979184709489345551e-02
-1.979297958314418793e-02
-1.979328133165836334e-02
-1.979386061429977417e-02
-1.979347132146358490e-02
-1.979216001927852631e-02
-1.979305595159530640e-02
-1.979143731296062469e-02
-1.979161612689495087e-02
-1.979475095868110657e-02
-1.979199796915054321e-02
-1.978990994393825531e-02
-1.979202032089233398e-02
-1.979124359786510468e-02
-1.979474537074565887e-02
-1.979092694818973541e-02
-1.978989690542221069e-02
-1.979070529341697693e-02
-1.979219540953636169e-02
-1.979356259107589722e-02
-1.979305781424045563e-02
-1.979216560721397400e-02
-1.979426853358745575e-02
-1.979429461061954498e-02
-1.979422569274902344e-02
-1.979259029030799866e-02
-1.979304291307926178e-02
-1.979492232203483582e-02
-1.979244872927665710e-02
-1.978976465761661530e-02
-1.979292742908000946e-02
-1.979332603514194489e-02
-1.979293674230575562e-02
-1.979228854179382324e-02
-1.979189366102218628e-02
-1.979714632034301758e-02
-1.979475095868110657e-02
-1.979439333081245422e-02
-1.979551278054714203e-02
-1.979133114218711853e-02
-1.978953555226325989e-02
-1.979150995612144470e-02
-1.979301683604717255e-02
-1.979333162307739258e-02
