-5.330722594322699626e-02
-5.326918659188390609e-02
-5.326735234908088618e-02
-5.346012438548071455e-02
-5.386183068316863221e-02
-5.379776491549603801e-02
-5.395657905852443287e-02
-5.385664768637145328e-02
-5.376068273968413053e-02
-5.440489171787449979e-02
-5.416484710283058640e-02
-5.412969703938662336e-02
-5.426464061396184257e-02
-5.441629985598706726e-02
-5.456493961528525311e-02
-5.467526549262707175e-02
-5.450147264500846550e-02
-5.481078715287147213e-02
-5.474139297250112113e-02
-5.479146289630667382e-02
-5.482935662952274219e-02
-5.486297537692089860e-02
-5.498176291261391846e-02
-5.486128280898822790e-02
-5.495317443364807625e-02
-5.498413224051183074e-02
-5.492017157239895836e-02
-5.492859247809583206e-02
-5.497867885735353843e-02
-5.500959130423384996e-02
-5.501896464694587541e-02
-5.512371433479111571e-02
-5.501224036576286142e-02
-5.499649720423325366e-02
-5.502089310209179462e-02
-5.499677616805397767e-02
-5.509113614564457168e-02
-5.510507058353801557e-02
-5.505572913204322127e-02
-5.502396525250118769e-02
-5.508560885737338181e-02
-5.510635957648143263e-02
-5.509416683031768264e-02
-5.511723335971733390e-02
-5.510809792481544817e-02
-5.514208767297425207e-02
-5.512922917827995511e-02
-5.505103632540679637e-02
-5.503986337453003336e-02
-5.510631314858595309e-02
-5.511828681169433225e-02
-5.512224875168076493e-02
-5.506674186802073406e-02
-5.508316980372245791e-02
-5.510246876594190185e-02
-5.510900244716780000e-02
-5.506354315165633978e-02
-5.514585188410413980e-02
-5.508758730135577403e-02
-5.514239973318989241e-02
-5.515563153534638191e-02
-5.513186855979352458e-02
-5.517307321507591844e-02
-5.513977658754213446e-02
-5.511432962509060784e-02
-5.512114869956828700e-02
-5.508791912665386009e-02
-5.510121466853409172e-02
-5.511239997662490536e-02
-5.510179991099755509e-02
-5.513082250106502574e-02
-5.514694935010246157e-02
-5.520061287992541338e-02
-5.513382470516109413e-02
-5.514393934386961627e-02
-5.512831493104299041e-02
-5.512164703530540028e-02
-5.516262472869250255e-02
-5.512202462370991568e-02
-5.515545249534341971e-02
-5.511367307415387246e-02
-5.514284088469566941e-02
-5.514198226201810771e-02
-5.511632929217089721e-02
-5.511763029576074308e-02
-5.512243164188406624e-02
-5.514202541866449619e-02
-5.512938647387476132e-02
-5.514007302465963323e-02
-5.515429186921835120e-02
-5.516997040890057186e-02
-5.512756729525258859e-02
-5.513706798695705569e-02
-5.510853463256142754e-02
-5.517490555782822437e-02
-5.516480059642294570e-02
-5.517196055180300512e-02
-5.512456099203492249e-02
-5.511756948856825350e-02
-5.509509593310046860e-02
-5.511081315641036538e-02
-5.511235467060580234e-02
-5.514956908208677733e-02
-5.513017705563959259e-02
-5.515722491904051505e-02
-5.511972045670110454e-02
-5.514868265928630359e-02
-5.516000393134538188e-02
-5.510870225860008131e-02
-5.512329192012169893e-02
-5.512269373186876736e-02
-5.516685906788720839e-02
-5.512194984684738730e-02
-5.514532027243619627e-02
-5.514027605603098736e-02
-5.516701345577270515e-02
-5.512461092561033588e-02
-5.517192556962680072e-02
-5.521424852883105583e-02
-5.518697956243150821e-02
-5.515309613984634846e-02
-5.514896162644795236e-02
-5.513616183034780738e-02
-5.520298438366948862e-02
-5.511293239359565249e-02
-5.516141185795393059e-02
-5.514243069087291366e-02
-5.512945789994348061e-02
-5.514476472709365501e-02
-5.514863400440273011e-02
-5.516110387006654958e-02
-5.517634555141060632e-02
-5.516662464349787742e-02
-5.513130163427604202e-02
-5.515167235685838193e-02
-5.518848062839524365e-02
-5.519751952925095601e-02
-5.520017858876036243e-02
-5.512338177057348604e-02
-5.516329920790661451e-02
-5.516957599589113193e-02
-5.512413059648741537e-02
-5.515853636473876109e-02
-5.515935866079805378e-02
-5.513244038144034936e-02
-5.514907145589630078e-02
-5.520968011562583239e-02
-5.519372897640106856e-02
-5.513160640929711670e-02
-5.515935631085537583e-02
-5.521762599699012869e-02
-5.515688817456430859e-02
-5.518674516962300547e-02
-5.508723772248379225e-02
-5.515627313627648187e-02
-5.516578690543180036e-02
-5.513623675463941165e-02
-5.510946206640370687e-02
-5.515469049652552830e-02
-5.515058260226141790e-02
-5.515597226048863516e-02
-5.511035366868877877e-02
-5.512972351613519562e-02
-5.513314577071552064e-02
-5.517945033570654384e-02
-5.515533107266422375e-02
-5.515743294325686774e-02
-5.515167986958751517e-02
-5.517072289757239678e-02
-5.515161910155168268e-02
-5.515756711520154038e-02
-5.519524126388331009e-02
-5.515656765108799958e-02
-5.515594089881421802e-02
-5.517525831239988854e-02
-5.517953840922108083e-02
-5.514791459617218727e-02
-5.512178533332889874e-02
-5.512993828700209209e-02
-5.515434451787989273e-02
-5.513393020451912846e-02
-5.515112775201101020e-02
-5.515319708661160780e-02
-5.512616654646038811e-02
-5.515431254696050167e-02
-5.510380099199769371e-02
-5.513851427864792376e-02
-5.513714830385442467e-02
-5.519509689041595529e-02
-5.516013915675096330e-02
-5.518903092454831988e-02
-5.520584392616593311e-02
-5.514074823957233057e-02
-5.516852448722935759e-02
-5.514445464172963024e-02
-5.517514219030578843e-02
-5.518859242810493504e-02
-5.514161024738326727e-02
-5.517502937529757817e-02
-5.511551751709688196e-02
-5.508171772597098004e-02
-5.513759015425632320e-02
-5.513669346231656748e-02
-5.513498450313077809e-02
-5.515929054242544455e-02
-5.516510850138067745e-02
-5.511464708069587631e-02
-5.515949036014385770e-02
-5.517062308660853481e-02
-5.513057917710144362e-02
-5.519547244225147392e-02
-5.515827961525821693e-02
-5.516950514931229232e-02
-5.513543636328189362e-02
-5.517186886043919797e-02
-5.522369013534086241e-02
-5.524438271571563419e-02
-5.519707168775857958e-02
-5.515574910956713012e-02
-5.512424896371102140e-02
-5.515280094454552001e-02
-5.521835182324406899e-02
-5.515568530829569743e-02
-5.518557354299690604e-02
-5.520423599821897703e-02
-5.519792164574040261e-02
-5.513762345360224970e-02
-5.518022555587333983e-02
-5.512510943723236689e-02
-5.513872391355141567e-02
-5.518650051659945710e-02
-5.512995493951706322e-02
-5.511635439364703792e-02
-5.518186996900519004e-02
-5.516085139771508689e-02
-5.512497603663574913e-02
-5.511173235246034224e-02
-5.513184824585903171e-02
-5.513680958760484169e-02
-5.515078475212082526e-02
-5.520295183187205051e-02
-5.513624455611141478e-02
-5.514237706474522938e-02
-5.512020091810809763e-02
-5.515809833969877868e-02
-5.512678750297501235e-02
-5.512901324356510313e-02
-5.513114608903114250e-02
-5.513251004759218282e-02
-5.513773393792292810e-02
-5.511356452990244514e-02
-5.519294003941391941e-02
-5.515358871946911962e-02
-5.509499894113397550e-02
-5.517800747506206721e-02
-5.512173755304088790e-02
-5.509899273913294176e-02
-5.514098589433232694e-02
-5.514998221991978394e-02
-5.519927456798099513e-02
-5.515730314843732968e-02
-5.516985323387059437e-02
-5.516996250304190968e-02
-5.515308655754852518e-02
-5.512764884277705085e-02
-5.517068599767450954e-02
-5.518257830746307185e-02
-5.510024443458381993e-02
-5.521681001466138827e-02
-5.511820181326198415e-02
-5.518860674332074640e-02
-5.514747188204790346e-02
-5.516914804401851224e-02
-5.515684704416363299e-02
-5.518749663514742332e-02
-5.515729827578615824e-02
-5.519322715364863990e-02
-5.517679996852403040e-02
-5.513748846423650873e-02
-5.518244276871612369e-02
-5.518080649428088597e-02
-5.515217335108518054e-02
-5.514374265267285580e-02
-5.519496579554802190e-02
-5.514391635030745087e-02
-5.512562148442273074e-02
-5.516269686697443386e-02
-5.516760907633000421e-02
-5.516682465429762622e-02
-5.518962215334842492e-02
-5.515439880792637195e-02
-5.515710601801312313e-02
-5.516623023425278743e-02
-5.516734701119722223e-02
-5.512565588998713517e-02
-5.517195604703204609e-02
-5.516541418639734490e-02
-5.521013693400890487e-02
-5.512895554933134462e-02
-5.510320164213643873e-02
-5.518914450015076356e-02
-5.513595137103331767e-02
-5.519008546154344913e-02
-5.517785924575273337e-02
-5.513036632023070316e-02
-5.518882173688135356e-02
-5.512585653871171498e-02
-5.519112927932928042e-02
-5.509227053896855603e-02
-5.519701898061506878e-02
-5.518850726918494293e-02
-5.517780345583948171e-02
-5.519344008376763505e-02
-5.522940840718194855e-02
-5.517729419010567599e-02
-5.519517487339325318e-02
-5.518020582986955802e-02
-5.515103148782347225e-02
-5.517787607747933615e-02
-5.514371851053185419e-02
-5.516346737481444412e-02
-5.514773129715761640e-02
-5.517629776799915647e-02
-5.517478197230481218e-02
-5.516945404808382136e-02
-5.516427556696194834e-02
-5.514291461055881999e-02
-5.519067802426472907e-02
-5.514394310615157446e-02
-5.515425705333606293e-02
-5.516122999227571905e-02
-5.515934019038256503e-02
-5.517687108708389104e-02
-5.513412287713825854e-02
-5.514304185444456052e-02
-5.515202867109566393e-02
-5.516118657085854193e-02
-5.515759316046425081e-02
-5.518134664753465701e-02
-5.516125423861998472e-02
-5.515592962531067067e-02
-5.513152471714911906e-02
-5.514216995164081953e-02
-5.515543364840058693e-02
-5.517762901504776052e-02
-5.516328697373467510e-02
-5.514556903378788066e-02
-5.512964219459377119e-02
-5.518778040446264965e-02
-5.518238022659127662e-02
-5.515950519959470638e-02
-5.515233791264478880e-02
-5.515663419580166954e-02
-5.522214121270373893e-02
-5.520102608662123822e-02
-5.512305431107308168e-02
-5.513418385386558568e-02
-5.512436248829936936e-02
-5.516199363926520965e-02
-5.510241694483829916e-02
-5.511772933041035605e-02
-5.516599638781576054e-02
-5.515915537644270478e-02
-5.512181757998317611e-02
-5.518462958174426974e-02
-5.511690514268297730e-02
-5.519519190845659923e-02
-5.516087802390812200e-02
-5.518948800415358208e-02
-5.516365439493590289e-02
-5.512686647770713433e-02
-5.516383201032715178e-02
-5.510935032938497208e-02
-5.512697178755012611e-02
-5.516683624990165180e-02
-5.514019478714406175e-02
-5.517995199788567479e-02
-5.512344965120530987e-02
-5.517952630330691388e-02
-5.516229483562012231e-02
-5.516973506381277204e-02
-5.516537844269207846e-02
-5.513693371295259882e-02
-5.520521251132574914e-02
-5.510040874155789498e-02
-5.515956705572054586e-02
-5.517728482066770745e-02
-5.509969296427565111e-02
-5.514046266268799595e-02
-5.522055282573688773e-02
-5.516221224226465492e-02
-5.517634922646465212e-02
-5.520102799719774078e-02
-5.520686070698702791e-02
-5.516998405483589801e-02
-5.519242973618228992e-02
-5.507808266466469177e-02
-5.515891321255377705e-02
-5.514721965124826791e-02
-5.515175921362074768e-02
-5.517417510131206876e-02
-5.515014115981096976e-02
-5.516334027770249115e-02
-5.517789580311560638e-02
-5.516465208326645081e-02
-5.520392694711318687e-02
-5.516642353263766230e-02
-5.514956992760557813e-02
-5.510704723890740009e-02
-5.517024265893968188e-02
-5.521566270979610253e-02
-5.514996078007483593e-02
-5.511793470793470429e-02
-5.520594854565059190e-02
-5.515571559920807304e-02
-5.519934583465473804e-02
-5.522203678276826205e-02
-5.516970485163676802e-02
-5.516522064358035660e-02
-5.513859492475798457e-02
-5.514039200182681982e-02
-5.513362762890411384e-02
-5.518133640973665877e-02
-5.518365644423768590e-02
-5.515962558334975424e-02
-5.512975230157298595e-02
-5.517818262075357277e-02
-5.509647970478429718e-02
-5.515089148762703647e-02
-5.516563646468412851e-02
-5.517755428158377384e-02
-5.515804425942221617e-02
-5.512369461520682384e-02
-5.516658413419457674e-02
-5.515004115465450829e-02
-5.519805354335029224e-02
-5.513496398024111261e-02
-5.520294940617942459e-02
-5.514414170392501618e-02
-5.520761721879090950e-02
-5.517219556922610402e-02
-5.517180898057492955e-02
-5.521781567474085689e-02
-5.518843203849820023e-02
-5.511967538936222988e-02
-5.512980262387036368e-02
-5.514926928413720758e-02
-5.520014727424839979e-02
-5.515549288972792369e-02
-5.513146284424130794e-02
-5.513327589999254125e-02
-5.516176005073521182e-02
-5.514428859282066026e-02
-5.506428991429652281e-02
-5.514213435974563843e-02
-5.512130987073264599e-02
-5.520063247846883348e-02
-5.513605408477965236e-02
-5.517268927964188302e-02
-5.513979917282725574e-02
-5.518242837676965579e-02
-5.512642248666439065e-02
-5.516036561699293878e-02
-5.517497126066665120e-02
-5.523103537197911195e-02
-5.521588632053178042e-02
-5.515528218684461609e-02
-5.518064961889018044e-02
-5.515629573952379044e-02
-5.513419577159547197e-02
-5.515087929023532176e-02
-5.515518016763271830e-02
-5.514536613449456254e-02
-5.516104283647237788e-02
-5.516262114878459771e-02
-5.520932733542048554e-02
-5.521068207990266485e-02
-5.515332825869880690e-02
-5.516732394556284752e-02
-5.520034698686832053e-02
-5.514255551759079249e-02
-5.520033302444821155e-02
-5.517113670559819355e-02
-5.517298009752000937e-02
-5.518975137482351467e-02
-5.522944233279756393e-02
-5.521218297450351115e-02
-5.521760044968339332e-02
-5.517173448446956174e-02
-5.522729532056711715e-02
-5.517099666584707879e-02
-5.512796472808589865e-02
-5.517322960190852721e-02
-5.520201699265663009e-02
-5.515140010673001691e-02
-5.516501479541995739e-02
-5.516467915252503545e-02
-5.516162250331772127e-02
-5.521437506848426297e-02
-5.518112090468232228e-02
-5.520594260628906846e-02
-5.516854317435474636e-02
-5.520888852046252487e-02
-5.514624234416164866e-02
-5.511557026827378775e-02
-5.514069119578243056e-02
-5.511804973085137477e-02
-5.515497023067404692e-02
-5.521380182816231635e-02
-5.513406996126057891e-02
-5.511766350914347468e-02
-5.513167577789909041e-02
-5.517033693034291419e-02
-5.516413608679260339e-02
-5.520287333574536159e-02
-5.516567860175774357e-02
-5.522932073083415550e-02
-5.514242099617154558e-02
-5.514450771136322066e-02
-5.520336011934601911e-02
-5.517003532516587955e-02
-5.515575813315948261e-02
-5.526210989230519871e-02
-5.515672174844624825e-02
-5.516968378226681791e-02
-5.520511726886196541e-02
-5.516812714010658342e-02
-5.507459600473504219e-02
-5.517938483408628414e-02
-5.520084653589842072e-02
-5.517836365960926415e-02
-5.515700947390779485e-02
-5.517707944374537765e-02
-5.514511725593296970e-02
-5.515679484508495545e-02
-5.523682024379222150e-02
-5.515786253406989442e-02
-5.515488013611791890e-02
-5.514364010481658668e-02
-5.516566425391598860e-02
-5.514521824121972060e-02
-5.526553118826352945e-02
-5.515103724690052778e-02
-5.516385700865863301e-02
-5.518968683174223927e-02
-5.513121442309469600e-02
-5.512951746559476701e-02
-5.520357297419808962e-02
-5.517649316439348500e-02
-5.515306736202273130e-02
-5.514271146283485775e-02
-5.519296988549869665e-02
-5.524770765383393151e-02
-5.520587289460195807e-02
-5.510541634907169251e-02
-5.513779945498267082e-02
-5.516526782928021788e-02
-5.518320170718094692e-02
-5.514887960534557015e-02
-5.513508364230125525e-02
-5.517703332890443874e-02
-5.514862318253459933e-02
-5.520005354038325096e-02
-5.518184657164564716e-02
-5.517239149723991015e-02
-5.519499208408247537e-02
-5.514257656672284791e-02
-5.515391786517636480e-02
-5.516584528496099732e-02
-5.517530259557947014e-02
-5.515453349395339072e-02
-5.513757736541131937e-02
-5.517375135600953440e-02
-5.518735449870114385e-02
-5.516519822191051636e-02
-5.517033922991466943e-02
-5.516740307939294735e-02
-5.521055475488699515e-02
-5.516741495400424855e-02
-5.517584867571971585e-02
-5.517783037282220082e-02
-5.520004940546022892e-02
-5.516727318224793480e-02
-5.518761806965322148e-02
-5.515068281296982983e-02
-5.510553049625011024e-02
-5.518476875289970301e-02
-5.514946466403987391e-02
-5.519890972373128063e-02
-5.520912920492677955e-02
-5.514544360278971630e-02
-5.519969336333432203e-02
-5.520973477370455518e-02
-5.515134233428101856e-02
-5.525432218152238895e-02
-5.515491257072969306e-02
-5.510506517700987372e-02
-5.522237914761050914e-02
-5.517186897994495048e-02
-5.510241718494768987e-02
-5.516328299402473156e-02
-5.517186614558116514e-02
-5.518431671226536883e-02
-5.513303979476526923e-02
-5.516382791757905996e-02
-5.517934600593865646e-02
-5.520184239321877101e-02
-5.517388091899357028e-02
-5.516907774974490197e-02
-5.520112030264535258e-02
-5.515977265902322069e-02
-5.516220667484564993e-02
-5.515430445847242097e-02
-5.515301666751953186e-02
-5.523160730510234817e-02
-5.514571218476004011e-02
-5.519446330722992816e-02
-5.521259275502875263e-02
-5.514265765977482275e-02
-5.517719615195181004e-02
-5.512420777760990848e-02
-5.518248019716560926e-02
-5.515186013818394739e-02
-5.517673321568270645e-02
-5.516020637050177144e-02
-5.516192633025004260e-02
-5.517576835229108523e-02
-5.517522683397831779e-02
-5.511630185924719372e-02
-5.514160792193131128e-02
-5.515104005195229503e-02
-5.517304006693346530e-02
-5.516189162175244576e-02
-5.519686951293078375e-02
-5.516343535933197068e-02
-5.519100182337914606e-02
-5.514788775055874670e-02
-5.517089778425933455e-02
-5.530636240131784481e-02
-5.521201400746646171e-02
-5.518576032739045539e-02
-5.519271224164019884e-02
-5.518165593614941800e-02
-5.514067365117543418e-02
-5.517275315803320951e-02
-5.516038556413850602e-02
-5.510881010307477901e-02
-5.520802215215435405e-02
-5.517753692909268398e-02
-5.517895520660782288e-02
-5.519507758747436987e-02
-5.513548001623410494e-02
-5.509863495221788143e-02
-5.516449996201038680e-02
-5.521431521674925735e-02
-5.516636734654364188e-02
-5.520228974680228134e-02
-5.515716769287421634e-02
-5.517494126862782650e-02
-5.517495571049076813e-02
-5.516086289834944145e-02
-5.522154832151809217e-02
-5.512837028978014031e-02
-5.511427039817916318e-02
-5.518284257342816884e-02
-5.517886632275435799e-02
-5.518908007933084198e-02
-5.519814769305514401e-02
-5.515441146523499677e-02
-5.517683448427401077e-02
-5.517578899864249153e-02
-5.514278680449840458e-02
-5.519566902135475406e-02
-5.519914784033506938e-02
-5.513965529381043007e-02
-5.515569965062167707e-02
-5.518368771766519326e-02
-5.517281861976990748e-02
-5.517331175297129214e-02
-5.516045852277302181e-02
-5.521378416413673385e-02
-5.518968017946358773e-02
-5.524374976573731555e-02
-5.510190852264967853e-02
-5.510639710474159875e-02
-5.516569308203211897e-02
-5.517841199893897680e-02
-5.515995563637955679e-02
-5.515725213810517003e-02
-5.517918244498665192e-02
-5.514183700903799862e-02
-5.519197278005446433e-02
-5.514830428640189047e-02
-5.515574700263690261e-02
-5.516756275679660787e-02
-5.519289202728568100e-02
-5.520218918056146035e-02
-5.519729012576993915e-02
-5.517896308144121936e-02
-5.517183885284261680e-02
-5.517793241082992461e-02
-5.513161739617550988e-02
-5.511861617020076543e-02
-5.520621501711445861e-02
-5.517411866896183154e-02
-5.514597195192504769e-02
-5.520769391524480568e-02
-5.515595251397744508e-02
-5.515131464170911629e-02
-5.517154458817452589e-02
-5.517563938266534240e-02
-5.519966183804599774e-02
-5.514487068468697240e-02
-5.513118937050166812e-02
-5.515319105891401674e-02
-5.516590801007755646e-02
-5.518595336311286209e-02
-5.513995823993008555e-02
-5.516941065190136134e-02
-5.518499889018733950e-02
-5.517758820820917176e-02
-5.513896626572233062e-02
-5.515892899091466572e-02
-5.518001731845316449e-02
-5.515410494461461116e-02
-5.521078659373479525e-02
-5.518924297906222659e-02
-5.515835352932637464e-02
-5.517110782498101801e-02
-5.524230696050364681e-02
-5.518478457377030966e-02
-5.514171523215179865e-02
-5.518512665044270765e-02
-5.519462110201258515e-02
-5.519379015943001038e-02
-5.522814391320650385e-02
-5.516828428173818633e-02
-5.515793667209249046e-02
-5.515916116998578062e-02
-5.515998069514242014e-02
-5.521192845152204931e-02
-5.513765267246211604e-02
-5.517894257267071806e-02
-5.517624761552916007e-02
-5.519089958251254674e-02
-5.519051514002055320e-02
-5.512931204559260584e-02
-5.516919248449773244e-02
-5.516727093412148591e-02
-5.520912636605355278e-02
-5.521545737463618569e-02
-5.513351840901747208e-02
-5.514391717596588832e-02
-5.518504829340576540e-02
-5.516790727595104193e-02
-5.512653708815258569e-02
-5.516477477379878869e-02
-5.518477809931473382e-02
-5.519196040890321509e-02
-5.521640878471106156e-02
-5.519435613404810592e-02
-5.521091889112732937e-02
-5.517257373833266143e-02
-5.518394508433838858e-02
-5.513720637952985310e-02
-5.517571353479493873e-02
-5.517288260404346750e-02
-5.515461365292374796e-02
-5.511763730489532137e-02
-5.516908196558559935e-02
-5.517874999695960431e-02
-5.520874871819259067e-02
-5.517105741879056724e-02
-5.520751077895406922e-02
-5.517710277073943625e-02
-5.519506816343140027e-02
-5.521137361837353402e-02
-5.521003355590897027e-02
-5.515528126892786653e-02
-5.518861137522906163e-02
-5.518884072636946053e-02
-5.519374436369662434e-02
-5.519341011238047823e-02
-5.521332388035995326e-02
-5.512105093501657588e-02
-5.513731255641995954e-02
-5.518621842392122667e-02
-5.521771057971723573e-02
-5.517866540009340459e-02
-5.515904463313658912e-02
-5.519115863355450458e-02
-5.519237320699637434e-02
-5.518755848820805499e-02
-5.522801088178724838e-02
-5.519709431247633857e-02
-5.516342427141166654e-02
-5.519300638256975644e-02
-5.512452556858351421e-02
-5.513982524966067750e-02
-5.513274284579426643e-02
-5.520384040344739063e-02
-5.513651299627557456e-02
-5.515648240520920620e-02
-5.516216591975570821e-02
-5.516045381384419161e-02
-5.517566730795025326e-02
-5.521747206277074355e-02
-5.518742719544277031e-02
-5.516909051929613783e-02
-5.519022504659199663e-02
-5.519604942147361692e-02
-5.515478175560704910e-02
-5.519610241399049849e-02
-5.518970146636020119e-02
-5.519006084376548021e-02
-5.517784350483367906e-02
-5.520471706907676551e-02
-5.517776183871060669e-02
-5.514463835408034420e-02
-5.518259739588497054e-02
-5.516956293536830896e-02
-5.517376381559064430e-02
-5.517198173358501406e-02
-5.516212229180751658e-02
-5.514142736589152521e-02
-5.514051230792590269e-02
-5.517382033761553811e-02
-5.515246466436045381e-02
-5.516026786401174997e-02
-5.517772344624195802e-02
-5.518501210213281466e-02
-5.517594921678668080e-02
-5.520585096419574483e-02
-5.519787382276685611e-02
-5.516648298308452630e-02
-5.516458073135444007e-02
-5.513804716654222698e-02
-5.519007040573482153e-02
-5.520534521533138061e-02
-5.519254899115447893e-02
-5.520234133719262998e-02
-5.513760913200314862e-02
-5.514553527541640049e-02
-5.517910689352567566e-02
-5.517846017923260654e-02
-5.518428140927073011e-02
-5.517373512517202011e-02
-5.514135884212235938e-02
-5.518721513736484646e-02
-5.519982113868718981e-02
-5.514927214331673960e-02
-5.517772966386850358e-02
-5.516022533512553172e-02
-5.520131502278858432e-02
-5.514838458446179315e-02
-5.516784968641262610e-02
-5.516177596767236901e-02
-5.515859851495136940e-02
-5.513792570997091275e-02
-5.515382366936965458e-02
-5.523515248771556502e-02
-5.521509035790898162e-02
-5.515586962072655669e-02
-5.518241921731018712e-02
-5.518299281095641329e-02
-5.515813389339019324e-02
-5.519844878401129057e-02
-5.514419440567554231e-02
-5.515733157811094495e-02
-5.511598118431728505e-02
-5.522134253305155394e-02
-5.518378251359230130e-02
-5.513115598944157841e-02
-5.517388559800064790e-02
-5.515300256202126244e-02
-5.518199567075553202e-02
-5.522399595708223086e-02
-5.518616154236459515e-02
-5.521856864689451277e-02
-5.518378474480578610e-02
-5.521787940129182365e-02
-5.518344171561918171e-02
-5.520573054166221655e-02
-5.516367981828708411e-02
-5.519355563443411467e-02
-5.519976599413740914e-02
-5.516991097696645474e-02
-5.518237997119686961e-02
-5.518552606577620950e-02
-5.513198213768833594e-02
-5.519812602827007392e-02
-5.517394937234037372e-02
-5.518891940621541842e-02
-5.514026824775623142e-02
-5.522405319509040428e-02
-5.513143311877033437e-02
-5.516268307176319663e-02
-5.515878675350149862e-02
-5.519685827576302495e-02
-5.517405607414048452e-02
-5.517871080773934650e-02
-5.518511985141522080e-02
-5.518258961273975888e-02
-5.519956455760070130e-02
-5.516872542558185627e-02
-5.514477548678350244e-02
-5.514685767867331945e-02
-5.519195259239662726e-02
-5.512206773222045469e-02
-5.519177668128675412e-02
-5.515271473082721670e-02
-5.514627961113059695e-02
-5.517357394619286370e-02
-5.518072228364906406e-02
-5.517598232145649179e-02
-5.518040826451976744e-02
-5.520375038703773107e-02
-5.521560309391026350e-02
-5.516292119476816358e-02
-5.518544732961806060e-02
-5.523311782929517244e-02
-5.519164229723523551e-02
-5.522189836517762268e-02
-5.518649806356690224e-02
-5.513135889954873942e-02
-5.517326382521492434e-02
-5.518669461034018953e-02
-5.520213857997381679e-02
-5.516177107236842903e-02
-5.516319708291206325e-02
-5.515352705488874019e-02
-5.517361232611955185e-02
-5.519006012466844135e-02
-5.513916763868612764e-02
-5.517682923237780118e-02
-5.517463173944851806e-02
-5.518687089677774826e-02
-5.515200873156324290e-02
-5.522582514009834881e-02
-5.516570953737877370e-02
-5.515375876843398029e-02
-5.515585714579186727e-02
-5.514703711156302562e-02
-5.514139981237885929e-02
-5.517999550287251004e-02
-5.517076109035058684e-02
-5.519113506346825376e-02
-5.521478436241978455e-02
-5.517980671298967216e-02
-5.518815806620068487e-02
-5.516568113581156452e-02
-5.520991003928182178e-02
-5.517747357777458284e-02
-5.517642313091127709e-02
-5.517128431986574599e-02
-5.515996728968008272e-02
-5.515903836780435693e-02
-5.518314849640498787e-02
-5.513819939417706484e-02
-5.521012660014231604e-02
-5.517758258029419050e-02
-5.518086709267162188e-02
-5.517096825828221585e-02
-5.519608308264276758e-02
-5.520303310519051460e-02
-5.514568124413719158e-02
-5.518732371434077050e-02
-5.521706313583136377e-02
-5.518531592140275138e-02
-5.521825009425923581e-02
-5.517993957186392157e-02
-5.515144520768181652e-02
-5.517621036847480259e-02
-5.515590374654725375e-02
-5.516679569911903808e-02
-5.513704548181825454e-02
-5.519137243456119502e-02
-5.517644175032982573e-02
-5.520164344652987720e-02
-5.518918632458104379e-02
-5.513307883354538058e-02
-5.515796547247792808e-02
-5.522313650086797809e-02
-5.515854179619074371e-02
-5.520477571977559089e-02
-5.517273931569921519e-02
-5.518599899487924149e-02
-5.520465894603505952e-02
-5.516180491608987241e-02
-5.517841425620368528e-02
-5.523245024671331882e-02
-5.518102000603580803e-02
-5.517159828432120078e-02
-5.518123156170001015e-02
-5.516167381869623021e-02
-5.519951400629800192e-02
-5.513711812465667272e-02
-5.518456981981362947e-02
-5.521478684668041509e-02
-5.520528412661007689e-02
-5.522340523214140651e-02
-5.523080006786535573e-02
-5.517133184760273507e-02
-5.518991971196778729e-02
-5.516249495745804976e-02
-5.518795128165754349e-02
-5.521491801139893213e-02
-5.518088191760524980e-02
-5.516225204043032765e-02
-5.520367716010200765e-02
-5.515771297372473042e-02
-5.518199689686876380e-02
-5.519077839795376306e-02
-5.518869011837684857e-02
-5.518827704474899704e-02
-5.513972334738239528e-02
-5.518553773238547844e-02
-5.517080864552093705e-02
-5.512836648259579475e-02
-5.515882109997773813e-02
-5.520990602340183212e-02
-5.514902610075664985e-02
-5.517796704207901526e-02
-5.519693012888782224e-02
-5.512544171773463286e-02
-5.516431678642987058e-02
-5.517851163240898582e-02
-5.520605572171394942e-02
-5.520864683318622151e-02
-5.517419406037953750e-02
-5.519622549164544811e-02
-5.518055544380134209e-02
-5.517844139978523438e-02
-5.521507749584759345e-02
-5.518988636608996440e-02
-5.513388538038492548e-02
-5.520907055955050213e-02
-5.518996315821318027e-02
-5.518932099769848637e-02
-5.518199274029163964e-02
-5.516463417843892741e-02
-5.521338524099291684e-02
-5.518093554253554467e-02
-5.521782054797547135e-02
-5.517640783385102665e-02
-5.519300213218652357e-02
-5.518705778330797174e-02
-5.515019120561670540e-02
-5.510431918787327826e-02
-5.519522979473213270e-02
-5.517121759623396654e-02
-5.520041369749901367e-02
-5.521085652768053381e-02
-5.513813027627906954e-02
-5.518779392076205575e-02
-5.522161184361988606e-02
-5.514654904975520300e-02
-5.516169767608880559e-02
-5.518461470040351285e-02
-5.517136653157929393e-02
-5.518934711802277182e-02
-5.519018737729653595e-02
-5.523131027285770739e-02
-5.516493302695076734e-02
-5.517443512326661997e-02
-5.522352922015632409e-02
-5.520338078852916192e-02
-5.518674381163413134e-02
-5.515393923170826274e-02
-5.513364531210936809e-02
-5.522259934651919944e-02
-5.521433494908226797e-02
-5.517610537074382066e-02
-5.520892551297486989e-02
-5.522122268030572878e-02
-5.514943911481949568e-02
-5.520066990341104818e-02
-5.519296999615939253e-02
-5.520933615208715312e-02
-5.516629586201767660e-02
-5.520077325141557051e-02
-5.518586972444888133e-02
-5.521674822187934428e-02
-5.519519306905643768e-02
-5.516114959831528580e-02
-5.522990007211257824e-02
-5.514068323808941213e-02
-5.520612847728556538e-02
-5.518359096945508330e-02
-5.516914023556681451e-02
-5.513712108858456057e-02
-5.513830329052259172e-02
-5.517401642153300229e-02
-5.519413177329725306e-02
-5.516418393820182731e-02
-5.519832846817938898e-02
-5.515171185858230851e-02
-5.515353721367148576e-02
-5.519562552632085312e-02
-5.516102150266143089e-02
-5.514947399988511662e-02
-5.518325961149418701e-02
-5.515428344162150165e-02
-5.517575385817528877e-02
-5.511218140393932263e-02
-5.520333207047180279e-02
-5.517181733350534634e-02
-5.519886692172876891e-02
-5.519175158112598484e-02
-5.516541595973011025e-02
-5.519023652493080384e-02
-5.519279050415131643e-02
-5.516244622073449705e-02
-5.516553463366992427e-02
-5.518593591384069602e-02
-5.515026511017773192e-02
-5.513959925013867808e-02
-5.518174599523580776e-02
-5.516296421375642411e-02
-5.516795024078835485e-02
-5.518334510441299384e-02
-5.520419230708663999e-02
-5.516364918917849441e-02
-5.518728074886199847e-02
-5.512131453891228050e-02
-5.519520891995714079e-02
-5.518074042842859711e-02
-5.516828630463931765e-02
-5.515060653953357539e-02
-5.518480162885229523e-02
-5.516437011736448348e-02
-5.520853633318097836e-02
-5.518446815700774749e-02
-5.519358483502856405e-02
-5.519320641123234145e-02
-5.517373067744667237e-02
-5.517019825643138670e-02
-5.519760848155966931e-02
-5.517087607351135736e-02
-5.515860315361213045e-02
-5.515281000379786136e-02
-5.520055702502955908e-02
-5.520158533512239257e-02
-5.519542318973177236e-02
-5.517129780990791960e-02
-5.516887714288422340e-02
-5.517033096400266595e-02
-5.516497170089754848e-02
-5.520157769825907723e-02
-5.520079676256579165e-02
-5.513190328574436166e-02
-5.520393071854012151e-02
-5.519146307376627397e-02
-5.520532999008879310e-02
-5.520482156719570821e-02
-5.517950136216377699e-02
-5.512721391584963354e-02
-5.517138447928520567e-02
-5.519458854775730755e-02
-5.517833770717950337e-02
-5.516575653734401979e-02
-5.516521679585190824e-02
-5.513700482817661397e-02
-5.516220618975111595e-02
-5.520026875091331442e-02
-5.511903300669001443e-02
-5.512257022743332485e-02
-5.518337023696880811e-02
-5.519552063714214946e-02
-5.523430188871225610e-02
-5.510905062328236986e-02
-5.522478780679013904e-02
-5.513677699822387007e-02
-5.518340239615945192e-02
-5.515251229507274477e-02
-5.517372170693054384e-02
-5.516942897964990239e-02
-5.516960332006672074e-02
-5.520607245375068473e-02
-5.514494936840462491e-02
-5.517484714680091079e-02
-5.515432533143097699e-02
-5.516229711948802267e-02
-5.517461898558162492e-02
-5.516570182057598665e-02
-5.518016986451346195e-02
-5.515527685989595613e-02
-5.512362319797443205e-02
-5.514115451619261421e-02
-5.518756589694716330e-02
-5.518336385245570241e-02
-5.515182097011721296e-02
-5.516905846068707181e-02
-5.518671442036101465e-02
-5.516002754415292447e-02
-5.520579764214229163e-02
-5.524405114862517008e-02
-5.516038137637802041e-02
-5.517632101914305559e-02
-5.520086245319883594e-02
-5.521280281964965203e-02
-5.522447897454828281e-02
-5.517905646060213692e-02
-5.512375684960408445e-02
-5.519172576296123289e-02
-5.517986110977825265e-02
-5.520508296185697855e-02
-5.520431152046684914e-02
-5.518574459501544849e-02
-5.517225497104496362e-02
-5.518609796134402862e-02
-5.516508467972879026e-02
-5.521174538176539665e-02
-5.515035651528885779e-02
-5.517778483079997798e-02
-5.519716806647373408e-02
-5.521530452831421160e-02
-5.516936778901549571e-02
-5.518218028035987849e-02
-5.513995193528139355e-02
-5.520275598328295424e-02
-5.524832612899945039e-02
-5.516433565418049634e-02
-5.515837126403947549e-02
-5.519133821398730655e-02
-5.519756367272321551e-02
-5.521224422022157768e-02
-5.515257914106795611e-02
-5.520074166821065109e-02
-5.519381308295993188e-02
-5.519540279694314100e-02
-5.517613507090341624e-02
-5.515816585328404270e-02
-5.517401667407496879e-02
-5.522349797119231740e-02
-5.514676351553324946e-02
-5.517581369417316056e-02
-5.512858907846537176e-02
-5.511301194187868957e-02
-5.513993153263434949e-02
-5.518135246555625623e-02
-5.520390969860977659e-02
-5.513612453727849416e-02
-5.518197000982449918e-02
-5.519263497747540353e-02
-5.513115345966529413e-02
-5.512196738616007702e-02
-5.522476826975670355e-02
-5.518713329285190178e-02
-5.523117675785931685e-02
-5.516747638384039004e-02
-5.512238986706319982e-02
-5.521448248951057319e-02
-5.514252893298460939e-02
-5.518985127873458213e-02
-5.517710954284305025e-02
-5.519420537590994519e-02
-5.515982748258031754e-02
-5.516897150801888111e-02
-5.517717126484972950e-02
-5.517848983674990271e-02
-5.518287207220836516e-02
-5.519231474116591957e-02
-5.515690232900768292e-02
-5.515792913958290217e-02
-5.518225654106246464e-02
-5.518623641944914865e-02
-5.522117744032916525e-02
-5.514350699144301288e-02
-5.518057447096341023e-02
-5.515741759795467908e-02
-5.517355950438128376e-02
-5.518101123177158313e-02
-5.511204550720250062e-02
-5.513615732513229423e-02
-5.520318579835103295e-02
-5.513289481098147121e-02
-5.515832060448390417e-02
-5.514883193060715616e-02
-5.519435120521465343e-02
-5.518118626160901236e-02
-5.513687761916211821e-02
-5.512684677117161980e-02
-5.517743238601399008e-02
-5.522844648529484646e-02
-5.519611946727596974e-02
-5.519776281812993624e-02
-5.516707581388594767e-02
-5.519807571442210403e-02
-5.517956973678365268e-02
-5.515193662133830582e-02
-5.520052846838208876e-02
-5.517596722559154482e-02
-5.520374997266547928e-02
-5.511477390762597323e-02
-5.521426113544781328e-02
-5.517883864429994067e-02
-5.516691699437569624e-02
-5.516365529899384251e-02
-5.519625713334892075e-02
-5.519268592237517451e-02
-5.516080014409157489e-02
-5.516783619831571589e-02
-5.520186967037121056e-02
-5.522949094511914875e-02
-5.518080807637532753e-02
-5.516442064987219646e-02
-5.520457990220008215e-02
-5.516860958055713055e-02
-5.520394448746305388e-02
-5.519601474196698249e-02
-5.522555615245550165e-02
-5.519843589327499966e-02
-5.509741953063925640e-02
-5.516834774579004730e-02
-5.517661601978106345e-02
-5.514111926491687549e-02
-5.518907610402793568e-02
-5.514557454872840575e-02
-5.523211548330590054e-02
-5.519227406285910631e-02
-5.522170841744383080e-02
-5.514424712733190931e-02
-5.519329916797838242e-02
-5.516891155357429161e-02
-5.520507903721841997e-02
-5.517607451878976665e-02
-5.517312383419267080e-02
-5.516593245955408314e-02
-5.518430421646948469e-02
-5.520598301724279067e-02
-5.518664115688608207e-02
-5.518241686183267269e-02
-5.520362876374516198e-02
-5.517343479807793744e-02
-5.511184946520625988e-02
-5.513882395509152323e-02
-5.516362804794806146e-02
-5.518968857233132186e-02
-5.515176121815560523e-02
-5.516636932361509288e-02
-5.517170346224959526e-02
-5.515478896001381470e-02
-5.521196453216424549e-02
-5.520719637156074056e-02
-5.518031700854120203e-02
-5.526066930875694200e-02
-5.516564431862828327e-02
-5.519995522443700564e-02
-5.520537822873957529e-02
-5.517084756522470934e-02
-5.522157430660986493e-02
-5.519078244495677354e-02
-5.516790681276891734e-02
-5.518519267067780593e-02
-5.515898575153431460e-02
-5.518116694603691919e-02
-5.515234802479017373e-02
-5.522470538902938403e-02
-5.518946501357430146e-02
-5.519714894384544074e-02
-5.516727501470381628e-02
-5.518057347474486507e-02
-5.514202159757419786e-02
-5.518983043368803909e-02
-5.513985056518994760e-02
-5.516393814881675323e-02
-5.514891265249947244e-02
-5.515958775413014326e-02
-5.514967032966942850e-02
-5.515412045139868324e-02
-5.514140502726708887e-02
-5.516993866954046644e-02
-5.515463914099465181e-02
-5.517263113903538019e-02
-5.522618359642460228e-02
-5.514638848680889632e-02
-5.516561388732767884e-02
-5.521410544894708033e-02
-5.511433758333544181e-02
-5.517537349937053082e-02
-5.521377003753074469e-02
-5.520522790227695015e-02
-5.518253159418844145e-02
-5.515398571658076260e-02
-5.516628274999878234e-02
-5.515955294739954828e-02
-5.514591242568599866e-02
-5.518143233914634543e-02
-5.519697866152473154e-02
-5.515676849396620313e-02
-5.520714249961465592e-02
-5.516817217413483299e-02
-5.509997803240093001e-02
-5.516305451156217066e-02
-5.515144169249181633e-02
-5.518259431239398022e-02
-5.522394843769280054e-02
-5.515216573275497774e-02
-5.512473290025155653e-02
-5.513175546686264333e-02
-5.515846834376447044e-02
-5.516597937962212234e-02
-5.516102908352644996e-02
-5.521033038914019420e-02
-5.518376952061037483e-02
-5.519251225136249245e-02
-5.518053077244176874e-02
-5.519884273575924316e-02
-5.517105910042566924e-02
-5.514003346748901080e-02
-5.516339320482872843e-02
-5.519329833884456527e-02
-5.518916978044805660e-02
-5.517002809734904839e-02
-5.519784247574129749e-02
-5.515115818239547940e-02
-5.518632790479701539e-02
-5.519161313967870658e-02
-5.516172992127332808e-02
-5.518782806129140378e-02
-5.514609801189273436e-02
-5.521358101527507056e-02
-5.516949463223998901e-02
-5.517309795902353847e-02
-5.516616268900403214e-02
-5.519096018581434032e-02
-5.515062620071022048e-02
-5.522157564106939392e-02
-5.515351822409821775e-02
-5.515054938917252070e-02
-5.516497371733990879e-02
-5.515952965348851905e-02
-5.518657767330614750e-02
-5.521845289355829800e-02
-5.519484523036754381e-02
-5.521526218901619265e-02
-5.517682805071062041e-02
-5.521056077594438394e-02
-5.515834319369287281e-02
-5.519436068624821584e-02
-5.516428442377171310e-02
-5.518500964840700185e-02
-5.522058092372681554e-02
-5.521322163879149869e-02
-5.514362128646271149e-02
-5.515459237696821587e-02
-5.515621055047172094e-02
-5.514678421712707751e-02
-5.516912636081888061e-02
-5.520049400348073926e-02
-5.513414517512186391e-02
-5.518436205340653683e-02
-5.517886191834851101e-02
-5.517623998579123529e-02
-5.520304289808149883e-02
-5.513185572129423312e-02
-5.519099961126248260e-02
-5.514399308424684787e-02
-5.514583315090510612e-02
-5.518806976725703500e-02
-5.521673917188536784e-02
-5.515885362891814747e-02
-5.518130994726296729e-02
-5.519101723773277290e-02
-5.520679228436883162e-02
-5.519994406072888105e-02
-5.520215491103826200e-02
-5.520825805427023031e-02
-5.519656559385726496e-02
-5.514427185174567564e-02
-5.515475989651281996e-02
-5.517325743362511137e-02
-5.516858065287989776e-02
-5.513918239447890973e-02
-5.515493374021017414e-02
-5.515427491680619659e-02
-5.522522398415641298e-02
-5.517651415477208693e-02
-5.519395684103182292e-02
-5.517590622009836687e-02
-5.516812970771117070e-02
-5.517279781398103794e-02
-5.518082289855180678e-02
-5.518963950833012666e-02
-5.520345430236567319e-02
-5.516147722558730621e-02
-5.518683588226085818e-02
-5.516309299443435121e-02
-5.514853049104940369e-02
-5.517414529771162007e-02
-5.520729640607253963e-02
-5.509012957346955813e-02
-5.518755133444940703e-02
-5.517653906874103731e-02
-5.523730142368236257e-02
-5.521228288163457926e-02
-5.517082566203253963e-02
-5.516419402139927097e-02
-5.519199143005865810e-02
-5.519090290759496448e-02
-5.521367548483140791e-02
-5.517498494251677627e-02
-5.515688368056800156e-02
-5.517198929599432394e-02
-5.520849245819491741e-02
-5.520331636455099583e-02
-5.518443927611799138e-02
-5.519169050204465743e-02
-5.519300663394292178e-02
-5.516223891956557185e-02
-5.516380132882635345e-02
-5.521995557540976957e-02
-5.516397218407980557e-02
-5.520618779179781860e-02
-5.516254400128297458e-02
-5.522358662184189554e-02
-5.518512336311683780e-02
-5.516989678936085745e-02
-5.515410879522845977e-02
-5.515143388304356159e-02
-5.517050905163256580e-02
-5.519997471208933776e-02
-5.520515922208008713e-02
-5.520610793292347190e-02
-5.520516281110356138e-02
-5.514864102323917966e-02
-5.518191364060965470e-02
-5.518006672368085813e-02
-5.516252099651527269e-02
-5.516312448130970131e-02
-5.518187644228413069e-02
-5.517724338377964083e-02
-5.517987621889375305e-02
-5.513499486368877295e-02
-5.520723378184766439e-02
-5.518498176748514589e-02
-5.511028496544943811e-02
-5.517833099875581876e-02
-5.514584575478431727e-02
-5.514479294626695172e-02
-5.520812546945737948e-02
-5.517889348532052651e-02
-5.519321130758606669e-02
-5.514957015578645511e-02
-5.518118009819195091e-02
-5.517662941157867179e-02
-5.512820059730479810e-02
-5.519312866463078893e-02
-5.514424306830415651e-02
-5.519324383026043973e-02
-5.519634742485342999e-02
-5.520921575843355106e-02
-5.520045093111485696e-02
-5.518034513789505519e-02
-5.518603539822154735e-02
-5.519988139816068423e-02
-5.514600323581900915e-02
-5.515743966770682294e-02
-5.517351532611674408e-02
-5.514452073108574298e-02
-5.515470421879335033e-02
-5.518070657217240271e-02
-5.522585310071535109e-02
-5.518161475226289470e-02
-5.514634356024152029e-02
-5.517591592105092896e-02
-5.514418454885868653e-02
-5.516287460255668573e-02
-5.516042889234255842e-02
-5.517740962274986921e-02
-5.519407362179335613e-02
-5.518659720583692779e-02
-5.519828801542747687e-02
-5.517519174131705478e-02
-5.517684231903839664e-02
-5.520567572306547127e-02
-5.515377897848843664e-02
-5.517605147262428372e-02
-5.518600132712375012e-02
-5.513368031696898319e-02
-5.513624323834935559e-02
-5.515773320005623592e-02
-5.512413520555785318e-02
-5.516913866347056966e-02
-5.517703357636705164e-02
-5.520275926358145929e-02
-5.519399068889691701e-02
-5.521061793609056273e-02
-5.522411080511110265e-02
-5.518228604176062674e-02
-5.516740346811473822e-02
-5.514135255454421375e-02
-5.516916740343581066e-02
-5.519637322724320339e-02
-5.520556938060859620e-02
-5.515748094420320352e-02
-5.517417241725708354e-02
-5.517443383937246926e-02
-5.519264575555900970e-02
-5.515127186573785811e-02
-5.522074441256379779e-02
-5.518843578303433972e-02
-5.518779339265258294e-02
-5.514566686098677784e-02
-5.518087769143222021e-02
-5.517651330027224105e-02
-5.520108914795248539e-02
-5.515045048516390575e-02
-5.518519492758340583e-02
-5.521497567636270143e-02
-5.519014286531179897e-02
-5.518391495041302663e-02
-5.516544445541955027e-02
-5.520710125114742378e-02
-5.521020941500060647e-02
-5.514758011906373270e-02
-5.521664914330440960e-02
-5.520653466663367342e-02
-5.524197690530558563e-02
-5.513714588136475747e-02
-5.518037591431695227e-02
-5.519183926818348879e-02
-5.521672926183104207e-02
-5.518830544359695084e-02
-5.521596893046345350e-02
-5.516814769689287051e-02
-5.516337312494036527e-02
-5.514427203265015454e-02
-5.516234875255868891e-02
-5.519375345032495606e-02
-5.518134502175998241e-02
-5.514190954190675148e-02
-5.518368877963403946e-02
-5.516429899875825021e-02
-5.516448045486271878e-02
-5.516505738333010722e-02
-5.516537590136804531e-02
-5.519809484421228651e-02
-5.519695662897504407e-02
-5.519614587957614310e-02
-5.516656098584236945e-02
-5.519770221693903051e-02
-5.518311293218754882e-02
-5.520505662804525010e-02
-5.514497618714481880e-02
-5.518236150574425125e-02
-5.518969146000030773e-02
-5.520299493256775047e-02
-5.516857520842437940e-02
-5.515923019029461694e-02
-5.514906497199321966e-02
-5.514457831694850876e-02
-5.516089552296941922e-02
-5.519992618966656356e-02
-5.523497901828617468e-02
-5.518857749521986766e-02
-5.517766179492267220e-02
-5.520253755253555494e-02
-5.517861083757286816e-02
-5.514407119891372167e-02
-5.515394817709400738e-02
-5.517096723082710874e-02
-5.521234143766044072e-02
-5.519996396075567413e-02
-5.517682269387058636e-02
-5.515732925217829707e-02
-5.518509067475124014e-02
-5.517082458164263015e-02
-5.517876024428314263e-02
-5.514162861042183617e-02
-5.518982380898614093e-02
-5.511143940192272245e-02
-5.516126096275492108e-02
-5.510859763679236412e-02
-5.521543759292413256e-02
-5.517574696171277659e-02
-5.516114258907095502e-02
-5.514849356578404443e-02
-5.517749086502218153e-02
-5.513572094886036445e-02
-5.515768440849720677e-02
-5.514850663977011180e-02
-5.520288161840690433e-02
-5.511524566138138737e-02
-5.516128523593648303e-02
-5.521542634492541263e-02
-5.516919916859528566e-02
-5.517851633806405282e-02
-5.515500993656356071e-02
-5.522533208257729420e-02
-5.517463724450982071e-02
-5.517703150306323828e-02
-5.519053968749704914e-02
-5.522854705584129970e-02
-5.513028311025068573e-02
-5.520671695442604110e-02
-5.517449948153581307e-02
-5.517276063661862712e-02
-5.517005739688268795e-02
-5.516569704551689546e-02
-5.522127363163331637e-02
-5.517460618555458662e-02
-5.519156400436640852e-02
-5.526351589757694249e-02
-5.520733540353685298e-02
-5.520233573853384340e-02
-5.517555057416462932e-02
-5.519776508739155513e-02
-5.515565449644913715e-02
-5.517761486916233221e-02
-5.518106754056451013e-02
-5.518659392813712178e-02
-5.516657427890846177e-02
-5.519190129652685323e-02
-5.519492047046732630e-02
-5.521630863067501088e-02
-5.517693584536607215e-02
-5.520042171949519905e-02
-5.512508093578401963e-02
-5.519772732451221769e-02
-5.521623422483523669e-02
-5.518076568443790880e-02
-5.516714648215011868e-02
-5.518604864942750626e-02
-5.516859462349889276e-02
-5.519589989851343692e-02
-5.518513534102003487e-02
-5.514167848527871951e-02
-5.517250881593645934e-02
-5.515887962694617647e-02
-5.518182109397929552e-02
-5.520669915958787560e-02
-5.520733290626445022e-02
-5.517089782778735602e-02
-5.519663100008895956e-02
-5.518071477212303788e-02
-5.516148794259993771e-02
-5.521215672419942100e-02
-5.523230902681475901e-02
-5.516025347564771503e-02
-5.523807946223024956e-02
-5.518331993720478751e-02
-5.518641347232987326e-02
-5.516600387490135093e-02
-5.519295095674368878e-02
-5.525002354880230448e-02
-5.518136778975558931e-02
-5.517013079668088571e-02
-5.516461042437630774e-02
-5.519826396995332340e-02
-5.519758040932550014e-02
-5.515094480005654221e-02
-5.513923180351709696e-02
-5.520404994479477523e-02
-5.518292361964066695e-02
-5.519493876522822001e-02
-5.518806252283934427e-02
-5.521271756805447989e-02
-5.518108282929016367e-02
-5.513978536939347086e-02
-5.515032230238429284e-02
-5.519839295628754111e-02
-5.512683431516983423e-02
-5.516049397779614755e-02
-5.515938483973239354e-02
-5.517419589137966679e-02
-5.518099800556452994e-02
-5.517575127514529748e-02
-5.516413512490408316e-02
-5.515941148893970664e-02
-5.519197825335963453e-02
-5.517718336269433060e-02
-5.517942364621280377e-02
-5.517502640035530648e-02
-5.515796048208004149e-02
-5.515727832662609825e-02
-5.519478281831437239e-02
-5.522227757608959287e-02
-5.517968171588252119e-02
-5.519968975090376595e-02
-5.516385364660993801e-02
-5.516976546699013662e-02
-5.518262788377454459e-02
-5.516455319094602100e-02
-5.517701880372137546e-02
-5.519086619979061969e-02
-5.519583183651140257e-02
-5.518287033102550060e-02
-5.515507229351700180e-02
-5.514435767415944156e-02
-5.517695000281738066e-02
-5.520068954591049459e-02
-5.515789757099988366e-02
-5.515464359586202264e-02
-5.516812768126385519e-02
-5.517655364901915410e-02
-5.515595404001970292e-02
-5.519599385822101384e-02
-5.520382245427465223e-02
-5.524480589764901861e-02
-5.524172753872452074e-02
-5.518643095991378894e-02
-5.516427734223451618e-02
-5.519565883814626928e-02
-5.518183161661270597e-02
-5.520077858546585531e-02
-5.518077148865534881e-02
-5.516559765139128491e-02
-5.520110129622392281e-02
-5.515517350766967891e-02
-5.521365692347372095e-02
-5.513487091378225374e-02
-5.520642863140062112e-02
-5.519370354085061103e-02
-5.520730829981226190e-02
-5.516142619739766023e-02
-5.519786097395716629e-02
-5.521203751574015745e-02
-5.515505224797134093e-02
-5.515773517203460125e-02
-5.518116938313465114e-02
-5.521079386330681599e-02
-5.519235084085939713e-02
-5.524372318339807603e-02
-5.522688611157752087e-02
-5.517273235834955353e-02
-5.517187175380043607e-02
-5.518483111168456107e-02
-5.518543025564771193e-02
-5.518273445130927879e-02
-5.522970041242615535e-02
-5.519125576668571648e-02
-5.521900776000249200e-02
-5.518324341240894715e-02
-5.518004442833928519e-02
-5.518583633368442237e-02
-5.518799562274289555e-02
-5.520085693454005599e-02
-5.522087651536181779e-02
-5.517401398556970316e-02
-5.515543921572409192e-02
-5.516434271788842741e-02
-5.515422035497863362e-02
-5.520678880784261194e-02
-5.517407889373392160e-02
-5.525082111700877624e-02
-5.518015881578812454e-02
-5.517992144650444436e-02
-5.515893239066581299e-02
-5.517758514100187112e-02
-5.515108150198921172e-02
-5.514343895251013622e-02
-5.518833370654934595e-02
-5.515191391319656383e-02
-5.517297829359325834e-02
-5.514119337491627665e-02
-5.513593517703891528e-02
-5.518808814284045100e-02
-5.517017424978813700e-02
-5.524845609815359077e-02
-5.513387537885568873e-02
-5.515636798272249147e-02
-5.516767541095284749e-02
-5.515938959851602458e-02
-5.518629559779973659e-02
-5.515051011305866641e-02
-5.520663618797642253e-02
-5.519933343807888887e-02
-5.511361096234229651e-02
-5.519953171647620088e-02
-5.520055709972464947e-02
-5.515310864097984489e-02
-5.519923570778744598e-02
-5.515643512678668203e-02
-5.519891347725217751e-02
-5.521745597333280881e-02
-5.518919325459393371e-02
-5.517290694717093269e-02
-5.513827736601823598e-02
-5.517772192750446808e-02
-5.518651534351563803e-02
-5.517523838880660642e-02
-5.523447991074941638e-02
-5.518225803437291910e-02
-5.516047095542254974e-02
-5.516241755608456560e-02
-5.516444869499034093e-02
-5.517002127034000003e-02
-5.517440770879985384e-02
-5.519492513036115822e-02
-5.523708859037012447e-02
-5.519841387650690351e-02
-5.521500888481652158e-02
-5.518451774212508598e-02
-5.521379349481046750e-02
-5.520939629149675815e-02
-5.519394495316726906e-02
-5.520256050906251905e-02
-5.518706457222916778e-02
-5.521989646089654064e-02
-5.518036721373243553e-02
-5.520185906524849306e-02
-5.516541143866020291e-02
-5.516136761713146680e-02
-5.519050182341362493e-02
-5.517766930050410634e-02
-5.521250864864980790e-02
-5.515696857297038014e-02
-5.518875611370183815e-02
-5.517647966970151696e-02
-5.519804684865636801e-02
-5.517607648656379371e-02
-5.520167237971294188e-02
-5.517576123063509808e-02
-5.516930447048275232e-02
-5.516798800837000721e-02
-5.519044322839163075e-02
-5.517677485352713573e-02
-5.520283912803030518e-02
-5.520449338952565510e-02
-5.515015217641026229e-02
-5.512927605536786096e-02
-5.517758605137616096e-02
-5.517180511093301015e-02
-5.518430941831781178e-02
-5.517836635036411919e-02
-5.518241601851786582e-02
-5.518150901849659673e-02
-5.516684905806733263e-02
-5.514996368474529148e-02
-5.516753676653479016e-02
-5.519064944382650467e-02
-5.518401859508621082e-02
-5.514928079585008913e-02
-5.513040441796292213e-02
-5.517853613184389022e-02
-5.522066022971526544e-02
-5.517205013883149517e-02
-5.513872829309794665e-02
-5.519735061873500687e-02
-5.519776316401451416e-02
-5.516594649012546842e-02
-5.516852585275944243e-02
-5.519059517844256135e-02
-5.515102072258065008e-02
-5.520934323192538268e-02
-5.520595392379328697e-02
-5.517852555051452196e-02
-5.518995937534568880e-02
-5.518063321414540257e-02
-5.518676705501349838e-02
-5.520328219466785064e-02
-5.512285268027613400e-02
-5.516778019750760015e-02
-5.515619585229008387e-02
-5.510275437662014164e-02
-5.514121848464816067e-02
-5.522348900570785146e-02
-5.519519538818895565e-02
-5.518702348127242641e-02
-5.516764718358048436e-02
-5.520227178578924337e-02
-5.522587861317244246e-02
-5.516724512901817479e-02
-5.517412474192858601e-02
-5.520693179715974175e-02
-5.520057212631804960e-02
-5.522435822282609902e-02
-5.518258589368012917e-02
-5.515215374337167908e-02
-5.512957867421226787e-02
-5.523641490217837818e-02
-5.519718967126031883e-02
-5.516859376133944476e-02
-5.517636827641678871e-02
-5.519669405736547102e-02
-5.511489035885405036e-02
-5.515435810926318239e-02
-5.520417412104756255e-02
-5.518676864900035062e-02
-5.521886223891241119e-02
-5.516866108880687930e-02
-5.519235674069909725e-02
-5.517044623911889628e-02
-5.518973873276716152e-02
-5.514935366786708620e-02
-5.512932176697928760e-02
-5.521826170306444459e-02
-5.517660365925612653e-02
-5.517655792001158882e-02
-5.510530161775765989e-02
-5.515212545636401925e-02
-5.518421596676963831e-02
-5.521110465460597749e-02
-5.520770992097558116e-02
-5.519033468758641897e-02
-5.519493706044485692e-02
-5.512835732782533221e-02
-5.519944352595339276e-02
