-2.177129552436423733e-03
-2.584357527405957682e-03
-1.436816944494814221e-03
-2.172267857698462461e-03
-1.602153228060598225e-03
-3.144838096583401060e-03
-1.016223741018528349e-03
-3.416542172199133701e-03
-3.805954230407112941e-03
-4.014808066658050525e-03
-4.572797532130653750e-03
-5.303326672731147398e-03
-4.290591372680450585e-03
-4.515947328764966830e-03
-4.912857077225037637e-03
-5.321696531380626025e-03
-6.896615701337899251e-03
-5.699719622755200499e-03
-5.852595590920374631e-03
-6.690517409839697761e-03
-6.694994325651214447e-03
-7.213863142552694521e-03
-8.437914999184106465e-03
-6.453957721816012093e-03
-6.873364177431920581e-03
-7.468023912553979279e-03
-7.659813914095171643e-03
-7.506424036251589660e-03
-7.412163332683923203e-03
-7.192255770675388786e-03
-7.384969750913190044e-03
-7.550802631414136809e-03
-7.544062803935735508e-03
-7.094572657848962315e-03
-7.996590137558946473e-03
-7.480922664565123510e-03
-7.937025009465472139e-03
-8.015631870766329325e-03
-8.073266186700709529e-03
-7.521130609635482724e-03
-7.910018610867050950e-03
-7.914069402962478628e-03
-7.996640712474906501e-03
-7.468326948299135355e-03
-7.232458899071049149e-03
-7.365846332233441825e-03
-8.160374514824923764e-03
-7.864459579306464637e-03
-7.991402853939564774e-03
-7.651952664308811145e-03
-8.252949203667635583e-03
-8.323874659807248971e-03
-7.978821839154629988e-03
-8.030905676073092983e-03
-8.400119263525438612e-03
-8.165423972737725217e-03
-8.437632200821084186e-03
-7.392457079073732652e-03
-8.099992744928646848e-03
-7.413103513468991164e-03
-7.632428988546103611e-03
-7.454194960291378458e-03
-8.144336290301085537e-03
-8.045879646961837106e-03
-8.542080674091184420e-03
-8.139406630245352506e-03
-8.047278318416570611e-03
-8.985319919053935678e-03
-7.814515145693036804e-03
-8.065065809974587135e-03
-7.666257363139976529e-03
-8.062355539888011249e-03
-7.785266789554230911e-03
-8.209059397602041022e-03
-8.032922104674473582e-03
-7.694347825673519825e-03
-7.357918103716327811e-03
-7.311554576717747833e-03
-8.191647038183267129e-03
-7.735965463305960466e-03
-7.776954515977518509e-03
-7.800256634088988117e-03
-7.601952413188585271e-03
-8.114669833028163512e-03
-7.193774746337997482e-03
-7.635650600244998573e-03
-7.762403501387711915e-03
-8.604217072289114740e-03
-7.883428216800689864e-03
-7.740346416381741965e-03
-8.046006959216782037e-03
-8.145242860800214549e-03
-7.900378858986841293e-03
-7.876770054288620426e-03
-8.666756292719540733e-03
-8.555043640557407486e-03
-7.573630610051945190e-03
-8.419796846071287907e-03
-7.882689880636404092e-03
-7.939428901679462108e-03
-7.886364504754500224e-03
-7.838354252360169722e-03
-8.862795624778202833e-03
-8.446391512659615422e-03
-7.946248380628670449e-03
-8.832221347645755408e-03
-7.986341281158824620e-03
-7.762305192041725130e-03
-8.187195046167067974e-03
-8.382013767777493282e-03
-7.827250642983807696e-03
-8.339312746028712531e-03
-7.641376506423644410e-03
-8.000577876531340601e-03
-7.561833574013175109e-03
-8.428487259538142845e-03
-7.780895752934815536e-03
-7.970333558260050619e-03
-7.757626771459706985e-03
-7.484671623688719626e-03
-8.192433075553605740e-03
-7.172319043565333549e-03
-7.397044513072027760e-03
-5.462564317361949702e-03
-6.420172728737292764e-03
-6.851616358562266293e-03
-7.629695370931736421e-03
-6.975905399734803544e-03
-7.556559308503711311e-03
-7.627633265646955804e-03
-7.683695141477680200e-03
-7.332413173023724119e-03
-8.376279066567618101e-03
-8.206840915745916565e-03
-8.514142557460548794e-03
-7.366972431836197287e-03
-8.765654649800174933e-03
-7.579983557845710804e-03
-8.192864670033861083e-03
-4.492285602558303108e-03
-5.813008788546361605e-03
-6.838266816301201076e-03
-7.287393992971450372e-03
-7.338013718653055469e-03
-7.631686508024292277e-03
-8.420214122683691849e-03
-8.390621448692894488e-03
-8.069138539067053154e-03
-7.987342213057913032e-03
-8.281907289322388774e-03
-6.975688984767257177e-03
-6.225837200581797390e-03
-7.543574170643306716e-03
-8.116268311281260583e-03
-8.128245931004246874e-03
-7.439282039140622353e-03
-5.837038913594018268e-03
-4.147255346888274914e-03
-4.626896178503322500e-03
-5.089381909079292339e-03
-2.737725148367019506e-03
-1.307497404956126487e-03
-1.806294629377966365e-03
-9.484770153798514512e-04
-1.766401567474628394e-03
-2.780860252108128226e-03
-3.347589490004587026e-03
-5.590271584255041004e-03
-6.650802575764247840e-03
-6.907483415040660546e-03
-7.053485716251192868e-03
-7.604644192698616426e-03
-7.882786374632225548e-03
-7.406280871483087412e-03
-7.332481134212053865e-03
-7.387515776399566914e-03
-8.114894744468950996e-03
-7.148923181555378974e-03
-9.314552982528442535e-03
-6.443782226325962641e-03
-6.112829651617275942e-03
-5.864832401612977628e-03
-7.898653371215114474e-03
-7.732738992472643416e-03
-7.868546852031208308e-03
-8.082269795979693180e-03
-7.763404079316076935e-03
-8.116128401829850875e-03
-7.905988406609826616e-03
-8.603526560147539692e-03
-8.471819283422516583e-03
-7.647092522980208917e-03
-7.553201754909440353e-03
-7.744273631219001849e-03
-7.636405217907392406e-03
-8.066297982928835597e-03
-7.571901915544698887e-03
-8.184000551374477628e-03
-8.556093730767351871e-03
-8.019622516870094156e-03
-7.464562732885191877e-03
-8.413154382767105283e-03
-7.658451203494122742e-03
-8.012599242637297864e-03
-7.934070220109867497e-03
-7.720711435664743758e-03
-6.952752296491101179e-03
-7.631552272373882777e-03
-7.646214493719265259e-03
-8.137787040767738636e-03
-7.053534006715995140e-03
-8.336763480480222088e-03
-7.800608785473674492e-03
-8.611665850431722558e-03
-7.804767327192483825e-03
-8.225116678952440474e-03
-8.280479682138968886e-03
-7.448411549302627957e-03
-8.054782612067826891e-03
-8.520527371974614267e-03
-7.732053205396364863e-03
-7.760355555462714050e-03
-7.921665195196672671e-03
-8.083458871034952462e-03
-8.048076795024569977e-03
-8.739031586349126773e-03
-7.656299305905667207e-03
-6.594073226085144304e-03
-4.104193174336872099e-03
-4.538900089738832043e-03
-4.834793100566232849e-03
-6.898202847707161391e-03
-8.458636390221808271e-03
-7.000275108123395033e-03
-7.662450190058830990e-03
-7.664231334133250230e-03
-7.860807207617918554e-03
-7.954789132569559801e-03
-7.898790895169337245e-03
-7.508201432752837842e-03
-8.190831741886813247e-03
-8.099334925737031871e-03
-8.118691661151674135e-03
-8.228316517058948884e-03
-7.751269993448808328e-03
-7.383312774128346009e-03
-5.419491295571110361e-03
-6.198864439385676391e-03
-5.356645541545764118e-03
-6.386489411163410145e-03
-6.985839814109087199e-03
-7.960634896395226562e-03
-7.108861465667874226e-03
-7.247310360481494344e-03
-7.777214502918323481e-03
-5.656649465822510478e-03
-7.055163299346120520e-03
-7.181426903731909055e-03
-5.890895001860546598e-03
-5.979615594223297061e-03
-4.767985084719380574e-03
-6.043252431408574488e-03
-6.631798632450294773e-03
-7.002266361952046506e-03
-6.995569071583660099e-03
-7.263686494788322394e-03
-8.007582041451886262e-03
-8.475166442979808340e-03
-7.439902971495003341e-03
-8.200036988998998105e-03
-8.275560486275420485e-03
-8.028644748536702819e-03
-7.204589135028755496e-03
-8.008753394971937500e-03
-8.103996867720069872e-03
-7.440875333136288093e-03
-8.189012425339143100e-03
-7.329774456966338739e-03
-7.728489511013500457e-03
-7.583905987089961144e-03
-8.176943730179393396e-03
-7.448538777702567483e-03
-8.132166755907865516e-03
-7.979398092744652629e-03
-7.606744897353001286e-03
-8.218379914886123072e-03
-7.960960101953327289e-03
-7.976230253255925731e-03
-8.039061708165751857e-03
-7.775111641817850083e-03
-8.399535423830385358e-03
-7.843593776347112731e-03
-8.451124607209479708e-03
-7.997271789695161934e-03
-7.611045232257182547e-03
-7.703542034023238075e-03
-8.039723102372426863e-03
-8.248352959877960563e-03
-8.132146115035775863e-03
-8.160429244719637210e-03
-7.237611183217146880e-03
-7.388558828630781110e-03
-7.906697461965114457e-03
-7.695382606942242736e-03
-8.376605527805430079e-03
-7.652381852824859977e-03
-8.348325800616729353e-03
-7.901412445649749761e-03
-7.840942258497868994e-03
-8.062258762380739366e-03
-8.168192349488817561e-03
-7.612371616334428527e-03
-8.504197415874934982e-03
-8.019430957034728510e-03
-8.220067060633910391e-03
-8.100611760189018254e-03
-7.972600771428648217e-03
-8.227152746797592245e-03
-7.763033829643157906e-03
-8.388019412013383511e-03
-7.932754297297112470e-03
-8.169693390982788253e-03
-8.241062672994592733e-03
-8.194204893713256249e-03
-7.795471886095440076e-03
-8.109358072736288017e-03
-8.221354759445343580e-03
-7.903834489185388584e-03
-8.133161427707284383e-03
-7.942304552093770731e-03
-8.103768399579347817e-03
-7.838669804474599281e-03
-8.207222729999238270e-03
-8.554609379643153197e-03
-7.972315452116244400e-03
-7.894398570348171856e-03
-7.759285370519716785e-03
-8.779926550493656265e-03
-8.311947781617664774e-03
-8.154312075927049736e-03
-8.256705272443263730e-03
-7.968147255842963211e-03
-7.907323255016817515e-03
-8.176554605972111839e-03
-8.006794587235983168e-03
-8.048347289867530119e-03
-8.473438302312079687e-03
-7.572734794856858520e-03
-7.930530132653230285e-03
-8.543838786455109149e-03
-8.658392855469723703e-03
-7.476876855778438920e-03
-8.059452642695873886e-03
-8.143135567291719806e-03
-8.228446437125334564e-03
-8.170907477265022464e-03
-8.115624392868038550e-03
-7.695408302048299502e-03
-7.768981518138426585e-03
-7.980763084504894495e-03
-8.168289013933415638e-03
-8.305149553636165943e-03
-7.637931130042791353e-03
-8.081037167224035950e-03
-7.887421918217507599e-03
-8.218169164523284748e-03
-7.892217898326709877e-03
-7.604846234699045096e-03
-8.140908058292583085e-03
-7.420675789208164806e-03
-8.005864123525052722e-03
-7.947493725429684991e-03
-8.914461836268320477e-03
-8.164593227415075857e-03
-8.002873381187639371e-03
-8.526146702776127295e-03
-8.140573752538902627e-03
-8.262904113462100561e-03
-8.043297766380854211e-03
-8.558377148738683521e-03
-8.628444346128824258e-03
-8.269778753413501923e-03
-7.907347665209689749e-03
-8.833561152354466040e-03
-8.474680993803112780e-03
-8.262050674501442496e-03
-7.747833313264592195e-03
-8.200656347432720358e-03
-8.217530851915021833e-03
-7.990103536776862678e-03
-8.256266391197952456e-03
-7.929986446421380744e-03
-8.083720678466552872e-03
-8.291043731603138858e-03
-9.086741400750828965e-03
-7.465614397118159294e-03
-7.271421848309268451e-03
-7.615981471281904960e-03
-8.157833185361314590e-03
-8.149440041834325049e-03
-8.268674450601518067e-03
-8.429791178826067516e-03
-7.900369494286121549e-03
-8.038316674668047335e-03
-8.520130006918142165e-03
-8.528672427977871187e-03
-8.183086879939177952e-03
-8.031858762249847669e-03
-8.203066266303795165e-03
-7.679103991137325481e-03
-8.186386533402199503e-03
-8.197151649880064436e-03
-7.807008486614576588e-03
-8.449146920848121106e-03
-8.125251763711175898e-03
-7.854081853201527394e-03
-7.497349249651118729e-03
-7.924922543488265719e-03
-7.907023768366864061e-03
-8.309753529249865739e-03
-7.886093342430473135e-03
-8.249022280294945192e-03
-8.275713053861181653e-03
-8.505481201984844281e-03
-8.114479322530536096e-03
-9.145147568687020390e-03
-8.175825415263885190e-03
-8.481980239140939765e-03
-7.948555632410042246e-03
-7.816321218391887246e-03
-8.105620442263775094e-03
-7.857870705765249500e-03
-8.194233023684547798e-03
-8.880038080482792126e-03
-8.129908854815728544e-03
-8.046791320520597229e-03
-8.184149711193864155e-03
-8.520638871975591208e-03
-8.368047630385710631e-03
-8.421129372056749413e-03
-8.404822336632769564e-03
-7.348489981192705793e-03
-8.210547207767737374e-03
-7.847409560721435931e-03
-8.229797911418923473e-03
-7.985254020975357525e-03
-8.251086033696668209e-03
-7.627667175201129079e-03
-7.993454562814588868e-03
-8.102783691776206318e-03
-7.613329420093143708e-03
-7.702218541095940015e-03
-7.991093469859791160e-03
-7.580513044078153115e-03
-8.040954313400443948e-03
-8.097683044910463854e-03
-8.052762667797386600e-03
-7.828923433698255913e-03
-7.902777365278708041e-03
-7.709556482302051816e-03
-8.247842525893804219e-03
-8.374599744132561058e-03
-8.366901527879999634e-03
-8.076360334088828960e-03
-7.325377661438455326e-03
-8.167906104965635961e-03
-7.977166109885670819e-03
-8.205541322757492831e-03
-8.044466782430353263e-03
-8.018745319674263489e-03
-8.348472616727531034e-03
-8.515141959212154527e-03
-8.032727016145822449e-03
-8.026677787524274382e-03
-8.174820750842503800e-03
-8.450950837004121002e-03
-8.539723919580606906e-03
-8.321433000846525582e-03
-8.285777607662988750e-03
-7.893242051942821538e-03
-8.404366335268354665e-03
-8.147048117592132696e-03
-8.296653484575061688e-03
-8.141473054229332595e-03
-8.514303014093185795e-03
-8.083284621262757860e-03
-7.745665293708584899e-03
-8.121551253114868765e-03
-7.889498678017376615e-03
-8.445272898940897610e-03
-8.312786196575284656e-03
-8.348889044240968491e-03
-8.416002194210464235e-03
-7.884369682344290892e-03
-8.030400672712359814e-03
-7.997622616634364467e-03
-8.058127185169910653e-03
-8.198768306098360575e-03
-7.965395785563355799e-03
-8.492954854277871141e-03
-8.120011445624112159e-03
-8.197974929789344709e-03
-8.398888572790155771e-03
-7.723932690469416211e-03
-7.815184693747921282e-03
-8.286376481518165429e-03
-7.837805452447955609e-03
-7.944340911976136357e-03
-8.044350707023372599e-03
-8.460177624789835468e-03
-8.621660160196314288e-03
-8.084961997144434614e-03
-7.719103169095103967e-03
-7.746949782821330698e-03
-7.971029086863378604e-03
-8.019014205404243617e-03
-8.385908402467095318e-03
-8.586861519080236579e-03
-7.900175262601175780e-03
-8.292045756944350574e-03
-8.001318338251250245e-03
-8.147062766764931116e-03
-7.923209828562130866e-03
-7.890513956000102039e-03
-8.529997440041682880e-03
-7.984635209780608159e-03
-9.129872373220949619e-03
-7.966626980276456452e-03
-7.654496043190654395e-03
-7.472941130017362633e-03
-7.881072697759098147e-03
-7.758547980520971894e-03
-8.568629584073568506e-03
-8.605718599355074300e-03
-8.233361350937291184e-03
-8.287453207234059954e-03
-7.985205906859213151e-03
-8.350721578636229395e-03
-8.531101068025213202e-03
-8.613963532745797652e-03
-8.545948900375582510e-03
-8.656177498792308814e-03
-8.236663459656373698e-03
-8.231840977122944006e-03
-8.149532160819808121e-03
-7.825437904221011626e-03
-8.294081702514399107e-03
-8.229112919388733779e-03
-8.123727029264171673e-03
-8.177001400389032407e-03
-8.580626861364393926e-03
-7.686514836799935961e-03
-7.535678877813831687e-03
-8.356761350589636192e-03
-8.346698580493102856e-03
-8.558776751374626290e-03
-8.255601268568037165e-03
-7.894256457475384500e-03
-8.007729617119933169e-03
-8.082921962648226613e-03
-8.179496188037142790e-03
-8.176692766553020006e-03
-8.441382632833239683e-03
-7.979125774968816656e-03
-8.187036543096999630e-03
-8.195917076872808946e-03
-8.137764713761871244e-03
-8.271710999407360515e-03
-8.769047282230045190e-03
-8.031393072461149446e-03
-7.758865950130408584e-03
-8.277971377459955940e-03
-8.146847828863513011e-03
-8.641770173915574657e-03
-7.893416681935216950e-03
-8.322850504512924186e-03
-8.309549333792652648e-03
-7.810754636423312101e-03
-8.260225982794690627e-03
-8.216305232287371765e-03
-7.582764227460940358e-03
-8.348437090561473470e-03
-8.483695910300518422e-03
-7.867904450064367936e-03
-7.496673013664039223e-03
-7.922904542238732792e-03
-8.519241474265717290e-03
-8.278326885333687352e-03
-7.681417950285253544e-03
-8.265062124289821593e-03
-8.238918325120806602e-03
-7.938026574200549024e-03
-8.037960840331381113e-03
-8.330998991529347392e-03
-8.534415390768197371e-03
-8.774581771768569238e-03
-8.295648902320925527e-03
-8.309069976758110682e-03
-7.830194565897997255e-03
-8.058455811423434478e-03
-8.320963678405532069e-03
-7.972675218398603270e-03
-7.875407607059315210e-03
-8.446328533178707257e-03
-8.629374987973097849e-03
-8.030598279061679917e-03
-7.804281700469116456e-03
-7.950413418375030725e-03
-8.001935123715149187e-03
-7.987834002960960550e-03
-7.826324257363041423e-03
-7.465108017278403348e-03
-8.045223555837721988e-03
-8.195689127470918295e-03
-8.680646041439667865e-03
-8.519961576608309217e-03
-7.666741020916095599e-03
-7.700483754430183410e-03
-7.643617369507081302e-03
-8.033860958919660997e-03
-8.840469239399590534e-03
-7.923314090245912183e-03
-8.028857327069899297e-03
-8.351302127002422152e-03
-8.107276530240240670e-03
-8.225595091418604066e-03
-8.668234672796240950e-03
-7.889029041752463126e-03
-8.414995291507262540e-03
-8.444400140535728364e-03
-8.052716905590900573e-03
-8.540881878559490950e-03
-8.244748564372255187e-03
-7.861624974470583435e-03
-8.127469225016538401e-03
-7.934268150027153424e-03
-7.929814925205658921e-03
-8.257082590654515539e-03
-7.641605519117224132e-03
-8.018463496051836739e-03
-8.140935234895127839e-03
-8.731122657484316138e-03
-7.799869845191769943e-03
-7.644110676373092918e-03
-7.762039153267260086e-03
-7.682498998587582693e-03
-7.908764274250057111e-03
-8.001466049123318741e-03
-8.142399521205444940e-03
-8.442757916748233268e-03
-8.172369043421803120e-03
-7.973090886519249021e-03
-8.067317548429179738e-03
-7.450372947367931743e-03
-7.967784597502180002e-03
-7.853040030943003735e-03
-7.990444670935613683e-03
-8.037436536489542260e-03
-7.778153335098329617e-03
-8.033838983158831867e-03
-8.190320257810324370e-03
-8.249749818411580490e-03
-8.173683678698476923e-03
-8.153823905546734099e-03
-7.919583485660431146e-03
-8.005540847909506721e-03
-8.306875350543448458e-03
-8.478252501340570110e-03
-7.640160690851585147e-03
-8.283702753808110109e-03
-8.394473900901691307e-03
-8.354638223789814105e-03
-8.511717733285994666e-03
-7.989183683420681553e-03
-7.619465687277558394e-03
-8.263629888135785168e-03
-8.204251714240726537e-03
-7.962843376946457385e-03
-8.436608822396931759e-03
-7.936411288540680051e-03
-8.267819511984204200e-03
-8.096645382544809602e-03
-7.725307742868460156e-03
-8.285382430098331072e-03
-8.683680959019985865e-03
-8.396426752121969109e-03
-7.325737547297745886e-03
-8.049046347090397027e-03
-7.698971272467080781e-03
-8.351702001984298920e-03
-8.177414184271942360e-03
-8.501634825012994653e-03
-8.058904272243523279e-03
-8.296205050873676004e-03
-8.489630280476782170e-03
-8.284332307854929203e-03
-7.772189686179841774e-03
-8.422854670911233271e-03
-8.223000595634058843e-03
-8.701277077582586505e-03
-8.561053161697284794e-03
-8.254479610510652779e-03
-8.495107477937110033e-03
-8.558202649988633226e-03
-7.668417361889507365e-03
-7.822709457854418180e-03
-8.167611708936064335e-03
-8.069493353364426760e-03
-7.798338899608984673e-03
-7.838869946896654881e-03
-8.078552903276260341e-03
-7.823169991055933109e-03
-8.613643867752368913e-03
-8.243482936528778032e-03
-8.318310222383084804e-03
-8.249129673278225716e-03
-8.216115675686069125e-03
-7.866487447675610256e-03
-8.195503453224050119e-03
-8.176989302875145929e-03
-8.038397746322900259e-03
-8.289993818788936666e-03
-7.670238801260260628e-03
-7.861000912599997240e-03
-8.223931424047165734e-03
-8.292471546116422093e-03
-7.945225870608375526e-03
-8.305038537815596575e-03
-7.720264238728398280e-03
-7.972533562154842171e-03
-7.771238985580777338e-03
-8.392729836900902560e-03
-7.934457609378471957e-03
-8.006341865185570908e-03
-8.028040754433427365e-03
-7.881320317861390673e-03
-8.810059860596047843e-03
-8.312354588177937875e-03
-8.234131758424304698e-03
-8.083037964145944887e-03
-8.592108566383956439e-03
-8.092377947544434832e-03
-8.211324265676608197e-03
-7.564629473804758246e-03
-8.301044760665612574e-03
-7.834811958753230138e-03
-8.794716937952078151e-03
-8.291542167258457788e-03
-8.079997031058537907e-03
-7.739661792406427043e-03
-8.171943566128355221e-03
-1.016375920277075122e-02
-8.491331437060330167e-03
-8.018993080276513169e-03
-8.206852024850289085e-03
-8.101526199212135890e-03
-7.587037594915448969e-03
-8.290747631226625877e-03
-8.313891162662971970e-03
-7.881850813857787727e-03
-8.137553534420470178e-03
-8.155890666506588477e-03
-8.283117290045311984e-03
-8.580544556440639070e-03
-8.016913704723339223e-03
-8.046053207443492131e-03
-7.874452274690963219e-03
-8.356807501648952363e-03
-8.431795571749592724e-03
-7.520334318043116195e-03
-8.139731445486391576e-03
-8.450705972680754713e-03
-7.909476516884483485e-03
-8.833680375034456619e-03
-8.521965065082955787e-03
-8.133597101825559492e-03
-8.461704506178793772e-03
-8.151041375952681675e-03
-8.060894085072004001e-03
-8.173957436635015394e-03
-7.891631010197266288e-03
-8.683062182882100161e-03
-7.563208668252563611e-03
-8.724833602346193304e-03
-7.845383341199286750e-03
-8.043730513484056294e-03
-8.218572736959356764e-03
-8.004499951450878142e-03
-8.299506643912666140e-03
-8.660421006001081320e-03
-7.870472084026804496e-03
-8.833315131873378107e-03
-8.362128620640877155e-03
-8.045689135734782754e-03
-8.133069547791898363e-03
-8.574846164324389716e-03
-8.465797258863325472e-03
-8.377540773993719103e-03
-7.821784474232377354e-03
-8.212012428181364801e-03
-8.181622764307958443e-03
-8.336869271707205570e-03
-8.611895822646759360e-03
-7.903155734077365116e-03
-8.336312906776015622e-03
-8.116028151194250653e-03
-8.690143366436694355e-03
-8.165755372928788780e-03
-7.660550885955767428e-03
-7.674857785317133578e-03
-8.056758318843585884e-03
-8.429138077856539873e-03
-8.348395397594866527e-03
-7.738498885661035734e-03
-8.106608213492043011e-03
-8.175088463271770398e-03
-8.055878702637814942e-03
-7.620832975723463958e-03
-8.453708573935238627e-03
-8.130511638022969514e-03
-8.048587958338421916e-03
-7.935343995750604451e-03
-8.475194868339712764e-03
-8.034087366681154710e-03
-8.369411723198065881e-03
-8.509720986806112650e-03
-7.755809410023300696e-03
-8.085338851158408585e-03
-7.772600219837774889e-03
-8.332555128462457855e-03
-7.963848876332564608e-03
-8.521908600222982341e-03
-7.809068761311077286e-03
-7.935347874695065223e-03
-8.074572007551133676e-03
-8.340730072629445185e-03
-7.988003790053091122e-03
-8.094695596987309255e-03
-8.073299143090743174e-03
-8.120090286693320072e-03
-8.454263187530862422e-03
-8.135294704773371119e-03
-8.180758674911225645e-03
-8.485904284821104912e-03
-8.181981466187381730e-03
-8.646343114125850174e-03
-7.874085665125969344e-03
-8.571081213997114659e-03
-8.332979959068436554e-03
-8.445484014756284366e-03
-8.146286013228339409e-03
-7.844962205692836490e-03
-8.282529295240507669e-03
-8.238962939601043520e-03
-8.436822508208142307e-03
-9.057220338797059359e-03
-7.711179813817319387e-03
-8.591353983359723001e-03
-7.867740197880732436e-03
-8.206503920758495899e-03
-8.121049797652475297e-03
-8.751447801431151349e-03
-7.901795172069773013e-03
-8.205849674434178079e-03
-8.185756034533609241e-03
-8.197951942336490286e-03
-7.981662247148432407e-03
-8.683353974208173759e-03
-8.254825599996745353e-03
-8.081598691511938590e-03
-7.794784669292363632e-03
-7.925387583725167912e-03
-8.202731054470358343e-03
-8.388670564554541118e-03
-8.369190575120324938e-03
-8.058525493105806597e-03
-7.956669911807410372e-03
-8.181299448051737588e-03
-7.754377172627819823e-03
-8.355023697681067049e-03
-7.905796933207216021e-03
-8.453169189440242967e-03
-8.362950049484693324e-03
-8.138492536294061885e-03
-8.081456678942916527e-03
-8.602568924688167723e-03
-8.476963354294955039e-03
-7.974614807114782655e-03
-7.854145809747416565e-03
-8.085312333049975500e-03
-7.898302332191357161e-03
-8.202747607591430110e-03
-8.213548929135268059e-03
-8.189287906672506126e-03
-8.176624604773790467e-03
-7.845586974391817112e-03
-8.514569862108590723e-03
-8.109911363644898077e-03
-8.045732564566943426e-03
-8.147165952195287511e-03
-8.266975367020186136e-03
-8.421041662117224533e-03
-8.553560074795523924e-03
-7.240004789468045161e-03
-8.313447386459197827e-03
-8.134188622455721177e-03
-8.142952034496452746e-03
-8.046995334540245695e-03
-8.034162074855662541e-03
-8.474420664690571550e-03
-8.350360424515904448e-03
-8.279918222422322574e-03
-8.294919114113471700e-03
-8.032767881440239927e-03
-8.135835064601937630e-03
-8.058480934265118203e-03
-8.318436394411351034e-03
-8.049449835085271954e-03
-8.234487801756609424e-03
-7.682832291351198058e-03
-7.880117729274171284e-03
-8.050657209404205039e-03
-8.142547415786436510e-03
-8.030812062522948644e-03
-8.328820115124212914e-03
-7.918437731516582076e-03
-8.226506732165336788e-03
-8.116686589875883942e-03
-8.051109103974459988e-03
-7.980823788680832184e-03
-8.155341481033558451e-03
-8.461139307178530342e-03
-8.092884299423232577e-03
-7.915585622797784854e-03
-8.357908912146033015e-03
-7.952075955259933077e-03
-8.363595128341880236e-03
-8.258657140171380556e-03
-8.027200713769184343e-03
-7.950969909183027914e-03
-8.037170985802723905e-03
-8.124314838746867634e-03
-8.105977873691192631e-03
-8.146390664914782836e-03
-8.185403017277746024e-03
-8.381796617074827385e-03
-8.184975221972198151e-03
-8.153152958210724624e-03
-8.294005464989042190e-03
-7.576512696652053409e-03
-7.668677598574540240e-03
-8.414504669232393194e-03
-7.772290209206156146e-03
-8.424242690298684721e-03
-8.420154734125924120e-03
-7.768761237909512299e-03
-7.991946943319146526e-03
-8.874863883583886809e-03
-7.997669909064275898e-03
-9.025216091142176239e-03
-8.147124566106379168e-03
-8.116820827880301056e-03
-7.763598190012261160e-03
-7.806469070911001805e-03
-8.263995020314211792e-03
-8.378178947038752988e-03
-8.616551536224521454e-03
-8.181810401119827755e-03
-8.181530015086938001e-03
-7.937516548608357023e-03
-8.979083764499703676e-03
-8.537632937891292267e-03
-8.326310651056264417e-03
-8.022829124456438629e-03
-7.765161568982477912e-03
-8.294173576213696719e-03
-8.005768512803037792e-03
-8.389289773067019548e-03
-8.021269705744380613e-03
-8.123002094969560688e-03
-8.357470567421537364e-03
-8.059148046570006885e-03
-8.266045954745001451e-03
-8.386887292638641606e-03
-7.916091709075302046e-03
-7.908774330113594805e-03
-8.117064804229546029e-03
-7.825936239684465334e-03
-8.596104231417616218e-03
-8.190755003265737591e-03
-8.302490944920156921e-03
-7.459535778754316018e-03
-8.334380110321842547e-03
-8.104451046273341425e-03
-7.993053953232432188e-03
-7.990478173629859265e-03
-8.347390400673357011e-03
-7.835999474521159955e-03
-8.372933048614557630e-03
-8.065794361883600605e-03
-8.051511119257599366e-03
-8.678805289414195240e-03
-7.728582669583742952e-03
-7.843358032980899189e-03
-8.065394283508676640e-03
-8.516642942249888840e-03
-8.188030999802285020e-03
-7.518185535038878799e-03
-7.912258046961455696e-03
-8.168229289246761032e-03
-7.786718330434740966e-03
-8.226280818258636940e-03
-8.349337989271682012e-03
-8.582790870619291801e-03
-8.221835058359194467e-03
-8.424671286561782879e-03
-8.354785381632203259e-03
-8.090764787249503723e-03
-8.396873604892043583e-03
-8.229672814794341748e-03
-8.205508900475519049e-03
-8.016607062691917876e-03
-8.405563620768099695e-03
-8.186513636076154718e-03
-8.010194607703675571e-03
-8.079583161440364106e-03
-7.642994035887196169e-03
-7.854561980132040988e-03
-8.557369524756797477e-03
-7.802008712845497074e-03
-7.703449573794770612e-03
-8.588693984955628885e-03
-8.341172487759672058e-03
-7.984230346088558999e-03
-8.243364355010699210e-03
-7.930420865993260265e-03
-8.151913398440175165e-03
-8.251813164248411950e-03
-8.138688896442883292e-03
-8.488782453134795583e-03
-8.124427227336129126e-03
-8.154836535656174307e-03
-8.278182727947022354e-03
-8.185131861726273675e-03
-7.841622795402699783e-03
-8.297336347580088617e-03
-8.426543697894256155e-03
-8.240159333074955142e-03
-8.038561450805021408e-03
-7.997784371531953609e-03
-8.074110716544844954e-03
-8.193384545201928479e-03
-8.121070989746929578e-03
-7.947978539741105616e-03
-8.301991586056241615e-03
-9.032685091779938183e-03
-8.082772077983203449e-03
-8.101385953070142781e-03
-8.319507691744257652e-03
-8.211495028677937708e-03
-7.769439289421325827e-03
-8.465514204628479464e-03
-8.116072261334856749e-03
-8.150963584815632337e-03
-7.683978262974163441e-03
-8.236554796842690887e-03
-8.516834988353596050e-03
-7.773372913703244756e-03
-8.454856567963209626e-03
-7.569450187256369401e-03
-8.210600446335019481e-03
-8.225442656982150449e-03
-8.273351622933617852e-03
-8.362555908764241624e-03
-8.484103520742651908e-03
-8.043452054531202017e-03
-8.264745187204181401e-03
-8.414176055132959603e-03
-7.758641629642295916e-03
-8.325634339270110429e-03
-7.990101542950874686e-03
-8.349429275362477837e-03
-8.295801359520401513e-03
-8.837611488890397340e-03
-8.347409080001701523e-03
-8.029519823179728094e-03
-8.400719542456299566e-03
-8.103041331403260800e-03
-8.532684165206924978e-03
-8.505235318010243017e-03
-8.342524076895284010e-03
-8.061077698223050383e-03
-8.074298800463503359e-03
-8.293653144272009059e-03
-7.725151722532430133e-03
-8.355939809785745132e-03
-7.893738959153000917e-03
-8.126578835729427255e-03
-7.891424854783534934e-03
-8.586863206674824958e-03
-7.603474869784789154e-03
-8.059380393828337666e-03
-7.972168773940727440e-03
-7.832803659240775845e-03
-8.080256661939557924e-03
-8.222993765535977981e-03
-8.412638397754426678e-03
-8.552714596656161433e-03
-7.905623681651019127e-03
-8.110790039999701134e-03
-8.357618946466268892e-03
-8.413281415821429257e-03
-8.018308037174881261e-03
-8.089973867458372797e-03
-8.502484827174973739e-03
-8.051842218582532310e-03
-7.959359111679836438e-03
-8.670755137914312391e-03
-8.693743344579963825e-03
-8.473026450161225825e-03
-8.387854072379198264e-03
-8.142008431123521489e-03
-8.132297880577435759e-03
-8.517827915951958762e-03
-7.914040657329425923e-03
-8.084222846809204638e-03
-8.153426644180474664e-03
-7.987192847838508331e-03
-8.177724471218505986e-03
-8.348594230299955302e-03
-8.048263612873814143e-03
-7.891925409605144229e-03
-7.905006270787998807e-03
-8.476544352523760970e-03
-8.370506886663752616e-03
-8.242383474004034635e-03
-8.173747942050954909e-03
-8.210165278724724028e-03
-8.244041066705232179e-03
-7.900203383089233686e-03
-8.441908528787674809e-03
-8.341387892416316646e-03
-8.548441083524521006e-03
-8.180697048754145481e-03
-7.866095217208457849e-03
-8.108492879895009414e-03
-7.866808479579049523e-03
-8.221834210114985220e-03
-8.393394850123872541e-03
-8.462959729443214965e-03
-7.938736343255328731e-03
-8.076598933431525587e-03
-8.187635456093139349e-03
-8.079162857777039478e-03
-8.287255386697509399e-03
-8.192932392079407128e-03
-8.416862856739273924e-03
-7.906247191319380405e-03
-8.607008119487632655e-03
-8.391659497707216683e-03
-8.247796070690972120e-03
-8.204539839409817972e-03
-8.164767208241779581e-03
-8.339585977905256825e-03
-7.843149912781639116e-03
-7.950533742120777236e-03
-7.574688763005323414e-03
-7.891529265859037467e-03
-8.069118034096812303e-03
-8.422054087743092304e-03
-8.500839058283497437e-03
-8.220676243503645744e-03
-8.040694325785295582e-03
-7.778972350906682501e-03
-8.053006642360303544e-03
-8.239513098945503225e-03
-7.898501474683081516e-03
-8.456289352330070147e-03
-7.677398267164195489e-03
-8.200005909065237811e-03
-8.313480720966446094e-03
-8.898159591459718978e-03
-8.330319618822860234e-03
-8.063351012620612740e-03
-7.803752823677098487e-03
-8.009589835711318842e-03
-8.714171090361497521e-03
-7.723916666152156815e-03
-7.912587839733179265e-03
-8.220354189726849711e-03
-8.312965850874837886e-03
-8.513779569636054437e-03
-7.604130620206343491e-03
-7.621783388995375004e-03
-7.584464482239904222e-03
-8.327377193637994918e-03
-7.970964955457229481e-03
-8.173089783886797188e-03
-8.358075046135596611e-03
-8.200796178203757086e-03
-8.195658974458524051e-03
-8.473044849718834245e-03
-8.163311903292449004e-03
-7.946704021276892321e-03
-7.937904377583781049e-03
-7.891641202069556854e-03
-8.435747075009407056e-03
-8.096367067077387195e-03
-8.486728328064402707e-03
-8.353438333018940037e-03
-7.986320293005087084e-03
-8.573710249336344985e-03
-7.787488448643659078e-03
-8.277737752581091485e-03
-8.536264658016826795e-03
-8.593913110832254731e-03
-8.425948606295674201e-03
-7.564146847018538532e-03
-7.782781512338169186e-03
-8.500793638223615861e-03
-8.497302590558166585e-03
-8.576983307834672512e-03
-7.885387220280605167e-03
-8.128944764409524321e-03
-8.007727553881387877e-03
-7.813122258654745661e-03
-8.281844783577263849e-03
-8.406477146747533269e-03
-8.161159119857729072e-03
-8.111858854038343086e-03
-8.367280774948254382e-03
-8.365398232323182845e-03
-7.664250463532564818e-03
-7.929333857042961120e-03
-8.396694995739988412e-03
-7.801858275142791420e-03
-8.151696932146379124e-03
-7.959529214959562213e-03
-8.186052969502496598e-03
-8.472816347465753420e-03
-8.224785813234113813e-03
-8.523841574448314320e-03
-8.064286217506296331e-03
-8.223461901788240921e-03
-8.075610012197437931e-03
-7.603671143628069722e-03
-8.001361132350373953e-03
-8.471887738990218839e-03
-8.288809977647210864e-03
-7.762175956025551757e-03
-8.464843356232676710e-03
-8.036711958849473980e-03
-7.814432166926227677e-03
-8.210860478532025150e-03
-8.002313699768620267e-03
-8.054808187498770089e-03
-8.286301049161471158e-03
-8.477909308905269906e-03
-8.266627754308586429e-03
-8.121029405062790696e-03
-8.311479760687119286e-03
-7.886711112744689695e-03
-8.372113715775031731e-03
-8.571546577971019334e-03
-7.880404960307171164e-03
-8.484686649448269433e-03
-7.936317515949736084e-03
-8.489406731130310496e-03
-8.115585123346742355e-03
-7.987861713844622916e-03
-8.022306263848998087e-03
-8.330082361429454879e-03
-8.312368435759540097e-03
-8.442114063145735731e-03
-8.087249328087580888e-03
-8.038727159083301071e-03
-8.252676658576166280e-03
-8.099197915581066512e-03
-8.115951872388839708e-03
-8.587575485974240086e-03
-8.020443899680020083e-03
-8.041059322508151835e-03
-8.221350528500290938e-03
-8.409184635089115081e-03
-8.303987087824574523e-03
-8.264214222303318744e-03
-8.358072008463574704e-03
-8.425463498354376218e-03
-8.192947981820294240e-03
-8.366124817705268904e-03
-8.236462334974797850e-03
-7.905809533687082127e-03
-8.139428849301843030e-03
-8.410743843083993282e-03
-8.437359272530042115e-03
-8.634549845565258480e-03
-7.920060540919860587e-03
-8.002129778083792028e-03
-8.031779467115914700e-03
-8.143085591781383872e-03
-8.237641328526204912e-03
-8.284508698440674543e-03
-8.164988651221347440e-03
-8.488328932800394064e-03
-7.927043497134477618e-03
-8.144976852796668304e-03
-8.121502263317316797e-03
-8.296379695523043232e-03
-7.699187047591032375e-03
-8.426423816322747840e-03
-7.991717969756242934e-03
-8.026314726447552825e-03
-7.626521479380346004e-03
-8.148663024871596536e-03
-8.215905625036530255e-03
-8.088928267115652951e-03
-8.478167447565805592e-03
-8.101493480133789907e-03
-8.175936312101414125e-03
-8.355671234523024543e-03
-8.114134274195022867e-03
-7.669101426694255666e-03
-7.922364357155329065e-03
-8.385237159470296589e-03
-7.541133114205266115e-03
-8.448819233805379345e-03
-8.311730744835677323e-03
-8.052377313186514368e-03
-8.179890674037907511e-03
-8.058024630002279948e-03
-7.721709774540216897e-03
-8.028152455958548900e-03
-8.049947639894288604e-03
-8.190001975131516038e-03
-8.177084320887295296e-03
-8.024405376596497122e-03
-8.018935662512102075e-03
-8.103688657807547532e-03
-8.247589182676236599e-03
-8.159354613918666510e-03
-7.875720467757278340e-03
-8.194737017746613755e-03
-8.560567582961765495e-03
-8.072475827746795549e-03
-8.049820836552194769e-03
-8.045603930987346372e-03
-8.158595336741956625e-03
-7.845443997593211718e-03
-8.336804656031258573e-03
-8.440353243253470583e-03
-8.399667333319375123e-03
-8.227753197796587245e-03
-8.224118732936352982e-03
-8.377034446536410495e-03
-7.997154172081440485e-03
-8.262221128077800250e-03
-8.167771730089918095e-03
-7.984653858109936816e-03
-8.160570379348747530e-03
-8.240452489634725666e-03
-8.219085356033340936e-03
-8.168043512557976796e-03
-8.250954374600636548e-03
-7.980722139755534392e-03
-7.948908460162383213e-03
-8.150959964137866054e-03
-8.148769838173973087e-03
-7.881715629120799801e-03
-7.923517614754545593e-03
-8.392430252682336195e-03
-8.145831479347201767e-03
-8.006980202629812582e-03
-7.840701822117258218e-03
-8.296195920269786722e-03
-8.206830029934312001e-03
-8.155994643857130549e-03
-8.407611739018813757e-03
-8.546084784220682115e-03
-8.357073859735667659e-03
-8.356130174372705319e-03
-8.331713920494917408e-03
-7.830051230401492354e-03
-7.860847305965297169e-03
-7.885455480010915980e-03
-8.216681284120657541e-03
-8.125769223188177709e-03
-8.119331598843626194e-03
-7.984500181898916346e-03
-8.285088953439238499e-03
-8.301715499015977287e-03
-8.044560750487548054e-03
-8.002203752574913245e-03
-7.945091071476199571e-03
-7.757403435348491152e-03
-8.145605860090165962e-03
-7.987826314572777503e-03
-8.290903809588410708e-03
-8.037391633405352107e-03
-8.545691749558355713e-03
-7.859974595615092444e-03
-8.075313279791268908e-03
-7.941521693518267117e-03
-8.390837334595056471e-03
-7.865201258497711567e-03
-7.977015358604842496e-03
-8.283806350992880055e-03
-7.745372301076715142e-03
-8.166138934798750429e-03
-8.469600344796660712e-03
-8.202519442568374439e-03
-8.691523842209544770e-03
-8.378180034777998886e-03
-8.083765190189081198e-03
-8.035179560626774103e-03
-8.060737244917791020e-03
-8.140079200778914045e-03
-8.518541190554848944e-03
-8.373708277246994999e-03
-8.171106010430471620e-03
-8.076210188940061846e-03
-8.412714619591735513e-03
-8.026469117934285219e-03
-7.955831190406747674e-03
-7.903382312344647137e-03
-8.151979630220939840e-03
-8.002963345828997474e-03
-8.202977708399608256e-03
-8.143199476325854030e-03
-7.520480092998783547e-03
-7.910524003998439108e-03
-8.408530181045165836e-03
-8.404505993996178384e-03
-7.944504579583315171e-03
-7.978635170609333499e-03
-8.514617320825484600e-03
-8.281668420559527150e-03
-8.313480346199249651e-03
-8.139277191562824948e-03
-8.190275218121923634e-03
-8.153434631955605236e-03
-8.020534351631277217e-03
-8.553572778037392063e-03
-8.520640034483831921e-03
-8.231287230314179512e-03
-7.920396443646197590e-03
-8.017097424225785515e-03
-8.340074579133650162e-03
-7.909389273165673417e-03
-7.741780815429556532e-03
-8.495353283645272827e-03
-7.983331498736570900e-03
-8.008079992816483084e-03
-8.213833986971109252e-03
-7.896956938332691175e-03
-8.373455259017793459e-03
-8.123095568971580235e-03
-7.921365009499296839e-03
-7.900604886020332063e-03
-8.038417336377265410e-03
-7.975771914257828721e-03
-7.893590860996073724e-03
-8.114235073656602543e-03
-8.143151236142617128e-03
-8.165030874361498339e-03
-8.273088301628204674e-03
-8.100655282634965787e-03
-8.073483798791561764e-03
-8.271050018869215495e-03
-8.611806099604027778e-03
-7.969729856567442025e-03
-7.771474107146995706e-03
-8.188935415749059796e-03
-8.706191780149684714e-03
-8.164629599936678098e-03
-8.316992684477509876e-03
-7.906722389895174882e-03
-8.253774900456067529e-03
-8.412960024531065256e-03
-8.133458568715756440e-03
-8.026966646812190576e-03
-8.150687009482826192e-03
-8.450048451417054712e-03
-8.441506737304590308e-03
-8.281711620028069445e-03
-8.090211480538581079e-03
-8.382847823485929314e-03
-8.023836167004432321e-03
-7.933479771459616900e-03
-8.107496636193419620e-03
-8.542791343150200195e-03
-8.073245828923292580e-03
-8.339802892300409234e-03
-8.099668692941619855e-03
-7.848605273707665725e-03
-7.865670567145965561e-03
-8.059244225596751479e-03
-7.670367788471804324e-03
-8.036462283035767859e-03
-7.899475160991825326e-03
-8.023556462198721401e-03
-8.163094061598992479e-03
-8.513870424061315348e-03
-8.667444258549717936e-03
-7.847304706763025967e-03
-8.129418701559157356e-03
-7.837250647279437113e-03
-8.603123344585583004e-03
-8.587466194874377248e-03
-8.551831085883523573e-03
-7.918791105630297589e-03
-8.099015113169696911e-03
-8.223983892226184242e-03
-8.205964602753254913e-03
-8.240658314905932591e-03
-7.999740852489752377e-03
-8.132055452477551100e-03
-7.977422941654235128e-03
-7.780154876986901565e-03
-8.664483089140412667e-03
-8.275581713580466153e-03
-8.181271732082369061e-03
-8.242000818481120747e-03
-8.070010898371327707e-03
-8.525469797520978874e-03
-7.786751777093051108e-03
-8.082626313541479979e-03
-8.489618759838482923e-03
-8.266746586925841425e-03
-8.032910526535206805e-03
-8.439114963731500149e-03
-7.851383443754821057e-03
-7.837417122739909550e-03
-7.909988825131730045e-03
-7.821915287539353903e-03
-8.101091125499065501e-03
-8.333418124954505499e-03
-8.059494038366142241e-03
-7.904353166528538602e-03
-8.513617741993637772e-03
-7.898506849556093459e-03
-8.420855025845462583e-03
-8.076085840925043349e-03
-7.813107071200014325e-03
-7.941677271279741143e-03
-7.647284864393253008e-03
-8.131786641481376920e-03
-8.313546332349932080e-03
-7.747452588517093723e-03
-8.116565971419957559e-03
-8.704431850979013272e-03
-8.216878034576493087e-03
-8.418227711436392785e-03
-8.060555149818602466e-03
-8.449521201072431043e-03
-8.171689757035360824e-03
-8.144422890863057055e-03
-8.295940599638272975e-03
-8.155348126801598499e-03
-8.132883281307484724e-03
-8.541487200339679259e-03
-8.197989335219211041e-03
-8.719603966356884520e-03
-8.432420759376063266e-03
-7.689142290961447149e-03
-8.125213951022284414e-03
-7.999011106205876007e-03
-7.944703007199866579e-03
-8.268528017684415379e-03
-8.231232717169908314e-03
-8.379299439543668598e-03
-8.285080848210600937e-03
-8.011290324363448331e-03
-7.992716587520426810e-03
-7.773949933328771524e-03
-7.711462794109488761e-03
-7.776877633119723063e-03
-8.171672447928391911e-03
-8.164073665029343216e-03
-7.778408864898799825e-03
-8.429169372984286063e-03
-8.439204835752582221e-03
-8.169455754291966507e-03
-7.866716946273961258e-03
-7.934469567058852549e-03
-8.386478541994398309e-03
-8.067087548830962143e-03
-8.396686668743241766e-03
-8.079877045630767460e-03
-8.513284919849943913e-03
-7.876714736994134061e-03
-8.411234224214329466e-03
-8.082585505396687811e-03
-7.955587989107846050e-03
-8.174154838280232871e-03
-8.621190138845121961e-03
-7.928233271945655039e-03
-7.977003207762747850e-03
-8.315197665867165092e-03
-8.465140459754570690e-03
-8.331898262185543150e-03
-8.231220469236607065e-03
-8.271013713809328288e-03
-7.961153170620101707e-03
-8.087304065786197690e-03
-8.284568315454059542e-03
-8.409554577999554109e-03
-8.423800433254342510e-03
-7.934952535311798685e-03
-7.931777418993585585e-03
-8.082826841339972937e-03
-8.151805961051991276e-03
-8.080009474048636259e-03
-8.185535444618764409e-03
-8.258595773377560428e-03
-7.987265557571935140e-03
-8.041616490154512159e-03
-7.943426027035264611e-03
-8.157544146791467082e-03
-8.001001518429556869e-03
-8.331480671103209945e-03
-8.360454401530789323e-03
-8.717655067887608231e-03
-8.137897557432558285e-03
-8.040136545853608652e-03
-8.443617533854976334e-03
-8.004753028127436013e-03
-8.615161206007781666e-03
-8.029700466565887346e-03
-8.176694929740898829e-03
-8.305330489304563538e-03
-7.996291316238343660e-03
-7.897786408629965324e-03
-8.314592308567621964e-03
-8.221256104805327314e-03
-8.289513045048844953e-03
-8.150913734005624592e-03
-8.268032874686288489e-03
-7.944923717107702649e-03
-8.575120858807693675e-03
-8.010982585863272651e-03
-8.802993519461647584e-03
-8.229636957853085286e-03
-8.118891530713601146e-03
-8.410615908861742568e-03
-8.205298805790720365e-03
-8.289389664966220414e-03
-7.681440608379602221e-03
-7.919662765455146372e-03
-8.001723716510174625e-03
-8.000233849857596446e-03
-8.065879112289110059e-03
-8.635695903328221776e-03
-8.421351251419335535e-03
-8.562883026239557702e-03
-8.037192172304799195e-03
-7.774182920040968899e-03
-8.420455396480968149e-03
-8.390534427448860869e-03
-8.039290327924062188e-03
-8.017176558855518276e-03
-7.861155972283217358e-03
-8.296188926291121410e-03
-8.487787991349677805e-03
-8.386121202905391994e-03
-7.917060353720526897e-03
-7.945264830043029594e-03
-8.323153088173133526e-03
-8.520475600523918364e-03
-7.971096990952381348e-03
-8.594180853402808365e-03
-8.368822781253188597e-03
-7.855824941567427291e-03
-7.867649557343675548e-03
-8.294542783353330354e-03
-8.109085592169690271e-03
-8.407099053574363171e-03
-8.150242629023224383e-03
-8.107451171739221696e-03
-8.224386883488541203e-03
-8.541129517681321157e-03
-8.021407440463155028e-03
-8.570022566533237046e-03
-7.693750259379602933e-03
-8.177669016065342023e-03
-8.389926456678532471e-03
-8.169803485219081715e-03
-7.975687296043426286e-03
-8.304145943559678930e-03
-8.116953193124323493e-03
-8.346533134785510608e-03
-8.266667682800528036e-03
-8.163129719917302726e-03
-8.044077279480421616e-03
-8.435699865334421801e-03
-8.077110964355644143e-03
-8.204612061327857739e-03
-8.046305816052536433e-03
-8.462066693256449501e-03
-8.279283791356681702e-03
-8.121476311066196108e-03
-8.080981304648720415e-03
-8.301483172633747701e-03
-8.228228954458849387e-03
-8.064939806342224030e-03
-7.966408273551566291e-03
-8.336410773128665949e-03
-8.242502358682948435e-03
-7.992374614085608758e-03
-8.134239647340049326e-03
-8.410273505346286746e-03
-8.095241139917682890e-03
-8.232510793666403606e-03
-8.209415829206980278e-03
-7.980383473346508438e-03
-7.993701063717916985e-03
-8.417100438370548471e-03
-7.931162482436341157e-03
-7.883927547653674789e-03
-8.111498015076615276e-03
-7.880668416009187563e-03
-8.074688927069023983e-03
-8.436990821766748513e-03
-7.628234400399740503e-03
-8.037446418175926352e-03
-8.286089423946565308e-03
-8.402053136911896355e-03
-8.013241874643238852e-03
-8.113819299637769003e-03
-8.045822776431430651e-03
-8.069007875717326347e-03
-8.127825961383016579e-03
-8.186375892927423917e-03
-8.354697531960709328e-03
-7.925041063701036489e-03
-8.339045631344299547e-03
-8.116626103797290256e-03
-8.450789918061132541e-03
-8.279289409970901417e-03
-8.255225895504902586e-03
-8.146708855221425696e-03
-7.786404222016542545e-03
-9.327806066554675951e-03
-8.071075803201708740e-03
-8.515197160672142648e-03
-8.114087814573374760e-03
-7.994704154044254829e-03
-8.376787641239695145e-03
-8.471876487395181218e-03
-7.988796619370144847e-03
-8.397741113489525303e-03
-8.428784765053584649e-03
-8.008448998136118505e-03
-8.084121044491189914e-03
-8.315701029415875981e-03
-7.891981015709592651e-03
-8.133230311888650296e-03
-8.097405194776427853e-03
-7.903858623121914895e-03
-8.514100555241752022e-03
-8.167521667054452109e-03
-8.098970074717640535e-03
-7.955950977055850984e-03
-8.415821222634539689e-03
-7.828475534723856877e-03
-8.091920649086507475e-03
-8.382896826016584049e-03
-8.047723649307092150e-03
-8.029945427290361218e-03
-7.646694374626757454e-03
-8.330034672397460677e-03
-7.828696523794906326e-03
-7.889190064521208606e-03
-8.219360958354866159e-03
-7.711195826460658272e-03
-8.124015952709617849e-03
-8.270084116588189219e-03
-7.930667101876025596e-03
-8.091705580964645567e-03
-8.242970813710169195e-03
-8.026286117750238910e-03
-7.683855307592086202e-03
-7.904561485921803715e-03
-8.033205948920658923e-03
-7.774232272980924167e-03
-7.952933907824635482e-03
-8.008777782162761552e-03
-8.261424830983512754e-03
-8.071080115874597685e-03
-7.878942651494764277e-03
-7.804675925186392409e-03
-8.270326308723759817e-03
-7.950942807633028936e-03
-8.009259875048057795e-03
-8.277650520960551719e-03
-8.411997686116697362e-03
-7.964752111796329428e-03
-7.746649180235285446e-03
-8.243234520451416664e-03
-8.220796119263334284e-03
-7.965261126782656811e-03
-7.942241540855982454e-03
-7.861315642346785801e-03
-7.852512619714218170e-03
-8.056269770178181230e-03
-8.155184207626505616e-03
-8.428513440652317043e-03
-8.256372551518001077e-03
-8.069554106188620013e-03
-7.980422851930294575e-03
-8.114541766648931259e-03
-8.464887768387189745e-03
-8.043655723570882279e-03
-8.145974027038867943e-03
-8.017977898892553190e-03
-8.490357186408897458e-03
-8.173744981642371704e-03
-8.259986376266520089e-03
-7.829618439275393832e-03
-8.394275100735095266e-03
-7.954491988393935439e-03
-7.868335557555438189e-03
-8.181122590700912536e-03
-8.325571228572553606e-03
-8.106932756662703701e-03
-8.471887776204995238e-03
-8.108390465426213237e-03
-8.102400060363874543e-03
-8.462760990787283541e-03
-7.942227950160545349e-03
-8.758378688301409615e-03
-7.920383412765911318e-03
-8.336059388140953236e-03
-7.742425497129959422e-03
-8.079937954293941321e-03
-8.428958951354644652e-03
-8.024763082647429560e-03
-8.273871520195505078e-03
-8.217004101765153570e-03
-8.228394869091276362e-03
-7.812875951959480370e-03
-8.239791244364179715e-03
-8.621213144683798763e-03
-7.973994095889313724e-03
-8.078037500578514121e-03
-8.333585367861929410e-03
-8.330586614595984415e-03
-8.405589686187474666e-03
-8.254886298443021506e-03
-8.570617644208982158e-03
-8.213490443190002432e-03
-7.866911294796748513e-03
-7.811244066443436863e-03
-8.126665757750147281e-03
-7.981089426936103029e-03
-7.924547690208795167e-03
-8.036984940660681781e-03
-8.458604497995595925e-03
-8.425486399707155655e-03
-8.713565757505816259e-03
-7.992825373537237876e-03
-7.828583338537089056e-03
-7.960018568627219224e-03
-8.029671657370044194e-03
-8.044396393277518723e-03
-8.151566304525901738e-03
-7.925681312476754933e-03
-8.411527380295446416e-03
-8.287874299356619984e-03
-8.360830571370757650e-03
-8.256323498990822060e-03
-8.425246441473022152e-03
-8.225818248418741499e-03
-8.133405566019090774e-03
-7.927417777618205041e-03
-8.096100378884240126e-03
-7.792000523370190383e-03
-8.032670541171502143e-03
-8.481837439969506023e-03
-8.450714877553373514e-03
-8.112979015572837488e-03
-8.200899424702147791e-03
-8.334235619895326644e-03
-8.307932906828107908e-03
-8.170892059369218655e-03
-8.410391760301861100e-03
-8.023063072219184175e-03
-8.184374412307359598e-03
-8.244913686910711886e-03
-8.184882019895830738e-03
-8.498523842443270540e-03
-8.164829775491475039e-03
-8.332405432301945303e-03
-8.294402283012062768e-03
-7.839166366970237027e-03
-7.916353532202529547e-03
-8.262868664591535919e-03
-8.395035673585711858e-03
-8.468889556608667421e-03
-8.537357175574888588e-03
-8.336355733278620270e-03
-8.061882245810756548e-03
-8.146592060663464946e-03
-7.949249600803709112e-03
-8.417030212382364124e-03
-8.223534849050992065e-03
-8.070039662594364130e-03
-8.243855738831093113e-03
-7.779245133100922381e-03
-8.205716022571600890e-03
-8.077892646129011117e-03
-8.553136617085069920e-03
-8.588719349100713482e-03
-7.739501015856575794e-03
-7.959357305733048490e-03
-8.413367263191338236e-03
-8.543235329653784890e-03
-8.447228357404553203e-03
-8.477427501226254131e-03
-7.809212572108558716e-03
-8.461337600075889351e-03
-8.334456193545235897e-03
-8.585136185389179858e-03
-7.818192376878122310e-03
-7.954928587220702618e-03
-8.380842004028443704e-03
-7.692810154694298616e-03
-8.316864873811046291e-03
-8.201574413787842202e-03
-8.186946845364828987e-03
-8.371275029060133710e-03
-7.808882046574475676e-03
-8.180178612509858560e-03
-8.221981724841512934e-03
-8.079916871760134053e-03
-7.904877711250314978e-03
-8.091036440405768512e-03
-8.488615119613959065e-03
-8.205263860534148246e-03
-8.227927478555439531e-03
-7.929138778450899733e-03
-8.144476732027427709e-03
-8.104235725026345816e-03
-8.389005805196803056e-03
-7.804839355788915738e-03
-8.336414487381999666e-03
-8.019731975595391360e-03
-7.966988699731452836e-03
-7.926661144856199728e-03
-8.083780834225562373e-03
-8.435048539585970201e-03
-8.057424845422335100e-03
-8.609556483131369092e-03
-8.721745374197337544e-03
-8.003624414835290232e-03
-8.712322027518842882e-03
-8.213018456445652857e-03
-7.582766045111593613e-03
-8.451394613068484093e-03
-8.184025427834629857e-03
-8.466973232480684911e-03
-8.208511254385817899e-03
-8.324068898226457194e-03
-8.011904635720231913e-03
-8.313492170979434187e-03
-8.028602012651852790e-03
-8.270593931679202232e-03
-8.140967650060500910e-03
-7.827999891347347042e-03
-8.161878933797302518e-03
-8.387856681272296347e-03
-7.561988815700057369e-03
-7.720792366740861397e-03
-8.181199203062143599e-03
-8.351041980839898904e-03
-8.169969885862615050e-03
-8.078607412295518708e-03
-8.313338680407247883e-03
-8.323219068671441553e-03
-8.081721809042272456e-03
-8.186088321955206637e-03
-7.884740402968453202e-03
-8.685555282339692609e-03
-8.474260132340795393e-03
-8.052084900844623874e-03
-8.159101707543763363e-03
-8.192632207775427111e-03
-8.431786729263880328e-03
-8.275927888938426971e-03
-8.771983137804365699e-03
-8.133311385611559016e-03
-8.141095279543559410e-03
-7.770641822511894538e-03
-7.763199749404245398e-03
-8.116594805660293233e-03
-7.954301606071604788e-03
-7.924955149543092339e-03
-8.056137238487416988e-03
-8.251238811894550870e-03
-8.337120155298373067e-03
-7.862460798834737877e-03
